8.394130370579659939e-01
4.582128480542451143e-01
6.370228840969502926e-01
6.536943020764738321e-01
6.637758058495819569e-01
8.370065370108932257e-01
7.475173939019441605e-01
6.827998829539865255e-01
7.582578980363905430e-01
6.538323049899190664e-01
8.191496559884399176e-01
8.018935660365968943e-01
7.430003711488097906e-01
9.835398809518665075e-01
7.403453891165554523e-01
1.000205274904146791e+00
7.420739878434687853e-01
6.472584230359643698e-01
6.195921560283750296e-01
6.551192312035709620e-01
8.384582549333572388e-01
6.014667579438537359e-01
5.455375828314572573e-01
7.852949509397149086e-01
6.911493721418082714e-01
6.851326229516416788e-01
6.899163289926946163e-01
6.663423569407314062e-01
7.157511911354959011e-01
7.784899820107966661e-01
7.735567470081150532e-01
7.650049650110304356e-01
6.815726000349968672e-01
6.736577111296355724e-01
8.369227088987827301e-01
7.902316129766404629e-01
7.908821930177509785e-01
7.724985699169337749e-01
7.886194719467312098e-01
5.983776208013296127e-01
6.861136239022016525e-01
6.929653419647365808e-01
6.494854518678039312e-01
6.687398781068623066e-01
9.275955138728022575e-01
1.015684355981647968e+00
7.323764048051089048e-01
7.827700600028038025e-01
7.228561919182538986e-01
7.294475140515714884e-01
7.955560039263218641e-01
6.089892850723117590e-01
6.626946120522916317e-01
6.514589299913495779e-01
7.603357508778572083e-01
6.275041401386260986e-01
6.303245150484144688e-01
7.747475651558488607e-01
6.817984650842845440e-01
6.300409031100571156e-01
5.567901318427175283e-01
6.313120201230049133e-01
6.234731590375304222e-01
7.920640190131962299e-01
7.902943980880081654e-01
8.245487478561699390e-01
7.550563048571348190e-01
7.877856590785086155e-01
8.996012308634817600e-01
8.206961159594357014e-01
6.728870691731572151e-01
5.918303830549120903e-01
8.035019619856029749e-01
6.106767228338867426e-01
8.433576989918947220e-01
5.902239298447966576e-01
6.846939409151673317e-01
6.719043590128421783e-01
6.743962329346686602e-01
6.737312949262559414e-01
6.802114001475274563e-01
5.900570000521838665e-01
7.295234769117087126e-01
7.843077259603887796e-01
6.660847060848027468e-01
8.221394319552928209e-01
7.941487520001828671e-01
9.700367110781371593e-01
8.919306099414825439e-01
6.852345750667154789e-01
7.723792199976742268e-01
6.856654479634016752e-01
6.854305800516158342e-01
6.739828109275549650e-01
8.284777591470628977e-01
8.288622910622507334e-01
5.940290740691125393e-01
7.509915530681610107e-01
1.014655808918178082e+00
6.223999799694865942e-01
8.220786321908235550e-01
7.196386980358511209e-01
1.002631390001624823e+00
6.657270099967718124e-01
6.016458510421216488e-01
6.285283148754388094e-01
6.732797208242118359e-01
6.733152458909898996e-01
6.205384009517729282e-01
8.374939090572297573e-01
8.099261620081961155e-01
5.934875782113522291e-01
6.484830121044069529e-01
6.849659518338739872e-01
6.727728431578725576e-01
5.915661118924617767e-01
6.443481219466775656e-01
7.529659490101039410e-01
8.248228039592504501e-01
7.301519459579139948e-01
7.204268311616033316e-01
9.289065359625965357e-01
7.204971478786319494e-01
8.777614079881459475e-01
5.745172291062772274e-01
6.731245000846683979e-01
6.837269510142505169e-01
5.457876247819513083e-01
8.170829550363123417e-01
6.524411260616034269e-01
6.187667220365256071e-01
8.461940009146928787e-01
6.855331719852983952e-01
6.798206660896539688e-01
9.285172128584235907e-01
9.281785618513822556e-01
6.998833389952778816e-01
9.708601038437336683e-01
7.405374411027878523e-01
7.510853530839085579e-01
8.969150651246309280e-01
6.473102010786533356e-01
6.445491921622306108e-01
6.441324669867753983e-01
8.274694241117686033e-01
8.032571899238973856e-01
6.159698800183832645e-01
6.842475109733641148e-01
8.481319299899041653e-01
8.434867530595511198e-01
7.931936969980597496e-01
1.009189537959173322e+00
7.844616430811583996e-01
7.406572848558425903e-01
7.423085609916597605e-01
7.311260630376636982e-01
6.345626979600638151e-01
7.868166498374193907e-01
8.284858639817684889e-01
6.836070059798657894e-01
7.757607959210872650e-01
6.378764701075851917e-01
8.293869839981198311e-01
5.668476459104567766e-01
6.187281850725412369e-01
6.536599330138415098e-01
6.706608149688690901e-01
8.458926531020551920e-01
6.124982100445777178e-01
6.872300370596349239e-01
8.217372740618884563e-01
7.507977080531418324e-01
7.633753810077905655e-01
6.990005651023238897e-01
7.512074338737875223e-01
8.091780589893460274e-01
6.364480331540107727e-01
7.930858668405562639e-01
6.294424999505281448e-01
6.379787670448422432e-01
5.649500670842826366e-01
8.387906509451568127e-01
6.569917660672217607e-01
6.188920850399881601e-01
8.092269478365778923e-01
6.761274931486696005e-01
7.977633359842002392e-01
8.220071238465607166e-01
1.005379570880904794e+00
7.542984990868717432e-01
9.525418849661946297e-01
8.014822478871792555e-01
7.927985729184001684e-01
6.187147279269993305e-01
6.353898670058697462e-01
5.718898999039083719e-01
5.726025460753589869e-01
6.087878008838742971e-01
6.729664448648691177e-01
6.099304480012506247e-01
8.442877379711717367e-01
4.178321000654250383e-01
7.308007848914712667e-01
1.005581608042120934e+00
9.739018680993467569e-01
7.204518150538206100e-01
7.198406271636486053e-01
8.078109559137374163e-01
7.101139670703560114e-01
8.208515020087361336e-01
6.733489409089088440e-01
8.222175699193030596e-01
8.383421401958912611e-01
6.464583529159426689e-01
7.753347379621118307e-01
6.184804239310324192e-01
6.472284069750458002e-01
5.940307390410453081e-01
6.020319820381700993e-01
6.191647809464484453e-01
7.117820070125162601e-01
1.006340543972328305e+00
7.116878938395529985e-01
6.587491198442876339e-01
7.648497130721807480e-01
7.874732860364019871e-01
7.638547960668802261e-01
6.997230970300734043e-01
5.993260489776730537e-01
6.532734369393438101e-01
6.894841270986944437e-01
8.115376008208841085e-01
6.502783021423965693e-01
6.872649998404085636e-01
8.394273151643574238e-01
8.126014180015772581e-01
6.199722809251397848e-01
7.643278450705111027e-01
9.953307700343430042e-01
9.829953131265938282e-01
7.216087800916284323e-01
1.005175247788429260e+00
7.314613780472427607e-01
6.859300490468740463e-01
6.756592888850718737e-01
6.900516119785606861e-01
6.893457870464771986e-01
6.391337660606950521e-01
8.051979029551148415e-01
6.661965178791433573e-01
7.978793859947472811e-01
6.318309279158711433e-01
6.316496648360043764e-01
7.915675840340554714e-01
6.726053589954972267e-01
8.325853510759770870e-01
9.506272210273891687e-01
7.721317580435425043e-01
7.536264790687710047e-01
8.195324840489774942e-01
7.864209918770939112e-01
1.026752694044262171e+00
7.000277591869235039e-01
6.104868289548903704e-01
5.941507089883089066e-01
6.541957377921789885e-01
6.290826019831001759e-01
6.646461491473019123e-01
6.866820498835295439e-01
6.551853518467396498e-01
7.389850597828626633e-01
6.573087081778794527e-01
6.846744848880916834e-01
7.455103790853172541e-01
7.866471318993717432e-01
7.742524000350385904e-01
9.907797649502754211e-01
6.874148990027606487e-01
8.207420159596949816e-01
6.790593520272523165e-01
6.909676769282668829e-01
6.199608440510928631e-01
8.120293950196355581e-01
6.407097200863063335e-01
6.101872259750962257e-01
6.388280729297548532e-01
6.646875049918889999e-01
6.401224948931485415e-01
5.770487620029598475e-01
6.179270630236715078e-01
6.888255451340228319e-01
5.933539851102977991e-01
9.246310880407691002e-01
9.732097249943763018e-01
7.431252109818160534e-01
7.854431159794330597e-01
1.004338148981332779e+00
7.303980330470949411e-01
8.344954450149089098e-01
6.663951820228248835e-01
6.870014220476150513e-01
6.870477830525487661e-01
6.467196869198232889e-01
8.353785430081188679e-01
8.012015309650450945e-01
6.847330541349947453e-01
6.095793761778622866e-01
7.857971841003745794e-01
7.084855590946972370e-01
7.525763460434973240e-01
9.807234390173107386e-01
9.505528458394110203e-01
7.387317181564867496e-01
8.474163620267063379e-01
8.192052671220153570e-01
8.092555541079491377e-01
6.966325840912759304e-01
6.018712420482188463e-01
6.189604240935295820e-01
6.516892681829631329e-01
6.697481079027056694e-01
6.190012078732252121e-01
5.989869870245456696e-01
5.921071099583059549e-01
7.633980449754744768e-01
8.054498229175806046e-01
7.594153378158807755e-01
9.870526369195431471e-01
7.068016019184142351e-01
7.712622890248894691e-01
7.946395189501345158e-01
8.029654999263584614e-01
7.536493330262601376e-01
8.149016790557652712e-01
8.336454110685735941e-01
8.130830808077007532e-01
6.252114148810505867e-01
6.353991150390356779e-01
8.430853211320936680e-01
5.639136270619928837e-01
5.982791448477655649e-01
6.435883499216288328e-01
8.217286400031298399e-01
7.424407061189413071e-01
6.968127698637545109e-01
7.410539968404918909e-01
8.187995189800858498e-01
6.837953438516706228e-01
6.540355000179260969e-01
6.520489449612796307e-01
6.341201120521873236e-01
8.164901100099086761e-01
6.260578220244497061e-01
8.183411308564245701e-01
6.528272470459342003e-01
6.616418638732284307e-01
6.327812280505895615e-01
6.603597130160778761e-01
6.775602141860872507e-01
6.616609969642013311e-01
6.840164179448038340e-01
7.113609840162098408e-01
8.039007498882710934e-01
8.172307920176535845e-01
7.840272679459303617e-01
7.403205758891999722e-01
7.625899838749319315e-01
7.732975599355995655e-01
8.331589009612798691e-01
5.660239749122411013e-01
5.908277509734034538e-01
6.110897019971162081e-01
6.430396519135683775e-01
6.427629410754889250e-01
6.416770750656723976e-01
6.182322169188410044e-01
6.524111561011523008e-01
8.432797680143266916e-01
8.001565691083669662e-01
6.244010860100388527e-01
8.559017910156399012e-01
8.161106409970670938e-01
7.491671068128198385e-01
7.924180391710251570e-01
8.211929181125015020e-01
8.836351749487221241e-01
8.167664639186114073e-01
8.404726560693234205e-01
6.253997511230409145e-01
6.427059951238334179e-01
8.501567959319800138e-01
8.159417200367897749e-01
5.799101709853857756e-01
8.001183951273560524e-01
6.283911799546331167e-01
6.453744331374764442e-01
6.546620440203696489e-01
6.366692520678043365e-01
6.424948559142649174e-01
6.541245239786803722e-01
9.665674171410501003e-01
8.204242039937525988e-01
8.038701121695339680e-01
9.806499539408832788e-01
7.388326500076800585e-01
7.725637231487780809e-01
6.417682620231062174e-01
5.616424831096082926e-01
5.699494520667940378e-01
6.183040381874889135e-01
6.361948598641902208e-01
6.708425011020153761e-01
6.543397221248596907e-01
6.248489399440586567e-01
6.430555011611431837e-01
6.534254038706421852e-01
7.563354631420224905e-01
6.545294409152120352e-01
6.712055029347538948e-01
6.439274230506271124e-01
9.700092610437422991e-01
7.824745730031281710e-01
9.069773189257830381e-01
7.403985261917114258e-01
7.521342171821743250e-01
8.199794720858335495e-01
7.402928099036216736e-01
6.343251969665288925e-01
6.670444807969033718e-01
6.687205201014876366e-01
7.898320511449128389e-01
6.526598199270665646e-01
8.248939081095159054e-01
6.060080300085246563e-01
6.605180518236011267e-01
6.519941089209169149e-01
8.139199449215084314e-01
6.718899039551615715e-01
9.787729829549789429e-01
7.385974219068884850e-01
6.726466019172221422e-01
7.489547359291464090e-01
7.490323758684098721e-01
7.915043109096586704e-01
7.038461749907582998e-01
6.625808191020041704e-01
6.749929429497569799e-01
6.278020779136568308e-01
6.381072239018976688e-01
5.478189019486308098e-01
6.380231701768934727e-01
6.083569829352200031e-01
6.456681450363248587e-01
6.088145801331847906e-01
6.377670760266482830e-01
6.423173360526561737e-01
6.607540231198072433e-01
7.830555220134556293e-01
8.196375479456037283e-01
9.586192399729043245e-01
7.508608179632574320e-01
7.504474320448935032e-01
7.276260969229042530e-01
7.492862178478389978e-01
8.230470230337232351e-01
6.082442151382565498e-01
7.932868211064487696e-01
6.171150128357112408e-01
6.501559910830110312e-01
6.250347869936376810e-01
5.710164639167487621e-01
8.402440520003437996e-01
6.151345300022512674e-01
9.331223270855844021e-01
7.692573361564427614e-01
7.702186638489365578e-01
8.038310920819640160e-01
7.389458680991083384e-01
9.475617408752441406e-01
9.224121249280869961e-01
6.551767759956419468e-01
6.438227649778127670e-01
6.342546080704778433e-01
6.633921850007027388e-01
8.166852700524032116e-01
6.270619109272956848e-01
7.896885729860514402e-01
5.804974818602204323e-01
6.235383180901408195e-01
6.545119408983737230e-01
6.369687069673091173e-01
9.840900551062077284e-01
8.402571810875087976e-01
9.684725070837885141e-01
7.706033238209784031e-01
7.696267331484705210e-01
7.807911681011319160e-01
6.299232682213187218e-01
6.277595791034400463e-01
8.003419761080294847e-01
6.603276319801807404e-01
6.598604291211813688e-01
8.179710949771106243e-01
8.181499338243156672e-01
6.164650178980082273e-01
6.606154998298734426e-01
6.423173490911722183e-01
8.420916821341961622e-01
7.624496419448405504e-01
9.822222068905830383e-01
7.629495910368859768e-01
7.730705270078033209e-01
7.503349210601300001e-01
6.961970340926200151e-01
7.282983069308102131e-01
7.896335078403353691e-01
6.156335191335529089e-01
5.888022771105170250e-01
6.009592649061232805e-01
6.442987439222633839e-01
6.363138051237910986e-01
6.647895479109138250e-01
6.735241368878632784e-01
6.622119578532874584e-01
9.773287139832973480e-01
6.664556078612804413e-01
1.017183349002152681e+00
6.668181749992072582e-01
7.882837150245904922e-01
9.945725218858569860e-01
9.957725498825311661e-01
6.475442619994282722e-01
6.112272490281611681e-01
6.554317651316523552e-01
8.410512688569724560e-01
6.096609600353986025e-01
6.093244440853595734e-01
6.861902568489313126e-01
7.653646490070968866e-01
6.802212069742381573e-01
8.963021619711071253e-01
7.852148630190640688e-01
7.979208938777446747e-01
9.248022779356688261e-01
7.756938608363270760e-01
7.316940720193088055e-01
9.279308810364454985e-01
5.919131329283118248e-01
6.531595299020409584e-01
6.257581908721476793e-01
6.356933529023081064e-01
6.287583918310701847e-01
6.009178608655929565e-01
6.477183429524302483e-01
5.866613229736685753e-01
6.742071509361267090e-01
6.272133549209684134e-01
9.172979260329157114e-01
1.008076486876234412e+00
7.649021970573812723e-01
9.721681270748376846e-01
7.529050819575786591e-01
7.430095460731536150e-01
7.872107189614325762e-01
7.735108721535652876e-01
8.473086650483310223e-01
5.508032131474465132e-01
6.904373639263212681e-01
6.432526640128344297e-01
8.027161469217389822e-01
6.458576351869851351e-01
6.307588219642639160e-01
8.002491178922355175e-01
7.811604379676282406e-01
5.547053730115294456e-01
6.167592247948050499e-01
6.364119178615510464e-01
7.103015191387385130e-01
7.527650860138237476e-01
7.646216489374637604e-01
7.751809339970350266e-01
8.162475998979061842e-01
7.433910178951919079e-01
7.658547509927302599e-01
6.799899479374289513e-01
8.207937721163034439e-01
6.618832719977945089e-01
6.457153719384223223e-01
6.376389230135828257e-01
6.357636069878935814e-01
6.118877800181508064e-01
8.479770259000360966e-01
8.106475900858640671e-01
6.550121868494898081e-01
8.611242701299488544e-01
8.866296280175447464e-01
1.024338254006579518e+00
7.304636100307106972e-01
8.240027448628097773e-01
9.468836840242147446e-01
7.314187281299382448e-01
8.462187291588634253e-01
5.368903300259262323e-01
8.197666290216147900e-01
6.343487398698925972e-01
6.729850498959422112e-01
6.280621599871665239e-01
6.129244449548423290e-01
6.826326590962707996e-01
6.668071709573268890e-01
5.982439471408724785e-01
5.735590190161019564e-01
6.712058649864047766e-01
8.986204529646784067e-01
8.168264559935778379e-01
7.953844019211828709e-01
7.738996359985321760e-01
7.831231569871306419e-01
7.627527141012251377e-01
7.240315680392086506e-01
8.276815400458872318e-01
6.170487960334867239e-01
8.283434449695050716e-01
6.382803278975188732e-01
6.840520240366458893e-01
6.266724120359867811e-01
6.635036319494247437e-01
6.786986158695071936e-01
6.617853990755975246e-01
6.822412488982081413e-01
8.071645998861640692e-01
6.140529031399637461e-01
7.865150670986622572e-01
6.836202400736510754e-01
9.768089060671627522e-01
8.183239980135113001e-01
9.440432239789515734e-01
7.583429990336298943e-01
9.061308528762310743e-01
8.386961580254137516e-01
5.696599071379750967e-01
6.612503139767795801e-01
5.884100701659917831e-01
6.193817169405519962e-01
7.503447767812758684e-01
6.149460349697619677e-01
6.452757779043167830e-01
8.418489859905093908e-01
6.403703188989311457e-01
5.766609851270914078e-01
8.781026320066303015e-01
7.485962319187819958e-01
6.617906049359589815e-01
7.898447080515325069e-01
7.378835068084299564e-01
7.506967820227146149e-01
7.920271819457411766e-01
7.646014420315623283e-01
6.145699380431324244e-01
6.326622080523520708e-01
6.073071348946541548e-01
6.686840588226914406e-01
6.620871920604258776e-01
6.309246758464723825e-01
6.812509971205145121e-01
4.552767649292945862e-01
6.343193990178406239e-01
5.888819759711623192e-01
6.249781548976898193e-01
8.402523340191692114e-01
4.508605080191046000e-01
7.698011610191315413e-01
7.997951081488281488e-01
9.576047409791499376e-01
7.396809440106153488e-01
9.795717040542513132e-01
9.967301019933074713e-01
6.630748750176280737e-01
8.411984189879149199e-01
6.263727149926126003e-01
6.521320850588381290e-01
6.049550620373338461e-01
5.082538309507071972e-01
6.600170768797397614e-01
6.156562089454382658e-01
6.144331370014697313e-01
6.623289790004491806e-01
6.362630999647080898e-01
8.401633680332452059e-01
7.948602850083261728e-01
8.054511498194187880e-01
7.163859959691762924e-01
7.829041760414838791e-01
9.656483149155974388e-01
7.492436710745096207e-01
9.901715258602052927e-01
9.692383499350398779e-01
6.512860630173236132e-01
6.597164720296859741e-01
8.053387070540338755e-01
6.341485569719225168e-01
6.031894448678940535e-01
7.429717141203582287e-01
8.417254169471561909e-01
6.062415789347141981e-01
7.790582601446658373e-01
5.276059750467538834e-01
6.422251481562852859e-01
8.119198770727962255e-01
6.238588229753077030e-01
5.873433239758014679e-01
7.419853489845991135e-01
9.692854899913072586e-01
7.510779469739645720e-01
9.793810581322759390e-01
7.281880201771855354e-01
9.803339249920099974e-01
7.499404528643935919e-01
6.053216080181300640e-01
5.976103930734097958e-01
6.350653260014951229e-01
6.159937048796564341e-01
7.885844849515706301e-01
6.060646139085292816e-01
6.663448661565780640e-01
6.775537061039358377e-01
8.650876460596919060e-01
7.926263478584587574e-01
8.125610020942986012e-01
8.131307170260697603e-01
8.034274720121175051e-01
8.191093809437006712e-01
6.953234679531306028e-01
8.937651289161294699e-01
6.688585618976503611e-01
6.174457240849733353e-01
6.713439258746802807e-01
5.830177760217338800e-01
6.715788880828768015e-01
6.531625471543520689e-01
6.362373149022459984e-01
6.257146450225263834e-01
6.220714049413800240e-01
6.517287320457398891e-01
6.142957839183509350e-01
6.776255669537931681e-01
9.479609429836273193e-01
7.498012511059641838e-01
9.565434299875050783e-01
7.705860650166869164e-01
7.714370759204030037e-01
9.807907249778509140e-01
7.420676369220018387e-01
7.966225370764732361e-01
6.273157948162406683e-01
5.847671150695532560e-01
8.177478108555078506e-01
6.535902780015021563e-01
6.536120199598371983e-01
6.822864571586251259e-01
8.387533230707049370e-01
6.092321209143847227e-01
5.858947399538010359e-01
6.878209698479622602e-01
8.085801850538700819e-01
9.404854490421712399e-01
7.731313400436192751e-01
9.281034439336508512e-01
7.094928510487079620e-01
9.613243639469146729e-01
9.318640029523521662e-01
6.365860379301011562e-01
6.733311340212821960e-01
6.454491750337183475e-01
6.279389781411737204e-01
5.926949360873550177e-01
6.371222219895571470e-01
6.830738198477774858e-01
6.233193660154938698e-01
6.055112469475716352e-01
6.514627409633249044e-01
8.578119988087564707e-01
8.131973429117351770e-01
7.338581809308379889e-01
9.478510310873389244e-01
8.241551360115408897e-01
7.395496428944170475e-01
6.843746169470250607e-01
6.279089699964970350e-01
6.450660759583115578e-01
6.627362289000302553e-01
6.468141910154372454e-01
6.479230718687176704e-01
6.661933879368007183e-01
6.440179781056940556e-01
6.351153329014778137e-01
6.199286300688982010e-01
6.332320449873805046e-01
7.532541640102863312e-01
7.953946411143988371e-01
8.195974130649119616e-01
8.057293840683996677e-01
9.252272041048854589e-01
7.738551858346909285e-01
9.364681809674948454e-01
8.449234410654753447e-01
6.518780260812491179e-01
6.257721970323473215e-01
6.533829621039330959e-01
6.616874760948121548e-01
6.170561979524791241e-01
8.343950838316231966e-01
5.927933671046048403e-01
6.069602039642632008e-01
6.550409668125212193e-01
6.158803540747612715e-01
9.205300179310142994e-01
9.628708020318299532e-01
7.108005317859351635e-01
9.961669901385903358e-01
7.886766400188207626e-01
9.721792389173060656e-01
8.213403648696839809e-01
6.650626959744840860e-01
6.291323259938508272e-01
6.539694699458777905e-01
6.351452958770096302e-01
6.874404479749500751e-01
8.377127950079739094e-01
5.897322557866573334e-01
7.992442571558058262e-01
7.623566831462085247e-01
6.436274750158190727e-01
6.724098140839487314e-01
6.239839249756187201e-01
9.417759180068969727e-01
9.690111828967928886e-01
7.957002988550812006e-01
7.744185291230678558e-01
7.396216790657490492e-01
9.489580299705266953e-01
7.674028191249817610e-01
8.443917329423129559e-01
5.621490119956433773e-01
6.438413569703698158e-01
6.523001450113952160e-01
6.438185879960656166e-01
8.388599990867078304e-01
6.369513350073248148e-01
6.873421331401914358e-01
6.553935038391500711e-01
9.277235858608037233e-01
7.520780418999493122e-01
5.500131279695779085e-01
7.314572250470519066e-01
9.813184877857565880e-01
7.739356479141861200e-01
8.062126960139721632e-01
6.133982657920569181e-01
8.000964070670306683e-01
5.990920709446072578e-01
8.398598341736942530e-01
6.092251571826636791e-01
5.854983439203351736e-01
6.855374558363109827e-01
7.943148200865834951e-01
8.276050519198179245e-01
7.459972139913588762e-01
8.180582330096513033e-01
1.015973775880411267e+00
7.412044820375740528e-01
9.506158549338579178e-01
8.224940958898514509e-01
9.919083830900490284e-01
6.847378790844231844e-01
6.365160099230706692e-01
6.864693111274391413e-01
8.195671299472451210e-01
6.616898539941757917e-01
5.726463859900832176e-01
6.464861091226339340e-01
6.359569591004401445e-01
6.895820109639316797e-01
7.890185669530183077e-01
6.455879861023277044e-01
1.012166670989245176e+00
9.139506150968372822e-01
7.837526130024343729e-01
9.586449819616973400e-01
7.850658590905368328e-01
7.738183748442679644e-01
7.100876078475266695e-01
6.279817360918968916e-01
6.549120619893074036e-01
6.541710500605404377e-01
5.887791800778359175e-01
6.463108758907765150e-01
5.922424739692360163e-01
6.544753848575055599e-01
6.874949319753795862e-01
5.731021689716726542e-01
8.629901029635220766e-01
9.692636542022228241e-01
8.020707198884338140e-01
9.892383369151502848e-01
7.824498030822724104e-01
7.711244199890643358e-01
7.704477841034531593e-01
8.795556549448519945e-01
6.163477769587188959e-01
8.261042910162359476e-01
6.577998809516429901e-01
5.949526820331811905e-01
6.804166899528354406e-01
8.358719220850616693e-01
6.738496778998523951e-01
8.274380539078265429e-01
7.753594741225242615e-01
7.926728669553995132e-01
7.824709848500788212e-01
1.002193478867411613e+00
9.939475690480321646e-01
8.951454218477010727e-01
7.806703941896557808e-01
7.587155869696289301e-01
8.060096909757703543e-01
5.968109779059886932e-01
6.850092711392790079e-01
7.926663039252161980e-01
6.536510509904474020e-01
6.343529121950268745e-01
6.182849619071930647e-01
6.265877869445830584e-01
6.645991310942918062e-01
7.917306090239435434e-01
7.999135078862309456e-01
8.639838900417089462e-01
8.227336062118411064e-01
7.307207188569009304e-01
7.443515060003846884e-01
8.214310358744114637e-01
7.516752560622990131e-01
1.013489486882463098e+00
6.218214218970388174e-01
6.521169950719922781e-01
6.340861530043184757e-01
8.005548019427806139e-01
7.575997258536517620e-01
7.830400650855153799e-01
6.261092938948422670e-01
6.622214731760323048e-01
6.513203319627791643e-01
6.252322290092706680e-01
5.202221150975674391e-01
7.430864709895104170e-01
7.818406550213694572e-01
7.188942369539290667e-01
7.616331591270864010e-01
7.066241018474102020e-01
9.811287990305572748e-01
7.300233989953994751e-01
6.245189169421792030e-01
6.069425118621438742e-01
6.603908690158277750e-01
5.707330889999866486e-01
8.434987619984894991e-01
7.912383510265499353e-01
6.715744670946151018e-01
6.541076099965721369e-01
6.145583030302077532e-01
6.786197389010339975e-01
6.513310449663549662e-01
5.893499720841646194e-01
6.425978601910173893e-01
9.426909820176661015e-01
7.611381399910897017e-01
7.904838719405233860e-01
8.951733480207622051e-01
1.000192335108295083e+00
8.677334422245621681e-01
8.187752349767833948e-01
7.990622001234441996e-01
6.179891300853341818e-01
6.176220129709690809e-01
6.654563848860561848e-01
6.870570930186659098e-01
6.547397891990840435e-01
6.875825659371912479e-01
6.187683320604264736e-01
6.273410578723996878e-01
6.213635851163417101e-01
6.585747639182955027e-01
9.199087629094719887e-01
7.101839268580079079e-01
7.526180450804531574e-01
7.739411769434809685e-01
9.799279770813882351e-01
7.085489381570369005e-01
8.940182190854102373e-01
8.449738679919391870e-01
8.175751960370689631e-01
6.797498199157416821e-01
6.504233311861753464e-01
5.879562529735267162e-01
6.846131151542067528e-01
5.208983898628503084e-01
5.403301878832280636e-01
6.550227878615260124e-01
6.662681919988244772e-01
6.645954379346221685e-01
5.963976809289306402e-01
8.199974759481847286e-01
7.508876160718500614e-01
9.601883979048579931e-01
7.404208730440586805e-01
9.591587730683386326e-01
9.810964579228311777e-01
5.514856530353426933e-01
8.112043759319931269e-01
7.851912549231201410e-01
6.727720580529421568e-01
6.389843709766864777e-01
6.886367169208824635e-01
7.685784709174185991e-01
6.645324621349573135e-01
8.273841128684580326e-01
6.447186630684882402e-01
7.086621869821101427e-01
6.888044560328125954e-01
7.197470969986170530e-01
9.509229310788214207e-01
7.625875649973750114e-01
1.003600277937948704e+00
7.611107190605252981e-01
7.709882960189133883e-01
6.444880571216344833e-01
8.410664659459143877e-01
6.095920461229979992e-01
6.713601888623088598e-01
6.855579810217022896e-01
5.992788081057369709e-01
8.173761880025267601e-01
8.152473790105432272e-01
6.542730201035737991e-01
6.172700689639896154e-01
6.269954850431531668e-01
8.265754641033709049e-01
7.161643458530306816e-01
7.834676280617713928e-01
8.055794551037251949e-01
9.370328478980809450e-01
7.075943120289593935e-01
6.863201090600341558e-01
8.159300868865102530e-01
6.831806160043925047e-01
6.647113950457423925e-01
6.465044470969587564e-01
6.559458691626787186e-01
6.427288989070802927e-01
7.635473790578544140e-01
6.609800059814006090e-01
6.616350868716835976e-01
7.808876291383057833e-01
8.078933660872280598e-01
7.705225080717355013e-01
6.747306708712130785e-01
8.900588529650121927e-01
7.949034690391272306e-01
8.030024268664419651e-01
7.592840488068759441e-01
7.819363409653306007e-01
7.836241901386529207e-01
1.021587148075923324e+00
9.117257730104029179e-01
6.335491931531578302e-01
6.704358749557286501e-01
7.458151299506425858e-01
8.379553158301860094e-01
8.144833061378449202e-01
6.350083430297672749e-01
6.325313060078769922e-01
6.250994149595499039e-01
6.832205231767147779e-01
8.939114410895854235e-01
7.388925219420343637e-01
1.011910408036783338e+00
8.144314850214868784e-01
9.577904141042381525e-01
8.189337060321122408e-01
7.388940989039838314e-01
8.369800699874758720e-01
6.428436031565070152e-01
6.684751771390438080e-01
6.227374791633337736e-01
8.069674610160291195e-01
5.836605709046125412e-01
6.253234790638089180e-01
6.681560911238193512e-01
6.232906070072203875e-01
6.321487610694020987e-01
5.987765199970453978e-01
7.165335118770599365e-01
8.006265780422836542e-01
7.454751939512789249e-01
7.669858450535684824e-01
8.110284889116883278e-01
9.631755091249942780e-01
1.002088895998895168e+00
6.246071830391883850e-01
6.604049229063093662e-01
8.071066490374505520e-01
6.604384330566972494e-01
5.810218479018658400e-01
6.452948960941284895e-01
6.426800370682030916e-01
6.618347431067377329e-01
6.814888319931924343e-01
8.417956610210239887e-01
6.834552770014852285e-01
6.883894838392734528e-01
7.284373990260064602e-01
7.639014199376106262e-01
7.945878249593079090e-01
8.201766638085246086e-01
9.775986180175095797e-01
7.068591830320656300e-01
6.862846820149570704e-01
8.251149968709796667e-01
6.553334889467805624e-01
5.950746501330286264e-01
6.241902371402829885e-01
6.816503040026873350e-01
5.714457652065902948e-01
6.512152501381933689e-01
7.573444338049739599e-01
6.761128939688205719e-01
4.584043440409004688e-01
9.384704879485070705e-01
7.509534289129078388e-01
7.846241770312190056e-01
7.420549909584224224e-01
8.034959000069648027e-01
7.942059100605547428e-01
1.022135905921459198e+00
7.537405500188469887e-01
6.224181558936834335e-01
6.259226680267602205e-01
8.060013039503246546e-01
5.983688740525394678e-01
8.253794980701059103e-01
6.596292229369282722e-01
5.958360268268734217e-01
6.417028550058603287e-01
8.242596960626542568e-01
6.693911121692508459e-01
7.388613191433250904e-01
7.831960730254650116e-01
8.228954419028013945e-01
7.959421069826930761e-01
7.630341830663383007e-01
7.853879020549356937e-01
7.840905529446899891e-01
6.347506188321858644e-01
6.418641179334372282e-01
6.600015249568969011e-01
6.380700890440493822e-01
6.351940298918634653e-01
8.194943419657647610e-01
6.076335040852427483e-01
7.722007159609347582e-01
6.365538591053336859e-01
6.449983050115406513e-01
7.943132049404084682e-01
6.382072980049997568e-01
8.596676059532910585e-01
9.739824230782687664e-01
7.219106820411980152e-01
8.270920240320265293e-01
8.099475849885493517e-01
8.047244870103895664e-01
8.146551428362727165e-01
7.867271171417087317e-01
6.359059200622141361e-01
6.446480799932032824e-01
5.920105308759957552e-01
6.438374549616128206e-01
6.827017960604280233e-01
6.815248047932982445e-01
8.263521930202841759e-01
5.927067110314965248e-01
6.467565370257943869e-01
6.476181959733366966e-01
6.533878820482641459e-01
9.067559598479419947e-01
1.016183461993932724e+00
7.307371140923351049e-01
9.733782468829303980e-01
7.865371289663016796e-01
8.163058271165937185e-01
7.313114001881331205e-01
6.153609298635274172e-01
6.111121061258018017e-01
6.045594499446451664e-01
5.679124419111758471e-01
6.546128641348332167e-01
8.471001458819955587e-01
6.537846389692276716e-01
6.521910249721258879e-01
7.474299289751797915e-01
6.634218490216881037e-01
7.927167508751153946e-01
6.081736860796809196e-01
6.559637461323291063e-01
8.152169850654900074e-01
7.525945499073714018e-01
7.734787329100072384e-01
7.539781681261956692e-01
7.194560200441628695e-01
1.007806746987625957e+00
7.582314589526504278e-01
6.723494599573314190e-01
6.849801158532500267e-01
6.632062639109790325e-01
7.749263409059494734e-01
8.269827268086373806e-01
6.082618441432714462e-01
6.188495999667793512e-01
7.815060911234468222e-01
5.994556089863181114e-01
6.462041428312659264e-01
7.899324931204319000e-01
6.542478809133172035e-01
7.620957519393414259e-01
9.377495180815458298e-01
7.965087301563471556e-01
7.214638309087604284e-01
7.965531209483742714e-01
8.082369409967213869e-01
7.303960190620273352e-01
6.821485999971628189e-01
6.869880859740078449e-01
5.999344410374760628e-01
6.877797830384224653e-01
6.838530229870229959e-01
6.507854000665247440e-01
6.353167619090527296e-01
6.077525890432298183e-01
8.444578659255057573e-01
6.370514000300318003e-01
6.100242319516837597e-01
8.146798049565404654e-01
7.539700078777968884e-01
9.705738381016999483e-01
7.310020627919584513e-01
7.501686741597950459e-01
9.163154140114784241e-01
7.532772170379757881e-01
7.705059989821165800e-01
8.031083999667316675e-01
6.553549701347947121e-01
7.868644369300454855e-01
6.716544369701296091e-01
8.399257729761302471e-01
8.005813271738588810e-01
6.632089219056069851e-01
6.793301708530634642e-01
6.140279809478670359e-01
6.872894889675080776e-01
6.804777679499238729e-01
6.270279290620237589e-01
7.080326001159846783e-01
7.817961990367621183e-01
9.922889620065689087e-01
8.165177821647375822e-01
7.196059408597648144e-01
8.045004229061305523e-01
6.142680009361356497e-01
6.492408160120248795e-01
5.950620998628437519e-01
8.285689188633114100e-01
6.756501048803329468e-01
8.561633930075913668e-01
6.199207941535860300e-01
6.884961319155991077e-01
6.712887000758200884e-01
6.093601330649107695e-01
8.186837900429964066e-01
6.115687161218374968e-01
8.351273690350353718e-01
7.518972959369421005e-01
9.949310619849711657e-01
7.178588660899549723e-01
7.821022321004420519e-01
9.260564809665083885e-01
7.936546129640191793e-01
7.242489550262689590e-01
6.629225730430334806e-01
6.802716681268066168e-01
8.153434179257601500e-01
6.169888000003993511e-01
6.539622240234166384e-01
6.104864850640296936e-01
6.088695719372481108e-01
8.208978769835084677e-01
8.540266379714012146e-01
6.175314302090555429e-01
8.486975370906293392e-01
6.296404111199080944e-01
7.422965900041162968e-01
9.426646870560944080e-01
7.117205529939383268e-01
7.856600780505686998e-01
9.181972120422869921e-01
7.312235438730567694e-01
7.486029218416661024e-01
6.176182890776544809e-01
6.185590471141040325e-01
6.539147968869656324e-01
6.191879650577902794e-01
6.461685211397707462e-01
5.818142381031066179e-01
6.544488309882581234e-01
6.271697329357266426e-01
7.653997468296438456e-01
9.479737270157784224e-01
7.946628711652010679e-01
7.529805460944771767e-01
7.853169059380888939e-01
7.531687060836702585e-01
9.708039471879601479e-01
7.530191130936145782e-01
6.387252560816705227e-01
6.128425849601626396e-01
6.862857989035546780e-01
7.748663749080151320e-01
6.113418659660965204e-01
7.795466049574315548e-01
5.423878980800509453e-01
5.961250800173729658e-01
6.191654400900006294e-01
6.015210889745503664e-01
7.292677380610257387e-01
9.604245189111679792e-01
7.616517210844904184e-01
7.530979749280959368e-01
6.888569591101258993e-01
6.980408381205052137e-01
8.220919459126889706e-01
8.396801301278173923e-01
6.735331090167164803e-01
6.718116709962487221e-01
6.025207100901752710e-01
7.375636401120573282e-01
6.277423149440437555e-01
6.345397129189223051e-01
6.470110840164124966e-01
7.911247308366000652e-01
7.923478388693183661e-01
7.665026821196079254e-01
8.055290100164711475e-01
7.945500339847058058e-01
7.810773940291255713e-01
7.700804581400007010e-01
8.214542800560593605e-01
8.052823951002210379e-01
6.767902120482176542e-01
6.555310878902673721e-01
6.452838960103690624e-01
6.077478381339460611e-01
8.056080199312418699e-01
6.521328738890588284e-01
6.548789839725941420e-01
6.275296350941061974e-01
6.673005318734794855e-01
6.563530331477522850e-01
6.082038660533726215e-01
6.646922610234469175e-01
7.677412747871130705e-01
9.781736300792545080e-01
7.463551429100334644e-01
7.369180319365113974e-01
7.693018079735338688e-01
7.698296841699630022e-01
7.368187550455331802e-01
7.535659349523484707e-01
6.087259668856859207e-01
5.892165359109640121e-01
6.419041829649358988e-01
4.549674619920551777e-01
7.718175649642944336e-01
6.289629722014069557e-01
6.660406738519668579e-01
6.464840751141309738e-01
7.979553719051182270e-01
6.246929708868265152e-01
8.146592921111732721e-01
7.089135269634425640e-01
9.577045598998665810e-01
8.717988629359751940e-01
8.546245240140706301e-01
5.709647939074784517e-01
7.419678440783172846e-01
5.974428469780832529e-01
6.639894188847392797e-01
6.840368660632520914e-01
6.670506899245083332e-01
8.731455190572887659e-01
6.850750548765063286e-01
8.241252710577100515e-01
7.064137761481106281e-01
6.918911039829254150e-01
8.477264279499650002e-01
8.103991118259727955e-01
9.733899480197578669e-01
1.042248132871463895e+00
8.885336848907172680e-01
8.646251971367746592e-01
7.872795918956398964e-01
6.263811180833727121e-01
7.037674328312277794e-01
6.943145140539854765e-01
8.459742900449782610e-01
6.933125399518758059e-01
7.386536509729921818e-01
7.325859651900827885e-01
7.374867701437324286e-01
7.350027579814195633e-01
1.010858647059649229e+00
1.058067870792001486e+00
8.194674861151725054e-01
1.052070565987378359e+00
7.847556238994002342e-01
8.048457640688866377e-01
7.675563630182296038e-01
7.160575070884078741e-01
8.628394380211830139e-01
8.514703328255563974e-01
6.772456988692283630e-01
8.899260968901216984e-01
7.256804180797189474e-01
6.996012418530881405e-01
6.947677358984947205e-01
7.137966849841177464e-01
8.903377929236739874e-01
7.958538909442722797e-01
1.033052387880161405e+00
7.962522178422659636e-01
8.658737149089574814e-01
1.022538757883012295e+00
7.645399828907102346e-01
7.260173868853598833e-01
6.934062340296804905e-01
8.443356968928128481e-01
7.128803988453000784e-01
6.856640370097011328e-01
8.320660889148712158e-01
9.164759260602295399e-01
6.736147662159055471e-01
7.329679590184241533e-01
6.732849080581218004e-01
8.841163630131632090e-01
5.925595220178365707e-01
7.500432790257036686e-01
1.080918796127662063e+00
7.863685491029173136e-01
8.442675820551812649e-01
9.930715509690344334e-01
6.379897110164165497e-01
8.715746351517736912e-01
6.922816829755902290e-01
6.916678240522742271e-01
8.394423390273004770e-01
8.797805260401219130e-01
6.923746750690042973e-01
6.935284789651632309e-01
8.709026798605918884e-01
1.014753432013094425e+00
8.571270329412072897e-01
1.058563498081639409e+00
7.983123811427503824e-01
7.647625550162047148e-01
7.957694190554320812e-01
6.852609578054398298e-01
6.472107898443937302e-01
7.238820900674909353e-01
6.969442020636051893e-01
6.784089859575033188e-01
6.060802068095654249e-01
7.040753050241619349e-01
6.579960179515182972e-01
6.180573990568518639e-01
7.135528251528739929e-01
8.674565129913389683e-01
1.048806872218847275e+00
9.925753348506987095e-01
1.057635795790702105e+00
1.059679903090000153e+00
8.262073511723428965e-01
8.466010431293398142e-01
6.767613061238080263e-01
8.167603618931025267e-01
8.820853130891919136e-01
8.263343709986656904e-01
9.047506309580057859e-01
6.680932238232344389e-01
9.138127400074154139e-01
8.668831859249621630e-01
6.259937330614775419e-01
8.152059060521423817e-01
7.254911370109766722e-01
5.904886170756071806e-01
8.219792770687490702e-01
1.021904869005084038e+00
8.005315111950039864e-01
8.813627541530877352e-01
7.660546670667827129e-01
8.360910450574010611e-01
7.605452488642185926e-01
8.319224449805915356e-01
7.217829260043799877e-01
6.946469729300588369e-01
6.749763221014291048e-01
6.745237889699637890e-01
8.769722480792552233e-01
7.035263760481029749e-01
7.043132479302585125e-01
9.122728719376027584e-01
7.232719908934086561e-01
6.673909041564911604e-01
6.961892750114202499e-01
1.081793210003525019e+00
7.653037591371685266e-01
7.963784150779247284e-01
8.552700548898428679e-01
8.082543690688908100e-01
7.756800448987632990e-01
7.024522470310330391e-01
6.450444888323545456e-01
6.739850270096212626e-01
6.467872739303857088e-01
8.900771518237888813e-01
8.775619158986955881e-01
7.376492780167609453e-01
6.949314309749752283e-01
6.841733159963041544e-01
6.455061978194862604e-01
9.079675320535898209e-01
6.453030009288340807e-01
6.934964868705719709e-01
1.066308076027780771e+00
8.330861090216785669e-01
7.646115669049322605e-01
8.466429598629474640e-01
1.092591902008280158e+00
7.652598158456385136e-01
6.461460648570209742e-01
7.057894980534911156e-01
6.758189541287720203e-01
8.794638400431722403e-01
8.849921978544443846e-01
4.771973958704620600e-01
7.225760000292211771e-01
6.715375110507011414e-01
8.428507111966609955e-01
8.880509438458830118e-01
6.981016190256923437e-01
7.874788518529385328e-01
8.430518500972539186e-01
7.212454359978437424e-01
9.784442489035427570e-01
8.204350171145051718e-01
8.701407499611377716e-01
6.645505588967353106e-01
8.797012898139655590e-01
6.534494548104703426e-01
6.529111471027135849e-01
7.020460981875658035e-01
6.115820058621466160e-01
7.049337839707732201e-01
7.066964597906917334e-01
8.997294090222567320e-01
6.296958960592746735e-01
7.382695691194385290e-01
7.962340230587869883e-01
7.509243411477655172e-01
8.651002869009971619e-01
7.731996169313788414e-01
1.022138539003208280e+00
1.046229411847889423e+00
8.303846959024667740e-01
8.944007768295705318e-01
7.027044100686907768e-01
6.848309189081192017e-01
6.340441538486629725e-01
7.127786711789667606e-01
6.461249028798192739e-01
7.404673788696527481e-01
8.326890692114830017e-01
6.354977528098970652e-01
8.429892850108444691e-01
6.460309349931776524e-01
4.521423769183456898e-01
9.877325489651411772e-01
7.863641309086233377e-01
1.089238570071756840e+00
7.990889959037303925e-01
7.505103449802845716e-01
1.092067372985184193e+00
7.846988590899854898e-01
7.051812519785016775e-01
8.418640869203954935e-01
7.109108639415353537e-01
7.137533740606158972e-01
6.645980128087103367e-01
7.393500560428947210e-01
7.327130730263888836e-01
8.914608580525964499e-01
8.932499461807310581e-01
8.215685510076582432e-01
8.865418659988790751e-01
8.224501269869506359e-01
9.999056460801512003e-01
8.108332999981939793e-01
8.562930799089372158e-01
6.962556689977645874e-01
7.357143149711191654e-01
8.892829669639468193e-01
8.940135061275213957e-01
7.238112320192158222e-01
6.949737470131367445e-01
6.698530840221792459e-01
6.961118311155587435e-01
6.675852029584348202e-01
8.427687429357320070e-01
1.083349209977313876e+00
8.372672700788825750e-01
8.223560790065675974e-01
7.998118449468165636e-01
8.198413050267845392e-01
8.874947349540889263e-01
7.461198961827903986e-01
8.544211348053067923e-01
6.583504241425544024e-01
7.227929329965263605e-01
7.089447400067001581e-01
9.082153427880257368e-01
7.419155228417366743e-01
8.368435939773917198e-01
9.024611772038042545e-01
7.379156670067459345e-01
6.947471110615879297e-01
1.036354877986013889e+00
1.019725458929315209e+00
1.014240246964618564e+00
8.597326150629669428e-01
8.249211329966783524e-01
7.380832559429109097e-01
6.608270059805363417e-01
7.083212009165436029e-01
6.510320599190890789e-01
8.945518010295927525e-01
8.598172771744430065e-01
8.904099699575453997e-01
7.292538229376077652e-01
8.939212129916995764e-01
1.005250118207186460e+00
8.250266481190919876e-01
1.023614053847268224e+00
8.855140318628400564e-01
8.702992061153054237e-01
8.594543680083006620e-01
8.136794168967753649e-01
7.400976931676268578e-01
7.377152089029550552e-01
7.395680060144513845e-01
6.112425851169973612e-01
8.507336662150919437e-01
6.501481030136346817e-01
8.519403159152716398e-01
5.641082101501524448e-01
7.387886370997875929e-01
8.547700040508061647e-01
8.668564311228692532e-01
8.884831180330365896e-01
8.329563559964299202e-01
8.599533091764897108e-01
8.455369519069790840e-01
8.858647330198436975e-01
8.260912138503044844e-01
7.050455291755497456e-01
6.379861179739236832e-01
7.258153720758855343e-01
8.549777739681303501e-01
7.025427119806408882e-01
8.921912510413676500e-01
7.137029850855469704e-01
7.149102399125695229e-01
8.548969249241054058e-01
8.449030700139701366e-01
7.994259730912744999e-01
8.480543759651482105e-01
8.377796581480652094e-01
8.338098088279366493e-01
8.462162800133228302e-01
1.092876304173842072e+00
7.695161199662834406e-01
8.541710500139743090e-01
6.865128800272941589e-01
6.858939640223979950e-01
7.390754830557852983e-01
8.996305658947676420e-01
6.376834590919315815e-01
8.528621611185371876e-01
6.372296509798616171e-01
9.706993699073791504e-01
8.314830288290977478e-01
8.215019961353391409e-01
8.707762891426682472e-01
1.035610368009656668e+00
7.980087990872561932e-01
8.820489631034433842e-01
7.042373910080641508e-01
6.911045580636709929e-01
6.550336680375039577e-01
8.511913281399756670e-01
8.921463920269161463e-01
6.734093870036303997e-01
9.193480110261589289e-01
6.776796099729835987e-01
7.349201729521155357e-01
6.766122351400554180e-01
6.974565719719976187e-01
8.530319249257445335e-01
9.792648940347135067e-01
8.462852141819894314e-01
8.482809080742299557e-01
8.673057800624519587e-01
8.549700370058417320e-01
8.105182219296693802e-01
9.988910469692200422e-01
7.301657181233167648e-01
6.568251329008489847e-01
8.806415731087327003e-01
6.532239650841802359e-01
6.662788880057632923e-01
6.653505160938948393e-01
7.142060780897736549e-01
6.735494141466915607e-01
6.457496301736682653e-01
8.675582648720592260e-01
8.549733739346265793e-01
9.874029771890491247e-01
8.084108079783618450e-01
8.318603320512920618e-01
7.516980888321995735e-01
8.092924829106777906e-01
8.515969670843333006e-01
8.887121828738600016e-01
7.397384010255336761e-01
7.396291028708219528e-01
8.911791569553315639e-01
7.110297570470720530e-01
7.112157589290291071e-01
4.908187689725309610e-01
6.837144910823553801e-01
7.368196928873658180e-01
8.669060999527573586e-01
8.832026422023773193e-01
8.640006438363343477e-01
1.089610988972708583e+00
1.044140557060018182e+00
8.300477589946240187e-01
8.913569389842450619e-01
8.039667420089244843e-01
6.763019168283790350e-01
6.744578620418906212e-01
9.063208480365574360e-01
7.009375540073961020e-01
8.903862021397799253e-01
6.061083890963345766e-01
6.818298960570245981e-01
6.423547239974141121e-01
6.717733279801905155e-01
1.023100228048861027e+00
8.078593660611659288e-01
9.759414310101419687e-01
8.518332941457629204e-01
7.948032990097999573e-01
8.192102140747010708e-01
1.029907579068094492e+00
7.116484080906957388e-01
6.851451140828430653e-01
7.029128910508006811e-01
8.785105459392070770e-01
7.364734371658414602e-01
7.107113280799239874e-01
6.734634588938206434e-01
6.845761178992688656e-01
6.716259040404111147e-01
7.098323060199618340e-01
6.993882788810878992e-01
6.893833680078387260e-01
1.039932955987751484e+00
1.050438871141523123e+00
8.791851408313959837e-01
1.040190418949350715e+00
8.390440428629517555e-01
7.835813860874623060e-01
7.125272220000624657e-01
6.822490829508751631e-01
8.710241641383618116e-01
6.730241200421005487e-01
7.047637479845434427e-01
6.448098220862448215e-01
8.093375121243298054e-01
6.813535699620842934e-01
7.321803229860961437e-01
6.438077660277485847e-01
6.723285859916359186e-01
7.305704308673739433e-01
6.558817771729081869e-01
1.070861798012629151e+00
8.397602019831538200e-01
8.550208078231662512e-01
8.322245159652084112e-01
9.876952879130840302e-01
9.930539207998663187e-01
8.828211689833551645e-01
6.791364978998899460e-01
7.235152190551161766e-01
6.721528049092739820e-01
6.047982431482523680e-01
6.247203159146010876e-01
6.914010650943964720e-01
6.332775331102311611e-01
8.532413879875093699e-01
6.767964619211852551e-01
6.641509600449353456e-01
8.865991539787501097e-01
9.749251869507133961e-01
1.063713378040120006e+00
7.860722481273114681e-01
8.839180851355195045e-01
9.751290359999984503e-01
8.059170069172978401e-01
7.682813769206404686e-01
7.342386350501328707e-01
7.199349668808281422e-01
6.640586850699037313e-01
8.545063210185617208e-01
6.729108330328017473e-01
8.587241671048104763e-01
6.747014140710234642e-01
6.919878488406538963e-01
6.044885599985718727e-01
8.706573189701884985e-01
6.955962469801306725e-01
8.550778098870068789e-01
8.787452629767358303e-01
7.621162608265876770e-01
8.544199140742421150e-01
8.839791228529065847e-01
8.198097851127386093e-01
9.691162800882011652e-01
6.528159950394183397e-01
6.836462509818375111e-01
7.032764030154794455e-01
6.830891477875411510e-01
7.119382149539887905e-01
6.062675588764250278e-01
9.061769428662955761e-01
6.937304839957505465e-01
6.708559698890894651e-01
8.791553589981049299e-01
5.992992848623543978e-01
8.781502330675721169e-01
7.708011257927864790e-01
8.757361290045082569e-01
7.363624249119311571e-01
1.055231777951121330e+00
9.742916659452021122e-01
7.836879028473049402e-01
7.029615470673888922e-01
9.071742899250239134e-01
6.442547969054430723e-01
6.584576689638197422e-01
6.926588991191238165e-01
6.833831069525331259e-01
7.063104500994086266e-01
6.705551149789243937e-01
6.717639369890093803e-01
6.749594630673527718e-01
6.556350202299654484e-01
7.130406158976256847e-01
8.328879629261791706e-01
8.125398270785808563e-01
1.034236195962876081e+00
8.765453100204467773e-01
8.268242280464619398e-01
7.993279059883207083e-01
7.635300909169018269e-01
7.643120458815246820e-01
8.973042529541999102e-01
8.711395009886473417e-01
6.932592650409787893e-01
7.030610269866883755e-01
6.385217609349638224e-01
6.843148691114038229e-01
6.645109010860323906e-01
8.993495511822402477e-01
6.528962429147213697e-01
8.559218039736151695e-01
8.088202369399368763e-01
8.318182420916855335e-01
1.043239211896434426e+00
9.931743249762803316e-01
8.308779729995876551e-01
7.479054948780685663e-01
6.651819979306310415e-01
7.021924371365457773e-01
7.303150480147451162e-01
6.607242908794432878e-01
6.640527499839663506e-01
6.927675469778478146e-01
9.073684471659362316e-01
7.007564960513263941e-01
6.943906710948795080e-01
6.829054970294237137e-01
5.593187790364027023e-01
6.046380591578781605e-01
7.890264410525560379e-01
8.080826150253415108e-01
9.961303849704563618e-01
8.058069159742444754e-01
8.194371000863611698e-01
8.554118308238685131e-01
7.717964509502053261e-01
6.800399229396134615e-01
8.795451009646058083e-01
6.738595180213451385e-01
7.190740120131522417e-01
7.333402710501104593e-01
7.107063161674886942e-01
6.456352430395781994e-01
7.132230100687593222e-01
6.734056109562516212e-01
7.129217190667986870e-01
8.208302189595997334e-01
8.920281438622623682e-01
8.186313509941101074e-01
1.023339494131505489e+00
8.566075768321752548e-01
8.307504949625581503e-01
8.084137870464473963e-01
8.393672751262784004e-01
8.993143239058554173e-01
8.289919767994433641e-01
7.255486869253218174e-01
6.669632529374212027e-01
9.174314721021801233e-01
6.409319269005209208e-01
8.592257190030068159e-01
7.000704039819538593e-01
6.837521078996360302e-01
8.962432548869401217e-01
6.711908241268247366e-01
7.740437299944460392e-01
8.777267970144748688e-01
7.601889779325574636e-01
8.833224340341985226e-01
8.530083619989454746e-01
8.523669880814850330e-01
1.028156436979770660e+00
8.672250600066035986e-01
6.723681439179927111e-01
7.375325390603393316e-01
8.901356209535151720e-01
6.833975580520927906e-01
6.823458890430629253e-01
7.341933150310069323e-01
6.266833909321576357e-01
6.849929238669574261e-01
9.070927260909229517e-01
8.284430920612066984e-01
1.103307444835081697e+00
1.077587465988472104e+00
8.097714069299399853e-01
1.000298331957310438e+00
6.579733600374311209e-01
7.128444141708314419e-01
6.555082590784877539e-01
6.557294030208140612e-01
6.157923520077019930e-01
7.358563318848609924e-01
7.364323220681399107e-01
7.248997231945395470e-01
6.943907970562577248e-01
7.222113260067999363e-01
7.575884389225393534e-01
7.971532719675451517e-01
