1.179665998186730635e-03
9.439367838588995927e-04
3.868017527189682604e-03
6.355271680318260938e-03
7.219265331843277567e-03
2.335043113104230163e-03
1.025386594582102613e-03
7.717647662667214727e-03
1.106448087776393252e-03
5.363020651776770169e-03
1.830382769000014247e-03
6.054035837688157701e-03
4.378758577353487891e-03
1.971748036198462360e-03
5.787358812789510434e-03
2.320767599395208436e-03
3.679362897039208796e-03
5.945075150273326087e-03
3.668209347370119180e-03
6.744762140959011457e-03
2.212412779677432832e-03
2.621017784863661267e-03
1.283528981873581064e-03
1.288858833992436673e-03
8.514683729355433141e-04
8.207760878345159768e-04
8.621852279500275733e-04
6.966801875494177052e-03
5.235901389507242702e-03
6.602088166104977743e-03
5.806633339853162386e-03
6.289649858377646327e-03
3.233136465949789339e-03
8.201527162583012497e-04
2.699218199839039170e-03
6.855642970410317973e-04
2.122181210986034093e-03
2.791835277124632593e-03
1.929806587313867301e-03
1.634242586689293010e-03
1.599746347823190803e-03
1.914943497574863587e-03
1.028026826935856839e-03
1.070342191923875919e-02
1.418195417144466888e-03
3.165533442498961840e-03
2.590147160096561117e-03
6.627381788892874534e-03
1.781339906149962630e-03
3.084291330597133292e-03
4.090095630087938611e-03
1.665679746539821269e-03
2.079418464283638423e-03
2.748187902884107348e-03
1.394709060182977144e-03
2.754758767577222649e-03
8.616164013438180414e-04
1.886257125143571628e-03
1.039089258988330983e-03
1.353185318891170653e-03
4.418567008980011160e-03
1.249241535120625222e-03
3.179383552511206527e-03
1.027113207047232468e-02
9.366996604702000975e-03
8.686896099287956920e-04
3.269534355452301862e-03
5.613616271942009801e-03
1.694028650233051197e-03
9.001671436038203526e-04
1.450826663535396879e-03
9.951631327240113324e-04
7.706549189951194352e-04
8.261030700161720204e-04
2.446773215674931216e-03
1.010148774800640782e-02
1.263899669115083405e-02
8.889005930419505933e-04
8.504049004295546194e-04
2.605030110573876810e-03
1.411854672397949749e-03
9.704096002374191067e-04
2.201057049545195824e-03
1.214796013857801817e-03
1.055795823102960614e-02
9.141769694674537405e-04
3.098066593161694689e-03
3.014747602496235541e-03
1.386229348446945666e-03
1.469651204002685608e-03
2.522487440058029853e-03
1.142392694630193530e-03
2.994387356590062863e-03
4.054970189907672676e-03
1.555386870927164336e-03
2.494338783083561994e-03
1.717919890445576692e-03
6.463599253931815239e-03
1.943046832632481114e-03
1.225039030447397457e-03
1.557611221710884872e-03
4.212689823580674509e-03
2.405598631841199698e-03
1.400786266567069635e-03
2.531669586191150588e-03
7.150654655951678602e-03
4.559418535888047457e-03
8.402508864431355862e-03
3.032403592437318742e-03
1.858748948246924685e-03
1.750400945678712468e-03
3.758359603624446179e-03
1.691744825767228268e-03
1.914934825887083629e-03
3.142506696396351815e-03
9.463710279566909730e-03
2.061580100316226169e-03
1.043953591787378241e-03
1.191060640922369509e-03
1.304619817082852164e-02
4.853379831461735079e-03
1.946592138817681769e-03
2.318873070306067766e-03
2.046515371506156186e-03
1.415437434194877393e-03
1.029044158530522703e-03
7.711549935896721934e-03
2.243754515205449631e-03
1.887332419500806083e-03
1.011725240341986324e-03
8.157021874842155075e-04
1.875810935992344719e-03
1.994030411539630433e-03
2.231111423717136930e-03
4.112122000065342002e-03
8.457412276026466530e-03
6.301491674501898121e-03
4.313450705745475872e-03
3.101135885364954617e-03
7.261146217452439742e-04
6.578525141338725443e-03
4.569785282135582945e-03
2.879870313186291223e-03
2.264555195678726821e-03
4.472451033017931822e-03
2.302322954068908821e-03
2.174341671502847892e-03
8.210285459800388628e-04
5.907924014706441088e-03
3.180969082104042386e-03
5.584755704705386334e-03
1.906053694628167053e-03
1.241990061585396396e-03
2.151402177495374910e-03
2.061258943920759971e-03
3.586237868147955365e-03
1.317943559206931001e-03
8.865640600800907007e-04
1.838123873941549438e-03
1.978414319167305386e-03
2.473963201294811145e-03
1.934106389236283285e-03
3.207135917929038182e-03
1.420248230079365322e-03
1.450581686016287229e-03
9.655382237576695626e-04
9.793676875478238807e-04
2.785589922427808389e-03
1.001028562658903788e-03
1.672677445488192794e-03
3.638241903695421404e-03
1.286469666421224348e-03
2.270199878198507493e-03
5.003898764122620760e-03
1.349386482864985484e-02
2.024900792044720226e-03
2.409217272113268072e-03
6.753691299441696300e-03
2.573523501303726698e-03
4.508949161744379985e-03
1.215352220700735304e-03
7.079295924999073637e-04
7.801997245902124586e-04
1.406006946904183111e-03
4.444731208148404271e-03
1.967511557856862180e-03
2.462098189159440519e-03
1.391570817535191414e-03
2.822849782696877901e-03
1.188651495238235607e-03
1.418518023183574974e-03
9.756815017487990285e-04
2.707252245767829101e-03
4.397762635014637600e-03
1.748973073328445767e-03
5.442626686714839394e-03
2.856358845122909836e-03
1.532702864222765336e-03
9.793508321817127882e-03
2.574864901688692521e-03
3.578824686673942514e-03
1.070307132768270062e-03
1.974554265277941867e-03
2.344321514689677068e-03
2.723959175531474527e-03
1.344988917637508601e-03
1.082970363013195832e-03
3.992702147968194872e-03
1.126647980980463679e-03
1.401512026530972455e-03
1.029089197484646910e-02
1.137898670197156487e-03
1.842308862382144611e-03
5.774440060267751335e-03
2.255950153029060833e-03
1.384960279974483451e-03
7.978947206493625056e-04
1.131199607104408245e-03
1.380415558377044976e-03
1.098434357028790125e-03
7.165177798198364180e-03
2.139128236950494939e-03
1.654430353124658340e-03
1.077467590967154474e-03
2.309688481375837474e-03
1.239132455009380601e-02
1.144597350606102546e-03
1.554594629616666600e-03
2.270492247219685084e-03
7.363936594286248864e-04
2.208308406416602601e-03
1.911095903612762981e-03
1.162071167530577716e-02
1.062005819745539875e-03
3.031115178886658983e-03
2.141557610163352231e-03
7.713441829482317385e-04
1.306875862533630550e-03
2.434176039880367372e-03
2.278266842188184788e-03
3.895303283317871467e-03
3.992025348882675094e-03
1.769844073858376030e-03
8.190400088601632999e-04
5.260168591657223176e-03
1.150001199164480542e-02
1.593469039853976591e-03
8.831235139737982900e-04
7.196242105363449132e-03
8.432437133579310249e-04
2.998502888274073332e-03
1.915595378756802802e-03
1.001957809844624021e-03
2.554221165335526268e-03
8.006468232370054713e-03
3.833791533141391299e-03
4.388016334930987250e-03
2.889780136778938215e-03
4.076044442619389079e-03
1.041858435316429929e-03
1.169843469229703108e-03
2.143661056846909389e-03
1.501634070506983453e-03
1.187725251353341938e-03
2.151290672799519802e-03
1.154052279038050507e-03
1.312962850098160772e-02
1.330019079742863130e-03
2.938949395629576137e-03
8.262704632714676714e-04
3.018706485597851766e-03
1.369919293368892805e-03
1.163881395622725842e-02
1.540857129984268869e-03
1.765528857338154395e-03
9.625099970087035248e-04
4.188939850971924901e-03
2.835104144477139203e-03
1.911626729035198567e-03
9.064816437178732731e-04
9.041905870495554800e-04
6.499763784198872053e-03
2.708565098661495658e-03
1.274469862276840721e-03
3.862874664166502259e-03
1.512139443162694493e-03
4.326813476506581255e-03
4.899254585398808877e-03
1.454526592477989018e-03
9.753754920634876173e-04
3.197060314447967063e-03
1.800039076045578928e-03
2.564522484630202357e-03
3.963198610303850233e-03
5.563344426835048658e-03
7.790835005034245885e-04
1.494780814918531551e-03
1.287711363678180430e-03
1.442297552512941368e-03
4.213503710759285148e-03
1.250713218636842006e-03
1.163106307987807342e-02
1.393206325684148619e-03
3.350062753469411434e-03
1.262616212625733252e-03
9.609348773341864049e-04
8.874466804127778378e-04
9.200786603695942489e-04
4.283689460890467531e-03
3.663559628626554283e-03
2.184180426965923530e-03
2.176057890369991615e-03
5.194726607473493588e-03
1.537266296945913194e-03
4.475503564815176000e-03
8.235409195481283896e-04
1.247375378489861634e-03
8.685038670834939424e-04
2.392619896467764514e-03
9.346958449823005929e-03
8.959507218409477588e-04
1.409587255884565396e-03
9.502596443102443282e-04
3.139947931630071402e-03
9.024850642299074880e-04
1.013957014919208022e-03
4.040960052049503287e-03
3.384969177960862451e-03
1.393852894942393958e-03
9.251829002705075355e-04
8.743217559466451858e-04
7.747925284906640505e-04
4.545630160600128838e-03
1.042654628122607159e-03
2.095474454476067838e-03
9.344167847059341083e-04
1.075562537351285172e-03
4.712782317630921126e-03
1.986476804358917186e-03
9.877115846102157634e-04
2.460531906647212344e-03
8.243654990894983686e-03
1.245799647818559555e-03
1.234759639032773733e-03
5.954790234272470950e-03
2.501248574105795208e-03
1.976638106903130625e-03
3.163016628768767786e-03
3.391201406991119129e-03
5.578100598756094083e-03
1.336818482307000145e-03
1.724800527517451020e-03
1.466705706331370568e-03
9.024924601021815790e-04
5.611068435683795770e-03
5.623837941062421152e-03
2.250347163959522372e-03
9.535412988815057233e-04
1.455466977663457230e-03
2.760082855697673383e-03
7.569669297523567856e-04
8.263459471756702838e-04
1.346783401307583786e-03
1.765089906202218584e-03
2.090912456551135331e-03
3.398476166027907235e-03
1.543552185678571595e-03
1.775626895928620122e-03
9.966135665943837499e-04
9.297955611503024107e-04
1.988536241624059685e-03
1.964632368306640838e-03
1.612855844336678109e-03
4.077853312541449525e-03
9.247300199523213887e-04
2.472439851484670419e-03
5.457274546810149049e-03
1.757407382826810293e-03
7.425119442050198519e-03
1.410596524775330684e-03
1.203654759310843767e-03
1.965548070269838681e-03
5.055666749276480597e-03
2.278297622721488832e-03
4.299628829675993490e-03
1.948337070116384125e-03
3.253685315388615048e-03
1.013892752718269187e-03
4.411978197795214662e-03
3.965506448905109851e-03
3.138778955468149532e-03
6.203578605892827620e-03
1.421964388928377522e-03
1.933191003212114288e-03
8.504897192321047086e-04
2.616791510583814633e-03
3.969624692723076539e-03
1.067184656021613652e-03
4.428527725942783995e-03
3.174412656290713335e-03
8.802919669453364683e-04
4.638809935623429241e-03
9.644500092704186853e-04
1.242939719402484178e-03
2.723816086124764436e-03
1.378327204373095425e-03
1.053856433986775486e-03
7.528619031098480845e-03
1.571944995644614096e-03
1.247458469103780027e-03
1.104592948080640631e-02
1.815013231400635718e-03
9.571021609211806088e-04
1.523322120283204318e-03
7.793082432050650685e-04
7.342767376982889177e-04
2.316278477249419845e-03
3.996460622367817295e-03
8.118688416669845101e-03
2.145708335020790700e-03
1.567275341602535673e-03
1.198346011556340176e-03
9.146207236699485047e-04
2.846784548631122076e-03
2.782893390743225795e-03
4.627316398664807137e-03
3.071909534866563637e-03
9.155116769751553332e-04
1.861176281992215362e-03
1.565992150742973000e-03
8.553304762574206110e-04
7.596997547041267618e-03
3.627451429997095508e-03
2.923266805153253850e-03
9.415809288520313354e-04
9.447396860119421265e-04
8.042492425884577214e-04
7.603622664269720595e-04
1.206381713018795775e-03
6.957753822463316751e-03
1.240241211430137937e-03
1.282403900338039034e-03
2.017807681184554877e-03
6.927690591664831948e-03
2.325817790102207606e-03
1.479525714736913732e-03
8.173863100006854105e-04
4.320006400631943785e-03
9.308777264274235158e-04
9.533603558138345523e-04
1.623032649085547193e-03
1.133951663068157251e-03
1.212527105677401427e-02
8.205694897863801893e-03
3.576286666984736674e-03
2.305143381891352691e-03
1.786695795299584905e-03
9.119852993617470109e-04
5.336822652925951767e-03
1.594978785172805179e-03
1.766576892039296767e-03
6.120914710917205181e-03
1.347858739155763895e-03
3.139712332393566029e-03
1.573207169312045364e-03
1.653181506341296243e-03
1.208311274910406612e-03
1.986822257154222029e-03
2.374857424661501026e-03
2.582019289187834337e-03
1.166048773908961913e-03
1.586918911972660029e-03
1.021512726818861200e-03
1.020670117668656283e-03
1.485465177548740516e-03
1.414415164372892714e-03
9.782290344155209448e-04
1.509436887427914207e-03
9.114113325744179752e-04
6.665994408813023971e-03
9.741358035479843330e-04
1.713981716281765726e-03
1.043102527997722545e-03
1.289606977558699352e-03
9.351574626882784699e-04
8.672294708626351921e-04
1.612196227136409275e-03
8.120973942551637948e-04
3.094418293864459497e-03
1.140152966584016998e-03
4.086320613855561924e-03
1.207969889402233862e-03
1.476688539909313527e-03
4.019607480169194030e-03
1.763619856322481147e-03
9.700059381428350301e-04
9.358997336587967109e-04
1.201240175070425508e-03
8.360335362739694824e-04
2.147669367780021335e-03
1.711991279824693745e-03
2.484060184668462120e-03
1.086594061859910611e-03
5.442280333745756586e-03
1.971976848068062674e-03
3.817078377371193112e-03
1.953838693732010048e-03
8.398541694374535987e-03
5.164860974556565072e-03
1.157771289506316637e-03
8.250998089205685863e-04
1.458915553185932907e-03
1.503907157359906863e-03
1.318123817874650421e-03
1.388795928924641595e-03
6.225743161862985417e-03
8.609683349197631884e-04
1.123370080726799431e-03
1.258292058105305120e-03
1.204022620002883790e-03
1.535546803802047104e-03
2.647241478205532295e-03
4.952385673303394062e-03
5.101584461637522633e-03
6.969722860244662206e-03
9.034399642942071143e-04
3.940725198846042887e-03
6.018833029795799851e-03
1.221854666653396197e-03
1.496784221379674493e-03
1.777013037662638012e-03
9.856503741957887456e-04
2.260502375517292779e-03
3.761189021622448475e-03
8.185193101671390170e-04
1.123598839653610054e-03
1.380465269805219389e-03
9.805068677424531084e-04
1.372989917145626829e-03
1.882798439066545471e-03
1.257326968950454827e-03
2.922530166597778114e-03
7.462178196103380146e-04
2.263543125159212226e-03
1.039779106209633109e-03
5.356014835962357584e-03
9.753488814840978590e-04
9.491298036773763297e-04
1.502335363945453894e-03
1.333159687697100431e-03
2.029441430334089427e-03
1.486432294332370964e-03
1.929276442287285957e-03
3.922809358677674559e-03
1.638530297893575714e-03
9.869514222943399223e-04
8.892522877890038802e-04
5.263905986076968489e-03
1.809446395931505608e-03
8.749169295812351177e-04
8.678119591648538952e-04
4.930104626892620537e-03
8.611013998793373356e-03
2.466926317833707197e-03
2.245027736189988878e-03
1.556572599223992031e-03
9.022713303488196293e-03
8.148429357100263641e-04
2.114085089987985736e-03
1.054348169193272547e-03
9.959652763072328677e-04
1.407463366945714122e-03
7.566625285463148562e-04
1.375204168994576676e-03
1.204005747890856629e-03
8.887024711435360805e-04
1.564641448609680515e-03
6.274007335306884536e-03
6.958108047812104277e-03
8.830233037682198123e-04
1.165965302484856751e-03
9.770428557293348460e-04
1.105174800971199739e-03
1.121300672833673963e-03
2.056204405385760395e-03
5.976795547835566866e-03
1.445718611489483748e-03
1.188648930579897693e-03
1.908609221470444327e-03
7.695669927110799190e-03
8.822967368398758684e-04
2.153401732957927524e-03
1.448220946746074395e-03
4.614596223633450622e-03
8.811168696402040717e-04
1.082140248259052737e-03
1.141448927258972498e-03
1.720434461425883682e-03
1.938822516017923471e-03
5.267873045536404682e-03
1.368773116025668668e-03
1.697014104796599511e-03
9.455194041406695228e-04
5.900901575876004931e-03
1.134287547254187595e-03
1.327588641314703154e-03
3.501469193871403849e-03
7.581836409329735255e-04
1.718758633869751310e-03
9.567573454723017276e-04
8.735076329601711848e-04
8.517574386516995472e-03
1.874617167059964683e-03
8.274067642815751333e-04
1.419464493298083644e-03
8.540338994307669802e-04
1.113525385703931659e-03
1.084249800105413801e-03
1.076958977825068567e-03
3.691088665189565243e-03
1.489085283964618764e-03
2.035859420939439661e-03
5.759188262492045615e-03
5.228075508241648850e-03
1.827764790993343042e-03
4.234006277017593987e-03
3.961629950567702174e-03
8.320139269456334682e-04
1.753203216550612998e-03
7.287858072798983344e-04
5.586962957544109980e-03
1.322423893182613028e-03
2.022338782156692539e-03
1.100407241738075598e-03
9.662822664249893318e-04
1.637856568648799090e-03
4.667462872491304725e-03
9.571679632551594258e-04
1.748412675765343826e-03
1.199898066462239598e-03
1.120517705011230729e-03
1.245562916752870420e-03
2.938512005614337015e-03
8.576877490559495264e-04
4.179500939906879813e-03
8.415506729197362546e-04
1.522419186572783597e-03
1.275803192890844840e-03
1.568867401713288116e-03
1.198312848467948232e-03
1.112165772591769018e-03
1.265706244722959034e-03
1.224641707593595100e-03
2.505247941807374219e-03
1.639475258007160605e-03
3.764687055594879896e-03
8.522604847169407138e-04
1.029273816509001073e-03
3.461406166268902497e-03
9.412279179755116782e-04
7.639334030947094725e-04
5.490134672088513128e-03
8.894799660950057380e-04
2.815303629926235642e-03
1.028032358076519945e-03
1.582521525117270124e-03
9.385292807172952332e-04
6.352656574888959282e-03
2.608534546257485019e-03
1.566972349637764514e-03
9.837806127050818372e-04
1.272314018134791929e-03
7.754214073153496874e-03
8.312420825188662462e-04
1.012426655581001459e-03
1.007157872262728904e-03
2.813338560094329286e-03
8.008158956850010713e-04
1.313675090612752370e-03
7.631042816062460869e-03
4.489905143127611090e-03
1.602056429453054204e-03
7.433797766400134345e-04
1.575322181033378920e-03
4.186893793382193835e-03
3.874159379567856162e-03
1.593338532074085228e-03
1.682493104334313941e-03
1.025573927810929974e-03
3.477334520392908780e-03
1.127721787562102704e-03
3.111273973738809540e-03
1.463165681129881225e-03
1.121613416205864732e-03
1.557681318557909431e-03
1.173677169964909475e-03
1.102491762703170950e-03
7.132555428197248984e-03
8.025717740184810933e-03
4.754591531607959762e-03
1.660054173963744452e-03
9.744159186811801338e-04
1.817580273789126850e-03
7.618776885251254093e-03
1.765517819822903008e-03
2.741792939337770602e-03
5.532399105230839144e-03
5.029847333300373029e-03
1.402304941007538651e-03
5.643027998665743096e-03
1.916921064223902705e-03
9.221962718214257379e-04
7.570262162864048548e-04
1.111402348471032028e-03
1.161367813874399036e-03
6.808689305507219279e-04
7.005124262697779922e-03
5.886300781815016932e-03
1.291729329599582143e-03
7.484925814007199014e-04
1.576811584024748279e-03
1.223053415987113667e-03
9.048246758273391366e-03
1.917349114234471325e-03
1.692843044314374518e-03
2.636411044254239125e-03
6.323711183039401433e-03
2.610450171369518239e-03
8.202956459736466090e-04
3.313622993895955129e-03
6.712382697385600901e-03
8.176883284519594758e-03
2.925669788080364955e-03
8.428533484693175992e-04
6.714850391384756707e-03
1.529457377500676677e-03
5.619237505857770619e-03
1.093701287991889932e-02
5.286002641949816803e-03
5.827326769467009934e-03
2.036747748260313729e-03
3.274643074830897380e-03
8.472183455049814554e-04
8.681266281012128480e-04
1.816561880707111146e-03
1.415701381110867369e-03
1.801902379512116585e-03
4.715500213514578487e-03
8.856912931075707407e-04
1.277950138229836784e-03
4.913651176071052486e-03
9.395259917905664226e-04
2.115579208999193630e-03
1.126906273294790879e-03
5.327766032941738152e-03
6.497117794569065227e-03
1.664871666086692155e-03
9.694147820005067067e-04
8.596073164015364523e-04
9.741189973057303494e-04
8.858465914955244644e-04
1.790967722319297337e-03
8.518848218501372249e-04
4.163872531180171782e-03
2.157668940768706599e-03
8.482618264557146301e-04
1.378337773704917720e-03
1.201595764479863057e-03
1.916629744198710891e-03
9.916397957266781873e-03
1.170206842327569481e-03
2.723215049088879413e-03
1.987678475658363926e-03
3.958278278063913878e-03
6.411498737343887186e-03
3.003919989709873378e-03
6.764168670057615603e-04
1.107205094959160538e-03
4.065747491253195005e-03
1.890635563863421117e-03
5.950271802882428976e-03
1.051059095140624349e-03
1.392594737864069144e-03
4.751808535138476661e-03
3.011648400611998452e-03
7.592397078837874892e-04
6.487630306040026960e-03
2.935692863524518980e-03
2.033509396379133260e-03
5.984549221391976398e-03
8.942096454033499888e-04
1.095219662001980067e-03
2.935540421021949446e-03
1.546886379060826702e-03
8.005493211394300529e-04
1.170568169870564532e-03
1.119180615040135576e-03
9.171608529334003210e-04
2.138964685504160957e-03
8.997612198485803198e-04
1.534278706084470003e-03
2.931447143246294386e-03
3.757866582511221014e-03
8.113493166963929928e-03
8.682178260262836270e-04
6.170020784442329688e-03
4.019119854751477747e-03
2.254993756943368937e-03
5.750493410147437465e-03
4.756845898571920861e-03
2.983214695441715157e-03
1.318196633413629051e-03
7.277713388279113613e-04
1.763407317893104457e-03
8.843117701227127094e-04
7.107559957148972332e-03
3.679214648772936077e-03
4.469331405751317959e-03
1.047118248005113935e-03
8.094639688196876267e-04
3.449290508688611888e-03
2.568642587761918450e-03
8.940435598695554986e-03
5.676148488592820500e-03
8.328218719509367747e-04
2.344008430246642422e-03
2.525135797410449270e-03
3.564795323243601967e-03
1.441851885761545994e-03
4.657273799576366023e-03
2.607273284247679877e-03
1.640277384936907968e-03
4.572621246265698609e-03
1.593839248630009482e-03
2.974786273497924492e-03
8.696344395288490691e-04
7.751516392137538332e-04
4.472331101235364238e-03
1.200980845436470327e-03
2.936594361465284190e-03
5.045699157131313881e-03
1.184310017466872833e-03
1.244631692505633732e-03
4.972066961941527113e-03
8.271312986276034866e-04
1.977954481869241641e-03
9.902780726088258878e-04
1.005846441722515463e-03
9.952145591227722944e-04
8.926190302377995552e-04
1.510052905300123286e-03
1.062937680751755657e-03
9.365060614955261547e-04
1.113275134379217331e-03
1.283788987803084237e-03
9.674316648423522203e-04
1.805448768324809886e-03
1.388751307112351310e-03
8.079149404817498412e-04
3.361123713962919316e-03
1.541486734900006633e-03
6.521973068598399884e-03
1.470684323876174674e-03
1.257498883708013790e-03
1.193367840251821112e-03
1.887505042500310821e-03
9.200008625982399350e-04
6.766745339495408573e-03
1.143638721463729243e-03
4.046311744418163749e-03
9.960611922093494733e-04
4.387257752850392580e-03
1.237219168004739149e-03
2.100383636723280375e-03
9.840191628956872130e-04
2.347835792824837838e-03
2.071654976550871882e-03
1.061682015274112477e-03
1.646755923313069844e-03
1.080121435630773284e-03
2.443971076272034339e-03
1.462816973735166096e-03
8.167796629134102624e-04
1.318068268904125893e-03
3.522271671518781982e-03
4.349543258762827991e-03
1.720960719860723442e-03
1.339531445890824188e-03
7.468615290702603979e-04
5.190224399769726230e-03
2.490973094809476734e-03
4.827477842127312485e-03
3.503232557376402198e-03
1.906975567403167843e-03
2.718481266964358194e-03
1.569620098134480880e-03
1.000401707739390599e-02
1.021635859346096790e-03
8.554747087085561984e-04
1.296633274017652045e-03
1.195158717469796883e-03
8.525567009572876300e-04
4.813882354893702330e-03
4.418091627977739980e-03
6.377671636792102243e-03
8.821399957571749492e-04
1.584592198941635853e-03
1.881031041342904383e-03
6.350244970282690679e-03
3.109550891990027835e-03
1.612945858181770399e-03
4.027195502470693432e-03
1.176350659822556453e-03
1.306198390506557380e-03
9.455279631334641928e-04
1.081110066671902735e-03
4.572207061488784557e-03
8.292310350204476314e-04
7.610221319660952569e-04
1.427237090596524243e-03
1.526071293624337889e-03
9.223494132210729611e-04
1.089427465192970186e-02
3.045036323404526780e-03
1.142634532553337811e-03
1.041917665816543452e-03
2.473149454297841974e-03
1.806235486240054949e-03
7.595639004696907743e-04
3.391679786704866490e-03
1.656393756975076950e-03
2.179479730244572502e-03
6.111864611478030375e-03
1.051053316467935551e-03
1.151799635950540284e-03
9.556122428681857383e-04
3.864235604269243302e-03
3.362998679942638940e-03
1.254397048037081668e-03
9.915570891717608026e-04
1.320173414230914333e-03
2.898986524920972238e-03
1.180830390811284060e-03
2.097261133884019326e-03
1.856643853788741798e-03
1.262770147987695313e-03
1.349824466808746291e-03
2.567982229919279265e-03
1.184203695067583559e-03
3.501729637721640986e-03
5.506731810404993932e-03
1.005121194447343089e-03
2.543410031329984035e-03
9.985052811874685005e-04
7.734776169662889922e-04
1.446116015566523876e-03
2.050971749065695713e-03
1.350024148696785803e-03
5.901062411813704986e-03
4.902420380488853313e-03
4.529464366252963260e-03
1.148911480731905745e-03
8.705180549417961509e-04
9.794575640661407848e-04
4.487670446473467599e-03
1.131844455466040223e-03
4.133128149391800815e-03
3.086414292471589046e-03
1.350226751178305266e-03
1.235194823539406510e-02
8.843732102006904424e-04
1.181310131381555027e-03
1.189664884595755152e-03
1.786855947019806929e-03
1.128895993789935963e-03
5.049016965022944288e-03
5.263253139472570501e-03
4.513349330821042268e-03
3.431035732597988164e-03
1.870696255528289317e-03
1.473898494085136698e-03
4.079319720164804181e-03
1.136927728617920588e-03
1.039579911689266509e-03
3.890850771077399364e-03
4.865815473212603548e-03
6.697044411243188028e-03
1.482693460942677679e-03
6.756066995245149122e-03
1.028150078896827900e-03
5.627562981464280523e-03
1.279136773049783854e-03
1.284192625185805875e-03
6.005665983764450419e-03
5.942404048175716109e-03
1.082274830979101325e-03
1.436425648015753108e-03
1.320381632330849602e-03
1.557366656187847247e-03
9.488464543239066634e-04
8.623218085278615101e-04
2.103340063182141360e-03
7.377336120544966333e-03
1.108203994933869112e-03
1.046296259490451424e-03
1.197766900109655712e-03
8.960415374878431686e-04
1.286943581226338571e-03
2.542375057161866750e-03
5.074739719706417712e-03
7.848937442116697694e-04
1.354821001719196377e-03
5.450313926909061690e-03
5.813766015140536120e-03
1.129279429119875661e-03
8.094990946395341476e-04
1.212997908036403611e-03
1.043820034525478170e-03
3.472302572483502905e-03
1.023600805160321823e-03
1.138921202530528577e-03
6.546378928188014562e-03
4.801636022063938102e-03
4.564475927180781066e-03
4.009141727716992488e-03
4.051643774830750513e-03
6.373691807017000006e-03
1.064612554466106429e-03
2.966665294300770226e-03
5.348067712903184154e-03
9.788438322042029762e-04
1.424401710409224772e-03
7.163495614656390864e-04
7.875298677050113867e-04
1.238896442224533432e-03
1.180045124102401108e-03
1.262885557648969152e-03
2.139526995990622977e-03
1.238544460634580886e-03
8.925438767354713140e-04
7.299319086809427128e-03
7.221503841093529020e-04
1.634883901050793176e-03
2.067457339120656878e-03
1.049567838291442937e-03
2.237470230807276587e-03
2.453165899461910975e-03
6.290123310659444245e-03
2.040115818847867014e-03
4.825776353516400552e-03
1.207942211682386290e-03
3.968240003866357370e-03
6.853253625866817696e-03
9.617683263823352188e-04
1.094993171288483015e-03
1.437758342755587502e-03
1.080764419083624691e-03
8.315242457372161011e-04
1.115915668525653982e-03
1.382895860741760940e-03
1.427880385486347348e-03
5.457420519081982412e-03
5.006588962869034688e-03
5.975971052486529940e-03
1.142981986917973938e-03
8.061630925825816153e-04
8.269660257900836612e-04
1.021485024315409206e-03
3.684046858253980754e-03
4.661087216522104455e-03
1.067323930367124066e-03
7.002954453173834215e-04
7.530234084488127665e-03
7.387936993875228973e-04
1.039127384163726804e-03
8.407177644066302731e-04
8.583174040287847549e-04
1.662144456871856918e-03
7.934853660789048437e-04
4.297679838267249447e-03
1.806354076722055174e-03
2.087289324802758892e-03
1.786922113699054978e-03
3.969538949366126397e-03
7.537717026191728675e-03
1.841528549535267597e-03
8.173317791992409627e-04
1.584331813441579523e-03
6.877731655669840245e-03
3.076992875079408857e-03
8.541228077486954021e-03
7.434575764565077389e-04
9.109382977383182920e-04
4.169470840143332281e-03
1.148966944240562438e-03
7.885575855222834961e-04
1.170246791648179956e-03
3.098057326078933801e-03
9.077942017630880782e-04
1.405740092218527894e-03
1.059458431755115268e-03
1.693762467532338931e-03
8.756282475605227942e-04
4.682454768804887764e-03
2.396303443295051076e-03
5.969465094266818497e-03
1.014548545264215389e-03
1.379098231016451671e-03
2.538126722758930753e-03
1.018943366508776038e-03
1.345335234586671506e-03
8.206735380834644794e-03
2.952632668368949335e-03
4.750714284631587028e-03
1.887325102659095444e-03
1.289965487024407687e-03
7.098765276260480574e-03
4.622578648441569120e-03
3.060709641252621314e-03
2.063283123852131199e-03
1.648192514427139054e-03
1.600277485885325673e-03
7.610362117827933030e-03
2.200332031400635286e-03
2.836259275885784099e-03
2.799909438999136253e-03
8.952983207215275616e-03
1.251015208111897576e-03
2.361470689609486764e-03
1.968616688470778940e-03
2.941969897276461906e-03
1.148983982889348852e-02
1.090954431213316238e-03
1.409642274727802153e-03
1.399862917560586303e-03
1.661630556066314617e-03
8.380631649079119810e-04
9.299004204616478095e-04
3.099813035254599461e-03
1.100413874410881331e-03
8.048677005398183378e-04
5.501927608226328884e-03
4.578892704188208818e-03
2.026798133423056685e-03
6.250968621317989221e-03
2.577718642373999589e-03
1.805284227087176419e-03
1.101209619510369782e-03
3.877158753618773195e-03
7.850469039581873480e-04
1.063181848312028544e-03
8.846084723391710834e-04
1.057428743950094251e-03
1.221412907805275241e-03
8.416054111662851995e-04
1.115095226178913464e-03
1.548663545192590328e-03
3.499776250629135083e-03
3.155302293903921185e-03
1.076191564071749159e-03
2.902651014304620872e-03
1.212293426345184121e-03
2.710357352733025558e-03
4.769484585672735186e-03
1.643420068554658298e-03
7.473638132099455836e-04
5.015807113846260275e-03
1.040919017991350556e-03
6.396308941235637896e-03
8.815596755667509448e-04
1.664136357391366155e-03
3.497537625680275600e-03
6.442950540476553509e-03
1.350535861949737210e-03
7.008825591875080408e-04
5.854030812340621504e-03
4.249735306688410055e-03
9.810536740882990284e-04
8.145868770814258461e-03
7.502273200129463623e-03
9.330338702444930001e-04
1.077801611331070247e-02
2.043602687331051281e-03
8.568251822040159503e-04
1.067587891598410820e-03
1.041011681318674761e-03
9.186601646766002702e-03
1.147193944162640993e-03
9.755715671665450128e-04
8.553383267208612348e-03
1.920276166088394397e-03
1.339408580540703232e-03
1.124647922817152441e-03
9.759916523396366820e-04
4.322333804618368712e-03
2.967705884600759566e-03
7.556971273732888787e-03
2.509600122309490079e-03
1.462594605495466920e-03
9.915787853495329224e-04
1.358748702361190809e-03
8.250251178824008448e-04
4.700064323627723903e-03
1.175483608724212483e-03
5.209512957296123792e-03
7.675138095644905810e-04
1.634292448871973091e-03
1.096746736210712624e-03
1.859368686868824753e-03
1.160005583954006655e-03
3.291903380827632987e-03
8.953626459551217729e-04
2.003835628912851302e-03
2.685866321911462625e-03
4.302909809011649066e-03
1.122446718992740596e-03
1.195114090572066065e-03
9.845510625013239540e-04
4.217549647559850484e-03
1.122664816451666471e-03
2.135553014340287742e-03
7.997132466504773508e-04
1.023470731366306124e-03
7.681574867306168765e-03
8.423705220258548895e-04
1.361785837666081586e-03
6.492302422315436236e-03
1.440934906107131219e-03
1.195388682681565494e-03
1.982229862755277225e-03
1.449757028692064869e-03
7.562696168560271472e-04
8.312949517376564583e-04
1.507783118273321211e-03
3.036643438703215576e-03
1.124298395282740705e-03
1.200348782049342989e-03
9.102312848654977445e-03
8.114038455806578311e-04
1.450300510284061170e-03
5.258090687966377429e-03
6.110345600123318760e-03
2.305254156902714850e-03
1.267662610443110686e-03
1.326038408638552553e-03
5.080477070847245515e-03
1.471272068222745193e-03
1.049080478058177657e-03
2.862249471445278085e-03
8.216806772766453368e-04
1.517293306560903903e-03
1.179674393722298601e-03
9.004199607255297970e-04
9.988844440401549191e-04
7.239051923514591008e-03
8.694628003646917222e-04
3.441544638299829598e-03
8.329687075239186958e-04
4.776917059343606733e-03
3.015602494260076916e-03
5.250107400439190872e-03
5.229291505538786675e-03
1.142485856277727484e-03
1.085585791959911301e-03
5.850151429522010456e-03
8.230674472234151412e-03
1.517912581811713991e-03
2.914316329075149637e-03
4.726059649457484656e-03
3.750755451758213885e-03
4.145028127159973777e-03
1.286809628065877171e-03
1.385555002616873635e-03
6.005344925122044208e-03
5.049041182524397278e-03
9.767111552128147217e-04
8.878536652714336163e-04
2.803518368561446188e-03
5.425477615608732991e-03
7.823623287298502949e-04
1.349989483935524039e-03
1.326525748639399227e-03
3.899502522912268610e-03
7.719023440432860308e-04
7.187784434316861135e-04
2.685015911626171918e-03
4.791928500974531810e-03
1.012409614846501021e-02
1.714947116794303048e-03
7.837390865786304263e-04
1.156003417177826420e-03
8.854481655102177783e-04
1.339308618054284609e-03
3.693287388343116737e-03
9.103972702164223356e-04
7.048604126744077453e-04
9.146180043745526581e-04
9.447993385890371756e-03
7.893314685350639320e-03
1.338384545414912858e-03
1.081845974155497270e-02
9.357390473771933078e-04
5.823309657718760135e-03
4.716162931300759906e-03
1.005966842016727892e-03
1.254437353454116843e-03
1.527379057567024214e-03
9.058539304097115979e-04
1.607920132527489079e-03
9.611098314031610822e-04
8.346809108856177717e-03
1.086642374015842896e-03
8.892449960402954616e-04
6.767301084999238422e-03
1.579019059785566770e-03
8.742735337018229256e-04
2.384121756898700296e-03
2.043329196602128219e-03
2.346902112276975580e-03
1.291110513534805652e-03
6.653923278405195554e-03
4.214850955544325976e-03
4.585010953133241210e-03
8.811749979748771926e-04
1.243188956906864182e-03
8.879568842055908734e-04
8.713550153639868651e-04
4.835606918669336889e-03
1.188734687778240928e-03
5.542186804942079298e-03
8.930036773224787720e-04
3.905882494498972863e-03
7.354983166910840885e-03
1.411611770863282827e-03
9.368456048771400813e-03
1.752391806220873760e-03
8.343747370731882142e-04
1.509422482000772909e-03
4.095219343562476848e-03
1.106458546284348103e-03
8.899736178073686978e-04
3.668317026175404658e-03
9.127603751746383000e-04
2.628606504963659340e-03
5.102705052122668075e-03
8.804804564140675640e-04
1.623679588092906672e-03
1.292720858149033194e-03
9.932350471953169634e-04
9.738811687754947823e-04
6.108725303352924990e-03
1.139594861324408131e-03
1.072006902476277867e-03
4.092305007860703482e-03
1.565475262541955173e-03
3.966836316608157720e-03
4.059206645383481131e-03
8.496084652895192222e-04
6.316564449846870898e-03
2.807368235598173539e-03
1.372848311357707275e-03
1.103425580752190370e-03
8.740621898935718899e-04
6.311081859722194112e-03
5.326656218259692363e-03
2.897808050557059388e-03
6.021649088689284661e-03
2.256655777007792081e-03
1.038948867282446422e-03
8.823396756092944174e-04
5.739331406476888033e-03
1.407312914050370739e-03
2.401078988686546761e-03
1.257085604260519242e-03
1.001731608648325595e-03
1.102209398959652902e-03
4.745473612728834736e-03
1.000571806278783117e-03
9.032834831300566364e-04
4.451735014087425737e-03
4.471503694738634613e-03
1.369694105963048091e-03
9.595931139868389692e-04
9.131545454366980915e-04
1.386854051537738134e-03
9.725771669209761416e-04
6.948277987764605234e-04
4.694401241472447028e-03
1.740277537199179164e-03
8.500456820066950529e-04
8.835933458376280750e-04
1.214782051959763069e-03
2.774722859658917701e-03
1.234230018716357463e-03
1.869392025275784389e-03
1.982191268866602928e-03
9.648170983316727489e-04
9.564466400216013742e-04
8.290472425080344307e-03
8.592066826737894056e-04
1.239381352264251742e-03
2.255571900932173534e-03
9.183937485642967987e-04
4.175378895130008733e-03
8.780331374648698509e-04
3.961038125477938862e-03
1.101589610080958665e-03
4.095615130485530733e-03
1.027074438844974118e-02
5.994781577173903531e-03
8.221148715668250961e-04
7.517721258618644941e-04
2.626013226465770140e-03
2.265332816977430695e-03
3.695681538034749272e-03
4.211522653685721533e-03
9.267878697302026677e-04
4.542924816302917022e-03
2.970778659280891038e-03
2.961207986611832151e-03
5.697155081224642217e-03
1.425649280838895295e-03
8.027669768302927653e-04
1.608445395880846130e-03
3.469228903459829934e-03
1.706194464139846635e-03
1.077349678713429657e-03
7.340650764358783512e-04
3.098578512837599913e-03
1.114285284398003860e-03
9.527584901415411247e-04
2.211112270831631314e-03
1.309035795576957454e-03
1.026482832981784679e-03
6.504076955476534826e-03
9.084813325671563678e-04
9.253467947152575366e-04
1.389463955412455383e-03
3.725851648917401660e-03
1.271539714690102588e-03
4.046067190387346059e-03
8.977651948774778914e-03
1.600454687406199089e-03
1.099845242083406392e-03
1.930337793795789802e-03
1.183729767837255701e-03
3.721044368954720682e-03
9.524187382109300078e-04
4.242877657795533254e-03
4.872643432144821082e-03
1.136504720119266071e-03
1.192059047307042268e-03
1.314943336814519258e-03
1.086607141331039604e-02
1.006394319087186660e-03
1.273453465465703652e-03
1.498581260660223789e-03
9.811006815400900166e-03
1.178104271497146509e-03
4.568632265862133945e-03
8.756292245333118125e-04
1.155348074606656842e-03
1.142855249420059822e-03
4.287325635192434058e-03
4.896167951871827767e-03
1.003302666166019019e-03
1.107019163180195803e-03
8.002111564274769825e-04
1.689287705987852200e-03
6.239604544341492177e-03
5.160778201773886208e-03
3.697292338483884177e-03
1.106283137821955677e-03
1.225228605062935383e-03
1.479913567272151146e-03
1.180029495682400047e-03
9.113551714219849829e-04
8.216151277000425732e-03
1.574426105043454918e-03
1.883846186279651645e-03
7.890930157174028993e-04
7.775663026858224127e-04
1.601065450945779022e-03
1.480735106475509349e-03
1.300986221166500981e-03
1.457193230812985334e-03
4.097425334888217877e-03
9.111424903865943808e-04
8.126337598998851358e-03
3.833669171835272626e-03
7.572985490645128218e-04
2.123637305387680689e-03
8.344498008026010084e-04
1.028282539829374932e-02
3.873940394059085905e-03
8.241924648583108526e-03
3.365910581928796552e-03
1.965277183514113277e-03
5.805063166767169582e-03
1.057947380464228102e-03
4.272177270354845548e-03
7.142687426237530725e-04
1.341868492828612522e-03
1.529699091798578320e-03
1.025802738752475346e-03
1.318423182591242681e-03
8.866794887996150678e-04
6.984824130250964248e-03
1.476774696160405072e-03
1.099478207487569748e-03
3.445411995696718438e-03
9.058778428219760835e-04
7.789112921981228722e-04
1.566153343443938469e-03
1.457256774275545461e-03
2.585641780116831011e-03
9.170927535626311258e-04
1.731295040151819902e-03
9.789934635055935058e-03
4.710467476902379866e-03
1.817622177868893083e-03
1.371726948320542297e-03
8.442180291361525701e-03
1.008665604152109369e-03
8.188874601285226536e-04
1.899933990705458342e-03
9.373886488448057285e-04
1.428362240153453191e-03
9.282420415412406291e-04
1.086984299564315885e-03
5.962999327331389501e-03
8.709412939429575073e-04
2.220006192126271552e-03
9.258616862282452800e-03
8.803184501672729756e-04
7.445734201494481116e-04
1.418845611369578185e-03
6.820330015305782999e-03
1.915236280474323085e-03
1.449263303402312502e-03
7.598647712068796762e-04
2.828050036623227809e-03
1.169567808874273380e-03
1.507892822322072892e-03
6.604709072604329073e-03
9.091510795137298798e-04
8.014078244415489584e-04
8.626828446085607486e-04
1.024896215238504070e-03
1.072085775448898852e-03
1.983810637421408105e-03
5.660583450743663161e-03
9.972226765049697472e-04
1.943872521293562054e-03
1.258382928914727203e-03
6.346838081260014822e-03
8.051953820970523265e-04
6.163306846576011022e-03
3.192321308707490694e-03
5.351359117782109563e-03
1.372061406063909000e-03
5.906720808039449440e-03
3.588441410131835551e-03
8.080287353770266570e-04
1.299454977149846514e-03
2.801082210070657795e-03
8.165385976126315892e-04
8.366685583945662015e-04
1.337614171958581262e-03
1.231232107069812941e-03
7.924527654235980064e-04
9.963277135470625587e-04
3.038407992351512509e-03
5.649981359498717354e-03
9.570390008976066652e-04
1.118772230039475398e-03
1.092445273407701692e-03
1.015634723512035724e-03
1.222303066862249349e-03
1.062905259437145651e-03
4.002831547402151482e-03
1.314787118322655914e-03
1.295352915917059259e-03
3.313997839462326858e-03
1.268300902369367796e-03
3.999491323054832868e-03
1.565635081371642397e-03
1.529263475455944904e-03
1.364297226042221825e-03
7.352983112753178107e-04
1.206329067132755860e-03
2.892756164228639168e-03
9.710832310908234241e-04
9.615919715224239541e-04
6.386693011681173100e-03
1.706409937868475033e-03
1.042124300198462835e-03
1.213678218078129275e-03
7.855011497459866987e-03
4.833282377645022401e-03
5.201590655651651754e-03
8.606212841867232413e-03
2.849147846639644033e-03
1.234278338195345321e-03
1.416039658913339268e-03
6.273156217652123105e-03
1.087261990193551242e-03
1.446197816766717388e-03
2.084806707779943841e-03
1.361303710403132710e-03
1.939348034479523863e-03
1.558129929365908344e-03
2.474783917891148002e-03
9.101497439894495455e-04
1.151453692057575725e-03
8.172670938545286345e-04
3.146149359493749000e-03
5.929396827713679687e-03
1.858604238577455997e-03
8.190492661463156772e-04
1.485549867083177898e-03
6.732048091291302667e-03
4.420493891656602885e-03
1.765409854079975699e-03
6.787912362387738853e-03
1.454281737382596583e-03
8.351209836632897789e-04
6.620592834763808221e-04
1.427509166781799291e-03
2.750157241144407863e-03
1.284820577468590626e-03
4.879328284514401239e-03
7.466060122531682774e-03
1.347019403168265780e-03
8.994336121387681068e-04
1.284204072745301697e-03
4.557754407263002634e-03
4.159858866196527484e-03
2.000743864733516703e-03
1.304959410362582306e-03
2.544247817827473192e-03
1.206260025025834718e-03
2.955852447312340078e-03
2.407641342272730418e-03
4.119058395978202579e-03
1.717609330582603108e-03
1.300810145054022513e-03
1.188246065707325005e-03
8.203155069848605150e-04
7.753806615768335650e-04
5.485809468957113938e-03
9.272295538209845240e-04
8.122517786432362913e-03
5.609372714512204233e-03
1.211330689087107950e-03
5.484776182172375510e-03
1.053235234335686511e-03
4.376983427313734833e-03
1.729787263936233754e-03
1.036595231015176788e-03
1.156034094025630609e-03
1.157726108340413661e-03
1.550606045127549864e-03
1.296532155446524339e-03
7.563450282066994969e-03
1.468103397715105540e-03
9.914906673270972633e-04
9.599247355148458807e-04
1.273718361495076567e-03
1.188668050269486636e-03
5.523175626134733431e-03
2.003872506591512087e-03
1.404224269926459797e-03
1.091837705644059259e-03
9.110137492354069113e-04
2.054825595586247129e-03
1.394270157361286299e-03
1.141639031869453322e-03
1.254972892205671138e-03
1.111047720970459972e-03
9.339415672320174142e-04
8.543385285611359995e-04
5.499089941312711345e-03
1.469814486517884849e-03
4.549723751348935634e-03
7.928414127678868944e-04
9.938441837669220562e-04
2.025041725309889833e-03
1.095576816806727305e-03
5.094308782677274203e-03
9.143604749962262919e-04
1.761695108511832954e-03
1.416756075832595980e-03
1.109068877282222724e-03
9.080747446238197776e-04
4.845519753663575513e-03
5.042982564880395605e-03
6.760060733323212077e-03
1.130916934911830067e-03
9.992237520229706269e-04
1.380345084222119349e-03
8.533060146838717048e-04
5.040207092434946523e-03
4.286146699406067143e-03
9.822999426576375578e-04
3.467192814227756850e-03
9.747401851557691704e-04
1.769986882749449361e-03
1.260736417937355445e-03
7.277999268791798555e-04
1.591087977236361204e-03
3.814321775000497228e-03
6.808452115832036664e-04
1.633441773659232831e-03
1.849560133711889527e-03
5.275437975900395225e-03
1.542082280745297627e-03
4.642896206730157821e-03
1.193735206217460230e-03
1.016187856959609387e-03
9.815949273138842301e-04
9.387987686751938718e-03
9.457678456454292511e-04
1.601039873250140449e-03
3.076179801489018015e-03
3.929179569110438121e-03
9.155499632095317596e-04
9.142937977823286169e-03
2.441436509353392317e-03
1.388953830557107310e-03
8.983859558067348915e-04
1.377355898730988964e-03
1.037546666320866189e-03
8.146764572472197166e-03
5.243357919791163078e-03
1.077067561526805000e-03
1.245096336536564681e-03
3.544033226592296394e-03
7.267617029312331729e-03
1.216317007364050521e-03
6.931425144022272146e-03
1.067061032111719758e-03
9.314548076955063600e-04
1.266847714972391603e-03
1.164739699077153075e-03
8.234739460365309276e-04
1.220438216042847145e-03
1.566445360349328145e-03
1.063368464094102640e-03
1.241549958145765848e-03
8.798698453536174307e-04
1.808962836037830875e-03
8.042081033680825025e-03
1.675338023918579965e-03
4.567085492249832283e-03
4.429400423678021489e-03
1.296896201479428266e-03
9.777289817848302741e-04
2.464129830767930809e-03
7.772087303130493369e-04
7.702864669077356908e-04
3.572155654102785426e-03
8.903010971920583558e-04
5.716315552244658448e-03
1.255133792710256928e-02
4.903128439238663323e-03
1.527588743497734162e-03
1.086142644354434403e-03
9.578245313893578652e-03
4.507099288015166058e-03
3.525894424739064569e-03
6.009726918482017829e-03
1.683686559050403620e-03
7.505323059526679752e-04
5.897664716340394499e-03
7.607557784284109262e-04
4.571117948688448521e-03
1.168138828999772246e-03
5.179663900332665341e-03
3.518124667623951859e-03
1.616734149543230326e-03
1.128283795781416131e-03
1.392724018951905715e-03
7.542008248947128755e-03
6.576873838993641495e-03
1.331365854306665493e-03
5.365882543554355809e-03
1.189699620022655405e-03
1.446200248648764905e-03
4.628277880808340412e-03
2.793203465552228457e-03
8.084304956430741736e-04
4.339675448724272452e-03
1.069102182624890197e-03
6.894612935147593526e-03
3.571326556703150693e-03
7.713448287888817955e-04
1.143939208227384187e-03
8.929188907030850830e-03
4.393770303218530113e-03
7.152046117958115942e-04
3.806701178551306994e-03
4.223169820017007997e-03
8.989714461523783161e-04
2.000800232258219229e-03
2.783441188174335702e-03
1.978119995892920618e-03
6.337885389278666293e-03
4.401119742654184021e-03
8.228096819913245652e-03
2.811067342563573421e-03
9.328628876995828656e-03
7.479597683652345827e-04
9.448327818155197091e-04
6.871339884427375266e-04
2.411322653554244608e-03
3.272265978351176444e-03
3.851551222460266287e-03
4.806266304031216012e-03
5.746042541850810564e-03
1.300702183457056339e-03
1.217748230207185830e-03
5.755457294913638062e-03
8.197267892547834955e-04
4.382773547848047707e-03
3.044692980239999732e-03
8.308422372925254032e-04
1.040708636265155144e-03
2.516145113052822759e-03
1.000138300349476869e-03
3.727764735285521869e-03
1.314653707451861027e-03
4.242316273549894858e-03
1.186357214447037465e-03
5.721048756734199020e-03
7.346058550797413683e-03
7.911416066543980287e-04
8.849355797965738129e-04
6.312016752842789782e-04
1.431490724049710702e-03
3.553596751969935984e-03
8.033763410752404934e-04
1.509158383925806538e-03
1.438942005551374376e-03
6.899699581570443302e-03
3.726571864709306032e-03
9.824111642259296048e-04
6.287967890048713759e-03
7.812989472416388345e-03
7.238070537012814085e-04
7.018600078402935025e-03
1.751045983780357210e-03
3.343434703091119342e-03
4.427811533996463614e-03
8.569894343330906016e-04
1.189690580020966778e-03
4.184970201075647114e-03
1.332302494234604250e-03
1.256672111206004819e-03
5.517196536944888111e-03
9.907883617278777279e-04
2.636421759806028761e-03
8.716178322494424167e-04
7.344022878890150291e-04
8.180603514535674317e-04
2.179338551709223727e-03
5.286897921484882794e-03
3.445232943435092964e-03
9.680944520602913998e-04
1.181754340620301850e-03
1.472199831703952877e-03
6.398375499746805986e-03
2.547274706179631244e-03
1.122687990016524523e-03
7.380307995452865984e-03
7.101400527446326098e-03
9.485361457719974866e-04
8.221279340554588175e-04
1.294596565827124159e-03
9.689774204010884531e-03
1.159357348897953896e-03
3.283673711924102109e-03
9.520254958107189636e-03
6.913917132717282152e-04
9.499481690875497810e-04
3.967670702687611621e-03
1.127201458419533221e-03
5.843428878378027769e-03
1.067968297560626615e-03
9.862742783890861807e-04
5.950098438355741481e-03
4.453896836762136734e-03
3.813034954603648601e-03
2.193335323752619147e-03
3.133354725599821200e-03
1.032383541564989900e-03
1.291767157689568957e-03
1.246766798935080049e-03
1.903220592980390006e-03
3.930530737700420503e-03
1.025060445492597403e-03
6.743630779202946547e-03
4.731502711993415891e-03
5.586965705675610121e-03
9.999482258822036361e-04
7.927651504135694097e-03
3.299320967326606086e-03
1.566129518958049149e-03
3.569054808023837833e-03
4.531380741105508342e-03
1.729038519139978417e-03
9.306614002100505913e-04
1.229649712053964596e-03
2.105383518403969225e-03
1.036079837800301219e-03
8.372859157965742124e-04
1.795498538362848848e-03
1.018309293050309941e-03
1.041621818467508348e-03
8.449429811703599138e-04
7.768246355288414276e-04
1.078503961081225208e-03
1.378468571017506597e-03
1.366626040341858452e-03
3.987554835431227594e-03
1.066235227377443492e-03
9.580994186284983111e-04
5.081312523960407335e-03
7.533675693213347062e-03
7.964930457088504473e-03
7.395773731250207539e-03
1.081973393158717784e-03
8.891449335563555078e-04
1.947661703361654346e-03
1.866864387001257409e-03
1.797811094434246734e-03
5.821011385105927249e-03
1.405387189124732280e-03
4.688656113060866472e-03
4.926060329469792928e-03
1.105501679396983170e-03
1.742571686764421424e-03
1.319921040983022039e-03
7.204637870097728956e-03
2.025027629815285852e-03
5.169766211760726260e-03
1.143847449339606241e-02
1.582570898909826072e-03
9.219871346162621280e-04
1.991343755447872680e-03
1.122515693752020169e-03
6.813777546674332566e-03
4.681245612597104665e-03
6.980560291717562236e-04
1.347338460058999368e-03
5.367224910730982249e-03
7.506929198481822850e-04
1.474730872638352472e-03
3.972742257870224766e-03
6.382922861667496978e-03
8.282214117312149560e-04
3.089449022081149163e-03
1.645149800532270511e-03
8.175327246679037901e-03
5.080928656444010441e-03
6.021471311371071750e-03
9.135804108836303875e-04
9.586825106397756698e-04
8.048465808965952692e-03
7.883762270315908217e-04
4.239001013002483692e-03
5.913195219120889398e-03
4.998173554483777321e-03
7.788100582774084039e-04
1.002441181985888998e-03
6.463402734249534473e-03
4.738309134916050998e-03
4.090325066453219353e-03
5.058087163394437910e-03
4.364591666672384095e-03
6.942789636882191508e-03
3.612817945247378572e-03
8.276097514023279290e-04
4.501111771486947591e-03
1.119681438176923756e-03
1.125511233525061747e-03
1.784203798694517038e-03
4.242970517799060128e-03
9.773322525136152964e-04
1.159442082619780703e-03
2.179111225525312036e-03
5.928886295415681032e-03
7.437028065747536580e-04
1.186565264374009115e-03
9.006022534485284619e-04
3.761618989273433997e-03
6.296722381027236928e-03
2.960891883657715794e-03
8.795465919304691974e-04
5.926184530319109078e-03
