1.179665998186730635e-03
9.439367838588995927e-04
3.868017527189682604e-03
6.355271680318260938e-03
7.219265331843277567e-03
2.335043113104230163e-03
1.025386594582102613e-03
7.717647662667214727e-03
1.106448087776393252e-03
5.363020651776770169e-03
1.830382769000014247e-03
6.054035837688157701e-03
4.378758577353487891e-03
1.971748036198462360e-03
5.787358812789510434e-03
2.320767599395208436e-03
3.679362897039208796e-03
5.945075150273326087e-03
3.668209347370119180e-03
6.744762140959011457e-03
2.212412779677432832e-03
2.621017784863661267e-03
1.283528981873581064e-03
1.288858833992436673e-03
8.514683729355433141e-04
8.207760878345159768e-04
8.621852279500275733e-04
6.966801875494177052e-03
5.235901389507242702e-03
6.602088166104977743e-03
5.806633339853162386e-03
6.289649858377646327e-03
3.233136465949789339e-03
8.231229951200819562e-04
2.706773252557442833e-03
6.843429488213344366e-04
2.121816538611708946e-03
2.806614924475917938e-03
1.929830492555908604e-03
1.632455069120109480e-03
1.610403365700504652e-03
1.914677677900155977e-03
1.032732557945796516e-03
1.065379826340563316e-02
1.419600896444608677e-03
3.174571517536845140e-03
1.971751634658313636e-03
2.081482641700757152e-03
1.153341818760664304e-03
1.523594153725300361e-03
1.692571686560729411e-03
2.901648388058113582e-03
8.042460291418748047e-03
1.591016940432334872e-03
1.709946019409376615e-03
1.157738922942549596e-03
8.452145006047793660e-04
1.885214795678728924e-03
1.035863544334787896e-03
1.356396944481238391e-03
4.406050338606973954e-03
1.242080041078125717e-03
3.178485759406052356e-03
1.024973497063993294e-02
9.348738885952246128e-03
8.665802937978808133e-04
3.267714936606327340e-03
5.612731035288722609e-03
1.693618594543472213e-03
9.025368119265100809e-04
1.438846693744970243e-03
9.941902590468556285e-04
7.676146942277307624e-04
8.253948890588782943e-04
2.456017698308555087e-03
1.008120319751533607e-02
1.261239987474356387e-02
8.889116524561542498e-04
8.480368867610534045e-04
2.599766489440063881e-03
1.414229210739903530e-03
9.686603225774419569e-04
2.213188923896362674e-03
1.227027602551685522e-03
1.056422053306070065e-02
9.181155647889571942e-04
3.101658783081728561e-03
3.019552018327823200e-03
1.397418848077302059e-03
1.470197902546074463e-03
2.525121794386540885e-03
1.124683989270664104e-03
2.998802282222542710e-03
4.055923813660246291e-03
1.552908503690827741e-03
2.493979661586559309e-03
1.716459651275673405e-03
6.446154914996268803e-03
1.939543864466691759e-03
1.223126517175646653e-03
1.556774608131667121e-03
4.215511177115588599e-03
2.411277254848087376e-03
1.402246075720874671e-03
2.529168787862423346e-03
7.145789097973762397e-03
4.567261141601237223e-03
8.435288946503074689e-03
3.043442029614552499e-03
1.862804931625521975e-03
1.755151594230163490e-03
3.756848244634992083e-03
1.689137810198902820e-03
1.917044473424513694e-03
3.142799168586555680e-03
9.468471258604027954e-03
2.067997890802432490e-03
1.044205553211148205e-03
1.189095170163109770e-03
1.301090280052795076e-02
4.858314558391875135e-03
1.950644804469241949e-03
2.316154042347268009e-03
2.046722674441435377e-03
1.413190113511503514e-03
1.021244829667813762e-03
7.718805821397931033e-03
2.241916500057057442e-03
1.895469176131891727e-03
1.014141870685952677e-03
8.145109690974498091e-04
1.872175544233387317e-03
1.998196712393809134e-03
2.235440159184555724e-03
4.119585681124287441e-03
8.455413639545753327e-03
6.298730162299079338e-03
4.320172561983339800e-03
3.094610267095405931e-03
7.250713221904273162e-04
6.584187592547651596e-03
4.576107705171653106e-03
2.876545527087446923e-03
2.263509769549892046e-03
4.477241508321232188e-03
2.299758267080279171e-03
2.184393588778726046e-03
8.229084563480520281e-04
5.937010424274737248e-03
3.188560385106004817e-03
5.567191575155222040e-03
1.906689175128019982e-03
1.241058325416806527e-03
2.148693321337635451e-03
2.055981400488201324e-03
3.583490235857710038e-03
1.318046906372259599e-03
8.861615369671816582e-04
1.847340999775587671e-03
1.981365636676463843e-03
2.480371253312318482e-03
1.933235056019695771e-03
3.211664181557708029e-03
1.908664100779130070e-03
4.962509788282459637e-03
3.457235404486009699e-03
7.665011491244768174e-04
2.511510107260577374e-03
1.413590823849320737e-03
8.037263303587623142e-04
2.774873003904567391e-03
1.372251650048070173e-03
6.588362061803570676e-04
3.617802434329334040e-03
3.007984545448971151e-03
1.415940341749828170e-03
2.955589959754424591e-03
4.067206527919703038e-03
1.683138976984967358e-03
1.184225991276248099e-02
1.400997257495023964e-03
1.540591935373930230e-03
1.285360434934294241e-03
2.176354928008285804e-03
1.876583418553681541e-03
9.746501690738019162e-04
1.739881138110828526e-03
8.986301675785482402e-04
4.691269368648024081e-03
8.444775627334429047e-03
2.274550653708309021e-03
6.391880564731318957e-03
1.125232592693449106e-03
1.935526018314405678e-03
1.095050486158586451e-03
4.687556161438578492e-03
4.289548356212313784e-03
1.515060941833549233e-03
1.224337554833421432e-03
1.269518354632643425e-03
2.436537244280734867e-03
2.970010890054694368e-03
2.525413002309896422e-03
3.465171315689668380e-03
1.632835577062725311e-03
1.058106757610246737e-03
1.723877491417630942e-03
6.181793446499933044e-03
3.350121194336584327e-03
1.091357422953315214e-03
1.509051467938133523e-03
1.441021631921657158e-03
1.565139533993045642e-03
5.020696977796917058e-03
1.006348075672388719e-03
1.292121605673243571e-02
3.568685405539028833e-03
8.663533240139773689e-03
1.637339286982574665e-03
9.869900170737697879e-04
7.870716290760639347e-03
1.614336836336956356e-03
2.485435897475516027e-03
2.062091193173620600e-03
1.144426612942346438e-03
1.346077334331529513e-02
2.696047579112932115e-03
2.735379975779145875e-03
1.187392743285202489e-03
2.295610404759262577e-03
2.790494422089340610e-03
2.387444060819475609e-03
1.340648770209703364e-03
1.054009240173242254e-03
2.465496229982423477e-03
1.229569894902329341e-03
2.007735055573158563e-03
8.677650151773269593e-03
2.118123901969828221e-03
2.634900963918516102e-03
7.612515410594756582e-04
2.338736398377966579e-03
1.036861164570057050e-03
1.587982449609814809e-03
1.199570822549586016e-03
1.173132299894629220e-03
4.491890914401845160e-03
2.414732697917510405e-03
1.284260226954128843e-03
9.244469534575614844e-04
3.113444960283266033e-03
1.283013034481557315e-03
1.893287580356372343e-03
2.938981947487299354e-03
1.527045399774586360e-03
9.419130294004937100e-04
3.778890373854271786e-03
2.459273622831910713e-03
1.359931359015951720e-03
8.854580933068946459e-04
8.853892373961396930e-03
1.250845825265605631e-03
3.865119940911261858e-03
2.241016355851162961e-03
4.165431656948207460e-03
1.079665129868139731e-03
1.070193221179008584e-03
1.199632344465048454e-03
4.132605947104067180e-03
1.474344792164306419e-03
8.767501959041398406e-04
2.057657881587135820e-03
1.324444109541612034e-03
6.949691588914916861e-03
1.584808577919966707e-03
1.586881052639447761e-03
1.009098753496105727e-03
3.761605308713683420e-03
1.332603488099280090e-03
2.727490598141256092e-03
2.802241746774084431e-03
1.295426914473700019e-03
1.151745031109052426e-03
1.155770351620820759e-03
9.365027630702012912e-04
1.669479684597478504e-03
5.719256209089734061e-03
1.520257276588366261e-03
1.524607830200258888e-03
2.101505445186007889e-03
1.327272456804381214e-03
8.575593286823774211e-03
8.216109521021427477e-04
2.896825076611814990e-03
1.776363056246742494e-03
1.439577914266222452e-03
1.087334801826737949e-03
1.712725792831137125e-03
6.064543138287760080e-03
8.857490361214988240e-04
1.008067644811660524e-03
3.121675633559504743e-03
9.348453940084135811e-04
2.948643362300250488e-03
7.091671756728869583e-03
4.392849838947757504e-03
1.455202226914333085e-03
1.089417374296315156e-03
2.606206471987616759e-03
1.047972767833827909e-02
1.004232470221577038e-03
1.000945469486139465e-03
8.852453204863160868e-04
2.587230279785366575e-03
1.690905453620782789e-03
2.369401374217528639e-03
1.675335912410676328e-03
1.096695864676004587e-03
1.570424667661803183e-03
1.260120742822767696e-03
1.311610956299259344e-03
1.460814991573976089e-03
1.282617592464835006e-03
4.523468543792494648e-03
2.165203002964992060e-03
2.178100486416576810e-03
2.034955604049838111e-03
2.163402397693030450e-03
1.196306452965423695e-03
2.204124920595273637e-03
1.355185270598276929e-03
8.587037405786469586e-04
1.275193103103216923e-03
1.713986868643491146e-03
2.544877752932897096e-03
1.968719180691621672e-03
9.113841753188061529e-03
1.112262907090801707e-03
1.216968284337303398e-03
6.952909724882855302e-03
2.404706072112592751e-03
1.092535391911923000e-03
8.415673079214100374e-04
1.184194538651919034e-03
1.482804549166800252e-03
2.305303644784165596e-03
4.727632982556351227e-03
2.086431748466432198e-03
7.291705268262267539e-04
7.754117188193516367e-04
4.666004463059960673e-03
2.263715126368541410e-03
9.192172765443963828e-04
5.351698381106244004e-03
1.037677217724249958e-03
1.729191927596092967e-03
4.873713283320771361e-03
2.841192918697292482e-03
4.506225470996703432e-03
1.233606549433887431e-03
1.015591994679172078e-03
7.435171758875112240e-04
1.020289795351702125e-02
9.049911381561084704e-04
8.857740932835403772e-03
1.834880466218690278e-03
8.615378113410428543e-03
4.287192164375735678e-03
1.112719056626965781e-03
1.202133395489835303e-03
1.227222103783560557e-03
1.193736082209431249e-03
1.080023765896848164e-03
8.054339958857786126e-04
2.390457443980973425e-03
1.050906130570705395e-03
1.237815367333789220e-03
1.001800273766575771e-03
9.765640599820945428e-03
7.904350878421453723e-04
9.728329107213624450e-04
9.850843149490208592e-04
1.491973216572023289e-03
7.537431500640013422e-04
3.678068890295421202e-03
9.157356301276128353e-04
8.037040934020375435e-04
1.212708770828976011e-03
1.348242681027581914e-03
1.840400582117505957e-03
4.321765232469002363e-03
2.209213771994640758e-03
5.416868876972034084e-03
4.718190979610321391e-03
5.592213042017459348e-03
7.803890061380197108e-04
7.367265605428884121e-04
9.661206315132887107e-04
4.266445749312739247e-03
9.530968886216390108e-04
3.028836891084063336e-03
1.472089351240455160e-02
1.033930064410069471e-03
1.949682040472014303e-03
1.045856044694705358e-03
5.156538942105830421e-03
6.864234395364030667e-04
3.858221983770350125e-03
3.986564883116972512e-03
2.126832728393889850e-03
2.800604954219059611e-03
8.719016741830073938e-04
5.369619617658694111e-03
6.437878921792152334e-03
3.320685149621547226e-03
1.500098770267306375e-03
1.181359702758260754e-03
6.065768491256513795e-03
1.305067636492382704e-03
1.630085089067401325e-03
5.700270210306214620e-03
5.753050452313151347e-03
9.538313834765520249e-03
2.967809270314349102e-03
2.876948547412955508e-03
1.173455428846046028e-03
8.340099450452956309e-03
6.718896353072308612e-03
1.354551581733307855e-03
3.134318529502858747e-03
1.100068137073109860e-03
3.191481562199760189e-03
1.171973702580678296e-02
1.962350430904690694e-03
1.578351568666417964e-03
1.482635525421848550e-03
8.651772269288309381e-04
7.101601280153165344e-03
9.277136683023472045e-04
1.233222067911203534e-03
2.882734519176915079e-03
4.574537954010193808e-03
1.520428593827593969e-03
2.806308962202787045e-03
2.102790867316261560e-03
2.083882509056759862e-03
8.281144344204001721e-04
1.205462518593314585e-03
5.616069419025224684e-03
1.125468184321888176e-03
3.487419435707421380e-03
4.561035830385545657e-03
1.087298868687104668e-03
3.211266970604243626e-03
1.604806947497227449e-03
1.634535566308548344e-03
4.602968802455142949e-03
1.872406481037350431e-03
6.947282446648773459e-03
1.560347214301388606e-03
9.673970096494812409e-04
1.179686919404227983e-03
3.129205174599821501e-03
2.219111099003669586e-03
9.614483282606766171e-04
1.392021169250240355e-03
9.117831215137682261e-04
8.128365488840981826e-03
2.380963879612695445e-03
1.756356094009154560e-03
2.394477382612772952e-03
8.817850324887502658e-03
2.441256190255663375e-03
3.118859220410637092e-03
1.650650594856899883e-03
2.286565313094691184e-03
4.116857422835302170e-03
2.706241987469040419e-03
2.694242163464545189e-03
2.341534507841127374e-03
2.159079197874033944e-03
5.919009626717867088e-03
1.073362647777212093e-03
1.771554771025301385e-03
2.621963404090315187e-03
9.370873646384205542e-04
7.949069355540005002e-03
9.660232098724374529e-04
1.912361063397683596e-03
1.219862101476311888e-03
9.347113924512191621e-04
4.383466973216710270e-03
2.022016907785114618e-03
1.281529751875546200e-03
8.055833016024830859e-03
2.646989962230054082e-03
8.453951093209777050e-04
1.103801508938273427e-03
2.128376763963425039e-03
1.345620776363008232e-03
6.592317916092694857e-04
6.652361004324531916e-04
1.754513840377911870e-03
1.657616284105229570e-03
1.355686650111528890e-03
4.234871433844087686e-03
1.116711418670251858e-02
7.638756620893404417e-03
1.729271880322204129e-03
9.744834438060442699e-04
4.981550804906391058e-03
1.755665041623318511e-03
6.586078507235321004e-03
1.833985740416716002e-03
3.844313545975054040e-03
1.362780339899794359e-03
1.379856526482794261e-03
3.770647467438356919e-03
1.308261009041066739e-03
5.459121838337384694e-03
9.940593937996641469e-04
1.392555444615868176e-03
1.494958939372137375e-03
3.962436598667666392e-03
1.679109592893366157e-03
1.235059240382341793e-03
1.626835447756726531e-03
1.488440536543865489e-03
1.006727916554042744e-03
1.003160213342735958e-03
1.369815840472472573e-03
8.022352359400910246e-04
1.209868014490500824e-03
1.169170361028481391e-03
2.782783784956303994e-03
1.157547134308498874e-03
1.038186756201736182e-03
1.221859073275303196e-03
8.756945854819054654e-04
1.819804851116467838e-03
2.963992691663191927e-03
9.750391955352456829e-04
1.128807973996840547e-03
1.787196210385921368e-03
8.255250882665194408e-04
1.476076919645854255e-03
9.637230764437770781e-04
1.713106433331943292e-03
3.032673751395648879e-03
1.602489713306368959e-03
8.766607883241954446e-04
9.361693919058370131e-03
6.549816502079726724e-03
1.902512235324387230e-03
7.651805564218861757e-04
1.030213352004651214e-03
1.270781945153915760e-03
8.741192257570222588e-04
9.171414246917961683e-04
2.360561526910460745e-03
4.012507240739926484e-03
1.545845963353702484e-03
4.525736098141695980e-03
1.005341321099553721e-03
1.637849612615264322e-03
3.341076322343555609e-03
1.102833383562086067e-03
4.847373933217806290e-03
4.348519378917546120e-03
2.145256235840278629e-03
1.982259147211745936e-03
3.614269319755626306e-03
1.134547513274676523e-03
1.105950443895609148e-03
6.784988231318504759e-03
1.035500546381311251e-03
5.288003742412468629e-03
1.103960194160492556e-03
1.343838128297584773e-03
9.419773236022463284e-04
7.694982719522637385e-04
1.089822450187911528e-03
7.937757207060427327e-04
5.595654169417293815e-03
1.320717280386972219e-03
1.227536402746503457e-03
1.100093430754645399e-03
1.022395732343761967e-03
1.650911792862730463e-03
1.134052857984999647e-03
9.398361164792098411e-04
8.707832316557790600e-04
6.829311111846357281e-04
7.853676033535958488e-04
2.479494079559130173e-03
6.813991898450527662e-03
1.233872190943125684e-03
6.765615742843910513e-03
4.190057251577715761e-03
5.820887921866706519e-03
1.169442784157466312e-03
5.984267626010587697e-03
1.420467686109436753e-03
1.371839199025052429e-03
8.683502175966827975e-04
1.059976670723934743e-03
2.045478284580963275e-03
1.155338101296999979e-03
7.581169032299587933e-03
1.855377479551486696e-03
7.479454961480488072e-03
1.467534491219976527e-03
3.296006089689924520e-03
1.250343074969752742e-03
9.735357378843154802e-04
1.262909304188199796e-03
1.501370257731410350e-03
1.136724854490604774e-03
1.829053658481454231e-03
1.783850894791918313e-03
1.202037747381952751e-03
1.386171725413622895e-03
1.391410138866755377e-03
2.402071695334172599e-03
1.240658804149262539e-03
1.630431463352531368e-03
1.124523164330860003e-03
8.870954776320143058e-04
2.247292323018294964e-03
1.182738506356202863e-03
8.461704525856019550e-04
1.700357005698515007e-03
5.074124294237535547e-03
7.867867842503091557e-04
1.264723460262975451e-03
9.085257767140966431e-03
6.665147087546743031e-03
9.721304097926387541e-03
2.835410282380683086e-03
1.117985502903593494e-03
2.469950218587108753e-03
4.347063434372507550e-03
9.630997039657976854e-04
1.700100862108952981e-03
3.559607443844624037e-03
1.569524931569521052e-03
1.337865986550774164e-03
4.104510385943532791e-03
3.441897174281344750e-03
8.204484283302962422e-04
9.049811980495957265e-04
1.141955044842498474e-03
8.670319739079423429e-04
1.481500900317877503e-03
4.835924333961766353e-03
1.057708591683114915e-03
4.400704389149459259e-03
1.409540268004317882e-03
3.450043268310751081e-03
1.043198606770799576e-03
9.814413692885420176e-03
4.278939986788965477e-03
1.195566231113285097e-03
1.493696219948657030e-03
1.212998408270193982e-03
1.172382607111163016e-03
9.245100909716147050e-04
1.106742424527696819e-03
1.224066693280412028e-03
6.856779883429726420e-03
1.071592171517451618e-03
1.182190424422726845e-03
1.144602570800404761e-03
2.889674330946326395e-03
7.046729718577372358e-04
7.668005170808246543e-04
4.843712477872524555e-03
8.142124568682636288e-04
7.955151082236133417e-04
1.359780906476823394e-03
1.456591251090942228e-03
8.502737084887456668e-04
1.055242304416501844e-03
1.110675534922958996e-03
4.219224502648930876e-03
3.669502145664081325e-03
2.072541824434013039e-03
1.358785119836900977e-03
3.251638246114994541e-03
1.584644502606406217e-03
9.715337729722498027e-04
1.238110323511942444e-03
1.241070457028104097e-03
1.687012752466578083e-03
1.033119400179253761e-03
5.641699822135963494e-03
4.643110847630769165e-03
7.535282802130375927e-03
4.165486798319727527e-03
1.398546845210865350e-03
4.811811353223291801e-03
7.771992673727897176e-04
1.192198666433036793e-03
8.655320692857274576e-04
1.630478330624764421e-03
1.310189059772720209e-03
1.000086720095155887e-03
7.305184999842109436e-03
1.293476047538286025e-03
4.830027054746824887e-03
5.128297676758477794e-03
6.233918633458780841e-03
4.659632000267093996e-03
1.176887634139539649e-03
5.357655462022290448e-03
1.508089866562150596e-03
1.286997035444849323e-03
4.034606157675672475e-03
9.362190735808155126e-03
9.595658804965771305e-04
1.309197331916733256e-03
8.514718513129989567e-04
4.582071199278176486e-03
9.460655788615580280e-04
1.000516273945167671e-03
1.162862549689479665e-03
1.028113739770161565e-03
5.310574875678870758e-03
8.544492859930241484e-04
1.809181216010654659e-03
5.483788027023005218e-03
5.920746290606860793e-03
5.718703703751521795e-03
1.292136425455402181e-03
1.216746159653296980e-03
5.998542606145441936e-03
9.741287786211042183e-04
1.486682861211291321e-03
9.752043861640606040e-04
2.051308260819955862e-03
9.234795642301513695e-04
9.455136925309362821e-04
6.816751301995788853e-03
1.249105998179167063e-03
7.489121767244956212e-04
1.165197680595006545e-03
3.441727392935653093e-03
3.226481737186097983e-03
2.012665648409989183e-03
2.870053379240441148e-03
1.369153060286171794e-03
1.050025478013275667e-03
4.644739791743818236e-03
9.980735679847526493e-03
2.649800912180274356e-03
6.624876962334642558e-03
1.076504874364058416e-03
1.142483056288610835e-03
4.728700426670420960e-03
1.404093968832159818e-02
1.032518975615103959e-03
1.474933130732627518e-03
8.097102855803603016e-04
8.696253563329907387e-04
7.752013056697851581e-03
1.375105233942337671e-03
9.909632606284095660e-04
5.835289947955529626e-03
3.419121395988512606e-03
1.003267130532553694e-03
2.086617054425923649e-03
3.781067332037313378e-03
4.682099365274623379e-03
2.311891254303120608e-03
1.184544106229889733e-03
8.660813103604712545e-04
1.025214159277408089e-03
8.558038630086818024e-04
9.751166734914347607e-04
3.915755148143523420e-03
4.567352098604602999e-03
1.105939254901611331e-03
7.902085286571439854e-03
8.691639191187245424e-04
1.264247970395811693e-03
8.501315379095410836e-04
6.739837596936456253e-03
3.444857888810402401e-03
6.076501449069040411e-03
4.949713936134204559e-03
3.388480856653097555e-03
2.505162250968278291e-03
1.756428169343514237e-03
1.781664174333723533e-03
3.109747919284083263e-03
1.925081957928331420e-03
1.421411940832719703e-03
1.385574277508953627e-03
5.974245437581565156e-03
5.191472218286136489e-03
2.945813964205787946e-03
1.790380073345906008e-03
5.960694225137528300e-03
1.609149744627126925e-03
9.283462244973453336e-04
5.608860229636110709e-03
5.493669025308833657e-03
1.001515789346251037e-03
2.480676874791960893e-03
1.573295399775815045e-03
1.079589905170849672e-03
1.540328655720436162e-03
1.395448717142183182e-03
5.256107378666416245e-03
9.484537638425168333e-04
2.270230314472735864e-03
4.907091150863710123e-03
9.262715818773243140e-04
3.399415603222163441e-03
3.792351437599762211e-03
5.148871379641314222e-03
4.321433244589987545e-03
1.305564557168454546e-03
1.323607966062091950e-03
9.033686126333211226e-04
7.616385903851645260e-03
1.017000327872657301e-03
1.672207176672943843e-03
1.106648503683395129e-03
1.533472673927465182e-03
1.475810734564838569e-03
1.093682334827359966e-03
1.002400962669926926e-03
2.623122220971686128e-03
4.246600168470843727e-03
7.092424759995136869e-04
4.402037062689423234e-03
1.577162469844310601e-03
8.584374229431674481e-04
1.435201090385463969e-03
1.102224925145695467e-03
4.831014015479970398e-03
9.622070105177375852e-04
1.116097498969225886e-03
1.463239722846293748e-03
4.285749106924172797e-03
8.474622825759948281e-04
4.369457511441505668e-03
1.427012561837138734e-03
6.106055157675027538e-03
1.026550956181859374e-03
7.812862806840862847e-04
9.959277723013905577e-04
8.516392405129575953e-04
1.423291282639130772e-03
5.966655587180201559e-03
1.066266243723188074e-03
4.880189437160964601e-03
1.746880244287723431e-03
1.613301854130511689e-03
1.020492199494713948e-03
3.806306899744339549e-03
1.450145123789778031e-03
1.167944176339053139e-03
5.724079367662990303e-03
8.056943094287084871e-04
1.636435770184253933e-03
2.803398962630081030e-03
5.832159615179810692e-03
4.737571917546661363e-03
1.054084748714511450e-03
1.009134672434600262e-03
7.149568529777703286e-04
6.976488874363204543e-03
9.214760409819391538e-04
1.130832050419339728e-02
3.475095253631237634e-03
8.151967032567215832e-03
9.450380929663071113e-04
4.175699698809626215e-03
4.657303379264206636e-03
3.300600482543057483e-03
1.825313928771197169e-03
1.145743178375595479e-02
1.037344123503129538e-03
5.840261396886987921e-03
5.952983011897247309e-03
4.014008766075490703e-03
9.143127283424454070e-04
8.453790489614571198e-04
1.271316964238563109e-03
9.487775482209973932e-04
6.030442343514741399e-03
3.932889996895497751e-03
1.003188673276844125e-03
1.248221463910637865e-03
1.288112593277519237e-03
9.958539568312560399e-04
2.640295456150210454e-03
4.071570425763556406e-03
7.813257555308941726e-04
4.784456916022533299e-03
1.046467588711895999e-03
1.339729520073204344e-03
3.731011696871697723e-03
1.196976036965620655e-03
1.790770757122063950e-03
1.081219644573411590e-03
1.498719124955610231e-03
8.488823151834515171e-04
1.431549827506642478e-03
6.484571414046091421e-03
8.988329253419086911e-04
1.652335308991802415e-03
7.875770242789156004e-04
9.480154411923899906e-04
9.029934509682737299e-04
1.512348278492811875e-03
8.009678737334613181e-04
1.424892652964442150e-03
1.122511487758191123e-03
5.855588381588467534e-03
6.182391115449211577e-03
9.222173094691361048e-04
1.972548039725667383e-03
1.259827345638281056e-03
5.454613178875101880e-03
6.788695643442662839e-03
1.480129839961724040e-03
9.588017068997791749e-04
1.474848503789766589e-03
1.062407439295433168e-03
6.150891023314291814e-03
9.636805226398023833e-04
1.045049744645579724e-03
2.268309832791636036e-03
1.037172526627316892e-03
1.368732490237545328e-03
1.376517767712927796e-03
1.815545217010465810e-03
3.589544334034498047e-03
1.705894635437673950e-03
9.637787326189842371e-04
5.082722275025939977e-03
1.121910458601518140e-03
5.217322752960770922e-03
9.454860922257676522e-04
1.520703417541292325e-03
8.203349385991395501e-03
6.395049548844600716e-04
7.754818976554400623e-04
7.931624835739914305e-04
8.243307593261766601e-04
1.331913956576982446e-03
1.801324396438160926e-03
1.554629288274439556e-03
4.080020381397003564e-03
2.432878187977556995e-03
1.164934101534211008e-03
1.963554980626241401e-03
7.648388579382700558e-03
9.712456485403580565e-04
7.882015609326957842e-03
2.455334071282068778e-03
1.428965733651979151e-03
3.601920629704148408e-03
6.586679255165138816e-03
4.193300820623030098e-03
2.068912381452508911e-03
8.530447825298708309e-04
7.733317135249665819e-04
1.157689717749299605e-03
3.386289052685956084e-03
7.903447319762684506e-04
1.313548444986582407e-03
2.810911326818554129e-03
8.481935237986910686e-04
4.597450903267961617e-03
5.638787844775799800e-03
4.215760019941810176e-03
1.156614027038617952e-02
1.094592915999013536e-03
1.150597809927102980e-03
2.067061481186285073e-03
9.995545077668846826e-04
1.152680158000439449e-03
9.391984471443560762e-04
1.176083173836651096e-03
2.495627415910942233e-03
1.273691065447411569e-03
9.919692313512555246e-04
4.804091268869319954e-03
9.342724010662639559e-04
1.159236057776643399e-03
8.363248189836253264e-04
1.208158890459389793e-03
1.343221395811681519e-03
3.560641761374377413e-03
1.096908568855929763e-03
1.050804331014273301e-03
1.132723889358153721e-03
3.959913218880496862e-03
1.037206083443002877e-03
9.300768136980100062e-03
5.260688264625116434e-03
8.308514373983753171e-03
1.075328857295104875e-03
5.256548021159761219e-03
1.164820226279218024e-03
1.836207993700042680e-03
3.121284473999283177e-03
1.209877713913615118e-03
1.390205971927430291e-03
9.031360908674540989e-04
1.711428359477027220e-03
7.402058088025637549e-03
1.035817740621566754e-03
3.261975464416030229e-03
3.809662664362653550e-03
1.281132076766883796e-03
1.534797838052417897e-03
4.222632291788524367e-03
1.010664722682255712e-03
4.553925136353023824e-03
1.326485027444474505e-03
5.341733176290267525e-03
9.190079292344101270e-04
1.060215748912582542e-03
1.410440062062067075e-03
1.931146225346077640e-03
1.062020445256592989e-03
3.493787257916916491e-03
1.460775869114993176e-03
8.693541490101225171e-04
2.175964487876994296e-03
2.374250810986566589e-03
1.098611325990604508e-03
8.796595355220565571e-03
4.457988990057305638e-03
6.074907552167212177e-03
4.699462332455326026e-03
4.233282445437052365e-03
7.900043168619349859e-04
1.080376014630946490e-03
1.457545122674755531e-03
6.508033027984702103e-03
6.531334734512294488e-03
9.777607861377465241e-04
1.102752304921333004e-03
9.919385043615364106e-04
9.012088166410660989e-04
1.003207022351723220e-03
7.608238856234957525e-04
1.032909661274673731e-03
3.149463660285193190e-03
8.232142926739841786e-04
7.046898780711614504e-03
1.380996377088410847e-03
2.357587159497338044e-03
4.834903582752119768e-03
9.593901201202804365e-04
1.661094672463240152e-03
1.132277747163379020e-03
8.480665256366401927e-04
1.248487934121604451e-03
1.514435785889938369e-03
1.230394017108185850e-03
8.067081426036532259e-04
2.994462954817126658e-03
1.472512059404511081e-03
2.078295541038474407e-03
6.968282282627297555e-03
3.953673656061956060e-03
1.766260516238817285e-03
5.815542175892833218e-03
8.938655738472632215e-03
9.293998447475477608e-04
8.908018182799456314e-03
3.004907996792810423e-03
1.245494854484988784e-02
9.422700370410776053e-04
7.152230519019445350e-03
8.318030917227633818e-04
7.356423711394595531e-04
1.211285123782022272e-02
1.339415265658195795e-03
8.284697432498417443e-04
3.781445522301715365e-03
1.268589291401958424e-03
2.410403491559384541e-03
2.414840704555384649e-03
9.384902691004105152e-04
5.573261315459235483e-03
4.726319314583874234e-03
4.255823764913968695e-03
3.866056104062905955e-03
8.816517699447849743e-03
1.531367575882455713e-03
6.789755853955027533e-04
9.012852785512144712e-04
1.198695432136509358e-03
1.812430001584962053e-03
1.468155311182107060e-03
4.334503475948451624e-03
4.505342822159418524e-03
1.395314187838117602e-03
2.734959093272691568e-03
1.797404459095182068e-03
1.160388480853758982e-03
1.113744840605056545e-03
5.089075969685758968e-03
1.016932111988879447e-03
3.140269656208982338e-03
4.477999999198845928e-03
4.743531494828663771e-03
2.817575337753755200e-03
1.273982454906138475e-03
2.660419050647932267e-03
1.726173884558712636e-03
1.637814934312695593e-03
1.121384339664195000e-03
9.514626960847329638e-04
8.552969133637034274e-03
1.220450041671162708e-03
1.206175628198672637e-03
4.148410006824279801e-03
9.373903563635790220e-04
8.893186484665872513e-03
1.084351991278087717e-03
1.098284882515720593e-03
5.472068030960072250e-03
1.181474751764383232e-03
9.653429025327097887e-03
4.325979628082309014e-03
4.627250518375663861e-03
2.927524774419305083e-03
5.127539692525295324e-03
1.201370902246791383e-03
2.199127967088150819e-03
6.928056999765761642e-04
5.601885835141000650e-03
8.997471997255063192e-04
6.616241690912444580e-03
1.716925353732642575e-03
5.923056462847383144e-03
5.000062437903503819e-03
1.099735974156998679e-03
4.283902123620066463e-03
5.213775701547678811e-03
1.411708427052715126e-02
1.093864990640278523e-03
1.050335537964925976e-03
1.499752709807464354e-03
6.447467477415751158e-03
1.130827620847571317e-03
1.071783057708856337e-03
9.045979233742808311e-04
8.157101439108404737e-04
1.139429089298245627e-03
1.099330556164978146e-03
9.760069791049333365e-03
7.152827415322673445e-03
1.384964390892905964e-03
8.187608510907421269e-03
1.220596427583287361e-03
1.675726707333147344e-03
2.216582127133827698e-03
4.030950261037881573e-03
7.961708030337120252e-04
1.202988086702959803e-03
1.828917444390833376e-03
5.255333593732723629e-03
6.306809002187587811e-03
4.365225947752387342e-03
9.695433453039707574e-04
1.330810758193197657e-03
1.244309148304339379e-03
1.290802498767204152e-03
1.731063535227189091e-03
1.400909211738465615e-03
8.214456125120946127e-04
1.597471594633701700e-03
8.926488259143303171e-04
4.414811633394581832e-03
1.334985889020041082e-03
2.758801832272308758e-03
1.351945206318997924e-03
1.655651041261823773e-03
1.921438986779437381e-03
7.811032088249664392e-03
4.612822261674871804e-03
4.479945269332306391e-03
2.704779996602276436e-03
3.234785318540630075e-03
8.078312105304447056e-04
6.315669189114084085e-03
2.013526514618447540e-03
2.808887516007193066e-03
9.813981949860009490e-04
1.002156315184267064e-03
9.820726777589055753e-03
1.322245773669908841e-03
1.731112286491579520e-03
4.512662063404718725e-03
4.643293684949485745e-03
4.669001750391386062e-03
1.226418648410964414e-03
1.324026251459286185e-03
1.086225293567597006e-03
3.658666104562099952e-03
1.416631437574685697e-03
8.612890268923222448e-04
1.453044510431411888e-03
1.912955774962087812e-03
4.949709393454968312e-03
3.942913946411654921e-03
1.210999483746108421e-03
1.116246932077073718e-03
2.732808764451166630e-03
1.770643666629040727e-03
1.150917668323626474e-03
6.219449811089302650e-03
1.429338866083673795e-03
8.204533593391571955e-03
4.889775014353049849e-03
7.611637240435342516e-04
1.147677264490699683e-03
1.801635400857357940e-03
7.478451276054882621e-04
1.395208617355096293e-03
1.729005584071406729e-03
1.696219875602562139e-03
9.064252250890036250e-04
1.336911673902005469e-03
8.452901129690982207e-04
7.125955653722851248e-04
5.965632286914255601e-03
5.223326907947383434e-03
9.790756679529709697e-04
5.848002239539753198e-03
6.778146811969803544e-03
1.330867840615566206e-03
5.424491390705504443e-03
2.699469321496187658e-03
1.235962557344651722e-03
8.605247152345377095e-04
6.405648604965832535e-03
7.712360759170604121e-04
1.778748213564917188e-03
8.651866663062135390e-04
3.892519416571716025e-03
8.268559653947243774e-04
1.944713146403993786e-03
4.476738311302881114e-03
1.062951419401131706e-02
9.054941221366370275e-04
9.815986818979369633e-04
5.194259969864989217e-03
9.130579522637509221e-04
1.814767221649843994e-03
1.024992055416127593e-03
8.238650231141201154e-04
1.619831364632551762e-03
1.013147572673092156e-03
9.937251770357176731e-04
3.528603914711902958e-03
9.064280736149982415e-04
9.566748870010561775e-04
1.160166392231491185e-02
9.330988053400415512e-04
8.040549648134317400e-04
1.498015967561032056e-03
4.547264926935170627e-03
1.118803326177553962e-03
4.584078950482911238e-03
6.945174852470792012e-03
1.067427691106618464e-03
1.303307246960853970e-03
1.377719586254005967e-03
1.435317177060518130e-03
6.058093547595246563e-03
9.014500570045370876e-04
1.202000026823963133e-03
1.532775100219409487e-03
7.769589448291886608e-03
1.387672396713027613e-03
9.233546239718348498e-04
1.242942638961695321e-03
7.581910455273626606e-04
2.141557638668104609e-03
1.293105823339755003e-03
9.558656929243950244e-04
1.469224136935889805e-03
3.883662273746853709e-03
1.622897626891545934e-03
7.417468793247854533e-04
4.071350997913432065e-03
1.356859426687029866e-03
5.405273436110542146e-03
2.709411143517304055e-03
1.470173464602360890e-03
9.961303989486477908e-04
4.044654355189870529e-03
1.129394322741767267e-03
1.499336749804942078e-03
7.476287164180861478e-03
8.786371860049587606e-04
1.184445953600824072e-03
8.889750275864320185e-04
8.988220026843222413e-04
1.094938717173726600e-03
1.076509319419256686e-03
9.514465874432843353e-04
4.094183976793485877e-03
8.605859801336917386e-04
8.888694799059804370e-04
2.182491917248655881e-03
7.252776704859306397e-04
4.695533222882323707e-03
1.614205453502189427e-03
1.536078032795782766e-03
9.425458823180253186e-04
2.041580392548319241e-03
1.363184828531869555e-03
8.483467725674678295e-04
3.410582065639176496e-03
1.459195122511540779e-03
8.571420124847858564e-04
5.757195067478598771e-03
8.780518859879041628e-04
4.228819015224288824e-03
1.051228428914837863e-03
4.812946412273992960e-03
5.144415659988353304e-03
1.409870639629504660e-03
4.429796190774394279e-03
1.147085880404287179e-03
8.173547770663865597e-04
1.015101804572270811e-03
8.123051524432922926e-04
9.414213646601721870e-04
5.105086497602685618e-03
4.460258071081102740e-03
1.144801656782702855e-03
5.030648556617821690e-03
6.845642706029634586e-04
9.772393705824984709e-04
1.224146795517010080e-03
1.599627068655945028e-03
1.241510949940422687e-03
2.164943070675170046e-03
1.406894949480356214e-03
1.634795780154191551e-03
5.741481571327483255e-03
9.953091828753578632e-04
3.541324573828844458e-03
2.042309347451714933e-03
1.202236768955962896e-03
7.839561996077445451e-04
9.332078567811957119e-04
7.374640876031544195e-03
1.721763224928211326e-03
1.148118074743139250e-03
4.431130369292605314e-03
2.297527274110482305e-03
4.083379062385089978e-03
1.325571048041880584e-03
8.774449319017824231e-04
9.618379264587624631e-04
9.487682307888897423e-04
4.533943552718474636e-03
1.239949493709570361e-03
6.887433954499311718e-04
8.746937526315725795e-04
1.024874640837538471e-03
1.241703960156360920e-03
1.715289696539766887e-03
1.053309377108155136e-03
1.349269940127440469e-03
7.861836427206172649e-04
9.531501318771017344e-04
1.199208107446417433e-03
8.249471577328501386e-04
9.975977457418914399e-04
9.646008380436660659e-04
5.326663847380820604e-03
8.986982900389273035e-04
8.484759022877548301e-04
1.231403150495145263e-03
1.843276904303587770e-03
9.889988473907498478e-04
4.322942594411465118e-03
1.646787130678632879e-03
7.855831590249875854e-04
1.189902097217847982e-03
1.935641403722948833e-03
7.789970330255338278e-04
1.253941641014471057e-03
3.575635679332163624e-03
3.568967274566445681e-03
6.913852204665582937e-04
7.335782080979669478e-04
3.084947169993365081e-03
1.018623174351402857e-03
1.867575093366107171e-03
1.975142689277286333e-03
3.104086891275065294e-03
9.745278728692593909e-04
8.300582498976652457e-03
8.358747259670593760e-04
1.714508299636679188e-03
9.049401659834201703e-04
1.132558792786599045e-03
9.390613176270237901e-04
1.163676547034538317e-03
1.753948515876961123e-03
5.589282104997953145e-03
8.491945120164968996e-03
1.326598460981907174e-03
1.456139627951891181e-03
7.841857300975072593e-04
1.924710658409740623e-03
4.269579287427690932e-03
8.064337659127523376e-04
1.960306571315648637e-03
9.334920291752500654e-04
5.857721438200582352e-03
1.109587964950549789e-03
4.147079451282677590e-03
1.212820414968820678e-03
9.934648115114521130e-04
9.934331835292657328e-04
1.757325237848720006e-03
9.738654603880094818e-04
1.453634674945458770e-03
7.438340920263843093e-04
1.174579560273150388e-03
1.661660475956440409e-03
9.129163760207284961e-04
8.178603589413368374e-03
9.488299109271184500e-04
1.158753832448061434e-03
4.599383076833666456e-03
2.190739216395912615e-03
8.652426051580406566e-04
1.270795042630990445e-03
1.350648616338198877e-03
5.377807950795769447e-03
4.334374470016401880e-03
5.656760247428133798e-03
5.132488672297793111e-03
9.400561377669423716e-04
1.438426883676793009e-03
2.245431111650326127e-03
1.900163128895899665e-03
2.731504233968566793e-03
3.983731923976515862e-03
5.992081855540914818e-03
9.287847860994409566e-04
9.419544693935733709e-03
2.234529408929351608e-03
4.954217500992075425e-03
3.564370906834354435e-03
4.001222077395097734e-03
4.786679785283372464e-03
1.375593924786845451e-03
6.746196930481914052e-03
5.744237169418302431e-03
9.958719565024839408e-04
9.320156202106560667e-04
1.757038149507387853e-03
3.295455627411428452e-03
1.451750884549779259e-03
6.069129035305603423e-03
1.659523697652266891e-03
8.604720827212965391e-04
1.276794775259080389e-03
8.291297354662554089e-03
2.757467687669721071e-03
8.767742419294094480e-03
4.091918831139906843e-03
4.418516738115301455e-03
4.955678609048013231e-03
1.281822347533744574e-03
8.976753395688413101e-03
1.013611909977502404e-03
4.619571521584441703e-03
8.679550993776362702e-03
1.126760558812231602e-03
1.064912386580417090e-03
1.281079684396656607e-03
1.417439420295171001e-03
9.717551079267220662e-04
3.152087317609540262e-03
5.731211615087393289e-03
5.039151545691708360e-03
8.187793161233624609e-04
4.226122162379711798e-03
7.665272994454416702e-04
7.533036036985213835e-04
8.410614082381501428e-04
8.163894915266540608e-04
8.483971388922546602e-04
3.021114202902507387e-03
1.333983578368129388e-03
8.581078876772936384e-04
6.543894777479255208e-03
8.142404139702349736e-04
1.176948256989886763e-03
1.059392414988271540e-03
7.606154724936102854e-04
7.128592845430434428e-03
4.671136417928714417e-03
1.630454855699818659e-03
5.101904487437540839e-03
3.763431505723486333e-03
4.479951981366012137e-03
1.684761836039740807e-03
5.173210157762783874e-03
1.558852467211934399e-03
8.263250622530099714e-04
1.615508765434930591e-03
1.482583402273358712e-03
2.650333036443770687e-03
1.676116613340295934e-03
5.582273768944882170e-03
7.002666867574122841e-04
5.159434835977585836e-03
4.892770959577045706e-03
1.559774010917325520e-03
2.918049472809896086e-03
5.677008800106812282e-03
8.485548988678057701e-04
1.037924747676775925e-03
8.699267106243556164e-04
1.282161252910953226e-03
2.788974399950929633e-03
1.514013872424304925e-03
4.053474519459418675e-03
8.256601079190310040e-04
9.064907237371534624e-04
3.428519190391899826e-03
1.482736885188538694e-03
1.167536837132258963e-03
1.182014310545097344e-03
6.905709324408043290e-03
1.303371229399606949e-03
1.195756100665140362e-03
8.599555747353425719e-03
4.022115731179455242e-03
7.414732999431223812e-03
7.967537953565409156e-04
1.625041088759472240e-03
1.246009304090653011e-03
1.096251265882575848e-02
2.337209470259518640e-03
9.780535578325323318e-04
1.522506332224493435e-03
8.066464418746296071e-04
1.305729605241041143e-03
1.333830063373430677e-03
1.218745739807798600e-03
9.165267263384526807e-04
9.342937757037578402e-04
4.599979429885860116e-03
5.031271636164741032e-03
8.867746881339399166e-04
4.797665425352276407e-03
1.509181149061241279e-03
1.135399265874954041e-03
6.244601898268233031e-03
1.262211363573675351e-03
5.776196822365371047e-03
1.672276795701487439e-03
7.979642847360262801e-04
1.131344112117186034e-03
8.416806747137995119e-04
1.704699224879080042e-03
3.835244567798302539e-03
1.369392267442571219e-03
4.222911762005256836e-03
7.455850905866190413e-04
8.753154378544484356e-04
1.136460870965306548e-03
1.146453462995701642e-03
2.051547487610384281e-03
1.578629068743840277e-03
5.459295054355803138e-03
8.635648650882620262e-04
2.141560969708971793e-03
9.964586110637735621e-04
9.077097671777805375e-04
3.806285760078869165e-03
3.272683500889250838e-03
1.573782345811990504e-03
1.001492556649903262e-02
1.169652119214896393e-03
7.713206387214762436e-04
2.136996833512577049e-03
1.266824831967669615e-03
1.548327734667337982e-03
2.562575800594944601e-03
7.849625384740191144e-04
4.394084081405250086e-03
1.100846674266616008e-03
9.094244194978733271e-04
9.741746824168380590e-04
5.927977263926588990e-03
1.208173782335561237e-03
6.303733727454624916e-03
9.230428899462302106e-04
3.008746196192396173e-03
1.707448703609664538e-03
4.673315058696884960e-03
3.917386759570551553e-03
1.308536538339152887e-03
8.970731432336999335e-04
9.841886704078104189e-04
5.209613639328872052e-03
6.951936585057036377e-03
9.922490928489589423e-04
1.336780699765691225e-03
6.234200612697759353e-03
9.168177662743798870e-04
8.598266472171061390e-04
1.000241823842799990e-03
1.329003108341063159e-03
4.102383355837573194e-03
6.858511507705845542e-03
1.237463926012847193e-03
4.943460617062095212e-03
1.206433267783642077e-03
9.518737612665119580e-04
1.024891299966819609e-03
3.681873233075645159e-03
1.792876587692885781e-03
1.151141795715897309e-03
4.995140104213332752e-03
1.024047692093230100e-03
1.106811996661543522e-03
1.136139769075301476e-03
1.116444895192092619e-03
3.699666557873590098e-03
1.389541903106800928e-03
3.530745743950536655e-03
9.276380883004061014e-04
1.018015778741639035e-03
8.658298553848821008e-03
1.266191281303895170e-03
1.510614841269590633e-03
9.854359080962711397e-04
9.498399919124700863e-04
9.168070542346499260e-04
4.842965227736929432e-03
8.126474625493264239e-04
9.527857284326240539e-04
3.673435010376136216e-03
9.173772421534767772e-04
1.315384575835753600e-03
1.129904437289483204e-03
7.287234870850175898e-03
4.349196063356460321e-03
8.416019544103389358e-04
1.842832569407266323e-03
3.536784013178286001e-03
8.187226086992110703e-04
3.825362122346431283e-03
3.514576888628622667e-03
6.953525642011077011e-04
2.252359988447180227e-03
4.649308375533270712e-03
1.450337719340850885e-03
3.737739097758134392e-03
8.144625104061583090e-03
7.920741465373990018e-04
1.155452984412925479e-03
9.825367635267726225e-04
1.135237281280710407e-02
9.250112453705414822e-04
1.406871614091890479e-03
5.408841791841157917e-03
1.525865421482743836e-03
6.128619759481219315e-03
9.377609395828255447e-04
8.974134212260046059e-04
3.641981343955871895e-03
1.008691469206007526e-03
1.221631197877898027e-03
1.935411201856583477e-03
1.204785617638488848e-03
4.839470023922261104e-03
4.793847058790749564e-03
8.734964565104403819e-03
8.255255117866872700e-04
4.138100955670751327e-03
8.530140855101056227e-03
7.942351531733383941e-04
1.382724775807550252e-03
1.218853583999742656e-03
7.275786942977311919e-03
7.888163235210189986e-03
1.332002939339036124e-03
4.175481657168792458e-03
5.222305307860090721e-03
1.053093913178141782e-03
5.642322114116926808e-03
9.341741905454992645e-04
8.681780870024977028e-04
1.041405791528238591e-03
1.045062409564075437e-02
9.852617203476982371e-04
7.882393833208195706e-04
2.059107724694731866e-03
8.690600459977019078e-04
4.502145869374548845e-03
1.451130103291440633e-03
7.937034225760263711e-03
1.091303653907812945e-03
1.121485492096273859e-03
1.260162325233355656e-03
1.335810998434638778e-03
1.126000852733996527e-03
1.240360808037075215e-03
8.711645443634875863e-03
1.140306014957409445e-03
6.016308480834187296e-03
1.050938182911085759e-03
6.933896434247023045e-03
1.166728507813289371e-03
4.015132278709258179e-03
4.070028352626566676e-03
6.899997791481281284e-03
5.415183630630059954e-03
7.615865410454429000e-04
1.101962188898389285e-03
6.601121614664732032e-03
4.291887841398502393e-03
1.548783094908866113e-03
6.324390122979151214e-03
8.583769156905263296e-04
5.367829611154541214e-03
1.001299926625505692e-03
1.287313564106344795e-02
1.002209777147294867e-03
1.493254082867651825e-03
9.632461799150126430e-03
7.913376364833815462e-04
4.101506670419146836e-03
1.365302636692263243e-03
8.121499797146553967e-04
5.424581397207460867e-03
5.156973474876904752e-03
1.075447402202130663e-02
3.846071907714623903e-03
4.107927862417020543e-03
2.375515833646850688e-03
1.220757466983036924e-03
1.432504121983001416e-03
1.451454327610204832e-03
1.164054902777532071e-03
3.140038468280884499e-03
2.514104036921477672e-03
9.232839319479638988e-04
4.720002670619143602e-03
1.341127541269745071e-03
9.092113194039543956e-04
6.997756917359500804e-03
1.550303094675090738e-03
1.041153209103849210e-03
2.160553187166138877e-03
2.808115140771368437e-03
1.038557076727156421e-02
1.345452644664243882e-03
1.212534586168088598e-03
1.433811228869502673e-03
5.377039191660350041e-03
9.040774240472658181e-04
1.039932114135410897e-03
3.900964167311848224e-03
6.863477034704315582e-03
1.352303399214803154e-03
3.813490029231440728e-03
7.595152481444939884e-04
1.072155237902090372e-03
4.948345638064023319e-03
2.900292291342407725e-03
4.279712400438943042e-03
1.076348066664110405e-03
8.599926727073100652e-04
9.298607693014097030e-04
3.043118043762784233e-03
1.538800865844993466e-03
1.567335845509897334e-03
1.120162329531364069e-03
1.271486751286499649e-03
1.134713810870329300e-03
7.657004752975298673e-04
1.093831345565761523e-03
3.967905427729600740e-03
5.763898856118654206e-03
7.312179840371425040e-04
7.768241765989839865e-04
1.150973219255049243e-03
9.715334755434503313e-04
1.443858268144745678e-03
2.342552253982960880e-03
7.694074612526958373e-03
8.182858289805863003e-04
8.142772759877722104e-04
1.006659935468320237e-03
8.869843811379242307e-04
7.581339510385069801e-04
3.443384746733932789e-03
1.040857184272789586e-03
5.622106539172009101e-03
9.362697967326631676e-03
3.900768246578493071e-03
6.259134170853139544e-04
9.209465477934308027e-04
1.343701716398686130e-03
4.699336254408729464e-03
1.009841437946234436e-03
7.834814657171959703e-04
3.348926553110677384e-03
5.774802037054522531e-03
4.965042729679002356e-03
3.762991247138947146e-03
1.060653399193822472e-03
1.442321014300395601e-03
1.080986031739648162e-03
9.381770621790581910e-03
9.576875058670931496e-04
8.200488411377130629e-04
1.619152087243854506e-03
3.909725709834561969e-03
8.741998207655986980e-04
1.070844628081325280e-03
1.434509113537020108e-03
7.117623236141330020e-04
5.015930160134110874e-03
7.862573622786901782e-04
1.425693227992003110e-03
6.099699619797320331e-03
9.739719680545078822e-04
1.841773669552811306e-03
7.181660812706342194e-04
8.403659261176101535e-04
6.404739065672204008e-04
2.416916904823568357e-03
1.412410744443355062e-03
1.169917464606470619e-03
4.444716558328293786e-03
1.595720316807891243e-03
1.045872371462947849e-03
1.205488837265933236e-03
1.294137792293089100e-03
9.901145129551777377e-04
1.803338131349070976e-03
1.805262825405217451e-03
8.036733940339814159e-04
2.156955798237026288e-03
8.787567410918946257e-04
1.256717970212341100e-03
1.596927728876235348e-03
7.319756293400348467e-03
6.048126720102967729e-03
1.392220738563354357e-03
1.026185839856629976e-03
8.928066915782410752e-04
4.127471619415797911e-03
3.334298578390855906e-03
9.855488830782426282e-04
1.219519524271579130e-03
1.222447822723968366e-03
6.021352474700821834e-03
1.371749905077264886e-03
8.192155688493840291e-04
6.292609596843571317e-03
1.111233174584749100e-03
7.628841646848269964e-04
1.184100534925150395e-03
1.040151386527391050e-03
2.098335761088786396e-03
1.677115378963813744e-03
5.080367271740690409e-03
1.279033296730187029e-03
7.036609811610242213e-04
1.093345830325399923e-03
8.650927693749637260e-04
3.490669248681576697e-03
3.817242576048482557e-03
9.642472768973967207e-04
1.023443203916124620e-03
4.358347543870040412e-03
9.671316704597040115e-04
9.228759117922506403e-03
1.356535554052168803e-03
1.310407155440579874e-03
3.716160017340506237e-03
2.275204512050245376e-03
6.407086037926949112e-04
9.464260975451312553e-04
2.497885927613381976e-03
1.306046517957229784e-03
1.945705989727430267e-03
9.086838696027121865e-04
6.015123508509423629e-03
1.278242093352685137e-03
1.452179364802070119e-03
9.480293838645093788e-04
2.456188291633846187e-03
9.644423491147028921e-04
5.733265095345933815e-03
8.737224384137410281e-04
1.256733570488261778e-03
1.310431169106822218e-03
7.788146373365535018e-04
7.845234308990590251e-04
8.605859932437082832e-04
6.245915350349254269e-03
1.056142297904611588e-02
1.828888771246250542e-03
1.570876518584321015e-03
4.679368121579767677e-03
6.730665093901858987e-04
1.121797167407564055e-03
8.891541647306088923e-04
4.819733027225614648e-03
2.250692060649457996e-03
8.046501553328496261e-04
1.162985456784910955e-03
5.096193949269192495e-03
3.564815941287900747e-03
9.311095270931790593e-04
1.141535537476363188e-02
1.092206162533099038e-03
4.074095016504089561e-03
1.403718131205575464e-03
9.302092990848910602e-04
8.279961921407772525e-04
1.278840999498788477e-03
8.437359139896608365e-04
1.045909175894622250e-03
8.027349366438318520e-03
1.993864501066105847e-03
1.982967693842817378e-03
5.033457938665148075e-03
1.127879047804672364e-03
7.472531547307020156e-04
9.482212151914327751e-04
4.048445871928161958e-03
5.949521182019927058e-03
1.266693203544784051e-03
1.516973478434605537e-03
1.316221989195705180e-03
8.618748403413169267e-04
1.669148408811604867e-03
1.162567673105375891e-03
1.518604568389870981e-03
5.000600624315402337e-03
1.022479319085980260e-03
9.260372015368355031e-04
7.400035502938139172e-04
3.968047413222723120e-03
1.006147005989229933e-03
5.623104296857584818e-03
4.187907139671371085e-03
1.260417522928333886e-03
1.436753283223497204e-03
5.197471312339991059e-03
7.244741557142578021e-04
7.597056947124644806e-04
3.866577978979878882e-03
8.559785619109940491e-04
1.563939229493313326e-03
1.455438275242817341e-03
9.669065688031881593e-04
3.604926310175756658e-03
1.403554084281853631e-03
3.218447033793760039e-03
8.561268962931136437e-04
1.504051130881424361e-03
1.140224971611825079e-03
1.469064039309843318e-03
1.374693924086241087e-03
7.579682103649472815e-04
3.785432761619137582e-03
1.365027167886888196e-03
1.514624728467789568e-03
2.669409213382086064e-03
8.991425432384698513e-04
1.703495654593260205e-03
4.085986115069884829e-03
9.116566576183515389e-04
1.200785274145776613e-03
4.554419010498638072e-03
1.748379288024358913e-03
3.706006211381888526e-03
7.991133251315743480e-03
8.504034643604471309e-04
