8.912071879021823406e-01
5.331656110938638449e-01
7.355722000356763601e-01
7.558320050593465567e-01
7.672544270753860474e-01
8.076796699315309525e-01
7.238089570309966803e-01
6.563262820709496737e-01
7.311232928186655045e-01
6.307656341232359409e-01
7.917588897980749607e-01
6.463197181001305580e-01
5.976285019423812628e-01
7.888100631535053253e-01
5.976690740790218115e-01
9.601985570043325424e-01
7.145593720488250256e-01
7.430571229197084904e-01
7.133748838678002357e-01
7.558455239050090313e-01
9.667568819131702185e-01
5.863824780099093914e-01
5.307898309547454119e-01
7.550968169234693050e-01
6.681251809932291508e-01
6.695045039523392916e-01
6.652485940139740705e-01
6.457652780227363110e-01
5.929726250469684601e-01
6.281901891343295574e-01
7.367232481483370066e-01
7.351462340448051691e-01
7.014298231806606054e-01
5.288430389482527971e-01
6.765012899413704872e-01
4.474867160897701979e-01
5.463238619267940521e-01
5.825161719694733620e-01
5.619458709843456745e-01
5.463307511527091265e-01
5.486049707978963852e-01
5.153533581178635359e-01
4.988707499578595161e-01
4.415612930897623301e-01
5.313740628771483898e-01
5.747663860674947500e-01
5.653294739313423634e-01
6.221640040166676044e-01
5.710137379355728626e-01
6.533076430205255747e-01
6.417062669061124325e-01
6.843233928084373474e-01
4.620294929482042789e-01
5.832904640119522810e-01
5.177329771686345339e-01
4.963565950747579336e-01
4.464077311567962170e-01
5.283480489160865545e-01
4.839605649467557669e-01
5.466417169664055109e-01
3.811542480252683163e-01
5.388166410848498344e-01
6.169425540138036013e-01
5.580071040894836187e-01
5.034585848916321993e-01
5.315436800010502338e-01
7.355328740086406469e-01
5.291915140114724636e-01
6.416917541064321995e-01
5.288233850151300430e-01
5.521232199389487505e-01
4.463907831814140081e-01
4.454160849563777447e-01
4.457557271234691143e-01
5.571217020042240620e-01
4.550454770214855671e-01
5.987901010084897280e-01
4.467085418291389942e-01
5.209755180403590202e-01
5.818553450517356396e-01
6.513076929841190577e-01
4.465376120060682297e-01
5.726925020571798086e-01
6.716011872049421072e-01
6.424501161091029644e-01
6.931717330589890480e-01
6.434639391954988241e-01
6.319504289422184229e-01
6.738076407928019762e-01
5.985374229494482279e-01
5.248359921388328075e-01
5.895275701768696308e-01
5.208681940566748381e-01
4.439864500891417265e-01
5.799807489383965731e-01
6.172410100698471069e-01
5.113784878049045801e-01
5.020350439008325338e-01
5.209500030614435673e-01
4.136994180735200644e-01
4.414569269865751266e-01
5.989789729937911034e-01
6.529574149753898382e-01
7.040147550869733095e-01
6.517529939301311970e-01
6.928014310542494059e-01
6.312989168800413609e-01
4.229435920715332031e-01
5.055580630432814360e-01
5.138352229259908199e-01
5.671507439110428095e-01
5.652936180122196674e-01
5.977460020221769810e-01
3.792872838675975800e-01
5.328481318429112434e-01
5.367416839580982924e-01
5.035801101475954056e-01
4.946905709803104401e-01
5.475204831454902887e-01
5.863073540385812521e-01
4.945155619643628597e-01
6.017374838702380657e-01
6.821770959068089724e-01
6.208913149312138557e-01
6.914192340336740017e-01
5.309800649993121624e-01
6.512617201078683138e-01
5.453662408981472254e-01
5.445077009499073029e-01
5.282836719416081905e-01
4.428282619919627905e-01
5.617220371495932341e-01
5.533185480162501335e-01
4.383970848284661770e-01
4.453553911298513412e-01
5.451026710215955973e-01
5.089635080657899380e-01
7.680287649855017662e-01
6.612741660792380571e-01
5.249825131613761187e-01
6.606885290239006281e-01
6.521239839494228363e-01
6.620996680576354265e-01
6.408064689021557570e-01
5.211545052006840706e-01
4.053760210517793894e-01
5.396432329434901476e-01
5.899122860282659531e-01
5.180267440155148506e-01
5.630398239009082317e-01
5.575077568646520376e-01
5.173145639710128307e-01
5.114075439050793648e-01
4.450636389665305614e-01
4.441042789258062840e-01
6.081712120212614536e-01
6.322057452052831650e-01
6.455102961044758558e-01
6.825370320584625006e-01
5.312587860971689224e-01
4.840718740597367287e-01
6.532204181421548128e-01
6.173531177919358015e-01
4.227628591470420361e-01
5.486772649455815554e-01
6.100480149034410715e-01
5.106017771176993847e-01
4.783696301747113466e-01
5.535901510156691074e-01
6.436795848421752453e-01
3.697670621331781149e-01
4.472208558581769466e-01
5.543814420234411955e-01
5.923371938988566399e-01
6.935006941203027964e-01
5.304365570191293955e-01
6.214324599131941795e-01
6.108134360983967781e-01
6.835744399577379227e-01
5.138959020841866732e-01
5.243432009592652321e-01
5.227424099575728178e-01
5.136151039041578770e-01
5.139651661738753319e-01
5.305598638951778412e-01
5.191951959859579802e-01
5.238154230173677206e-01
5.305721650365740061e-01
5.574422241188585758e-01
4.133878680877387524e-01
4.831248368136584759e-01
4.617976108565926552e-01
6.010499559342861176e-01
6.540319938212633133e-01
5.292490860447287560e-01
6.212767669931054115e-01
6.219543630722910166e-01
5.194376390427350998e-01
4.224811510648578405e-01
5.208327749278396368e-01
5.247152328956872225e-01
5.473495959304273129e-01
5.546045959927141666e-01
6.182674069423228502e-01
5.637877259869128466e-01
5.592242621351033449e-01
5.252963840030133724e-01
6.105929308105260134e-01
6.209558609407395124e-01
5.309569519013166428e-01
6.248286599293351173e-01
6.337485990952700377e-01
5.308616110123693943e-01
5.294709401205182076e-01
5.301479101181030273e-01
6.725921779870986938e-01
4.453013357706367970e-01
5.372743369080126286e-01
5.116989158559590578e-01
4.883803960401564837e-01
5.542838049586862326e-01
5.492850958835333586e-01
3.707409880589693785e-01
6.055644049774855375e-01
4.462922741658985615e-01
5.456773021724075079e-01
5.721430999692529440e-01
5.992450481280684471e-01
5.244665718637406826e-01
5.448015138972550631e-01
6.444795290008187294e-01
6.537454370409250259e-01
7.468936438672244549e-01
6.236621791031211615e-01
6.652103688102215528e-01
5.318448669277131557e-01
5.092079988680779934e-01
5.190311230253428221e-01
5.442167941946536303e-01
4.383948610629886389e-01
4.424008200876414776e-01
4.854420858900994062e-01
5.849492540583014488e-01
5.044911059085279703e-01
5.029096719808876514e-01
4.038998868782073259e-01
5.696184029802680016e-01
5.699359599966555834e-01
4.623546299990266562e-01
5.301221350673586130e-01
5.697929421439766884e-01
6.624692841432988644e-01
6.298677199520170689e-01
5.250733338762074709e-01
5.280746980570256710e-01
4.430255389306694269e-01
5.663961449172347784e-01
5.549994360189884901e-01
5.386353631038218737e-01
5.214923301246017218e-01
5.782771310769021511e-01
5.997806319501250982e-01
5.373566260095685720e-01
6.949655299540609121e-01
5.313087489921599627e-01
4.853443359024822712e-01
5.983688370324671268e-01
6.565361069515347481e-01
5.748325460590422153e-01
4.498886012006551027e-01
5.916163930669426918e-01
3.728629590477794409e-01
4.505737570580095053e-01
4.112631860189139843e-01
4.219650030136108398e-01
4.413658720441162586e-01
4.426542518194764853e-01
5.308979710098356009e-01
5.316425429191440344e-01
5.782543069217354059e-01
3.857716331258416176e-01
4.414616010617464781e-01
5.996825518086552620e-01
6.747173108160495758e-01
7.533462690189480782e-01
6.927310631144791842e-01
7.349843999836593866e-01
4.414164489135146141e-01
6.331208380870521069e-01
4.872281099669635296e-01
4.415016849525272846e-01
4.432465059217065573e-01
5.455939669627696276e-01
4.406908079981803894e-01
5.600955469999462366e-01
5.549881490878760815e-01
4.421555169392377138e-01
4.441923100966960192e-01
5.149680459871888161e-01
5.770908039994537830e-01
6.116394689306616783e-01
6.015997070353478193e-01
4.811927301343530416e-01
5.306065790355205536e-01
6.605085921473801136e-01
5.303665809333324432e-01
4.300951999612152576e-01
6.173594319261610508e-01
5.077807658817619085e-01
5.629033991135656834e-01
4.458974590525031090e-01
5.200019238982349634e-01
5.402013771235942841e-01
4.413366878870874643e-01
4.440486000385135412e-01
5.134966198820620775e-01
4.139348699245601892e-01
5.195325221866369247e-01
5.196619401685893536e-01
5.201359950006008148e-01
7.449850831180810928e-01
6.746063360478729010e-01
4.835998769849538803e-01
6.313894637860357761e-01
4.407808950636535883e-01
6.114976340904831886e-01
5.116187019739300013e-01
5.294662939850240946e-01
4.450952459592372179e-01
4.438164019957184792e-01
4.943494079634547234e-01
4.500284248497337103e-01
5.470919751096516848e-01
4.417086099274456501e-01
5.203028609976172447e-01
5.342936979141086340e-01
5.298785069026052952e-01
6.425023721531033516e-01
6.024644211865961552e-01
6.502029888797551394e-01
5.312108159996569157e-01
6.534729860723018646e-01
5.258378901053220034e-01
3.997662551701068878e-01
5.025955238379538059e-01
5.300925460178405046e-01
4.442018279805779457e-01
5.490271109156310558e-01
3.438751078210771084e-01
5.295481060165911913e-01
4.483196800574660301e-01
4.133525700308382511e-01
5.328240189701318741e-01
5.224175350740551949e-01
4.467254879418760538e-01
5.034321211278438568e-01
6.499020291958004236e-01
6.424057579133659601e-01
5.294151979032903910e-01
5.018574430141597986e-01
6.109976449515670538e-01
4.837015529628843069e-01
6.851213159970939159e-01
6.079822909086942673e-01
5.289659441914409399e-01
5.381412149872630835e-01
5.072134300135076046e-01
5.711500351317226887e-01
4.038262348622083664e-01
5.359368522185832262e-01
4.443114979658275843e-01
4.463126789778470993e-01
4.301682659424841404e-01
4.438606249168515205e-01
4.386260032188147306e-01
5.167459519580006599e-01
5.301923411898314953e-01
5.307229990139603615e-01
6.224027150310575962e-01
6.131481560878455639e-01
5.243716940749436617e-01
4.293694470543414354e-01
4.428979631047695875e-01
5.276146759279072285e-01
5.687422819901257753e-01
5.543811740353703499e-01
5.125367490109056234e-01
4.365075349342077971e-01
3.819409220013767481e-01
5.173866271506994963e-01
4.417066581081598997e-01
3.781241560354828835e-01
3.772863349877297878e-01
4.428977938368916512e-01
6.105094740632921457e-01
5.896395379677414894e-01
5.287898250389844179e-01
5.892105649691075087e-01
5.263411980122327805e-01
4.799114770721644163e-01
5.987355471588671207e-01
3.396379088517278433e-01
5.444580209441483021e-01
5.541551129426807165e-01
5.549603509716689587e-01
5.277539808303117752e-01
4.452936681918799877e-01
4.416552979964762926e-01
5.002054558135569096e-01
4.435457829385995865e-01
6.226320830173790455e-01
3.967005079612135887e-01
5.338922911323606968e-01
6.274507381021976471e-01
5.131588941439986229e-01
5.881118089891970158e-01
5.267313020303845406e-01
5.981928571127355099e-01
3.984409510158002377e-01
4.917959438171237707e-01
5.056376899592578411e-01
4.429243379272520542e-01
4.780105780810117722e-01
4.425726961344480515e-01
4.429254890419542789e-01
5.471123040188103914e-01
6.083485279232263565e-01
5.098793508950620890e-01
4.423759079072624445e-01
3.860063999891281128e-01
5.253237509168684483e-01
4.818372209556400776e-01
5.131805499549955130e-01
6.102318819612264633e-01
5.289615150541067123e-01
6.731826420873403549e-01
5.899884419050067663e-01
6.392562850378453732e-01
5.072709009982645512e-01
5.768530159257352352e-01
4.929618979804217815e-01
5.081725630443543196e-01
5.628014639951288700e-01
3.984424800146371126e-01
5.475197220221161842e-01
3.875164492055773735e-01
5.362658249214291573e-01
5.631494130939245224e-01
4.450803571380674839e-01
5.700440208893269300e-01
6.432436809409409761e-01
6.595314720179885626e-01
5.897203360218554735e-01
6.498275790363550186e-01
6.105990109499543905e-01
4.819036149419844151e-01
5.280455769971013069e-01
5.400932759512215853e-01
6.436065719462931156e-01
5.428168221842497587e-01
4.219594430178403854e-01
5.444836078677326441e-01
4.948078549932688475e-01
3.937904380727559328e-01
5.439795937854796648e-01
4.672412658110260963e-01
4.374582089949399233e-01
5.209864329081028700e-01
4.444670889060944319e-01
5.948945269919931889e-01
6.816281690262258053e-01
6.297294849064201117e-01
6.088659819215536118e-01
6.183925368823111057e-01
5.278618948068469763e-01
4.293531458824872971e-01
5.778982259798794985e-01
4.934127479791641235e-01
5.207081399857997894e-01
5.275710187852382660e-01
4.406138679478317499e-01
4.941393120680004358e-01
5.193955870345234871e-01
4.434004798531532288e-01
3.977518549654632807e-01
4.143728280905634165e-01
5.278585748746991158e-01
4.425103592220693827e-01
4.302530330605804920e-01
4.320498011074960232e-01
6.264039450325071812e-01
6.329191389959305525e-01
4.415781239513307810e-01
5.287462889682501554e-01
6.328289881348609924e-01
5.296506790909916162e-01
5.269944139290601015e-01
5.270112308207899332e-01
4.453489829320460558e-01
5.125894839875400066e-01
5.627473741769790649e-01
4.434640600811690092e-01
3.939958941191434860e-01
4.430202380754053593e-01
4.422927158884704113e-01
6.433849351014941931e-01
4.452284828294068575e-01
6.315271768253296614e-01
5.846355860121548176e-01
4.816338960081338882e-01
5.320378479082137346e-01
4.598958140704780817e-01
5.302534902002662420e-01
6.400173450820147991e-01
5.318373069167137146e-01
4.949360790196806192e-01
5.586648080497980118e-01
5.188415020238608122e-01
4.462473869789391756e-01
4.417231238912791014e-01
5.279398330021649599e-01
4.443036441225558519e-01
5.545312531758099794e-01
4.420983500313013792e-01
4.282948190812021494e-01
4.415051050018519163e-01
4.860069360584020615e-01
4.936699119862169027e-01
5.147554301656782627e-01
6.100779050029814243e-01
5.992449799086898565e-01
5.297829010523855686e-01
6.300028490368276834e-01
6.498298831284046173e-01
4.909488251432776451e-01
5.199421758297830820e-01
5.075630629435181618e-01
4.122788610402494669e-01
5.447995350696146488e-01
4.221564410254359245e-01
4.387443279847502708e-01
5.367163310293108225e-01
4.431401619222015142e-01
4.464289969764649868e-01
3.953175139613449574e-01
5.269282110966742039e-01
4.428299169521778822e-01
4.441847258713096380e-01
4.437109520658850670e-01
4.516586030367761850e-01
7.334644440561532974e-01
6.142656952142715454e-01
6.295647718943655491e-01
6.095881238579750061e-01
5.249960569199174643e-01
6.406982829794287682e-01
5.641824731137603521e-01
5.101259679067879915e-01
5.158377869520336390e-01
3.799644459504634142e-01
4.430659068748354912e-01
5.290704399812966585e-01
5.000995500013232231e-01
5.135083419736474752e-01
4.061337239108979702e-01
4.446867401711642742e-01
3.599956559482961893e-01
5.378599320538341999e-01
6.314467170741409063e-01
6.311614490114152431e-01
4.822464750614017248e-01
5.272692488506436348e-01
4.400007789954543114e-01
6.100030990783125162e-01
6.518954541534185410e-01
3.924800709355622530e-01
5.038555511273443699e-01
5.016293199732899666e-01
4.094903981313109398e-01
4.378369161859154701e-01
5.175993428565561771e-01
5.430166320875287056e-01
3.671962439548224211e-01
4.925647149793803692e-01
5.354066139552742243e-01
5.541866801213473082e-01
4.438261010218411684e-01
5.277102859690785408e-01
3.910551769658923149e-01
4.815475740469992161e-01
5.295029040426015854e-01
5.886357650160789490e-01
6.392579581588506699e-01
5.223282610531896353e-01
4.698553429916501045e-01
4.711670021060854197e-01
4.945133030414581299e-01
6.080941020045429468e-01
4.431028820108622313e-01
5.118438771460205317e-01
3.848612890578806400e-01
5.300804260186851025e-01
3.512506249826401472e-01
5.284338460769504309e-01
4.457263138610869646e-01
4.413529899902641773e-01
4.717514379881322384e-01
6.314410050399601460e-01
5.232876800000667572e-01
4.201824360061436892e-01
5.887689269147813320e-01
6.213341250550001860e-01
6.002415111288428307e-01
6.195635751355439425e-01
5.187308948952704668e-01
4.937980698887258768e-01
5.015774271450936794e-01
5.181553980801254511e-01
5.181427570059895515e-01
4.930175698827952147e-01
4.434720990248024464e-01
4.114324739202857018e-01
4.388833348639309406e-01
5.176046830601990223e-01
4.939292168710380793e-01
4.181735429447144270e-01
4.654250550083816051e-01
5.269052940420806408e-01
6.191896609961986542e-01
6.389546541031450033e-01
6.898746311198920012e-01
4.588991100899875164e-01
5.279201539233326912e-01
4.984947890043258667e-01
5.436462599318474531e-01
4.927204388659447432e-01
4.425163299310952425e-01
4.213244828861206770e-01
4.124348610639572144e-01
3.877733140252530575e-01
5.012440518476068974e-01
5.177483679726719856e-01
3.841882778797298670e-01
4.446008941158652306e-01
4.277118870522826910e-01
5.268530969042330980e-01
6.099190700333565474e-01
6.092709079384803772e-01
7.123149940744042397e-01
6.183874940034002066e-01
5.476358069572597742e-01
4.420123349409550428e-01
4.828976679127663374e-01
3.846886791288852692e-01
5.153636808972805738e-01
3.998724401462823153e-01
4.358028199058026075e-01
3.564033610746264458e-01
5.014450349844992161e-01
4.395557548850774765e-01
4.420525159221142530e-01
4.420207969378679991e-01
5.207509079482406378e-01
3.941920530050992966e-01
5.427029011771082878e-01
6.402457440271973610e-01
5.265523309353739023e-01
5.017554359510540962e-01
5.876674628816545010e-01
4.384742849506437778e-01
6.783650638535618782e-01
5.887444508261978626e-01
5.238188779912889004e-01
4.626567759551107883e-01
5.144287061411887407e-01
5.196483118925243616e-01
4.819239319767802954e-01
4.400682279374450445e-01
5.163858351297676563e-01
4.297145749442279339e-01
4.386962580028921366e-01
5.475809101480990648e-01
5.268247879575937986e-01
5.209592340979725122e-01
5.877945739775896072e-01
5.966748138889670372e-01
5.269502298906445503e-01
5.265662448946386576e-01
5.240043671801686287e-01
5.416529651265591383e-01
5.460050820838660002e-01
4.223328069783747196e-01
5.111358519643545151e-01
4.433545139618217945e-01
4.386071159970015287e-01
4.185652660671621561e-01
5.096896190661936998e-01
5.444621960632503033e-01
4.405664000660181046e-01
5.269726340193301439e-01
5.715368560049682856e-01
4.578442389611154795e-01
6.503137818071991205e-01
4.777671878691762686e-01
6.484806120861321688e-01
5.012768709566444159e-01
4.603200368583202362e-01
4.187317900359630585e-01
6.288976129144430161e-01
4.405688880942761898e-01
5.174462599679827690e-01
4.940767409279942513e-01
4.929528909269720316e-01
4.034691671840846539e-01
5.273122040089219809e-01
4.110504020936787128e-01
4.928266110364347696e-01
4.873571519274264574e-01
4.437809709925204515e-01
5.103022458497434855e-01
6.541908809449523687e-01
5.276600481010973454e-01
5.287852240726351738e-01
6.680895769968628883e-01
6.178578138351440430e-01
6.199007648974657059e-01
5.266232360154390335e-01
5.439566341228783131e-01
5.417239801026880741e-01
5.107860919088125229e-01
4.360203330870717764e-01
4.996607860084623098e-01
4.114806819707155228e-01
4.217613420914858580e-01
4.401784031651914120e-01
4.421773429494351149e-01
5.221617710776627064e-01
5.725156990811228752e-01
4.397969001438468695e-01
4.572825299110263586e-01
5.279659910593181849e-01
6.494369180873036385e-01
5.125322029925882816e-01
6.370462900958955288e-01
4.813467541243880987e-01
4.610618129372596741e-01
5.867243940010666847e-01
4.168581878766417503e-01
4.407362428028136492e-01
4.411674970760941505e-01
5.173971769399940968e-01
5.774099980480968952e-01
4.963435679674148560e-01
5.560684369411319494e-01
5.255917299073189497e-01
5.097303129732608795e-01
5.013728388585150242e-01
5.491165658459067345e-01
5.280075860209763050e-01
4.911216679029166698e-01
5.011573319789022207e-01
5.214233559090644121e-01
6.082361650187522173e-01
6.170112539548426867e-01
5.261183250695466995e-01
4.706596699543297291e-01
4.404097879305481911e-01
5.269136719871312380e-01
4.432294098660349846e-01
5.287031359039247036e-01
5.784351609181612730e-01
5.385447901207953691e-01
5.177664360962808132e-01
4.420523401349782944e-01
4.911226979456841946e-01
5.157971831504255533e-01
5.421957699581980705e-01
4.930909899994730949e-01
5.278304661624133587e-01
5.972357490099966526e-01
4.206498540006577969e-01
6.641285649966448545e-01
5.299879198428243399e-01
4.404578141402453184e-01
5.285706589929759502e-01
5.475259481463581324e-01
4.430909920483827591e-01
5.190949200186878443e-01
4.422756929416209459e-01
5.448167289141565561e-01
5.455873049795627594e-01
5.199196119792759418e-01
3.441405261401087046e-01
5.078021450899541378e-01
5.216961761470884085e-01
5.391073480714112520e-01
5.724177360534667969e-01
6.315010557882487774e-01
5.285941720940172672e-01
5.118482990656048059e-01
6.292012860067188740e-01
5.293666231445968151e-01
6.093060700222849846e-01
4.615745330229401588e-01
4.696891161147505045e-01
4.357569771818816662e-01
5.959527511149644852e-01
5.092887720093131065e-01
5.297248349525034428e-01
5.457150749862194061e-01
4.928439480718225241e-01
3.252120309043675661e-01
4.015135129448026419e-01
5.163091120775789022e-01
4.174226210452616215e-01
4.998472840525209904e-01
4.475860360544174910e-01
6.560458969324827194e-01
5.001830579712986946e-01
6.373688150197267532e-01
5.954922789242118597e-01
6.179487621411681175e-01
5.254034909885376692e-01
4.387174590956419706e-01
4.390089688822627068e-01
5.097941460553556681e-01
5.190625567920506001e-01
3.658657961059361696e-01
5.650426871143281460e-01
3.996075510513037443e-01
5.326166138984262943e-01
4.366887309588491917e-01
4.416701479349285364e-01
3.844985649921000004e-01
5.269428910687565804e-01
5.011715539731085300e-01
6.276845531538128853e-01
5.190876361448317766e-01
5.846214280463755131e-01
4.780298199038952589e-01
5.855843340978026390e-01
6.463585519231855869e-01
6.164410649798810482e-01
5.122938121203333139e-01
5.341687570326030254e-01
4.174695690162479877e-01
3.822742840275168419e-01
4.424852980300784111e-01
4.417540351860225201e-01
5.433754390105605125e-01
5.005594620015472174e-01
5.040518708992749453e-01
5.165570459794253111e-01
5.390654888469725847e-01
6.665397351607680321e-01
6.263643649872392416e-01
6.634448391851037741e-01
5.245222807861864567e-01
6.652566220145672560e-01
6.855662709567695856e-01
5.936444080434739590e-01
4.388779990840703249e-01
5.415239899884909391e-01
5.170229261275380850e-01
4.008825561031699181e-01
4.415044339839369059e-01
4.104376998730003834e-01
5.515819850843399763e-01
5.156492171809077263e-01
3.843325118068605661e-01
5.076432500500231981e-01
5.061222191434353590e-01
3.679960488807410002e-01
5.234911758452653885e-01
5.257416469976305962e-01
5.904241979587823153e-01
5.005851299501955509e-01
5.998446887824684381e-01
6.351791319902986288e-01
5.254106908105313778e-01
6.397913750261068344e-01
5.847029539290815592e-01
4.918603990226984024e-01
4.420659400057047606e-01
5.122843789868056774e-01
5.103485239669680595e-01
4.988863649778068066e-01
4.835656089708209038e-01
4.873103180434554815e-01
4.416757801081985235e-01
2.984011068474501371e-01
4.281735029071569443e-01
6.667484531644731760e-01
6.157256569713354111e-01
6.369908300694078207e-01
6.341461071278899908e-01
6.445361848454922438e-01
4.570278141181915998e-01
5.076841199770569801e-01
4.198646750301122665e-01
5.179960269015282393e-01
4.994382951408624649e-01
5.237650389317423105e-01
4.881182529497891665e-01
4.082907598931342363e-01
4.335226879920810461e-01
3.647748720832169056e-01
4.801164988894015551e-01
4.432894620113074780e-01
5.776072249282151461e-01
4.429812990128993988e-01
3.937407799530774355e-01
5.704375989735126495e-01
4.690499308053404093e-01
6.488146039191633463e-01
5.253847739659249783e-01
5.845475569367408752e-01
5.244804441463202238e-01
6.331597210373729467e-01
6.007542561274021864e-01
4.911594251170754433e-01
4.437921310309320688e-01
4.738929211162030697e-01
4.432792188599705696e-01
3.430308171082288027e-01
3.875464410521090031e-01
4.381645240355283022e-01
5.433309259824454784e-01
5.584748559631407261e-01
5.081810210831463337e-01
4.926223931834101677e-01
6.055287290364503860e-01
4.897899751085788012e-01
5.212239059619605541e-01
4.384714700281620026e-01
6.280621581245213747e-01
6.467333508189767599e-01
5.194148838054388762e-01
5.268395300954580307e-01
4.407134870998561382e-01
5.371181240770965815e-01
4.031028649769723415e-01
4.094083891250193119e-01
3.763161438982933760e-01
5.066744070500135422e-01
3.849339720327407122e-01
5.110281028319150209e-01
4.202070320025086403e-01
4.914373590145260096e-01
3.724927520379424095e-01
6.042637191712856293e-01
6.668838490732014179e-01
5.648749461397528648e-01
6.262497880961745977e-01
5.855803599115461111e-01
5.223867979366332293e-01
5.196124890353530645e-01
4.375995090231299400e-01
5.072341100312769413e-01
5.426101400516927242e-01
5.304305918980389833e-01
4.111777360085397959e-01
3.846244378946721554e-01
4.358662350568920374e-01
4.357513559516519308e-01
5.243037170730531216e-01
5.288369499612599611e-01
4.414059899281710386e-01
4.397430869285017252e-01
5.870226819533854723e-01
4.186600830871611834e-01
5.249100190121680498e-01
6.285252480302006006e-01
6.456668891478329897e-01
5.847063991241157055e-01
6.267955971416085958e-01
5.002307710237801075e-01
4.078435630071908236e-01
5.574518200010061264e-01
4.915515179745852947e-01
5.263534660916775465e-01
4.220943329855799675e-01
5.191305200569331646e-01
4.145479639992117882e-01
5.521175160538405180e-01
5.927605289034545422e-01
3.843420050106942654e-01
5.829060329124331474e-01
6.588376581203192472e-01
6.755603230558335781e-01
6.163369019050151110e-01
5.267020508181303740e-01
6.271396270021796227e-01
6.494763810187578201e-01
5.170214890968054533e-01
4.846589961089193821e-01
4.419277140405029058e-01
4.153180711437016726e-01
5.181317429523915052e-01
4.376725449692457914e-01
5.353789979126304388e-01
3.940812959335744381e-01
4.402196770533919334e-01
4.379929890856146812e-01
5.588213019073009491e-01
4.913606091868132353e-01
3.738452289253473282e-01
5.244926679879426956e-01
4.801684848498553038e-01
4.157809410244226456e-01
5.861516380682587624e-01
5.246704870369285345e-01
5.265423557721078396e-01
4.266775040887296200e-01
3.671321440488100052e-01
5.099846199154853821e-01
4.398287900257855654e-01
5.420300811529159546e-01
5.158525120932608843e-01
3.996767511125653982e-01
5.487917279824614525e-01
4.378081180620938540e-01
5.147642248775810003e-01
4.915131928864866495e-01
5.271365391090512276e-01
7.082340468186885118e-01
4.372356170788407326e-01
5.964789120480418205e-01
5.256167778279632330e-01
4.891068970318883657e-01
5.000250008888542652e-01
4.480847639497369528e-01
5.127739009913057089e-01
5.513894890900701284e-01
5.011770268902182579e-01
4.418550210539251566e-01
5.268377230968326330e-01
5.183957968838512897e-01
5.013156579807400703e-01
4.109011390246450901e-01
4.393453248776495457e-01
4.428998169023543596e-01
5.175261539407074451e-01
4.421539760660380125e-01
4.403298629913479090e-01
5.446818268392235041e-01
4.681504408363252878e-01
5.257650720886886120e-01
5.207073320634663105e-01
6.266375139821320772e-01
6.266583730466663837e-01
5.250317880418151617e-01
4.573094369843602180e-01
3.835354521870613098e-01
5.255677900277078152e-01
5.433428569231182337e-01
5.170396438334137201e-01
5.264776439871639013e-01
5.256963591091334820e-01
4.930111609864979982e-01
5.165271579753607512e-01
3.885150568094104528e-01
4.194151090923696756e-01
6.831004440318793058e-01
5.764000900089740753e-01
5.260925930924713612e-01
5.952168379444628954e-01
5.202328220475465059e-01
5.755911460146307945e-01
4.774116629268974066e-01
3.451242649462074041e-01
3.580893289763480425e-01
4.392108600586652756e-01
4.380727619864046574e-01
4.372830421198159456e-01
5.461830240674316883e-01
5.171535129193216562e-01
5.471034180372953415e-01
4.913216230925172567e-01
5.084454759489744902e-01
4.214338369201868773e-01
3.698866858612746000e-01
3.669810099527239799e-01
4.112655660137534142e-01
4.821874860208481550e-01
4.473167310934513807e-01
6.061086838599294424e-01
4.896130179986357689e-01
5.880590821616351604e-01
5.768217579461634159e-01
4.903686861507594585e-01
6.344143659807741642e-01
4.191842800937592983e-01
4.434137649368494749e-01
5.117074940353631973e-01
4.440951249562203884e-01
5.171217268798500299e-01
4.931493618059903383e-01
4.402703768573701382e-01
4.409412019886076450e-01
5.615344760008156300e-01
5.074443961493670940e-01
5.966691849753260612e-01
5.253609879873692989e-01
4.381137981545180082e-01
6.265197962056845427e-01
5.206026427913457155e-01
6.066614598967134953e-01
5.969428280368447304e-01
5.327587369829416275e-01
3.836843620520085096e-01
5.249383971095085144e-01
4.407780820038169622e-01
4.019614791031926870e-01
4.366681040264666080e-01
5.090084560215473175e-01
4.026628329884260893e-01
4.369533730205148458e-01
3.927239540498703718e-01
4.384312250185757875e-01
5.490628499537706375e-01
6.156785800121724606e-01
5.235856720246374607e-01
5.255354649852961302e-01
5.955162211321294308e-01
5.203266839962452650e-01
4.987762821838259697e-01
4.265395479742437601e-01
5.506628369912505150e-01
4.414009340107440948e-01
4.431475440505892038e-01
4.942703139968216419e-01
4.424721999093890190e-01
5.015137200243771076e-01
5.236625319812446833e-01
4.370471299625933170e-01
4.431861760094761848e-01
3.951615048572421074e-01
5.456211320124566555e-01
5.036083189770579338e-01
6.071228429209440947e-01
4.083483230788260698e-01
5.962503650225698948e-01
6.075890981592237949e-01
6.573418090119957924e-01
5.257519891019910574e-01
6.798760248348116875e-01
4.026006490457803011e-01
5.353426830843091011e-01
3.441555900499224663e-01
5.159233890008181334e-01
4.084243120159953833e-01
5.445428569801151752e-01
5.798743630293756723e-01
5.259900060482323170e-01
4.740107329562306404e-01
5.339367191772907972e-01
4.350799270905554295e-01
4.966835610102862120e-01
5.098565621301531792e-01
6.065104790031909943e-01
4.279096198733896017e-01
5.858015909325331450e-01
6.065352209843695164e-01
6.157912169583141804e-01
5.827674369793385267e-01
4.429257779847830534e-01
4.389405159745365381e-01
4.997153319418430328e-01
4.399745450355112553e-01
4.426743569783866405e-01
4.398895229678601027e-01
4.412010139785706997e-01
5.341103989630937576e-01
4.407663729507476091e-01
5.240490532014518976e-01
3.490992558654397726e-01
3.912855240050703287e-01
5.864086588844656944e-01
4.897591888438910246e-01
5.251623999793082476e-01
4.998544431291520596e-01
6.769576969090849161e-01
5.956318581011146307e-01
4.570049471221864223e-01
4.399928429629653692e-01
4.369824728928506374e-01
5.006512079853564501e-01
3.747812840156257153e-01
4.262646830175071955e-01
4.922047480940818787e-01
4.446633851621299982e-01
5.304573248140513897e-01
5.462463730946183205e-01
4.117596591822803020e-01
4.298117009457200766e-01
6.072986130602657795e-01
5.233873031102120876e-01
5.326115139760077000e-01
5.210342148784548044e-01
5.312059149146080017e-01
5.742208489682525396e-01
4.019772349856793880e-01
5.103849479928612709e-01
5.031795711256563663e-01
5.330414890777319670e-01
4.449074480216950178e-01
3.765580030158162117e-01
5.465641270857304335e-01
4.422286502085626125e-01
5.043488608207553625e-01
5.242352879140526056e-01
4.189189169555902481e-01
5.078990529291331768e-01
5.418658861890435219e-01
6.388190030120313168e-01
5.284477409441024065e-01
5.265230711083859205e-01
4.707059881184250116e-01
4.183889010455459356e-01
6.087695378810167313e-01
5.032453150488436222e-01
4.019835619255900383e-01
3.936889441683888435e-01
5.279502801131457090e-01
3.356324911583214998e-01
5.260497350245714188e-01
5.691665348131209612e-01
3.673162981867790222e-01
4.040715070441365242e-01
5.199026660993695259e-01
4.431599499657750130e-01
6.168861479964107275e-01
6.576176709495484829e-01
5.858206420671194792e-01
6.055551411118358374e-01
5.660592662170529366e-01
6.438981939572840929e-01
6.062629099469631910e-01
4.596305079758167267e-01
5.281059578992426395e-01
4.290264612063765526e-01
4.949271408841013908e-01
5.059850730467587709e-01
4.400572399608790874e-01
5.267826300114393234e-01
4.364704689942300320e-01
5.243144452106207609e-01
5.787482110317796469e-01
5.271960510872304440e-01
4.916716110892593861e-01
4.916360171046108007e-01
4.982802290469408035e-01
5.940627988893538713e-01
5.250732949934899807e-01
6.237161061726510525e-01
4.158987340051680803e-01
5.242866650223731995e-01
6.454451840836554766e-01
5.487570560071617365e-01
4.988501449115574360e-01
5.266627089586108923e-01
4.383707649540156126e-01
5.015212828293442726e-01
4.380974429659545422e-01
5.255164131522178650e-01
4.400474259164184332e-01
5.096933150198310614e-01
4.400155018083751202e-01
5.910388221964240074e-01
5.244623699691146612e-01
6.170475329272449017e-01
6.267327221576124430e-01
5.105110949371010065e-01
6.486101129557937384e-01
6.782168729696422815e-01
6.218449249863624573e-01
4.194676149636507034e-01
5.348843971733003855e-01
3.431009608320891857e-01
4.741820439230650663e-01
5.112691759131848812e-01
5.278409328311681747e-01
5.424570532049983740e-01
5.435441310983151197e-01
4.917222149670124054e-01
5.197124830447137356e-01
4.315142869018018246e-01
5.448829310480505228e-01
5.410954800900071859e-01
6.259878280106931925e-01
5.267456010915338993e-01
4.572983880061656237e-01
5.854566509369760752e-01
5.182008440606296062e-01
4.792101730126887560e-01
5.087298890575766563e-01
4.420980550348758698e-01
5.183070341590791941e-01
5.005111428909003735e-01
4.404294220730662346e-01
4.181565528269857168e-01
4.019402079284191132e-01
5.267615839838981628e-01
4.906242578290402889e-01
4.762054060120135546e-01
4.286168338730931282e-01
4.764397498220205307e-01
4.353816420771181583e-01
5.751566828694194555e-01
4.569552610628306866e-01
5.248100720345973969e-01
5.968287358991801739e-01
5.198720409534871578e-01
5.752753859851509333e-01
6.579553140327334404e-01
4.907782808877527714e-01
4.441204590257257223e-01
3.707862878218293190e-01
5.778236209880560637e-01
3.401705319993197918e-01
4.387936079874634743e-01
5.800623260438442230e-01
5.176759900059551001e-01
4.929708319250494242e-01
5.004643909633159637e-01
5.333930440247058868e-01
5.299255549907684326e-01
5.139191709458827972e-01
4.893921078182756901e-01
6.067865130025893450e-01
5.214151060208678246e-01
4.688265558797866106e-01
5.866849031299352646e-01
6.366026340983808041e-01
4.543293227907270193e-01
4.412965369410812855e-01
5.352930461522191763e-01
4.016734589822590351e-01
4.926950000226497650e-01
4.382567761931568384e-01
4.980653629172593355e-01
4.404683250468224287e-01
4.985373008530586958e-01
4.422451339196413755e-01
5.101287590805441141e-01
4.830236400011926889e-01
4.635221092030405998e-01
6.369374170899391174e-01
6.665330030955374241e-01
6.465359299909323454e-01
6.383474289905279875e-01
5.256673919502645731e-01
5.861314549110829830e-01
5.160883259959518909e-01
4.922053709160536528e-01
4.993615050334483385e-01
4.394606808200478554e-01
3.490463260095566511e-01
3.418493559584021568e-01
3.576031178236007690e-01
4.882891848683357239e-01
5.229930500499904156e-01
5.546379520092159510e-01
5.426680848468095064e-01
5.079559730365872383e-01
5.245947311632335186e-01
6.254706960171461105e-01
5.656502831261605024e-01
5.965977711603045464e-01
5.641328569035977125e-01
6.275244210846722126e-01
6.262619479093700647e-01
4.355861479416489601e-01
5.239387000910937786e-01
5.675147979054600000e-01
4.820507760159671307e-01
4.337918779347091913e-01
4.400363760069012642e-01
4.418907100334763527e-01
4.894207431934773922e-01
4.830970740877091885e-01
4.849366031121462584e-01
5.244183300528675318e-01
5.753982970491051674e-01
5.258136300835758448e-01
5.269855749793350697e-01
5.266485039610415697e-01
6.359820689540356398e-01
6.115981859620660543e-01
4.388584548141807318e-01
3.938533628825098276e-01
4.277102730702608824e-01
4.400810080114752054e-01
4.036743671167641878e-01
4.195803219918161631e-01
4.399706271942704916e-01
4.992428130935877562e-01
4.296544399112462997e-01
5.475059680175036192e-01
4.444472969043999910e-01
4.197824490256607533e-01
4.572477610781788826e-01
5.209197369404137135e-01
5.258285030722618103e-01
5.760267600417137146e-01
4.987327950075268745e-01
5.211370789911597967e-01
4.473095589783042669e-01
4.990775820333510637e-01
5.413481718860566616e-01
4.385794771369546652e-01
3.922704539727419615e-01
4.396285070106387138e-01
4.283515829592943192e-01
5.332473320886492729e-01
4.942414399702101946e-01
5.251541261095553637e-01
5.700789999682456255e-01
4.921578560024499893e-01
5.209473958238959312e-01
6.481965321581810713e-01
5.870975968427956104e-01
5.268027950078248978e-01
6.289494091179221869e-01
5.877899820916354656e-01
4.801789289340376854e-01
4.585614879615604877e-01
4.470066151116043329e-01
5.624147800263017416e-01
4.918931131251156330e-01
3.682671971619129181e-01
5.181080668698996305e-01
4.277773511130362749e-01
4.908117540180683136e-01
4.980886289849877357e-01
5.345250209793448448e-01
4.408118969295173883e-01
5.003888139035552740e-01
3.833549991250038147e-01
5.750967999920248985e-01
6.065414228942245245e-01
6.175957049708813429e-01
5.095163220539689064e-01
4.475086510647088289e-01
5.954880760982632637e-01
5.265728710219264030e-01
4.916912119369953871e-01
3.663967510219663382e-01
5.011504520662128925e-01
3.480741209350526333e-01
4.265909329988062382e-01
4.154161280021071434e-01
4.014325910247862339e-01
5.306323431432247162e-01
3.400064071174710989e-01
4.361159109976142645e-01
3.666582249570637941e-01
4.205355099402368069e-01
4.348638469818979502e-01
4.370714160613715649e-01
6.878800068516284227e-01
6.480782909784466028e-01
5.260188800748437643e-01
4.890015549026429653e-01
4.902232040185481310e-01
5.850555540528148413e-01
6.254101449158042669e-01
4.826117258053272963e-01
5.438532158732414246e-01
4.121201171074062586e-01
4.841623720712959766e-01
4.418938620947301388e-01
4.431424529757350683e-01
5.291539900936186314e-01
5.447799318935722113e-01
4.395008860155940056e-01
4.034261540509760380e-01
3.856364530511200428e-01
5.241050210315734148e-01
4.468936731573194265e-01
6.263386828359216452e-01
5.241931860800832510e-01
5.245354459621012211e-01
4.575072601437568665e-01
4.979886270593851805e-01
5.325649741571396589e-01
4.409312859643250704e-01
5.086587441619485617e-01
5.875925349537283182e-01
4.999951350037008524e-01
4.258891178760677576e-01
3.833352259825915098e-01
3.294326229952275753e-01
4.893246169667690992e-01
4.428493371233344078e-01
5.287544049788266420e-01
4.102703570388257504e-01
5.354265959467738867e-01
6.158889669459313154e-01
4.796837859321385622e-01
5.249583439435809851e-01
5.266611680854111910e-01
6.560895619913935661e-01
5.255180438980460167e-01
5.174413658678531647e-01
4.855958248954266310e-01
3.572857901453971863e-01
4.395608690101653337e-01
4.395603421144187450e-01
4.090989481192082167e-01
5.325729490723460913e-01
5.726205359678715467e-01
4.402102550957351923e-01
5.162363420240581036e-01
5.440811680164188147e-01
5.198837767820805311e-01
3.863760589156299829e-01
5.207355548627674580e-01
5.267672429326921701e-01
4.476181080099195242e-01
5.201856321655213833e-01
5.657113261986523867e-01
4.788992151152342558e-01
5.217090591322630644e-01
6.088689169846475124e-01
4.404048151336610317e-01
5.632591689936816692e-01
4.340865430422127247e-01
5.158820271026343107e-01
4.996040188707411289e-01
4.412294840440154076e-01
4.294273548293858767e-01
5.215940850321203470e-01
5.123497690074145794e-01
4.431913429871201515e-01
5.284408840816468000e-01
5.250132160726934671e-01
6.260316048283129930e-01
4.380128430202603340e-01
6.979066471103578806e-01
5.861323080025613308e-01
4.575057271867990494e-01
6.573544701095670462e-01
5.877152450848370790e-01
5.448108550626784563e-01
4.317243860568851233e-01
4.378750610630959272e-01
5.260045540053397417e-01
4.207444379571825266e-01
4.216937089804559946e-01
5.458511589094996452e-01
5.378981821704655886e-01
3.604791020043194294e-01
3.583678510040044785e-01
4.991342029534280300e-01
5.806992880534380674e-01
5.258563570678234100e-01
5.218185328412801027e-01
6.070032790303230286e-01
5.101965181529521942e-01
4.260588560719043016e-01
5.846010420937091112e-01
5.194686041213572025e-01
5.745236510410904884e-01
4.899711320176720619e-01
4.105944060720503330e-01
5.265759620815515518e-01
4.112994449678808451e-01
5.546060020569711924e-01
4.361953518819063902e-01
5.435816789977252483e-01
5.280010318383574486e-01
3.852928120177239180e-01
5.272271740250289440e-01
5.348245159257203341e-01
5.866506979800760746e-01
4.295954860281199217e-01
4.400270858313888311e-01
5.265683010220527649e-01
4.167206231504678726e-01
6.162599520757794380e-01
5.244646328501403332e-01
5.843891000840812922e-01
4.407906180713325739e-01
4.397032819688320160e-01
5.082541680894792080e-01
5.245729018934071064e-01
5.513765881769359112e-01
4.382850618567317724e-01
4.369858568534255028e-01
4.403026970103383064e-01
3.914923300035297871e-01
4.399385240394622087e-01
5.339543668087571859e-01
5.208578840829432011e-01
6.044385409913957119e-01
5.230893369298428297e-01
5.259288540109992027e-01
5.106808340642601252e-01
5.257198349572718143e-01
6.274822121486067772e-01
5.076675359159708023e-01
5.005469638854265213e-01
4.072288260795176029e-01
4.384925600606948137e-01
3.935072741005569696e-01
4.894139789976179600e-01
4.256847749929875135e-01
4.377218920271843672e-01
4.394135209731757641e-01
3.642935559619218111e-01
4.976196209900081158e-01
5.640969811938703060e-01
4.341888381168246269e-01
5.202307710424065590e-01
4.400692591443657875e-01
6.368978770915418863e-01
4.271266709547489882e-01
4.373318129219114780e-01
4.273764281533658504e-01
4.403782591689378023e-01
4.417571399826556444e-01
5.015949159860610962e-01
5.295757208950817585e-01
5.186340990476310253e-01
4.443683300632983446e-01
4.407467339187860489e-01
5.423529529944062233e-01
3.745307771023362875e-01
4.278553840704262257e-01
4.410165150184184313e-01
5.098282508552074432e-01
4.693828190211206675e-01
5.277550220489501953e-01
5.222637350670993328e-01
5.095591370481997728e-01
5.272957740817219019e-01
5.265281749889254570e-01
5.992803939152508974e-01
4.976583700627088547e-01
3.309466182254254818e-01
4.382563950493931770e-01
4.889497749973088503e-01
4.346651087980717421e-01
4.216596570331603289e-01
5.430031581781804562e-01
4.996933590155094862e-01
5.534902960062026978e-01
4.350973810069262981e-01
5.329303769394755363e-01
5.092110629193484783e-01
5.863825699780136347e-01
4.274411920923739672e-01
4.574718298390507698e-01
6.461076750420033932e-01
6.264203209429979324e-01
6.155787340831011534e-01
4.790358988102525473e-01
5.088298791088163853e-01
5.196373229846358299e-01
4.423195919953286648e-01
4.913300189655274153e-01
5.426024929620325565e-01
5.059122971724718809e-01
4.332589909899979830e-01
5.231665689498186111e-01
4.209789130836725235e-01
3.672054971102625132e-01
5.168581029865890741e-01
3.573924119118601084e-01
4.388660890981554985e-01
6.070905809756368399e-01
6.073368040379136801e-01
6.568566788919270039e-01
6.578140440396964550e-01
4.999321980867534876e-01
6.176867708563804626e-01
6.059167578350752592e-01
5.263889499474316835e-01
5.606542818713933229e-01
4.381089590024203062e-01
4.887739871628582478e-01
4.354314489755779505e-01
4.426353699527680874e-01
4.949398830067366362e-01
4.365232279524207115e-01
4.343691070098429918e-01
4.367525880225002766e-01
6.569019618909806013e-01
6.055221140850335360e-01
6.580603490583598614e-01
5.258613789919763803e-01
5.858637129422277212e-01
6.056436640210449696e-01
5.268768470268696547e-01
5.781663800589740276e-01
4.411730470601469278e-01
4.399443869479000568e-01
4.420471030753105879e-01
4.429187700152397156e-01
5.093295928090810776e-01
4.404771591071039438e-01
3.829185368958860636e-01
3.851149659603834152e-01
5.262731988914310932e-01
4.394845778588205576e-01
4.996783200185745955e-01
4.412703909911215305e-01
4.432784589007496834e-01
5.119267269037663937e-01
5.256109819747507572e-01
5.266706389375030994e-01
5.959157329052686691e-01
5.267489850521087646e-01
6.055478178896009922e-01
5.654707818757742643e-01
6.423550441395491362e-01
3.665341669693589211e-01
4.909519508946686983e-01
4.271402780432254076e-01
5.444749419111758471e-01
4.462703350000083447e-01
3.339059760328382254e-01
3.657107839826494455e-01
5.353097841143608093e-01
4.488807078450918198e-01
4.893379919230937958e-01
4.425646348390728235e-01
5.748531580902636051e-01
5.313090442214161158e-01
4.574581189081072807e-01
5.062681918498128653e-01
6.055459480267018080e-01
4.427144040819257498e-01
5.324614290148019791e-01
5.138617898337543011e-01
4.834764960687607527e-01
2.967608869075775146e-01
4.278720531146973372e-01
4.434338230639696121e-01
4.394212148617953062e-01
4.383825319819152355e-01
4.366989231202751398e-01
4.242025997955352068e-01
3.670640601776540279e-01
3.994142001029103994e-01
4.691478018648922443e-01
4.374822729732841253e-01
4.383211648091673851e-01
4.482992091216146946e-01
4.368802339304238558e-01
4.587515469174832106e-01
5.093362270854413509e-01
4.897084911353886127e-01
4.084444181062281132e-01
5.396300759166479111e-01
4.821584490127861500e-01
4.340986621100455523e-01
5.136681818403303623e-01
4.263014050666242838e-01
5.080955040175467730e-01
5.187475760467350483e-01
4.402704520616680384e-01
4.269409680273383856e-01
5.404073100071400404e-01
6.489172650035470724e-01
5.215482478961348534e-01
4.587309518828988075e-01
4.462828349787741899e-01
5.962209580466151237e-01
4.409352350048720837e-01
5.178636580239981413e-01
4.380966320168226957e-01
5.156497801654040813e-01
4.342064000666141510e-01
4.440071580465883017e-01
4.421444970648735762e-01
5.036805379204452038e-01
4.363192759919911623e-01
4.933105539530515671e-01
5.238530091010034084e-01
4.379065569955855608e-01
3.876912989653646946e-01
4.415221279487013817e-01
6.560900739859789610e-01
4.991465928032994270e-01
6.255964790470898151e-01
5.080131189897656441e-01
4.478896318469196558e-01
4.999236480798572302e-01
5.889255609363317490e-01
4.418567910324782133e-01
4.102418851107358932e-01
3.684170818887650967e-01
4.612341460306197405e-01
4.930976859759539366e-01
5.068855988793075085e-01
5.914012570865452290e-01
5.257440838031470776e-01
5.079702839720994234e-01
5.176961971446871758e-01
6.484064229298382998e-01
4.415177931077778339e-01
6.144209839403629303e-01
4.532885169610381126e-01
5.033581799361854792e-01
5.276724689174443483e-01
4.594077977817505598e-01
4.879298780579119921e-01
4.989097989164292812e-01
4.027355459984391928e-01
4.451023971196264029e-01
5.185732680838555098e-01
4.437453669961541891e-01
4.390614379663020372e-01
5.021243051160126925e-01
4.406991929281502962e-01
4.389691031537950039e-01
4.212790240999311209e-01
5.051429381128400564e-01
4.812688061501830816e-01
5.993141089566051960e-01
6.274197411257773638e-01
5.201364869717508554e-01
6.265581329353153706e-01
5.867232570890337229e-01
4.787069880403578281e-01
4.872534908354282379e-01
4.409536949824541807e-01
4.393353180494159460e-01
4.393118289299309254e-01
4.412721940316259861e-01
4.415761439595371485e-01
4.414913479704409838e-01
4.408372309990227222e-01
4.433803888969123363e-01
4.104567300528287888e-01
5.435067440848797560e-01
5.159395900554955006e-01
4.920533129479736090e-01
4.893145069945603609e-01
5.269370528403669596e-01
4.579277280718088150e-01
5.261923489160835743e-01
6.278818529099225998e-01
6.488030059263110161e-01
4.795956870075315237e-01
5.502183448988944292e-01
4.351307149045169353e-01
5.211017841938883066e-01
4.200753308832645416e-01
3.649968600366264582e-01
4.391491180285811424e-01
5.419332769233733416e-01
4.921462149359285831e-01
4.985710638575255871e-01
5.553902110550552607e-01
5.478319930844008923e-01
5.310908209066838026e-01
6.064867349341511726e-01
4.782196141313761473e-01
5.866917970124632120e-01
5.267802469898015261e-01
5.002205211203545332e-01
6.157408060971647501e-01
5.809570259880274534e-01
5.462332309689372778e-01
3.530530459247529507e-01
5.521581911016255617e-01
4.958462440408766270e-01
4.445503579918295145e-01
4.408323511015623808e-01
4.427537359297275543e-01
4.428408129606395960e-01
4.393560290336608887e-01
3.949788168538361788e-01
5.093279951252043247e-01
5.187706791330128908e-01
5.317046630661934614e-01
4.873032730538398027e-01
5.966132860630750656e-01
5.258375068660825491e-01
5.876649538986384869e-01
6.171460638288408518e-01
6.585094071924686432e-01
5.256953421048820019e-01
4.380340960342437029e-01
3.655629390850663185e-01
5.407268030103296041e-01
3.902158811688423157e-01
3.983782739378511906e-01
4.788809809833765030e-01
5.342679799068719149e-01
3.946477831341326237e-01
4.449374869000166655e-01
5.041684580501168966e-01
5.322919029276818037e-01
5.877067339606583118e-01
5.253688090015202761e-01
6.078243660740554333e-01
5.255338728893548250e-01
5.268206088803708553e-01
6.671714310068637133e-01
6.486516019795089960e-01
3.824767970945686102e-01
4.270493921358138323e-01
5.390120570082217455e-01
4.908497938886284828e-01
5.276054269634187222e-01
4.427950819954276085e-01
3.498118310235440731e-01
5.011533591896295547e-01
3.913628219161182642e-01
4.348460559267550707e-01
3.851176218595355749e-01
5.345115179661661386e-01
4.363721217960119247e-01
4.205729060340672731e-01
5.128112158272415400e-01
4.385581042151898146e-01
5.872956851962953806e-01
5.270474648568779230e-01
5.862872370053082705e-01
5.262698188889771700e-01
5.254984488710761070e-01
4.277062062174081802e-01
4.410434430465102196e-01
4.719482769723981619e-01
3.819367350079119205e-01
5.164117407985031605e-01
4.366502070333808661e-01
4.256798960268497467e-01
4.021226668264716864e-01
4.055899190716445446e-01
5.028165630064904690e-01
5.277517759241163731e-01
6.167003859300166368e-01
6.927384599111974239e-01
5.211660938803106546e-01
6.156025340314954519e-01
5.884239880833774805e-01
4.786721239797770977e-01
5.433407418895512819e-01
4.441828471608459949e-01
5.273625641129910946e-01
5.217661468777805567e-01
4.183850509580224752e-01
3.940046417992562056e-01
4.414722148794680834e-01
4.989156101364642382e-01
4.895574981346726418e-01
5.219766860827803612e-01
4.353851170744746923e-01
4.282491789199411869e-01
4.375347390305250883e-01
5.005708190146833658e-01
6.269702170975506306e-01
5.967141920700669289e-01
5.956339188851416111e-01
4.570656230207532644e-01
5.193832470104098320e-01
5.261981079820543528e-01
4.361835401505231857e-01
5.171843080315738916e-01
4.380461880937218666e-01
4.397470580879598856e-01
4.375830169301480055e-01
4.439503520261496305e-01
5.207574081141501665e-01
5.290800710208714008e-01
4.424320389516651630e-01
4.109211459290236235e-01
4.374961280263960361e-01
4.428477108012884855e-01
5.585231499280780554e-01
5.202794219367206097e-01
4.277583120856434107e-01
5.963558929506689310e-01
5.271582971327006817e-01
5.204171710647642612e-01
5.253116020467132330e-01
4.298218851909041405e-01
4.922624540049582720e-01
4.420811899472028017e-01
4.389965939335525036e-01
5.106306548696011305e-01
5.481935760471969843e-01
5.904131100978702307e-01
4.665650068782269955e-01
5.683237048797309399e-01
4.704579710960388184e-01
5.669922681991010904e-01
4.771881778724491596e-01
6.254588640294969082e-01
6.694505929481238127e-01
5.725338158663362265e-01
5.308983768336474895e-01
5.660605218727141619e-01
5.713881091214716434e-01
