1.179665998186730635e-03
9.439367838588995927e-04
3.868017527189682604e-03
6.355271680318260938e-03
7.219265331843277567e-03
2.335043113104230163e-03
1.025386594582102613e-03
7.717647662667214727e-03
1.106448087776393252e-03
5.363020651776770169e-03
1.830382769000014247e-03
6.054035837688157701e-03
4.378758577353487891e-03
1.971748036198462360e-03
5.787358812789510434e-03
2.320767599395208436e-03
3.679362897039208796e-03
5.945075150273326087e-03
3.668209347370119180e-03
6.744762140959011457e-03
2.212412779677432832e-03
2.621017784863661267e-03
1.283528981873581064e-03
1.288858833992436673e-03
8.514683729355433141e-04
8.207760878345159768e-04
8.621852279500275733e-04
6.966801875494177052e-03
5.235901389507242702e-03
6.602088166104977743e-03
5.806633339853162386e-03
6.289649858377646327e-03
3.233136465949789339e-03
7.107009347597372829e-03
2.136129344262674423e-03
1.222978884072766816e-03
1.237213129685231982e-03
1.096968968028051413e-03
1.266655663721212100e-03
2.012135896016088547e-03
7.816580243915146817e-03
9.425314535083684784e-04
6.203534065117984053e-03
6.065521558021769351e-03
2.239139885792383686e-03
2.458086903818484416e-03
4.673564363790069960e-03
4.659277175367774852e-03
4.561581127004675322e-03
3.475005624103688195e-03
8.456024499787589922e-04
4.303034263423361101e-03
5.048132770379818411e-03
6.831677820369730890e-03
1.053887741832203401e-03
4.253241336231775548e-03
4.668479565107900263e-03
1.194404216541954762e-03
4.922702365680636967e-03
5.468807567482952131e-03
1.392734247106533658e-03
4.970458719754198597e-03
4.117772760697083895e-03
9.324703090103813241e-04
7.222868526856410405e-03
9.496290429093390707e-04
4.299992681032445592e-03
4.601556398311471181e-03
1.052078045494568093e-03
9.471422963522025361e-04
5.353786097782133220e-03
2.156726559488250736e-03
1.547786064801065552e-03
2.286026261568235417e-03
2.528785213364378223e-03
4.828848237236485832e-03
2.348708530978741143e-03
9.073055240969562238e-04
7.194416094653135509e-03
6.110820475279690051e-03
3.258090892728535137e-03
2.460268042225930481e-03
2.123399063837776851e-03
3.227046136370179379e-03
1.854144483596408422e-03
2.162232208067401459e-03
4.101019093314256514e-03
7.294472303834503325e-03
1.243743422840502474e-03
7.628304790900704985e-03
2.415062340439800420e-03
9.299707840771491429e-04
5.620337639088190777e-03
4.479302130004659925e-03
1.576022363833497241e-03
1.993069587029978537e-03
6.771690770341480189e-03
5.985334698930901143e-03
3.960848715938521461e-03
3.269689422645757470e-03
1.855266002766145549e-03
1.753427354788196762e-03
7.040582907818228667e-03
2.868329478104175798e-03
5.537084947772477964e-03
7.808447435538109528e-03
3.097102217967986990e-03
2.108950604105773279e-03
3.783094014379503964e-03
6.475765037542575465e-03
1.204328042451957483e-03
2.543164143517216876e-03
4.369655589939553005e-03
3.708798505489222224e-03
1.068082169461697208e-03
6.272037133499051495e-03
3.150839422074020596e-03
5.049663497884398881e-03
1.826922436589457433e-03
6.009910403867176933e-03
1.697341326357378836e-03
5.024764483551115955e-03
1.435029995108387394e-03
1.787677093789281349e-03
5.139735506051482279e-03
9.991513839621539439e-03
5.705323935670829003e-03
5.298114749687893830e-03
5.709062900784545036e-03
1.397520561555262329e-03
2.568756917916783546e-03
5.256091380693517570e-03
4.901144850468525105e-03
5.510043240262848738e-03
6.743155559695819881e-03
5.111071365397538632e-03
7.007079605499275977e-03
4.162789259489702368e-03
2.536809675056338198e-03
1.176036680404862539e-03
6.891949352534847313e-03
1.941090737628306225e-03
5.541030896214484310e-03
1.750201065205454374e-03
4.531312507392730275e-03
5.921108713206587118e-03
5.505189263655104435e-03
1.677123693867930976e-03
7.759457652428559081e-03
6.477965746184856551e-03
1.755746451090509650e-03
5.656512408627373083e-03
4.115149340589054593e-03
5.871866186377103745e-03
9.866364721163492068e-04
3.701561503250342354e-03
4.952379265045694402e-03
3.739857728945022910e-03
3.835090826828299604e-03
1.998168771587810824e-03
2.284500642600872759e-03
6.964617426078209377e-03
1.038232721557192945e-03
1.603389801937235137e-03
8.495615405285156978e-04
3.185388470692676176e-03
3.008400682022020507e-03
1.147594862061977403e-03
1.724230844805228584e-03
1.218074051022084107e-03
1.684486859841564715e-03
2.103166743813032931e-03
5.368213697069647815e-03
6.392539492262836430e-03
5.208581021510303409e-03
2.989880549669381507e-03
7.307296709416003823e-03
6.514467268078335919e-03
2.319327663879655610e-03
3.087973989462500582e-03
6.165372265833415737e-03
2.776303290855388749e-03
1.189716580048155725e-03
4.813840854184081759e-03
5.508461364016651110e-03
1.545705069685232060e-03
2.443274988907346689e-03
6.121660919139390589e-03
1.417226823911921924e-03
2.492481224735610713e-03
3.213824153767544812e-03
8.757956271490724334e-04
8.503370439782094751e-04
1.132827726129917141e-03
4.874321978806273915e-03
3.644574829030927925e-03
3.502896508986021000e-03
5.317146682835925849e-03
1.383069121358034958e-03
1.873606181444876367e-03
4.457760640159702872e-03
9.531773544741397501e-04
4.480656571039373301e-03
5.520297814062219942e-03
7.418353898221967217e-03
3.617695055151335520e-03
5.910426343626640905e-03
6.969424429306655434e-03
2.418629295983664058e-03
2.283252787337959090e-03
1.420190180522424043e-03
3.097826997914987762e-03
1.918759158347793344e-03
1.082148156436580060e-03
1.659282724049012357e-03
3.708924830008987050e-03
4.842112093357506600e-03
6.502309980565664643e-03
2.136002975330060331e-03
3.962611798825095913e-03
1.308788585648653453e-03
3.688625194887505936e-03
5.903160257007460630e-03
1.304439787855398878e-03
4.773108040823943049e-03
4.593577389872716306e-03
4.086768211232790979e-03
6.455061878572576455e-03
4.350617911423009312e-03
8.457255916328560667e-04
4.488498090340200218e-03
3.950053781740948261e-03
8.360128759635303535e-04
6.088517186382559447e-03
5.112737523728119043e-03
1.351381353875389952e-03
2.568272982934107287e-03
2.540137490478778723e-03
7.017967763803804014e-03
1.242451306924357559e-03
7.781796974872913844e-03
2.573184190258452284e-03
2.131698601049124980e-03
1.989500132455774162e-03
2.842013083424926694e-03
2.844452176242027400e-03
1.133184523773367531e-03
3.322637831771820503e-03
4.403220250162181125e-03
4.670924195776920626e-03
5.765260760622690182e-03
5.839025477071409578e-03
4.813764710417035853e-03
1.367149191236070828e-03
1.776300756781699778e-03
2.393224888645292120e-03
7.496307061244077315e-03
1.100553297830698246e-03
5.424435549903636536e-03
7.093092992068868521e-03
5.205705468306363014e-03
4.026278910970166811e-03
5.048914516456846739e-03
1.616618107595013632e-03
4.293708260183270141e-03
8.051858667371061687e-04
2.025540138488378470e-03
5.005556362752345938e-03
7.171841575654796380e-03
1.681828095691710861e-03
5.978817538634389681e-03
7.197767812684993834e-03
4.952449799364495864e-03
2.601332960411490390e-03
5.734001284520440049e-03
1.320126722673760702e-03
8.467047631642086840e-04
1.196424926401532928e-03
3.420097250592996421e-03
2.238367914487300343e-03
1.435117950838277765e-03
1.883465571413726414e-03
6.653929669190089026e-03
1.177146656231306933e-03
9.726575505430934626e-04
1.690515281518611013e-03
4.331609965364945254e-03
5.483875489585841520e-03
5.744281812677596612e-03
5.382953568009575356e-03
8.563522660394468772e-04
2.396072618963147622e-03
4.752477469666379316e-03
6.937437271027626848e-03
4.261681653077732321e-03
3.971109952992908122e-03
7.690104890050003007e-03
3.945180415605415054e-03
1.618937645239262825e-03
1.360609154349206196e-03
5.532158324204914344e-03
4.873349806550069697e-03
6.068493289199908269e-03
4.917388601192962568e-03
9.688906456160917583e-04
4.537040988966855454e-03
1.173888066759964845e-03
7.305678596014815104e-03
2.188647758454400141e-03
5.170248721243766651e-03
1.379809314118922350e-03
1.021237753697613578e-03
3.034799927639751822e-03
6.380822292805067922e-03
2.830852585761170492e-03
2.434044622768398707e-03
4.118900693704532177e-03
5.176029961118767432e-03
7.548177014844490752e-03
1.770670164686657120e-03
1.284010079068329284e-03
5.488097852630009071e-03
6.082451566315044342e-03
4.336786649597984371e-03
3.629959775236327700e-03
3.986016583907830285e-03
6.061851041052291819e-03
2.723734530750432977e-03
1.540308823184011406e-03
2.728572094033736815e-03
5.998104304432747003e-03
8.728071499122171551e-04
9.553380067226478495e-04
1.723332690629719808e-03
1.890569737990032730e-03
3.980017038782442292e-03
3.562937741331693043e-03
2.967821532004348822e-03
4.936313601146028254e-03
4.477108187995672457e-03
8.749723831991943921e-04
5.926743044572208713e-03
2.474004388785382060e-03
2.581843295120351666e-03
2.129642569085924819e-03
4.673831974604430832e-03
5.088642847542642830e-03
1.085057925034138863e-03
6.274800838585449861e-03
5.384468775070335930e-03
8.335704252502077177e-04
1.440050910404028651e-03
6.343699872110480573e-03
7.997007129134812639e-03
1.091992970862147149e-03
3.855615162454857463e-03
6.054495634753367071e-03
1.797381804818067247e-03
1.124077193199398989e-03
7.242604052599713356e-03
1.341385048729203458e-03
6.249869786073079803e-03
3.634831563263740597e-03
1.347422135916847468e-03
5.294515778023316417e-03
1.456279600808273351e-03
1.007105821735512644e-03
2.005786480515229456e-03
5.860280140343747737e-03
1.698571175231859036e-03
6.160527372622458774e-03
5.426538197036732264e-03
4.884335343700381589e-03
5.847010362873392500e-03
2.207652141543278886e-03
4.713737995969908071e-03
5.062859285589415247e-03
4.543518257350454177e-03
8.999508214653180460e-03
5.571934266603207134e-03
1.974900749270450725e-03
7.574312049103530849e-03
3.471405342368832827e-03
4.304466495289099512e-03
7.324401253225794849e-03
4.797315684030586426e-03
1.509042647740693483e-03
8.238166062556074578e-04
3.233500960602215223e-03
1.161020580137465865e-03
3.904477450296849235e-03
4.569622154351658805e-03
3.063026914919917548e-03
9.141352164138385116e-04
6.214423265601476745e-03
1.531648702016113030e-03
4.287700412183633771e-03
2.452249804230852582e-03
8.879619782490318471e-04
8.763801495554793914e-04
5.219934583576791784e-03
4.615553230212436457e-03
1.111235603343970401e-03
2.183968947259566900e-03
6.347356121013477195e-03
1.022015460305013106e-03
5.649790668786338829e-03
6.308949700704158219e-03
9.197727862157428075e-04
3.233117333441323359e-03
6.828670617420901090e-03
5.337496413784692875e-03
1.211978348134658094e-03
8.804973810339499938e-04
3.702907040314567296e-03
3.414636578611732285e-03
4.837996279445232368e-03
2.626075320442780667e-03
4.228315305643415810e-03
1.520927753444187508e-03
6.151301330763117060e-03
4.899513939486316305e-03
3.830328398835313331e-03
3.481098679001269017e-03
5.060281852631669068e-03
4.298279998220770268e-03
7.936676067528534995e-03
5.415226665045676062e-03
1.020285941077789162e-03
3.622443988228567051e-03
3.735515438249874341e-03
4.353902972253641084e-03
3.282718825547568248e-03
6.749715838256575146e-03
2.538061927173507985e-03
1.042991466957207767e-03
5.608988452260215037e-03
2.481303766332860691e-03
4.336545617335854121e-03
2.310915434045693242e-03
1.110465169022962660e-03
3.609729996925409735e-03
1.295000812772390333e-03
2.025903447860777015e-03
2.592106163071008790e-03
7.613546014763736790e-03
1.381047952023068716e-03
7.710420796146266048e-03
2.137456914177403300e-03
6.085568273264065423e-03
6.285434108296537002e-03
3.866702631216253384e-03
4.530227691555300390e-03
1.116772808575403498e-03
2.684155913944148795e-03
9.329155746148744353e-04
6.299644208169574537e-03
1.853409706949340303e-03
6.372643797524061432e-03
6.701655972517554273e-03
6.453034617663421131e-03
3.145794025170347511e-03
3.708788599288708257e-03
1.759806774783295941e-03
2.390618457350815809e-03
1.932689404210897631e-03
1.976227451320896993e-03
1.818160607302801886e-03
2.025151781801175221e-03
2.582405267605912113e-03
3.876383516054862210e-03
4.670307085246134214e-03
1.388375203645591778e-03
1.289781313370752351e-03
6.164816506774549454e-03
1.976458734868126368e-03
2.763337580779953468e-03
9.312191903150315864e-04
2.165692475565163949e-03
7.178372510605516774e-03
9.884262646037999568e-04
2.223967507886802364e-03
2.385653452096786822e-03
6.246937621130051188e-03
1.032454770679320198e-03
6.097568615553916258e-03
2.192691371605472606e-03
5.891564842040638780e-03
1.799727208843660779e-03
6.253291709224033032e-03
6.150669253007559449e-03
3.036881227185119197e-03
5.464985124479538985e-03
4.624492791300405421e-03
4.244968731131626601e-03
6.293338323072431538e-03
1.126207695658931231e-03
4.288477583328340233e-03
2.294485243189723321e-03
6.030523119451168881e-03
1.598872618018131776e-03
6.774119665940991908e-03
6.646759286319295010e-03
4.792792581339768571e-03
5.084870420955438057e-03
4.575332369780066473e-03
1.179155725160386040e-03
9.987128344530649300e-04
3.213946830506193841e-03
6.033710957970765502e-03
6.345635099427420801e-03
7.704018920969776980e-03
1.424569165152858715e-03
5.526892076970508355e-03
4.290375835488833417e-03
3.674317740844409118e-03
2.438739131563545746e-03
1.626186524008380475e-03
4.532198840915668131e-03
2.365638015929325769e-03
3.394319216394585219e-03
1.638651995352926683e-03
2.475821623063789809e-03
5.064030756929692283e-03
2.684678070045186469e-03
5.303291938144710262e-03
1.734430628240836002e-03
7.481345292764290597e-03
5.458620731071819367e-03
5.566633509027496020e-03
2.942099234643347824e-03
7.886171110305652612e-03
5.698438837068797204e-03
4.544763358088071623e-03
2.365811670086527280e-03
1.595782910310765369e-03
3.657731343875717835e-03
1.626543534637177020e-03
2.052875355230064126e-03
2.180328020221705427e-03
1.043719785325548976e-03
4.638648792944297453e-03
5.388028830407881782e-03
7.524662479593543368e-03
1.297880218394889366e-03
1.450371623995412845e-03
7.046499595949521841e-03
6.448815686200938188e-03
5.601948618178320856e-03
6.896582697433261376e-03
9.604790938210249276e-04
8.425674404326272300e-04
2.024374866991600266e-03
2.548992568866554047e-03
4.395883998244393999e-03
5.479613760064908946e-03
3.041338229055641842e-03
7.512271267575774090e-03
1.365425294472239750e-03
1.593794574241671732e-03
3.548884642609869810e-03
6.336178036814681981e-03
4.762870968675215338e-03
9.676517588898547479e-04
7.226017419959655103e-03
1.113141473912234976e-03
3.798742710955129755e-03
1.277505858653135099e-03
5.325876123541267715e-03
5.943054585595014885e-03
9.937486285752194625e-04
5.210390976963409117e-03
7.479742106397773566e-03
6.116190603307843435e-03
1.600470694170380570e-03
3.327045503377740795e-03
3.733296359380396199e-03
2.386066842705773274e-03
6.815456424179049642e-03
5.983005680511827885e-03
1.334390336468113539e-03
6.033637221769793182e-03
4.352605907719595511e-03
5.128055558431324039e-03
4.799376953865476352e-03
1.980299082760586613e-03
5.927312829131073380e-03
2.329330680445943630e-03
1.230662264249131463e-03
2.414634092741964420e-03
3.335892901641081699e-03
4.182027702217822572e-03
2.232144993088529088e-03
1.701215509363581757e-03
5.885790901300471875e-03
4.333155168452436021e-03
2.317290151473042504e-03
2.772090240348143355e-03
2.214012381135866802e-03
5.054902569612308716e-03
3.301057147750631211e-03
9.031156292424914614e-04
2.569820764804421186e-03
4.196519297616371769e-03
5.699472151139685534e-03
6.064830986864011737e-03
6.155474017950296819e-03
3.573579966128333056e-03
1.598849145854620325e-03
2.188583197053974288e-03
5.115003690906277413e-03
4.364207716896028807e-03
2.274350444272547206e-03
5.206492522465638526e-03
5.337406863115407539e-03
2.020592461142633502e-03
1.132301184199480592e-03
5.842162170545791601e-03
5.033448471844274852e-03
4.699115231855499446e-03
4.610036826409807421e-03
4.576269687985027451e-03
1.301256286324614176e-03
7.575312796336147042e-03
6.234530845777143046e-03
4.367756565219320548e-03
4.044497169025864682e-03
8.957690689636465696e-04
1.643655218088037155e-03
1.009887231959264581e-02
5.715380740927186731e-03
3.365692097332422493e-03
3.807670157801909105e-03
2.973351080411857240e-03
5.771471133131446211e-03
2.963786141242221416e-03
8.480156869042731853e-04
4.274276972370164886e-03
9.393295702737827638e-04
1.925236040728606560e-03
6.544603869596284269e-03
4.249873117759119662e-03
4.558412026556745919e-03
2.716400114626488314e-03
5.228775420117449252e-03
1.740983551117752329e-03
5.688820392082465267e-03
9.232926944452982858e-04
5.661601272619494300e-03
2.940024564203110296e-03
5.730328783915116658e-03
3.307762934666352243e-03
5.577720734381183022e-03
2.640670538223581065e-03
4.721086103355442466e-03
9.951220963174188614e-04
1.013063250457636646e-03
5.508512047272024967e-03
7.680404894193536974e-03
1.675783727445330018e-03
1.042916707570127558e-03
1.971245914228594246e-03
1.361645501027394572e-03
2.973087170268218487e-03
2.830716192711999184e-03
7.797195809684957573e-04
6.035780806122845697e-03
5.477152550631207185e-03
5.424139638653173445e-03
5.121819680481362776e-03
2.271376184559534619e-03
3.668775162888126152e-03
1.021313661151962860e-03
3.752721942279534876e-03
5.078121623731293721e-03
1.938393463014131219e-03
2.591128395436469861e-03
5.801108653829643337e-03
3.158270420383832693e-03
5.444150725940189936e-03
4.791499824056669535e-03
1.046969655849627453e-03
3.779340227933842330e-03
3.931476792142939505e-03
3.091329499572233273e-03
1.881521993099458286e-03
1.165690273544418279e-03
6.653173268909621206e-03
9.233539061673376935e-04
6.022895190715828011e-03
5.465769367433394137e-03
4.149133400767956309e-03
5.708651818946425781e-03
8.772560459337938555e-04
6.620787094884696827e-03
5.994570540583375219e-03
1.801407728455860398e-03
7.185805542965929132e-03
4.826142078407480440e-03
6.087969687027084027e-03
1.376597285788616967e-03
6.114076484071831637e-03
6.028408360795098515e-03
1.276257304719577955e-03
3.607850276951002182e-03
3.214839452546363815e-03
2.641107938614942890e-03
2.484602694119458777e-03
2.471557917491198995e-03
6.226602877647885274e-03
7.774733732655395371e-03
3.291367858175942972e-03
4.847126445775219034e-03
7.205734452927433503e-03
8.589617361117875098e-04
1.509509378850978391e-03
5.161140355928413304e-03
5.966934885747863203e-03
4.998843112734125196e-03
1.860632848189724487e-03
5.605336207442255907e-03
4.181966399475248522e-03
2.304705896902377663e-03
1.930303665114368062e-03
2.509540170795237102e-03
4.567003490524777949e-03
2.191885484695029959e-03
6.564238291604273731e-03
3.540427486456529209e-03
5.854734954680880683e-03
1.283692108367371189e-03
4.145595919112409627e-03
5.255340093359281949e-03
9.404263800855453513e-04
8.901215115755134076e-04
5.329637900192987776e-03
7.089084076285540222e-03
2.409309722087754277e-03
2.004477429542471205e-03
2.940219550798181796e-03
5.715296065073274812e-03
8.726436755037708529e-04
5.302395431750366907e-03
2.747434931652012902e-03
5.851614060861210810e-03
6.524837696357247384e-03
8.213984859390885407e-04
4.185504840447017150e-03
8.952594558180289666e-03
1.317814894547989337e-03
1.949848109385296296e-03
1.609553239779416053e-03
2.390653136993320296e-03
5.887565052697591936e-03
1.316292268092913260e-03
9.501125197238824470e-04
4.436890568909929340e-03
3.408698125728075023e-03
4.388390907369678351e-03
3.284147312474284576e-03
6.422696561403969627e-03
8.196382670459778077e-04
4.752489940161802075e-03
2.726065450622315242e-03
4.983768515095742500e-03
4.337176845740593756e-03
4.811130264396545723e-03
4.671021079118709875e-03
3.080918384594184389e-03
3.213511897158888471e-03
4.316740230890288993e-03
2.511216798296047464e-03
4.932100912266591287e-03
4.039701327757221246e-03
4.500228073524568592e-03
2.084108283408354825e-03
8.509349393419318426e-04
5.393017598228649727e-03
9.647275265993593548e-04
7.787039481032303340e-03
1.332630918433544507e-03
5.788511877362982269e-03
2.529713367165262877e-03
7.723322736216025990e-03
4.599100584608790260e-03
1.982578702677586721e-03
1.680549753972289482e-03
6.033425755322666638e-03
1.831510114210239308e-03
8.748543192638032163e-04
4.712085886901811946e-03
6.275440457167914821e-03
4.413814230057702334e-03
3.385775438071692792e-03
1.447198486688029738e-03
1.706997721843651287e-03
2.997654720877435206e-03
1.237966942959756135e-03
4.301198754417099972e-03
5.363835778247720565e-03
3.988072376524801413e-03
6.176873961059571594e-03
6.724925532083645026e-03
1.023813883913023874e-03
4.037235762386010354e-03
8.807050319154353197e-04
1.632098895651962764e-03
2.893805274551543554e-03
1.567915130631063712e-03
8.502193395747078023e-04
6.440937343162212066e-03
6.544138085621247630e-03
2.231996243015126665e-03
1.831947989739213332e-03
9.890236954435754554e-04
5.699578092158866759e-03
1.380389404416722645e-03
1.420482594576553395e-03
6.117989806088739921e-03
9.875011708521787626e-04
7.068857136951696082e-03
1.009156129956791407e-03
4.204131144660942787e-03
5.422444336535055254e-03
6.079574223500723053e-03
1.193120733314252408e-03
9.618313651982876404e-04
4.642472691986920807e-03
2.721653602588314409e-03
2.648310945954312785e-03
4.290509474434400262e-03
1.296727483961934236e-03
5.998369838090988025e-03
2.507586298532298724e-03
4.006457851362584324e-03
1.867230896805740668e-03
6.857518047383016728e-03
3.388813280300306905e-03
7.265372985656196395e-03
3.740035361487331449e-03
3.536757249324039894e-03
6.767005730295517184e-03
2.063986774759875471e-03
2.358317147730481459e-03
1.146336639144361971e-03
1.365855542708890001e-03
9.101611507071569532e-03
3.216333887930317419e-03
1.950096733942438629e-03
2.733493338404536632e-03
4.057856755450344084e-03
5.708422994270038152e-03
5.087275822450002677e-03
6.349895309235773638e-03
1.122723566336419117e-03
3.128674823578405251e-03
4.592436238773093399e-03
8.713190253981218216e-04
2.561862625136102425e-03
1.220386449821392761e-03
4.028535350219164188e-03
9.017008403213323375e-04
4.238860784026206481e-03
5.047084732850561778e-03
2.514191845228396643e-03
2.257910713947674976e-03
3.027613392233500199e-03
5.701721550861164715e-03
7.496326826518474526e-03
6.644104000696977701e-03
3.748876966107747566e-03
5.825670673124347734e-03
1.817087201811417403e-03
4.620185410058192874e-03
5.702554605171676963e-03
7.413929031109669186e-03
6.140613297328978773e-03
1.712491438001127785e-03
3.232707124957384746e-03
3.923807696622780804e-03
9.144628218314628009e-04
7.037987540096396315e-03
2.068724585633330108e-03
3.781743937484307368e-03
6.909303214081509784e-03
1.792351602552109523e-03
4.893967812186659008e-03
5.138686650370780616e-03
1.181161179907704419e-03
6.652405156460722974e-03
5.591497134665978849e-03
3.420523413917652290e-03
1.790115094710723965e-03
6.213614403195391253e-03
4.444807387790601985e-03
9.318517654464861764e-04
4.699016256868150318e-03
1.898573637451497808e-03
3.273084609617226380e-03
9.160147943998194061e-04
3.783675622949475657e-03
4.603137506960250022e-03
6.106800887151567388e-03
1.075117225565175045e-03
9.622785420934955314e-04
5.695483617964745664e-03
6.221298238952023205e-03
6.164913918663524756e-03
4.594196854543744837e-03
7.758337374704258639e-03
1.282746353364247558e-03
1.031397877700808603e-03
5.218600980615683595e-03
2.186338396902002060e-03
9.446882223682692573e-04
5.607852853839434028e-03
4.783327414582613443e-03
1.825735893266704733e-03
1.172575390306812831e-03
5.756490214403488410e-03
2.190466110892952661e-03
3.909229086140851572e-03
3.333877750438349764e-03
1.211718910380375118e-03
4.931564588080121318e-03
6.205632453879513823e-03
2.206219733516315545e-03
4.490129657045066613e-03
9.657273053087551571e-04
4.875541727940224321e-03
6.501781538533729643e-03
4.115001417804824667e-03
1.151096346230242500e-03
5.680563838416063591e-03
9.481506177221810583e-04
3.373489265570093609e-03
3.129022233619690833e-03
1.745729390186808111e-03
1.122821964041408093e-03
9.734466574974002650e-04
1.601939434645710189e-03
3.048350922570112337e-03
1.788640828221103223e-03
4.142927203642292507e-03
4.073200623701971924e-03
5.522316290555908530e-03
6.068051202907284378e-03
2.597698892121410447e-03
1.989435910510510639e-03
3.961084876536861456e-03
1.198536448656787982e-03
3.979351339276787115e-03
4.088027883185229097e-03
7.124786481696288899e-03
2.743216060312623963e-03
4.777547665039844418e-03
1.664460416621453467e-03
3.451984902533877016e-03
4.205995758623116282e-03
4.341472755207755573e-03
1.344673660894224335e-03
3.508085077594238089e-03
6.689896867789110399e-03
1.112954574432101044e-03
2.242099605623650623e-03
2.356450491353788337e-03
5.489836999915857253e-03
2.830742054079801642e-03
1.289588782661171265e-03
9.445952014027107031e-04
1.097760946406117679e-03
8.870135558676236045e-04
4.789821723825853951e-03
1.084099572732958976e-03
7.077865417230581706e-03
5.089238503732572416e-03
4.636784655877093653e-03
6.951907467839706437e-03
1.721899083184051703e-03
6.980347473171921377e-03
1.074918272173504231e-03
4.989149720865241645e-03
2.087779571609483381e-03
6.070330896699736682e-03
2.620579878322399671e-03
9.916139095456559353e-04
6.568682185941448169e-03
6.511652829209155918e-03
1.247649044640153316e-03
4.190852840044076953e-03
2.386678934108060583e-03
1.540169248571249391e-03
6.316471842868190759e-03
2.231795030694525006e-03
4.717308479072488195e-03
3.468943193717646031e-03
4.798894957085415858e-03
3.219604964740686685e-03
2.697215634099631512e-03
3.588933970345471822e-03
6.101750770997385262e-03
7.540812099963911316e-03
4.565052355912481777e-03
4.289462785784693352e-03
5.485791036539731588e-03
3.635964389789607051e-03
3.153129657684971762e-03
1.152384037805681549e-03
5.562721837310879991e-03
1.168036546607185630e-03
1.648427758225840672e-03
4.452742257781090729e-03
3.996792803836946538e-03
2.097749215897113870e-03
5.031057338415857207e-03
5.531079293731797075e-03
6.610639788215865592e-03
6.050679443412896458e-03
2.675754437566585202e-03
6.786816341804307283e-03
6.055404816081317448e-03
1.850100651106538182e-03
4.483459066901827363e-03
2.424851029207673609e-03
6.505199838467309176e-03
1.794021410162607898e-03
2.706027718243114027e-03
2.623139542493834169e-03
8.739786947276367846e-03
2.755095691993900055e-03
6.974895430301578277e-03
9.775784751186677134e-04
9.387078981826361187e-04
2.449688890256871473e-03
6.153765441458462944e-03
1.419649814519760708e-03
3.424729223585567216e-03
2.181692001654952050e-03
7.800702204870437091e-03
7.428524617503462144e-03
4.504098345776943318e-03
5.059898158223182126e-03
5.098082222977032979e-03
6.251741054895045870e-03
1.650096551986705460e-03
1.370885764635314556e-03
6.584258340939647125e-03
2.697876889932275101e-03
7.255568673182391341e-03
1.484561543241612195e-03
1.042843846112246568e-03
2.510667562163184773e-03
2.050811513362572544e-03
7.630785635013431767e-03
1.649715514524385720e-03
6.759700398737115805e-03
6.049900521460551371e-03
2.172675996114918195e-03
2.212906554100744615e-03
1.405159673886371193e-03
3.282507881384465025e-03
2.644529440621453016e-03
1.543022652247518596e-03
1.513042617796074097e-03
2.903174876812890642e-03
9.338133800302076326e-04
1.494548940193220861e-03
4.551895819308397415e-03
2.749708634476536861e-03
6.256315461549144530e-03
5.880239731755338393e-03
2.595981980381444239e-03
6.442669286072854468e-03
2.588289395298455121e-03
1.287953488628401730e-03
5.294365244796039871e-03
4.388090143457814077e-03
4.825163661331853364e-03
7.598797738351358369e-03
1.675831415331035211e-03
5.542872843134344363e-03
2.205324945545397881e-03
6.046259944139198254e-03
5.992000927342576791e-03
6.144531816336663149e-03
2.148453569034025450e-03
1.182104849090387898e-02
2.425227827607992839e-03
1.568882222640928222e-03
1.564515792496494256e-03
1.572570468188381858e-03
4.211826883494589231e-03
5.647174612361340919e-03
1.140772088927654053e-03
1.306366342986810822e-03
5.847704933387951574e-03
5.931935353696901787e-03
2.209722047526784059e-03
2.032157551123853299e-03
1.077068348483857041e-03
4.380559753924664901e-03
2.256437395402855015e-03
3.225353086170683684e-03
5.296792693980399008e-03
3.204823194292056275e-03
5.561136751283047436e-03
8.447559158525598999e-04
1.175606074322420227e-03
5.928201890843905718e-03
4.155166909563049946e-03
5.419377962098408281e-03
5.853329901134651271e-03
1.705733789903306034e-03
1.855630139290069536e-03
5.850169294526249425e-03
6.357476803997750246e-03
6.747053266992308722e-03
5.992558579437901566e-03
5.571971230042175628e-03
1.736742815095452608e-03
8.764758083504603937e-04
4.432808586538936231e-03
4.854395580870652857e-03
6.821121889631755718e-03
6.797407166955961311e-03
5.026008156672264783e-03
4.998073608749145288e-03
4.847680843879305021e-03
9.853633247646916525e-04
4.111255841357249786e-03
7.847124013349903240e-03
4.082017004568451804e-03
4.736566796012838323e-03
1.274195847424868444e-03
5.278084391932722982e-03
7.176959164426672047e-03
7.700261797483863579e-03
6.396796319511644305e-03
4.300862559710745547e-03
2.159399214584192643e-03
5.669776138979400540e-03
2.421810397460364903e-03
4.294524398872465523e-03
7.853199580445842376e-03
5.179898157866671612e-03
4.010564144158213461e-03
6.180898018032050453e-03
3.926432028350110119e-03
4.680669765650835416e-03
2.605184226359955491e-03
1.409439876466262159e-03
1.856077867263704025e-03
9.417243661924759850e-04
1.714650514365653007e-03
4.460882760045825970e-03
6.647303969202335815e-03
5.713838387727442764e-03
6.509747454793316478e-03
4.670726661246518523e-03
1.283863875791855808e-03
2.179933032092876317e-03
3.965271037300676683e-03
8.441837225940740722e-04
3.123315767453939580e-03
4.481779967332963702e-03
1.656902946134064135e-03
5.865173647848054284e-03
6.230956407970341705e-03
2.101004669378988068e-03
1.015105682104323632e-03
6.693503736100187701e-03
1.299005000191170208e-03
1.014815074293775633e-03
4.307917389868820036e-03
2.572550636263326584e-03
4.158255090187884528e-03
4.871739242106299349e-03
2.855163207652316754e-03
1.427226474749931744e-02
6.387390502882573859e-03
9.739053607268826490e-03
4.501853875484018719e-03
9.473178415191735660e-03
1.416774806508406268e-03
3.192670555350827707e-03
2.574801565129809528e-03
5.290598950358310799e-03
6.583247914542273045e-03
3.825727334277458265e-03
1.597441784199686750e-03
5.099933174238065886e-03
1.321556978874471270e-03
2.298307898849263984e-03
2.224462801487292734e-03
6.054311445090970745e-03
2.421612296400631539e-03
1.132216923437069775e-03
3.772871517558490546e-03
4.316730088843850205e-03
8.394630674528472721e-04
4.223900439830735251e-03
3.171835741654267966e-03
2.262783730064385664e-03
9.490182830447953244e-04
3.898551245656745046e-03
5.844597580703102778e-03
1.514421774293430107e-03
9.158688310372453331e-04
2.087794650814651324e-03
2.179876542477354132e-03
6.807985033684498671e-03
2.355081732783216239e-03
5.852533854489438449e-03
4.370144315546115564e-03
8.528455088383474041e-04
2.181664382660582734e-03
2.354609441283737111e-03
5.448069268949020001e-03
3.871072551002547549e-03
6.234100556491668083e-03
5.767566714833158824e-03
5.352816435848916678e-03
6.742318695070888615e-03
9.057590119663571715e-04
5.568318212529505332e-03
2.337690124467298788e-03
9.957772743517526778e-04
9.714816369020721565e-04
6.215726501516264692e-03
6.965242257481980143e-03
1.144148455665017650e-03
4.995040445380753182e-03
4.384539331535454269e-03
2.225719173606993499e-03
4.093660109692965482e-03
1.546966550517201800e-03
4.183036533457252550e-03
1.287840897485549585e-03
2.270845184402235303e-03
3.410239806582149400e-03
9.546747628252272213e-04
1.782940153829427280e-03
6.805462793127903601e-03
7.044274307330628503e-03
2.532432524314554272e-03
1.256189596681860608e-03
9.068700991983959670e-04
5.299909516358627948e-03
8.502073743286415021e-04
4.415180028511806083e-03
5.392746840643725115e-03
6.346004858353224143e-03
5.574394970103041178e-03
5.304664204475578564e-03
5.632052562086326507e-03
2.948160613800466200e-03
2.353121426753821636e-03
6.660635732901227374e-03
4.057216177825148477e-03
2.657791648612320597e-03
4.076378370182663462e-03
2.474254227352215129e-03
2.237520407130376508e-03
1.469788019518960751e-03
4.557008237828748427e-03
5.290486232291031522e-03
2.843632554523329616e-03
8.167127240453132169e-04
5.389353086507931399e-03
2.315245432057284111e-03
4.942507825568613969e-03
2.120331695519366098e-03
5.309727794349638347e-03
4.677262126986167848e-03
2.790694012365807844e-03
3.565727270027824625e-03
1.278975556100524691e-03
1.827202908191700656e-03
1.241537506966857189e-03
5.983746429134671231e-03
3.993120837978102883e-03
1.792784664527006947e-03
4.594635001497242993e-03
5.775118056356033647e-03
1.115831417756402892e-03
1.157339945591250550e-03
5.845060013330021995e-03
5.694440150517395688e-03
4.477274647578158469e-03
6.768978807827328616e-03
1.368337622199879144e-03
7.432193463021171016e-03
5.664949264102300645e-03
7.178428908674312596e-03
2.199635094874988206e-03
5.345365577394974206e-03
4.982347616463351538e-03
1.852895393901655887e-03
6.212319488685853937e-03
8.915368751984717021e-04
3.970184038537467354e-03
3.351894427077471272e-03
7.447319493279576028e-03
1.672723346528722259e-03
8.548241352552511316e-04
9.349696220984094744e-04
1.819701491981429728e-03
5.990264734293084155e-03
7.629678874314837524e-03
1.506964478028471801e-03
2.906484913539957634e-03
6.137893292998114654e-03
1.387537916598045613e-03
2.441576857626874455e-03
8.385679606967332347e-04
1.259882191894935201e-03
6.014133024316170237e-03
5.934456406190407110e-03
2.015581741342691025e-03
3.969108786019474172e-03
1.973440646342869333e-03
1.756270223531065933e-03
1.729131490557753561e-03
4.849570907257356144e-03
5.245513981481052072e-03
1.426630273827314468e-03
5.570093106330672485e-03
1.056307838767406478e-03
5.745630285009883584e-03
3.735055709147163880e-03
2.394958788610260410e-03
5.727223830471530990e-03
6.498009541803184685e-03
5.885839562435933245e-03
5.499870101010725411e-03
6.083249607303475512e-03
3.824281778855244309e-03
7.306959590765582310e-03
3.571983070562778639e-03
4.270748611585058196e-03
4.860179062139665003e-03
4.420926631102346967e-03
2.881048261831214898e-03
3.604443967146384389e-03
4.608370077410591480e-03
6.497220378204156960e-03
5.107521726633705746e-03
9.139167144156228745e-04
3.754939303590167868e-03
3.053233354940207683e-03
5.464892702032890862e-03
2.107359692279800814e-03
6.667455403089420432e-03
2.604826169628287301e-03
1.017571590124574741e-03
2.034441461878002972e-03
3.663662017574486826e-03
6.451458103771499399e-03
7.542471176978311591e-03
3.791052723725612476e-03
6.003534927377702883e-03
5.493837272935393583e-03
4.644531766503057560e-03
3.911339328906747979e-03
2.061490069010650083e-03
3.941755103980140382e-03
2.069038787267027651e-03
5.803453233641118689e-03
2.327683417363650246e-03
1.199289645283443950e-03
7.878258093467311544e-04
1.482332400840431861e-03
3.838685192505591863e-03
7.670906899599582232e-03
5.552945641063588601e-03
4.180670498579078243e-03
5.917987918766088803e-03
2.060736425281200091e-03
7.101528455759929109e-03
6.966316393747120153e-03
8.675971663587899244e-04
4.259915085406384624e-03
6.533692762597267251e-03
5.083787616072376475e-03
3.806757347355625189e-03
5.310416962186649027e-03
3.933293141705588268e-03
6.334847242005701290e-03
3.652648096340080103e-03
5.146769860557769832e-03
2.613739811750880829e-03
2.590777042779912696e-03
7.387983032082046965e-03
6.843144588058129758e-03
6.852678504118055527e-03
5.165364493238340342e-03
1.026823359377153095e-03
4.229424619499454197e-03
4.874294091146877742e-03
3.311678615988055026e-03
9.816975398513499464e-04
6.754786676923294798e-03
4.129204298499190677e-03
5.735184829730571518e-03
1.199759209833786526e-03
6.424182505654578608e-03
5.926448997328478442e-03
5.924476049303781244e-03
2.672876743015891246e-03
6.322360083844291712e-03
2.371348565456274805e-03
3.122806734950597015e-03
5.693139390975612835e-03
6.038953433023581084e-03
4.852530572702225785e-03
4.961320787365791456e-03
9.230611149042799697e-04
2.590417033607821194e-03
4.790123252878342695e-03
2.170200882286705667e-03
1.252414132704670040e-03
3.970733338020686690e-03
3.589165215334289092e-03
1.728023535079034004e-03
1.719817953789804302e-03
4.487850600733296266e-03
4.471865941429085077e-03
1.352984043416875781e-03
3.474950362074291210e-03
1.313909846691656063e-03
9.753360691251018429e-04
6.651254711747307466e-03
1.975076479449000121e-03
1.941348161528613694e-03
3.957948868526137490e-03
6.808216517396041556e-03
7.139434089460099976e-03
4.359876816538780543e-03
4.478234381854116243e-03
8.816816851014411174e-04
6.316609721076160526e-03
2.578310706948494860e-03
1.765506055350786257e-03
5.393559270525246328e-03
5.651103900279928066e-03
9.499811309476612672e-04
5.219640930351311832e-03
6.614986087492171277e-03
1.501650356146913600e-03
1.642787135497955674e-03
9.156866988294544559e-04
7.288606898131847096e-03
1.396886942082072687e-03
1.313020997685877518e-03
7.643357645443439076e-03
1.842971407190440759e-03
7.587988196956665758e-03
4.665344032191248019e-03
8.514691559023619726e-04
4.407289008401748046e-03
8.586829849061165592e-04
9.631892248299006110e-04
2.822306295136279251e-03
2.374164595376463197e-03
5.286613059681594638e-03
5.110978056530011970e-03
1.318653007178344216e-03
4.568749057124938881e-03
1.723468517493267774e-03
6.054249304560265291e-03
7.586332843629367204e-03
6.854194935872906166e-03
4.602902017256571901e-03
5.576576667157161736e-03
5.344574129227463305e-03
7.126492401628337255e-03
9.758228195336124096e-04
4.358848838617682478e-03
4.772309178339817493e-03
2.142231484990320123e-03
2.391818686209196652e-03
6.765072562729537026e-03
1.983219588196686711e-03
3.155186769188426856e-03
3.922967693799778340e-03
5.615740241768266139e-03
1.466786930557955866e-03
5.018575632858365485e-03
3.967206696022533910e-03
3.036030620453528724e-03
6.524480830848471656e-03
4.397057968077679874e-03
4.633106329920121287e-03
9.190892980025075400e-04
4.598636391209527143e-03
9.098105984172602349e-04
9.854504393031562632e-04
6.259125537453372537e-03
1.290165748367049989e-03
6.853623434830283419e-03
5.831158158852964117e-03
1.654058334004697949e-03
1.004447155702862604e-03
2.088205667758829230e-03
5.577891252674864291e-03
2.533043832085003343e-03
3.746731173977787144e-03
3.196410757801354443e-03
6.039124973708028150e-03
3.894372781421991028e-03
6.544918803161972089e-03
4.605731912656193736e-03
6.902727868623224558e-03
2.590697135950102616e-03
1.153877536946173272e-03
6.505872112076934756e-03
2.079916722243989238e-03
2.297064272077060671e-03
3.858954693535596517e-03
4.826340084006610839e-03
5.523286124769566721e-03
4.344426873522298956e-03
1.190949387011569017e-03
1.258962352513781375e-03
1.296308081954906542e-03
3.164896557234340643e-03
1.001545595455658692e-03
5.553184889779954649e-03
1.092367628993852306e-02
2.115078129956430002e-03
2.400219478908316526e-03
2.986518271151849310e-03
7.596079949024023802e-03
5.156700653159825877e-03
1.883279926022954787e-03
5.722265229808625939e-03
6.257747497374760437e-03
1.997423799809171924e-03
5.902990599052109454e-03
2.989819194712784421e-03
1.381417501707559630e-03
5.494572667722126373e-03
4.257507420199866874e-03
4.943007147875922574e-03
5.215823513430947571e-03
9.761819923087693444e-04
3.616237929402147701e-03
3.652035430174278233e-03
6.170336017948276769e-03
2.565495451286780183e-03
3.567046137164554386e-03
7.847704181357478131e-03
1.891594666310146729e-03
1.639851256133138466e-03
1.843035059782306955e-03
1.386064631838793961e-03
5.385396884048982216e-03
3.187015995108484837e-03
2.138322303455132342e-03
5.969164299517005709e-03
1.822358083558760656e-03
3.626812306397270928e-03
4.780916391367360033e-03
5.409511356851007605e-03
4.678836852692981781e-03
1.507678752698135951e-03
4.157731200025229466e-03
5.827021620160732600e-03
2.100836622973325293e-03
9.716340726139831600e-04
4.656636650687460965e-03
1.220325622298309206e-03
3.297486562969510933e-03
4.456599553724342744e-03
4.386889664954506107e-03
8.692493465260322594e-04
1.041709763070872586e-03
1.021894494700467844e-03
3.745970617251774375e-03
4.766115073130365067e-03
6.974454284732537618e-03
5.876632115668143155e-03
6.646312731975473863e-03
9.295813732204863790e-04
9.294784049578954169e-04
5.574779462401139273e-03
5.563844056024759566e-03
3.170092402133278288e-03
3.588239775443175395e-03
3.512398130957734583e-03
5.709517479303856044e-03
2.814700093795173292e-03
1.115516618828615511e-03
1.221990401443846970e-03
2.574404676471013943e-03
1.602821698457895837e-03
1.672024951016508418e-03
4.802995339542349973e-03
8.705339462381009438e-04
3.867913849196011420e-03
7.240528756929659991e-03
1.771062723242062490e-03
1.884382051262338325e-03
5.555254145481140944e-03
1.524437354665504011e-03
4.628239821440072350e-03
2.186550021417336866e-03
4.622331978073645001e-03
3.676303219529627672e-03
1.061088021384680663e-03
2.388856743024386341e-03
4.822174029363231716e-03
6.544180912081577067e-03
7.562880425909237689e-03
2.755585077102007570e-03
2.054270704840878339e-03
3.912756617267707307e-03
1.330373405094864700e-03
7.206312178619000107e-03
3.513368301092217351e-03
1.176687279796761977e-03
2.345344144692347588e-03
7.497459203822651186e-03
1.571563553897511621e-03
6.004827327863130650e-03
5.144581024022116394e-03
1.337369448969123525e-03
3.192037672893925041e-03
3.965056195441045948e-03
6.334223110091240748e-03
6.751554308929075786e-03
1.566243395360072520e-03
8.648488251515999183e-04
1.093150249508687997e-03
3.410968942315299041e-03
1.858820342776524789e-03
3.550174507489128536e-03
6.007412373212445492e-03
1.773926204808448735e-03
5.067137290883297687e-03
4.650809254271344104e-03
1.748030268543190099e-03
6.698513215837646924e-03
1.485443811713996068e-03
3.838098214049279026e-03
7.100242812303579967e-03
6.454366583656628679e-03
2.039721640612407287e-03
4.427874618460671610e-03
1.779591195249912014e-03
1.380059687676245045e-03
3.069941941347131397e-03
8.297446929193503596e-04
2.730205680212623946e-03
2.216579607560836048e-03
5.129341945956867460e-03
5.948591125976059046e-03
3.805419339589710941e-03
5.964173579275197819e-03
2.688173333094107716e-03
1.541578989813688306e-03
3.186010517965898008e-03
2.007198085717779197e-03
6.866843332094121378e-03
1.217468352655356936e-03
2.114319217555334345e-03
5.821479888961076689e-03
6.056812223103748109e-03
2.764053400686243989e-03
6.278796055124969376e-03
6.284362649294861734e-03
5.119511760170305376e-03
7.732050621572259669e-03
5.482100839833879691e-03
3.749152364167170331e-03
4.817780077597299919e-03
5.290892648201818774e-03
2.478449627054545631e-03
4.609636562291592049e-03
7.549349907267388290e-03
1.769927391701374159e-03
4.286656187573154725e-03
2.571117556663954449e-03
6.989348994780895073e-03
1.217912157121708687e-03
6.241728997965751910e-03
4.924545506540110862e-03
4.020899903094515490e-03
1.013033028974355239e-03
6.791836720647511164e-03
3.777130067427710187e-03
2.332323775079040307e-03
2.834436554919628117e-03
5.558543028900737697e-03
1.609645106781877003e-03
2.811766038032118085e-03
3.054932470637297583e-03
1.086031272099788553e-03
6.465233746535714240e-03
1.007736382261732212e-03
1.860755925271817242e-03
5.677203208051069018e-03
1.665719289531860043e-03
5.747161600999024615e-03
3.993166029337910823e-03
4.776922888470866609e-03
6.101456932863066202e-03
3.637776831322449798e-03
5.255213152563845136e-03
4.400081989719291896e-03
1.056574764525403283e-03
3.095229270009121521e-03
5.480927692290162717e-03
5.468121560461321716e-03
5.830991862507942450e-03
3.566413256965645859e-03
1.398743954359212786e-03
5.807165379245245000e-03
4.386044109546706309e-03
4.464818980239033779e-03
6.190474463779877846e-03
1.011346159156060499e-03
5.445069680041085373e-03
4.945670898064754607e-03
2.712469262867302916e-03
1.235118537464490341e-03
6.757417770691060387e-03
5.310650143667150318e-03
2.526330954418356221e-03
1.975761006645491806e-03
2.033319950668633237e-03
1.406641178894030156e-03
9.217446782412147674e-04
4.880897730686513392e-03
1.519876937574433972e-03
1.860371429059029177e-03
1.420124453547049999e-03
7.565889239567104123e-03
4.699100710611031281e-03
3.940934946127319823e-03
4.663398359794870135e-03
8.925997727340106731e-04
4.494017500377694464e-03
3.680667663542858993e-03
3.466722179938859158e-03
2.273577116604977993e-03
1.861217563852912140e-03
5.400956855226879925e-03
4.143094919784859331e-03
1.835792362054658759e-03
7.233155507823337861e-03
4.024138469096194201e-03
3.514512194353510300e-03
7.548755600198882657e-03
6.453324605561653639e-03
1.753579781426603014e-03
1.290253668791331446e-03
4.854351439634412013e-03
5.840806816458488961e-03
5.988383134233539115e-03
2.139542917957332029e-03
9.247532208099644435e-04
4.734243534077751600e-03
5.553550695642256452e-03
3.907536487283490984e-03
6.336817029317263691e-03
4.580910698730719655e-03
4.038331007122377379e-03
1.140801260820108881e-03
7.064803851217566627e-03
8.268648994732488841e-04
8.833849518460848860e-04
5.899312465302460930e-03
3.774237690977194897e-03
2.735374416757263734e-03
4.932278738617808418e-03
1.357700091191945714e-02
3.366065368753065092e-03
2.069880301946910254e-03
3.057836034498942306e-03
2.053304125004218935e-03
3.991851121604494956e-03
2.466252840824348022e-03
1.963225030976439162e-03
5.307826241081687463e-03
2.551995092631818927e-03
2.429146011908211045e-03
6.533832526506534386e-03
3.850396540358892901e-03
3.722956537530065519e-03
1.024736726005101572e-03
1.886783664172046737e-03
7.046235509335152698e-03
5.003253795540158963e-03
6.604891850478928489e-03
6.163937874991815523e-03
2.517329134095853353e-03
4.926838287839463426e-03
6.315257399234448787e-03
5.600981371557125880e-03
5.373351353119511231e-03
1.052631983730023708e-03
1.040338366926623877e-03
4.993683013676118894e-03
6.847406904781931994e-03
4.644851345868602176e-03
5.622194839180830357e-03
1.507100485488520412e-03
1.500156401126319112e-03
4.964271193156648797e-03
4.002660253194575447e-03
5.872456709431140426e-03
3.835064086134637191e-03
1.152002413137051540e-03
3.478097530107333336e-03
4.306612563191140886e-03
2.084032755628430905e-03
6.218138627135134412e-03
7.517650600877546357e-03
6.193733944201819906e-03
5.069533179941952163e-03
5.364699060894490522e-03
4.196560298124834935e-03
1.861351121502260965e-03
5.600180642805196833e-03
5.152465261572927550e-03
4.217194389025495475e-03
1.162453872996733854e-03
1.091522563548791552e-03
4.114659322553087216e-03
4.345272814851350307e-03
1.644615139862860322e-03
1.586851762990422812e-03
2.194884630230086245e-03
1.007287879367472442e-03
1.754724792718796895e-03
5.573966250277070412e-03
5.558145809895730788e-03
5.067590496367374575e-03
7.664088735155325828e-03
2.094912174112320471e-03
2.339542760707876042e-03
8.841773770111313949e-04
4.662879383048041185e-03
4.740799738227752767e-03
3.898312077457261656e-03
8.444344226709988134e-04
1.439094211579682080e-03
3.944896085287567626e-03
4.559634370570738934e-03
1.643124773517454012e-03
6.569943636447433781e-03
8.796865119608980122e-04
5.671748364523726202e-03
6.402544212643810143e-03
1.323262119822469617e-03
5.536739028839371586e-03
5.452241429685290852e-03
2.033818913943967986e-03
2.279718073328600592e-03
2.096406927597461393e-03
4.082420124202070302e-03
1.911970464103976419e-03
1.045311416252223602e-03
8.722632935022646677e-04
1.177424391691964285e-03
4.388894168821605955e-03
4.068668524648290201e-03
5.024639904167743296e-03
2.202309916592361857e-03
2.523142372234184801e-03
3.926198833624597838e-03
3.468959004566190066e-03
7.735774149698191292e-03
2.112369970929727902e-03
6.312246153271205279e-03
2.219780494492272407e-03
9.299717129524685778e-04
8.912047160199618959e-04
5.935387165740369647e-03
4.601179550731060962e-03
2.507656620847995010e-03
6.125660916751029909e-03
2.464855458235754200e-03
6.186126005478455488e-03
2.401704142217321852e-03
5.284920962853813416e-03
1.155745584234036272e-03
1.514837035763838937e-03
4.560110145133914467e-03
5.972632268377782092e-03
2.557542702864521247e-03
1.064234886617392625e-03
7.092979968913048876e-03
3.849939169497179452e-03
9.287205179367444491e-04
5.767530583614675563e-03
1.590623056638541723e-03
1.013287050518472954e-03
3.701991523281812808e-03
6.690071046183313809e-03
2.224511159691727052e-03
5.576008892538690878e-03
6.433466019358698336e-03
4.102840901086915980e-03
4.804052839626375866e-03
1.396772610856050105e-03
1.083966241092369602e-03
1.152914404475346337e-03
4.752167724037525097e-03
2.468199282966460073e-03
7.476829174550730581e-03
4.394747847444229437e-03
1.625182871238078615e-03
2.082881170486181131e-03
3.729871192930122887e-03
4.057338041073155037e-03
1.315781020345224012e-03
2.181839102890844803e-03
4.143597520363907077e-03
7.204177968904336947e-03
2.178890654871347855e-03
8.128754493914144147e-03
1.462057611709290973e-03
2.712586883197403136e-03
1.935932724677607219e-03
4.563564610540456722e-03
2.366186989545842560e-03
6.660804652740588347e-03
4.950600512178840451e-03
2.501887088880638040e-03
2.153815364426451585e-03
6.374036491833372231e-03
2.435272249647288997e-03
6.188821738619609651e-03
4.342191944721181078e-03
2.184236883673893164e-03
3.009030832266564037e-03
5.288223535692897041e-03
5.086665643485854642e-03
3.581926713649714877e-03
7.417786148927896055e-03
4.584521109124716463e-03
1.349537587913617357e-03
2.219771032370238158e-03
5.640333097647135148e-03
4.449936237417921082e-03
2.753227674633398642e-03
6.598520559556278996e-03
7.033056381643976174e-03
9.495888140810177826e-04
4.859482491184532321e-03
5.538289307752370522e-03
5.618297138135498227e-03
3.493103919008556327e-03
2.012782980743745183e-03
2.369750705927565863e-03
4.059794893484541811e-03
5.537002720198818187e-03
4.178632061802830915e-03
5.051771380693056111e-03
1.427014764779913113e-03
3.666764595872592895e-03
5.977065041580912480e-03
8.563908240373448210e-04
3.830891790707875375e-03
4.724723462429276412e-03
6.027244012327110864e-03
6.791468532487066750e-03
6.144810501398289757e-03
2.274982558084703062e-03
4.942992609743505905e-03
5.204388285144976103e-03
4.952283585492952764e-03
1.652243894436195969e-03
5.758967008212862067e-03
2.501789518034273387e-03
6.204974152883393698e-03
5.524126993669012387e-03
5.201490845463925018e-03
2.924464761928253012e-03
9.707283711555118356e-04
4.194112356008146414e-03
2.433152292690538097e-03
4.506873355289960428e-03
3.864982234684836981e-03
4.294217348480075871e-03
2.176453995317999962e-03
1.148798020748132732e-03
5.921247395540353217e-03
1.106017458356274965e-03
4.569522721493253503e-03
4.265656470541681622e-03
5.891069353796861245e-03
7.281859512620781662e-03
1.478722779107608312e-03
4.613754022161807404e-03
1.765462421182560594e-03
8.342174384555349530e-04
1.173274598189145111e-03
