1.001244849302086237e+00
1.001424600319950065e+00
1.001149620162240073e+00
1.002130735112269688e+00
1.002714059403412294e+00
1.027892548352174584e+00
1.027173515302161722e+00
1.023360054549458331e+00
1.023630718265723827e+00
1.021068739744142473e+00
1.021017994383379257e+00
1.006862401986196698e+00
1.006214331864325962e+00
1.005588532247048139e+00
1.005888982116638131e+00
9.969254246185798030e-01
9.970346534864886756e-01
9.968595568825600051e-01
9.970137630332525092e-01
9.970077753638887375e-01
1.003469536930820860e+00
1.008500061544480797e+00
1.008673222106884593e+00
1.008461842620068882e+00
1.008896486643114931e+00
1.023013751919676695e+00
1.031029411756169134e+00
1.049961661342582397e+00
1.062611618771698296e+00
1.072768828514481410e+00
1.077766709399311518e+00
1.080311980907188163e+00
1.089657211270890658e+00
1.100554924821720792e+00
1.111033455640217493e+00
1.126581854490750878e+00
1.158382277885795286e+00
1.179613340962534007e+00
1.178471698484110153e+00
1.199240725891214110e+00
1.205498588996129383e+00
1.202467226332168959e+00
1.206097693900536338e+00
1.200793718408053934e+00
1.206740359221804004e+00
1.210398640307885465e+00
1.221197789153928959e+00
1.224037798960098788e+00
1.240013912949143648e+00
1.258146697939775960e+00
1.253739053506099266e+00
1.249981572323276335e+00
1.239860527119321265e+00
1.234320532066034648e+00
1.218190143064123099e+00
1.222245896499795537e+00
1.239540500001653500e+00
1.250026186983527410e+00
1.234489964875219004e+00
1.240062574432168052e+00
1.233032769399752482e+00
1.225275276559425031e+00
1.215679804031328803e+00
1.228834949836919321e+00
1.230900295609280493e+00
1.239070387259719963e+00
1.263540437083426227e+00
1.276725001562533546e+00
1.300346533631662860e+00
1.297594807855378507e+00
1.304856201107527980e+00
1.291442243637090703e+00
1.281367637843461527e+00
1.300414904822664752e+00
1.300693024057809621e+00
1.288553684893293916e+00
1.303966895055100883e+00
1.295605588992771340e+00
1.293339461647263100e+00
1.307423216718955450e+00
1.301601245624564251e+00
1.291534658042844841e+00
1.296286071384042948e+00
1.314489945816596617e+00
1.305109716758915628e+00
1.308914210553824287e+00
1.308220316863252686e+00
1.335372580531513975e+00
1.340684805856684036e+00
1.334510029996227365e+00
1.320488298051584186e+00
1.321017781184413931e+00
1.336431973104849957e+00
1.339077665823612762e+00
1.352842132687614773e+00
1.350846305558096372e+00
1.357262477801358891e+00
1.381359231981400537e+00
1.365281515483418362e+00
1.368434605115480984e+00
1.360837348084892318e+00
1.348983610067679084e+00
1.359360853996159468e+00
1.369919003626880682e+00
1.374233671663876333e+00
1.374246238172826651e+00
1.380625405351860735e+00
1.364524793119023860e+00
1.349934497682710788e+00
1.335623667351983235e+00
1.337180544049505038e+00
1.320255888014284507e+00
1.306009906997376513e+00
1.281557233697934839e+00
1.285498863799577229e+00
1.307129598636453061e+00
1.299538633657948195e+00
1.262977539894237333e+00
1.264010938513784099e+00
1.251217100479047106e+00
1.249717794653113501e+00
1.260465958255311492e+00
1.270356422331361035e+00
1.257292025415845060e+00
1.257322220735419549e+00
1.267720141924224997e+00
1.275895086248683974e+00
1.278610961018084691e+00
1.267607647306649765e+00
1.251593322489219728e+00
1.258924126699542567e+00
1.255998509031735155e+00
1.255298973431948850e+00
1.272623023898191930e+00
1.297537016158044842e+00
1.288576404255928676e+00
1.309235042542939098e+00
1.294150272794252876e+00
1.318827029061414802e+00
1.315913750398477466e+00
1.315830965702857069e+00
1.310520934590771347e+00
1.334839876821102056e+00
1.324908522510231501e+00
1.335837852484577537e+00
1.333958071034295090e+00
1.321705243766093885e+00
1.299184116405993628e+00
1.313985521178183236e+00
1.298586758083322135e+00
1.282480957768545871e+00
1.282553539200312231e+00
1.268101169865801792e+00
1.276600126928420398e+00
1.293068604422635159e+00
1.284497356399372681e+00
1.284064614599049525e+00
1.295721129062764598e+00
1.293510494312006154e+00
1.288905913383857849e+00
1.300321532232539434e+00
1.299791079959495166e+00
1.311364120398106792e+00
1.298160286168683841e+00
1.295087889824751981e+00
1.291881353437958513e+00
1.282106654826346670e+00
1.277007873377992375e+00
1.287541661826199224e+00
1.281730293277020261e+00
1.281225852480957661e+00
1.275593071861081729e+00
1.283118710042475685e+00
1.263755853126337980e+00
1.279621829023646962e+00
1.289619464643222413e+00
1.288377405183375179e+00
1.299456638696111055e+00
1.305614725911911966e+00
1.308400531174929382e+00
1.310076079092537205e+00
1.324871714532539713e+00
1.298435938470627882e+00
1.288694844440925413e+00
1.281098095325033936e+00
1.284364367983482413e+00
1.266603002976241843e+00
1.263152687525114448e+00
1.265312608512627834e+00
1.266591879076755411e+00
1.264796964366764254e+00
1.279534123633861542e+00
1.286591999293831279e+00
1.278058757134746815e+00
1.270677112678820997e+00
1.276674588240642727e+00
1.290137402357381502e+00
1.291460883647422841e+00
1.303269591002223393e+00
1.288929805991253730e+00
1.312944953119555613e+00
1.320249163054537656e+00
1.306422145272714719e+00
1.296385096442403961e+00
1.276605234452266036e+00
1.278180169596543347e+00
1.270931239167841564e+00
1.275499986300542732e+00
1.274020155660098519e+00
1.283058268027387427e+00
1.281373547670906499e+00
1.284592805978332253e+00
1.272430272840841647e+00
1.263098279877129304e+00
1.266626728324268925e+00
1.275661033995338478e+00
1.269518002006788659e+00
1.256006957930245527e+00
1.242973645910610880e+00
1.244675091553311574e+00
1.239396526395792897e+00
1.232795564804512578e+00
1.248040922041792289e+00
1.253234271388302234e+00
1.257521684339053092e+00
1.250118792733567963e+00
1.240109974776814061e+00
1.264734878891016434e+00
1.269658057079772862e+00
1.294009443568880480e+00
1.291476883225023631e+00
1.296884270287065766e+00
1.315958341830587797e+00
1.335845057927507629e+00
1.337820934920938010e+00
1.342034551481060767e+00
1.350042283561718071e+00
1.340750325065550141e+00
1.356515863477958828e+00
1.329663325509070404e+00
1.309182787627190425e+00
1.311702855524742084e+00
1.325380558877692128e+00
1.342750755945760766e+00
1.360572939082705046e+00
1.384268796863013185e+00
1.409856694424137746e+00
1.378694762632124871e+00
1.375216887972086965e+00
1.382363416955869839e+00
1.379586101748448090e+00
1.371620472431201776e+00
1.348800706560843166e+00
1.347680979209654240e+00
1.334884467199519253e+00
1.352914033004859018e+00
1.332568334981093727e+00
1.315765099439798469e+00
1.319039845516442044e+00
1.312417263459099148e+00
1.298265808155149470e+00
1.306644094214115315e+00
1.316345041080845490e+00
1.315615581229173214e+00
1.334925042073941359e+00
1.354872051230250118e+00
1.357325703443077458e+00
1.359512388462450261e+00
1.361695237160089889e+00
1.368994594946936427e+00
1.332746686173149619e+00
1.323403839776505553e+00
1.355469518980473076e+00
1.364869168403819888e+00
1.358039853693331356e+00
1.343955626038168649e+00
1.356571500785648698e+00
1.389087831652112026e+00
1.387352677634542841e+00
1.399801047355940131e+00
1.378349984884449597e+00
1.380961513158915244e+00
1.401082260042101790e+00
1.392543453288915156e+00
1.385033700328568429e+00
1.386957294308933886e+00
1.372773400491041240e+00
1.378790045684856080e+00
1.374427380644189123e+00
1.371914918349423251e+00
1.381127242331335658e+00
1.400327733106976114e+00
1.376616264405463363e+00
1.372335828080430309e+00
1.363262243431701437e+00
1.380346556268791325e+00
1.384918153478896574e+00
1.363698994021262711e+00
1.359000208408072119e+00
1.355208141142767220e+00
1.394004971784246427e+00
1.387136887413654929e+00
1.351888431791431477e+00
1.362923195410226329e+00
1.360423802461381282e+00
1.361727100707122107e+00
1.385320291186011632e+00
1.393076243038315676e+00
1.375038470206503938e+00
1.382128942858192211e+00
1.377255966349590688e+00
1.395316532007263799e+00
1.405203917442258144e+00
1.405960897482582350e+00
1.395619326193620724e+00
1.371950603397807722e+00
1.358254390006333301e+00
1.375589912042818108e+00
1.359999607847303116e+00
1.347037680172111784e+00
1.361640887211042372e+00
1.353505217914638958e+00
1.360658966806214565e+00
1.366802716281692698e+00
1.370164211198491744e+00
1.365760170202442003e+00
1.384318407248230187e+00
1.398614303111830326e+00
1.388215014394183822e+00
1.377412177320779696e+00
1.373465019040066126e+00
1.365666813929618861e+00
1.347214435652916098e+00
1.354164561827850610e+00
1.342254633631496885e+00
1.339667685796517960e+00
1.328608213151941442e+00
1.332177348321949228e+00
1.326622701916660985e+00
1.349005041040485464e+00
1.347141428998045010e+00
1.338497122647655857e+00
1.354293346635944584e+00
1.374317463754422652e+00
1.369525000110795698e+00
1.367782131585788541e+00
1.380589834792971704e+00
1.364776005852752938e+00
1.360560272282858918e+00
1.378354286944230456e+00
1.372499777323590520e+00
1.358242353325318730e+00
1.359830098002209997e+00
1.351542145596409616e+00
1.366512540951389632e+00
1.373012947441509368e+00
1.360352327654227533e+00
1.370102916039391383e+00
1.383097702895480285e+00
1.411302425448656805e+00
1.413753930442813500e+00
1.420285406322522537e+00
1.411431862796541647e+00
1.427960744627565726e+00
1.420265908057845916e+00
1.420039585695793027e+00
1.422823224335118208e+00
1.409916115049722141e+00
1.399638304128581590e+00
1.411317819968714637e+00
1.378945572472197956e+00
1.364101078454683424e+00
1.404667848495366300e+00
1.391204584807358424e+00
1.359956323941764467e+00
1.349317096187979903e+00
1.341743027918856468e+00
1.326899115491404491e+00
1.351318462561866829e+00
1.345481581188144427e+00
1.346902813019163814e+00
1.356176743135919738e+00
1.352403679667329994e+00
1.332143552112593943e+00
1.297923327995471388e+00
1.301116727749930924e+00
1.296963623557341405e+00
1.301458379705059176e+00
1.297538729804177837e+00
1.311091997764126216e+00
1.309054096722249039e+00
1.309901651075503937e+00
1.315504702765656564e+00
1.319523143181256408e+00
1.340723873379289444e+00
1.375267205008616989e+00
1.361758429000553994e+00
1.358755908305808502e+00
1.355463917491055881e+00
1.375124162801411920e+00
1.367481456722289490e+00
1.373084960238787122e+00
1.364452078604649454e+00
1.357730831975621166e+00
1.355413597439496742e+00
1.360539712109455568e+00
1.362224290025243034e+00
1.362321010881973882e+00
1.366426937279590081e+00
1.400617749464969197e+00
1.399737997983727666e+00
1.411753574383129761e+00
1.418381143953539869e+00
1.407769334484311186e+00
1.391191011784896014e+00
1.399395137910225184e+00
1.407042991778953311e+00
1.404558110895794742e+00
1.401926225368302248e+00
1.375542428566292941e+00
1.382130049134042915e+00
1.381063542745242012e+00
1.342687605813468465e+00
1.353922399112687636e+00
1.349365946078457057e+00
1.351302299907181315e+00
1.344886473102089086e+00
1.365969334272386870e+00
1.362472304128844902e+00
1.346104556094358973e+00
1.338251104909007116e+00
1.341613228236788302e+00
1.342821510719333533e+00
1.353769953398475723e+00
1.363392030220868856e+00
1.380947319336641277e+00
1.369164270889791313e+00
1.351548570509988334e+00
1.366389199273774446e+00
1.356854819882905572e+00
1.347039832045780150e+00
1.329450726960928808e+00
1.331091928944597935e+00
1.338982262548537472e+00
1.351049311138456055e+00
1.335304774406535833e+00
1.358622193712647475e+00
1.385132098915562660e+00
1.372303828706282980e+00
1.388331119504991662e+00
1.378796286334569965e+00
1.382205801235632858e+00
1.392373664224022756e+00
1.374149605323290668e+00
1.376239365782666813e+00
1.396216425542601502e+00
1.395201580767887029e+00
1.403809017589475072e+00
1.415462933184102656e+00
1.398622906511197472e+00
1.403726567011497561e+00
1.397551921924952367e+00
1.394049451965414077e+00
1.389822328837927223e+00
1.399421459541648094e+00
1.404089336792531340e+00
1.408912649296149455e+00
1.405595658963351147e+00
1.413402893360525381e+00
1.412072234847369545e+00
1.397770926990769880e+00
1.384093056414125389e+00
1.388197677953331155e+00
1.406160336256857102e+00
1.387241556102131845e+00
1.391235026484655579e+00
1.392817866030043428e+00
1.374024631653969708e+00
1.388867968035592648e+00
1.395422106119898364e+00
1.396284022247225032e+00
1.399672940711391478e+00
1.379120640674905252e+00
1.367178337169268953e+00
1.362697006096798225e+00
1.329661372049946388e+00
1.331140184542542126e+00
1.351487598497968845e+00
1.353273405050929634e+00
1.343914564032530734e+00
1.361401923691822224e+00
1.368924183671827333e+00
1.380746255561605240e+00
1.345512441576453222e+00
1.348200479989983824e+00
1.375750063750313945e+00
1.360634023902718592e+00
1.327908906552556223e+00
1.325812684735020675e+00
1.325163412125229367e+00
1.318279270154399718e+00
1.319859641050218801e+00
1.318331642410724758e+00
1.320350021456990985e+00
1.331021482405193801e+00
1.302460043088457420e+00
1.287040662826260506e+00
1.281156170714479625e+00
1.287737738972845047e+00
1.294052896926196405e+00
1.299041580701148391e+00
1.331789923040641588e+00
1.306709291222450275e+00
1.314325391477545457e+00
1.331476172330320562e+00
1.322933782985752815e+00
1.315637586400406178e+00
1.290963366785747857e+00
1.322003906725772060e+00
1.321713279123931217e+00
1.304794240684543860e+00
1.325655579792961003e+00
1.343110438178347854e+00
1.333427595807559429e+00
1.341602899174726193e+00
1.371061858578879855e+00
1.366344560414325615e+00
1.389172461108999723e+00
1.387358269640662334e+00
1.389374158774363321e+00
1.414128984622357699e+00
1.427625594235846007e+00
1.449043146429155104e+00
1.427927092060952807e+00
1.406095147797654654e+00
1.411524898237481951e+00
1.362295273252863703e+00
1.370636336731363869e+00
1.358607118950232895e+00
1.351824761827719712e+00
1.354665289564269903e+00
1.357864074163815715e+00
1.372731095143032265e+00
1.361525512311304809e+00
1.361639808869122170e+00
1.356365101003776275e+00
1.352221032817964685e+00
1.358486957300050202e+00
1.370760457722550951e+00
1.358523764917603627e+00
1.366300924139856932e+00
1.393479375432465917e+00
1.356023523543948395e+00
1.348538840696708041e+00
1.353714665066910738e+00
1.355182281166423364e+00
1.340470685387879612e+00
1.349650069657363671e+00
1.361955805100628192e+00
1.390499368101667521e+00
1.398467101585664452e+00
1.410427719693359894e+00
1.429478593178861834e+00
1.419630615999030399e+00
1.421777682863454739e+00
1.418442472769392948e+00
1.433077495170375082e+00
1.433177919415668189e+00
1.442815039396623700e+00
1.448042831677642139e+00
1.453255785652807663e+00
1.452671923633989781e+00
1.449107223780313536e+00
1.432588584575577251e+00
1.423730074510835442e+00
1.413331231302662916e+00
1.391087609322248841e+00
1.442536946864460878e+00
1.434250428526852028e+00
1.434139362457385936e+00
1.423069697454516280e+00
1.448193970176900436e+00
1.435782361998022783e+00
1.417237981994557305e+00
1.431589164613570775e+00
1.443464457838066206e+00
1.433421643417304381e+00
1.414988418157757666e+00
1.416728748899521273e+00
1.418577501022250109e+00
1.427275601386329473e+00
1.430084200185133270e+00
1.400821541207462273e+00
1.391786865919921068e+00
1.408458781342373456e+00
1.404247270652758672e+00
1.409549079538277239e+00
1.389226214057853070e+00
1.399504709638342170e+00
1.420522355569151518e+00
1.414133225258144000e+00
1.402989317746345499e+00
1.362186525233930467e+00
1.374224430830732979e+00
1.370814047504617772e+00
1.353828849152014069e+00
1.325637149042584673e+00
1.328904095071338221e+00
1.363990654684774873e+00
1.347744866181823209e+00
1.346568789280107703e+00
1.357040568782088563e+00
1.357183831776805238e+00
1.354006042045397651e+00
1.351676664892010660e+00
1.334317052866942799e+00
1.333416250512132750e+00
1.351157412784679268e+00
1.342512745713866584e+00
1.310169964718899793e+00
1.331460279287090431e+00
1.308921409632933353e+00
1.321395247223770886e+00
1.306620573762694359e+00
1.309882759173255806e+00
1.285158872780653105e+00
1.297360182040328880e+00
1.311176790162767558e+00
1.313750477517314996e+00
1.314564923617094427e+00
1.317631788201049980e+00
1.335793330168431048e+00
1.316713397237867733e+00
1.294695740863966993e+00
1.289983728059318047e+00
1.271080832292908802e+00
1.261286855357187653e+00
1.274359045293872006e+00
1.272855758981056296e+00
1.266624587836799654e+00
1.281147334473361488e+00
1.276016921819605576e+00
1.288107287071447171e+00
1.300234693917395434e+00
1.305629914908468914e+00
1.281199668440026196e+00
1.289349312860615715e+00
1.304740032561786389e+00
1.328733194693444641e+00
1.327156939029347615e+00
1.340571479924693277e+00
1.356768076885198182e+00
1.356412125188072304e+00
1.368723274371340670e+00
1.377897708092017171e+00
1.374059303113690067e+00
1.357513473519746494e+00
1.354631023809075074e+00
1.349746821624927540e+00
1.350820322010951369e+00
1.362445628172971546e+00
1.369534123695030470e+00
1.364408315905397018e+00
1.381865136735243249e+00
1.403928334010768220e+00
1.392541471463274005e+00
1.386748567053086800e+00
1.395254881988641893e+00
1.377150924107731100e+00
1.367346967109153821e+00
1.380035523457727731e+00
1.384158731416288424e+00
1.372609320370292707e+00
1.359753691381173191e+00
1.349147325717269918e+00
1.363090762074464113e+00
1.334296217038714927e+00
1.349235802552568586e+00
1.337265160868827296e+00
1.324323138696837265e+00
1.332763456392926260e+00
1.345654541227633949e+00
1.358363200678438965e+00
1.372400535026141899e+00
1.372013679615062598e+00
1.373590053771895247e+00
1.369335145237703388e+00
1.357386200909590945e+00
1.372550079187566663e+00
1.350359342964562392e+00
1.347868331510637896e+00
1.354424364294533722e+00
1.349388181505690287e+00
1.358272405833126584e+00
1.362449167761392133e+00
1.363340998449643626e+00
1.354831772112478294e+00
1.351003836152117055e+00
1.346875156675432450e+00
1.370451724257564230e+00
1.388255689865923737e+00
1.392186776266655768e+00
1.370543233340510314e+00
1.366976217699285456e+00
1.350914413034915551e+00
1.352093360886962303e+00
1.337608046031571130e+00
1.338694630316396683e+00
1.315103787694741566e+00
1.323551599561046510e+00
1.309624241901365282e+00
1.336431324704429491e+00
1.343025802600376295e+00
1.316387847415444678e+00
1.329574716680211655e+00
1.341991938675587859e+00
1.356656397066326125e+00
1.334479175886911673e+00
1.356544676319683784e+00
1.351617146208373477e+00
1.358931103250263783e+00
1.372268438943375468e+00
1.398254608586539494e+00
1.406117195835631994e+00
1.377998096849986753e+00
1.360542051487116488e+00
1.368284284801473571e+00
1.376407733673123079e+00
1.380363270896286743e+00
1.404742564439119601e+00
1.418974789514640733e+00
1.430433047094096022e+00
1.441251152857051965e+00
1.476906168316991730e+00
1.454908518549073770e+00
1.477457605250636741e+00
1.451837552763917127e+00
1.445685573536955815e+00
1.461445530327433628e+00
1.451728258044945541e+00
1.421556823237725142e+00
1.412077704259633970e+00
1.433712193950051672e+00
1.428403433544814360e+00
1.449760617593497392e+00
1.450375260516352904e+00
1.455645478752923161e+00
1.430814401681954173e+00
1.411902395608783278e+00
1.429198430140719678e+00
1.426224913572147202e+00
1.406432625138357873e+00
1.397031293446548306e+00
1.385577240027795698e+00
1.362260117485791122e+00
1.344244066615174704e+00
1.350787378281675499e+00
1.345833273530036234e+00
1.323246970676845935e+00
1.323992666133441576e+00
1.303327297516745586e+00
1.302641888826595817e+00
1.305459863728903658e+00
1.311076508408190788e+00
1.318458279598928140e+00
1.331332046671634295e+00
1.328486140086088563e+00
1.327469984655878843e+00
1.322178511153609071e+00
1.291442398740126452e+00
1.280440380655431420e+00
1.265519938215842854e+00
1.269270302211365831e+00
1.274253168231652689e+00
1.262866161065764548e+00
1.255689430455047217e+00
1.272394143197374428e+00
1.293388105954009104e+00
1.303891621460576244e+00
1.309659538319249528e+00
1.335888493124053555e+00
1.342407065511070252e+00
1.346142029230638526e+00
1.359725884877376778e+00
1.351335508206483516e+00
1.343079507761712810e+00
1.365275780279829654e+00
1.384982402645512201e+00
1.381211273010368279e+00
1.390842436687431904e+00
1.407053268268635193e+00
1.395952714435379383e+00
1.373765290496278269e+00
1.356022094322024030e+00
1.378318953762932786e+00
1.365097861145800451e+00
1.376220465652098657e+00
1.371121719665738592e+00
1.386850046517108970e+00
1.376583212507799692e+00
1.399027855034919554e+00
1.392251092166429505e+00
1.386831514991685221e+00
1.370544291706047746e+00
1.369716761699368179e+00
1.368541306566406268e+00
1.349349541341226644e+00
1.338352942977440563e+00
1.349632905897954371e+00
1.366311076495719146e+00
1.386774053980563082e+00
1.375593798223188724e+00
1.357778457064770627e+00
1.350617630553704096e+00
1.317305903078191065e+00
1.301532209530085415e+00
1.296617403578967043e+00
1.311848788441062785e+00
1.322030972313574360e+00
1.329078301369789994e+00
1.357411725357579257e+00
1.367819584172242475e+00
1.358618261493828916e+00
1.344046414273275980e+00
1.348415387023469192e+00
1.344026294581355474e+00
1.345041004739405466e+00
1.342850747892316399e+00
1.349475029466029818e+00
1.361150372645738793e+00
1.349898422182464364e+00
1.348805568715638836e+00
1.364610436318472564e+00
1.342942483494631078e+00
1.345793582764079233e+00
1.366437662384626828e+00
1.375413030261236846e+00
1.386728638011798687e+00
1.370833522013871209e+00
1.390293597988206065e+00
1.429691941747688322e+00
1.430476043149626619e+00
1.421255884267734082e+00
1.407540562144900864e+00
1.385009937409884317e+00
1.367096956315449585e+00
1.356618054584225241e+00
1.363932529550071049e+00
1.381221341362960597e+00
1.383709929126781812e+00
1.384369099596155950e+00
1.388886692615682206e+00
1.382432871966272625e+00
1.393566314750779300e+00
1.392781733631449637e+00
1.384805655011281944e+00
1.415901245965937028e+00
1.436287621712455165e+00
1.443666480304517830e+00
1.440205253286916509e+00
1.410921404973648485e+00
1.398607751508148089e+00
1.376703966032951421e+00
1.395268706013394144e+00
1.407336683266795285e+00
1.383002679232085530e+00
1.396969005728887492e+00
1.402359998842028110e+00
1.419488838517064755e+00
1.439382543675769011e+00
1.438093939572987923e+00
1.437541503600191506e+00
1.436986801142734027e+00
1.426274977031436242e+00
1.427377544132727660e+00
1.408018794065646562e+00
1.395534466130529117e+00
1.405029490949854409e+00
1.396210547477402031e+00
1.379485922713565405e+00
1.383708611830788415e+00
1.344567900866389332e+00
1.310060779024591504e+00
1.304472126533908094e+00
1.314306365088846018e+00
1.326487415723901497e+00
1.331284403235072578e+00
1.349208233828447456e+00
1.338942799012192486e+00
1.319742637069685642e+00
1.304258693357156496e+00
1.306385588563370170e+00
1.300159162578053085e+00
1.310755906681610572e+00
1.297804223699683623e+00
1.310917746420776853e+00
1.308134647136090178e+00
1.300428195614703464e+00
1.314347855919513863e+00
1.320866727478029690e+00
1.308467518302681487e+00
1.322766960437455896e+00
1.318854218934742306e+00
1.314925570330903293e+00
1.314524558178906677e+00
1.321008124729766697e+00
1.322757229516233757e+00
1.335030456229162832e+00
1.354310668596895750e+00
1.354629323718121281e+00
1.362217818776110478e+00
1.354124308494364826e+00
1.369147948899738898e+00
1.371825806299388661e+00
1.369216466274872035e+00
1.369314480115671140e+00
1.349476247090749315e+00
1.358480483372493053e+00
1.357053636477066672e+00
1.366283214784447253e+00
1.365289373108143467e+00
1.366299139583628808e+00
1.373460987555792379e+00
1.362028153193914681e+00
1.365410721249677772e+00
1.375102903349168626e+00
1.361762423568682490e+00
1.354389516115878989e+00
1.374007824948487722e+00
1.389954402748468265e+00
1.409357070012029700e+00
1.422856499292020516e+00
1.416633437836494869e+00
1.393958095253150509e+00
1.402191481601287704e+00
1.371400659152065771e+00
1.360371643750349024e+00
1.340225611354144419e+00
1.351548122258299678e+00
1.356565597498096132e+00
1.354796257130662207e+00
1.357417498604401862e+00
1.362203901624352786e+00
1.341462000700523349e+00
1.348286698069300016e+00
1.337901274725517009e+00
1.355698771527407143e+00
1.368742800128684545e+00
1.385405268493617781e+00
1.379015474108255868e+00
1.390015269824150135e+00
1.388779616076572632e+00
1.392180662172260774e+00
1.379808667608657613e+00
1.383561008026130690e+00
1.355640589394082829e+00
1.370260533463595998e+00
1.392528056718162599e+00
1.403769612629253594e+00
1.371239983432657406e+00
1.387239852797402584e+00
1.412651137225534148e+00
1.413764699519149737e+00
1.398508939432312026e+00
1.386888816536607782e+00
1.388834421150117571e+00
1.413851713852968039e+00
1.397739672867736482e+00
1.413396822247839246e+00
1.400086059367503966e+00
1.410553585620705652e+00
1.385934231559062368e+00
1.391089727288040256e+00
1.352325274137655908e+00
1.372143304239219486e+00
1.374443728394225905e+00
1.395787360667785082e+00
1.397708304121380252e+00
1.399839105328015032e+00
1.395037609527256306e+00
1.408612024452584155e+00
1.398877198706272473e+00
1.394734858289079726e+00
1.383408639087982950e+00
1.387480643543775205e+00
1.367788360313078488e+00
1.338729456441504206e+00
1.326922883669081843e+00
1.334046216023068165e+00
1.347579488682655757e+00
1.354501872108997196e+00
1.342637701241696790e+00
1.341827779514334518e+00
1.340515895269400293e+00
1.337039609032427911e+00
1.327115542879854226e+00
1.325806447138624389e+00
1.314946753689476555e+00
1.327542346716636512e+00
1.315455980783438950e+00
1.320982903515163454e+00
1.301649250222685739e+00
1.311010802348750559e+00
1.317150244949714333e+00
1.319174478344112833e+00
1.326037899486860461e+00
1.311527476339983567e+00
1.285317892079613333e+00
1.297807690963968197e+00
1.308561522615085293e+00
1.317116974656785899e+00
1.331067934627802485e+00
1.348592198850558699e+00
1.365774726574925824e+00
1.369090517398434015e+00
1.387305823431122187e+00
1.395195442064719238e+00
1.391710628460046228e+00
1.399932218379900561e+00
1.393230479556701651e+00
1.382845313339288396e+00
1.410980947393474016e+00
1.414599176325079144e+00
1.422294347352286881e+00
1.424496946226113447e+00
1.435249547826723537e+00
1.422515879909586944e+00
1.409167440106414482e+00
1.390756192142555969e+00
1.370201018214797228e+00
1.356879789292912308e+00
1.364317853701419558e+00
1.362842108632013050e+00
1.353703685016659719e+00
1.351296569215297838e+00
1.355781016323413857e+00
1.381696463292404919e+00
1.391840682039562127e+00
1.379282912706315534e+00
1.354788997604068124e+00
1.351177619035573318e+00
1.349705094406153716e+00
1.386890048099314487e+00
1.394849728399952360e+00
1.428540573066591879e+00
1.441164584530240322e+00
1.431543127731577991e+00
1.437864153367765407e+00
1.419512117629461168e+00
1.420567720020760927e+00
1.391384277972973926e+00
1.419434878897399832e+00
1.417107280760494747e+00
1.435474512874008290e+00
1.462350057436264450e+00
1.460075800640719734e+00
1.449865207755011376e+00
1.458175214953365106e+00
1.470586534087143127e+00
1.464656851605870225e+00
1.467809256559188924e+00
1.428072917472544168e+00
1.419193253424885892e+00
1.429089231092509626e+00
1.451355254795833494e+00
1.423305081191871713e+00
1.422405779155669681e+00
1.400848568536571692e+00
1.375150413903788005e+00
1.351231822638824687e+00
1.350905284735536727e+00
1.348408380396418638e+00
1.344671002310533270e+00
1.357820220821951196e+00
1.340848043791491140e+00
1.346099006965196354e+00
1.341549538586408463e+00
1.358511549251371964e+00
1.329531022229994530e+00
1.340018780792986863e+00
1.340603652438574267e+00
1.368567920070048682e+00
1.388379491192053727e+00
1.393410485007874788e+00
1.382873488006880258e+00
1.391706753820459497e+00
1.412358651431593781e+00
1.400571079796272267e+00
1.375603818000600720e+00
1.381851633959122028e+00
1.412794705922556959e+00
1.418750572043290692e+00
1.425735721667525047e+00
1.440024569093812934e+00
1.445417075486881808e+00
1.440340348179483865e+00
1.432606329262239520e+00
1.412720137782940588e+00
1.422421102201366638e+00
1.436292820460149500e+00
1.424458948744611320e+00
1.414149455304338110e+00
1.409750503841513680e+00
1.424619260966675460e+00
1.427068963158150350e+00
1.432127563740535514e+00
1.409828233138669118e+00
1.389942348256971050e+00
1.372556045431362115e+00
1.384170651750016523e+00
1.362594812434764435e+00
1.371291031377838143e+00
1.370849905831390991e+00
1.389697274173344654e+00
1.370306319752698121e+00
1.360330847828761014e+00
1.349187932276131319e+00
1.328034912154979263e+00
1.321424523423175623e+00
1.323903464537979691e+00
1.336042040855698554e+00
1.326777891807274123e+00
1.342451818730222568e+00
1.334416423170043497e+00
1.331447888681328795e+00
1.352356210025752237e+00
1.339950285077589953e+00
1.327840317587506425e+00
1.338980203080664122e+00
1.307849249321858309e+00
1.304127546485394085e+00
1.330287352888154473e+00
1.319433211961211549e+00
1.344090873391562191e+00
1.351003741612283093e+00
1.371757952832234784e+00
1.361294356996427979e+00
1.365976095571234561e+00
1.348796785075087712e+00
1.358571643239458338e+00
1.339912920990442124e+00
1.347129460034399484e+00
1.366857880591295427e+00
1.381261999426189435e+00
1.385475271135649722e+00
1.394500774591279413e+00
1.405184257735878184e+00
1.390560322699875284e+00
1.389413767291287849e+00
1.384996064108652503e+00
1.379713895282262071e+00
1.407519995660295287e+00
1.424718986232758944e+00
1.419257352757097745e+00
1.426084984464757621e+00
1.418593099645589106e+00
1.406390570125703565e+00
1.440916386512619107e+00
1.415424277703341893e+00
1.409579042095582713e+00
1.414579397748559009e+00
1.421467221494580713e+00
1.417612608489321691e+00
1.441994562657033407e+00
1.441770800573256572e+00
1.457548983024955058e+00
1.463313858891851060e+00
1.446614578273665241e+00
1.437640619465686997e+00
1.422718369511145831e+00
1.388483799336541313e+00
1.379719716570314558e+00
1.367846783846640157e+00
1.377614528006423589e+00
1.358789334822907868e+00
1.372416226702848130e+00
1.357891253431395384e+00
1.338159317645825963e+00
1.345786633255829257e+00
1.334956737816554773e+00
1.337125952245622029e+00
1.349115642618904154e+00
1.331318128967154291e+00
1.351141104357170386e+00
1.347828759134433563e+00
1.342865326874682408e+00
1.333764712116652262e+00
1.337792568896376766e+00
1.325545764576170571e+00
1.325979241927066177e+00
1.313168729182987660e+00
1.306441771165036680e+00
1.321198097603494270e+00
1.306684732132452842e+00
1.334870933520260428e+00
1.353046827148546960e+00
1.371644083155040494e+00
1.380990675658761324e+00
1.388124030856828117e+00
1.404535106573726155e+00
1.400755817295832317e+00
1.404014296110274174e+00
1.405280383136365163e+00
1.387109318764101928e+00
1.409967479984277849e+00
1.402979199963117374e+00
1.387768903233076889e+00
1.403873846150174742e+00
1.389519322942147195e+00
1.391777226261050826e+00
1.387520742247176031e+00
1.376951190462280650e+00
1.372760297980219368e+00
1.370368748594192443e+00
1.367231510163307240e+00
1.376856897019309134e+00
1.354689159059364156e+00
1.362700812523176541e+00
1.366057454553575079e+00
1.344658397271100814e+00
1.332193316371104164e+00
1.323005596687587992e+00
1.335540752041515900e+00
1.330292452558197613e+00
1.334682589097711203e+00
1.332986727530584448e+00
1.331128114059711542e+00
1.347238704950965316e+00
1.357253600616822764e+00
1.363543566627145820e+00
1.385292532043598257e+00
1.377709444343153233e+00
1.362069991137591529e+00
1.372917045726468777e+00
1.374895954370029427e+00
1.365538297747552976e+00
1.369942781924200048e+00
1.379746303659304063e+00
1.379446450270539248e+00
1.384024847193891405e+00
1.385184851591705124e+00
1.395007893965540369e+00
1.385125780628436498e+00
1.377838837172053799e+00
1.371527325294330746e+00
1.385097231827310482e+00
1.379427585339154438e+00
1.377876115431251103e+00
1.392057609962523923e+00
1.397317063340844934e+00
1.383286505356164708e+00
1.394875761659480240e+00
1.389498453888168727e+00
1.405200555193702128e+00
1.401340574760827407e+00
1.401485933769343717e+00
1.421286333721071271e+00
1.424111357570609249e+00
1.414472393499188074e+00
1.416200660815184031e+00
1.419974020193292219e+00
1.448041128071754668e+00
1.439497160968149503e+00
1.452806241513963315e+00
1.440285074610227589e+00
1.429271202008793651e+00
1.442958790740430208e+00
1.447920534382188373e+00
1.467603913720819664e+00
1.495942226157419563e+00
1.492931326698067940e+00
1.491007095354549561e+00
1.475550583499066315e+00
1.465816194914463022e+00
1.472386627217758814e+00
1.488080209900793038e+00
1.459251353971231957e+00
1.437129795079552297e+00
1.426048942075075709e+00
1.408636170574155244e+00
1.392582083271604709e+00
1.375886344073240730e+00
1.385156351311161549e+00
1.397231051281142111e+00
1.383929818217526808e+00
1.380141863345738740e+00
1.377542100154087290e+00
1.369644609694545601e+00
1.359743045163960495e+00
1.387566000033335856e+00
1.388311245597968036e+00
1.389428675160422788e+00
1.382718169462930913e+00
1.378152489223651189e+00
1.360254648892738949e+00
1.365282938871071883e+00
1.368082113943927203e+00
1.385118450719031946e+00
1.386344857509742123e+00
1.368032863312603320e+00
1.354498372611865786e+00
1.392114900415067913e+00
1.398680199038188743e+00
1.387465453231985002e+00
1.408329052144897675e+00
1.433546824877846237e+00
1.436143671276909783e+00
1.422995195975008897e+00
1.413602665608707287e+00
1.402104858072895865e+00
1.418866282871928064e+00
1.403254620293242994e+00
1.422039687124411422e+00
1.442306701262521917e+00
1.433246206506623377e+00
1.438263192823374670e+00
1.436410623140913501e+00
1.448491213614778950e+00
1.433986565581372385e+00
1.443576679972309540e+00
1.432141107293757099e+00
1.435133843011218380e+00
1.451728656046782140e+00
1.435707580977317210e+00
1.460970165789236885e+00
1.449548022339735676e+00
1.428884196187691469e+00
1.423302362291058554e+00
1.437602725046432939e+00
1.420794673927774143e+00
1.379317996529545898e+00
1.369375421931406711e+00
1.376901934278773831e+00
1.381102814042595828e+00
1.393919924174696678e+00
1.381003378429790596e+00
1.379636291197738229e+00
1.363932259222317311e+00
1.350717749701335624e+00
1.335692142681899952e+00
1.345380523487351487e+00
1.334444136083733357e+00
1.313951567588922398e+00
1.315717366477234584e+00
1.302916807949898281e+00
1.320222636141987982e+00
1.322719389915526955e+00
1.320672301568360352e+00
1.309083519513054794e+00
1.282742639809031804e+00
1.287781048316126054e+00
1.293102155552804611e+00
1.311391091806116238e+00
1.311013408583378226e+00
1.322508568702266629e+00
1.331849463218958807e+00
1.362510841843075360e+00
1.357716274784612320e+00
1.361494979722864818e+00
1.355945042599901340e+00
1.372610448343323686e+00
1.375402081981468960e+00
1.382835856363354043e+00
1.388712543504407648e+00
1.402166070964327549e+00
1.410842693930629776e+00
1.410839058243569699e+00
1.429015103271426890e+00
1.437286571801114743e+00
1.455605909819318589e+00
1.438208299659667233e+00
1.447190874880612155e+00
1.426566756745347275e+00
1.456120150289338167e+00
1.456378012863741800e+00
1.449521092678968337e+00
1.443573177913722416e+00
1.428555225142417173e+00
1.418238022872579940e+00
1.423369399243541666e+00
1.437830282357245082e+00
1.432729630075834537e+00
1.424855539749160238e+00
1.420649254220107238e+00
1.425828588269252739e+00
1.402362615113164290e+00
1.392035377297100807e+00
1.400016052858510829e+00
1.373897172267985578e+00
1.356090019461482443e+00
1.339309650504953986e+00
1.347812010356247203e+00
1.330186068239807229e+00
1.324886909661902035e+00
1.321707505356968460e+00
1.334205982160435289e+00
1.339366733995507097e+00
1.328728503987828491e+00
1.313979226116935184e+00
1.312647500599610551e+00
1.327024536222874751e+00
1.335395433815976807e+00
1.328847189636427117e+00
1.319015579949020411e+00
1.300008110394148764e+00
1.286049790690196648e+00
1.262867247069178411e+00
1.273342111861050840e+00
1.276588328757307655e+00
1.286665846490953724e+00
1.296376031810943186e+00
1.309177953654571791e+00
1.312867368810403779e+00
1.330074765070620613e+00
1.328351977723885025e+00
1.341940965743299463e+00
1.347409701254622227e+00
1.346274010642692254e+00
1.346969368569419956e+00
1.353601525834956520e+00
1.355675071588935410e+00
1.355207604955459999e+00
1.362507358176615391e+00
1.385922643287260447e+00
1.416266689002118273e+00
1.432890284632745370e+00
1.429519788212916698e+00
1.433327841493465371e+00
1.438637393780699547e+00
1.446666137181493283e+00
1.445665633302050779e+00
1.471103305458705490e+00
1.465746638223947018e+00
1.444000628092983796e+00
1.454130359828411656e+00
1.436777443024792156e+00
1.422609591838018828e+00
1.402846004790018641e+00
1.385247723334486203e+00
1.400927875567255398e+00
1.405282056507228372e+00
1.393037514440289337e+00
1.401224543368262410e+00
1.399613166172060996e+00
1.401728391277380137e+00
1.402689791959311760e+00
1.385079851228601333e+00
1.386516186726258537e+00
1.366244742248800881e+00
1.333691570610319621e+00
1.309186342230715283e+00
1.315733313669716464e+00
1.319815622563595525e+00
1.310135519333914367e+00
1.306708072981772606e+00
1.323366227454886079e+00
1.311147940098277065e+00
1.302107327480608312e+00
1.324233450289576286e+00
1.301617822811763858e+00
1.319225980206083948e+00
1.319409865327217490e+00
1.319182255539560256e+00
1.316378732460874668e+00
1.317468706649267407e+00
1.289634030094690909e+00
1.282997393760313631e+00
1.298108903429147976e+00
1.318003706007810694e+00
1.293686424165604532e+00
1.275060938351988193e+00
1.296827410108724044e+00
1.285704460497350210e+00
1.283245835857996342e+00
1.312529989294469734e+00
1.316694945177563802e+00
1.302282294030106646e+00
1.302013756041060732e+00
1.304927180941049869e+00
1.322776235469257822e+00
1.313531005201011403e+00
1.318655210508144382e+00
1.317634682281336955e+00
1.316369172114879582e+00
1.326507883354713480e+00
1.315458982185603531e+00
1.319504620537778505e+00
1.323417451556685664e+00
1.333769024518090429e+00
1.341210069366829849e+00
1.364693019430831100e+00
1.392683843312739977e+00
1.369154353145258352e+00
1.360358175206719533e+00
1.371045666091057935e+00
1.379428425931155333e+00
1.356709161429743515e+00
1.377567325386301222e+00
1.370100097122619820e+00
1.353525698850869707e+00
1.357952578492531703e+00
1.365311681369723251e+00
1.375415432042538688e+00
1.389792573480523430e+00
1.362482952277735526e+00
1.373790803866351995e+00
1.387942332557132286e+00
1.393360772139587755e+00
1.397532647176433329e+00
1.415426813627316482e+00
1.424456704066454193e+00
1.419454810928858057e+00
1.435642508854720223e+00
1.446587122848163265e+00
1.445009888046129509e+00
1.471334500560613101e+00
1.481991701732759292e+00
1.488258272562152706e+00
1.497008832654322719e+00
1.485997323981069318e+00
1.452918876486222866e+00
1.484082651583692902e+00
1.476371038118774237e+00
1.488205484181866156e+00
1.482511849101198376e+00
1.479288155203307253e+00
1.491183044004067204e+00
1.496201725884195088e+00
1.509367177614762356e+00
1.531827597428009335e+00
1.525152305222449600e+00
1.504506695436137687e+00
1.525457460217461314e+00
1.516050114316803477e+00
1.487346243309804583e+00
1.488762765466742133e+00
1.497905506683942622e+00
1.481134075717358556e+00
1.454524653607208284e+00
1.454936637571168312e+00
1.417964362934494016e+00
1.405296490756523964e+00
1.394142947766771057e+00
1.380179576828460597e+00
1.403444693131647103e+00
1.439763447531712481e+00
1.430780875467483337e+00
1.454847214629184649e+00
1.460207670476770137e+00
1.461723635899873086e+00
1.467979412074496670e+00
1.464328174879337086e+00
1.462819034112987859e+00
1.467487468256906791e+00
1.445607653493134803e+00
1.446538336694322302e+00
1.439369618948984852e+00
1.440642228205619713e+00
1.433051647630619208e+00
1.429473261990286126e+00
1.439895847812431073e+00
1.435755306941544518e+00
1.424802595623297252e+00
1.435547439595780572e+00
1.422094886605287600e+00
1.432971119405904936e+00
1.428055343834836455e+00
1.447647824896633129e+00
1.462105560772285706e+00
1.469828327360704012e+00
1.459057388744194217e+00
1.444373991835868898e+00
1.427698019347957814e+00
1.411362703130867535e+00
1.423519256191767335e+00
1.438215775156773457e+00
1.442545596236236127e+00
1.430451425293561840e+00
1.402561492408064936e+00
1.417907643333423673e+00
1.394995244358254505e+00
1.407565740193386539e+00
1.379189211780775581e+00
1.380524793974634568e+00
1.395067931100026692e+00
1.392006016810608759e+00
1.410970042234100275e+00
1.428955370505051725e+00
1.445538004578376112e+00
1.438331383672298625e+00
1.428202769989477705e+00
1.438569866686955967e+00
1.421680141691278099e+00
1.415403573674394178e+00
1.390503975365797951e+00
1.399114767691677974e+00
1.403118258987473554e+00
1.381327969357274199e+00
1.393524987051081521e+00
1.380678675183631521e+00
1.357307042382624784e+00
1.343997474517020452e+00
1.363261450647340611e+00
1.365568503526490618e+00
1.355006073428965063e+00
1.379294461478079548e+00
1.370784450634095375e+00
1.378047881207679071e+00
1.379416668882662567e+00
1.392234392606900295e+00
1.385148135423063254e+00
1.356461611396305500e+00
1.359145265166546768e+00
1.370431552984404444e+00
1.382497144450229865e+00
1.401834236163534753e+00
1.366820412290725706e+00
1.375368529345039059e+00
1.374876536733944388e+00
1.376477149070035377e+00
1.379692368986184192e+00
1.377557977094537867e+00
1.391248660250731684e+00
1.374138743161960274e+00
1.386719032193086898e+00
1.394992331603861713e+00
1.377364023886529232e+00
1.366432685352681364e+00
1.371887826609992755e+00
1.364951352472294710e+00
1.381684012038175258e+00
1.383294303190802710e+00
1.388901033973172439e+00
1.403184749772222517e+00
1.371759600782853861e+00
1.375305444257980625e+00
1.378274196360328441e+00
1.375314822221402000e+00
1.345212789277121734e+00
1.336574465204954043e+00
1.316955377358299817e+00
1.355456884963132769e+00
1.362098573345276176e+00
1.361730817154047868e+00
1.371382062788841338e+00
1.377264676304757129e+00
1.377043818338574921e+00
1.398098955160152368e+00
1.404557347158760461e+00
1.398985681240124235e+00
1.407840225441807425e+00
1.443939648807077480e+00
1.442110749818921400e+00
1.454314080021830824e+00
1.477244570195915374e+00
1.461199942199516544e+00
1.475512549030062903e+00
1.490562395214407587e+00
1.467989888454238834e+00
1.477858151804615661e+00
1.488181240938558192e+00
1.482292033845593382e+00
1.481384076720779319e+00
1.503102723328300749e+00
1.500557492896700928e+00
1.526083349675494638e+00
1.506273129783010090e+00
1.504604604874230311e+00
1.490802872223669917e+00
1.502120307278876021e+00
1.482728558943719355e+00
1.476280399894133177e+00
1.472723529146001020e+00
1.485831179076190889e+00
1.495604043275962969e+00
1.489131104474126222e+00
1.461674326840639138e+00
1.462030248118217246e+00
1.448364787271176901e+00
1.442807080937310138e+00
1.447618469794117013e+00
1.430060416032028714e+00
1.419501024055939364e+00
1.434659704863588514e+00
1.430557415505324670e+00
1.392193692172722264e+00
1.427349498609623346e+00
1.415409648924998542e+00
1.393120008323838199e+00
1.418320031376912871e+00
1.403103222612554601e+00
1.398555067641627181e+00
1.403016026925390403e+00
1.399133321982560130e+00
1.388212364452340308e+00
1.382638306922503668e+00
1.384176598791921897e+00
1.372196702161766479e+00
1.375091963544589957e+00
1.359550474091841155e+00
1.353430687462088500e+00
1.350765016378265626e+00
1.356591682029992141e+00
1.362952174355750223e+00
1.371663621561393542e+00
1.369436418787002951e+00
1.366778058286232778e+00
1.359608375849884698e+00
1.334634385800995915e+00
1.345468847397059298e+00
1.366021883289303851e+00
1.351962080262189225e+00
1.352318334306478853e+00
1.381220717289568078e+00
1.355980391902046778e+00
1.344035126827542559e+00
1.350776623843498170e+00
1.341473191467903892e+00
1.339158219364199320e+00
1.341917705495605073e+00
1.353322471157690554e+00
1.370304427876832820e+00
1.387696603033356624e+00
1.398086781604308548e+00
1.383434754003357359e+00
1.401412082896543065e+00
1.427253907050778148e+00
1.420502796213792163e+00
1.435976489466844530e+00
1.423490383288350092e+00
1.399929320470547855e+00
1.405068172978693353e+00
1.407336131739842955e+00
1.433250683234736256e+00
1.427696192454328106e+00
1.413191117612540681e+00
1.400842143190469846e+00
1.426931529190425207e+00
1.417755070759192160e+00
1.425586064145513143e+00
1.428082583258551752e+00
1.421776320962763629e+00
1.414624899069072406e+00
1.439986370373650404e+00
1.434253784151277467e+00
1.434846011879725491e+00
1.409492441752020708e+00
1.407762540065073287e+00
1.397480128163048008e+00
1.420861705634832717e+00
1.414073600371280826e+00
1.408428145923148911e+00
1.395366159426899566e+00
1.379964879512207032e+00
1.371970378405033220e+00
1.382244693344365505e+00
1.387582429979905330e+00
1.391555303841581770e+00
1.388106543957054795e+00
1.399118417997739172e+00
1.411038945955641388e+00
1.414320870126715368e+00
1.396024617948881330e+00
1.394241493254640751e+00
1.381244206215817671e+00
1.397110571564543546e+00
1.381903925526862364e+00
1.375794247445192964e+00
1.339267863674799441e+00
1.323957802585217669e+00
1.349317222157899288e+00
1.352082812499171505e+00
1.338158471229067503e+00
1.326658195335920887e+00
1.340501431251386100e+00
1.349968055892732721e+00
1.349913661591720437e+00
1.356326058635358933e+00
1.365607828040741989e+00
1.385844924235565490e+00
1.399316216425982917e+00
1.400577039430456194e+00
1.396709174304634260e+00
1.407283955932656427e+00
1.394068674091438087e+00
1.399264177380983964e+00
1.404790876329630178e+00
1.416781232696585624e+00
1.439934148788419854e+00
1.448731707345146891e+00
1.422738513969943330e+00
1.430467660109527417e+00
1.453404707813068075e+00
1.481637297105996787e+00
1.493843648742208208e+00
1.466444815076261898e+00
1.471403991379795162e+00
1.462033835761672673e+00
1.463502831117044156e+00
1.447398752927617327e+00
1.443191766619238203e+00
1.437792461212546336e+00
1.450859218935413475e+00
1.432366854604562034e+00
1.437441468213302986e+00
1.433086850705675985e+00
1.426872345903669181e+00
1.431018727055932249e+00
1.434001270876731571e+00
1.428071932511322251e+00
1.420092789605175376e+00
1.426033578864105200e+00
1.407561330698229973e+00
1.387873073156195236e+00
1.391986156299051203e+00
1.416842925226561967e+00
1.433875029993348482e+00
1.423149779260316716e+00
1.427957357918410830e+00
1.431243876002478377e+00
1.439013150911745864e+00
1.423336861540112519e+00
1.434528429662714988e+00
1.457258274571544776e+00
1.471186012299553481e+00
1.453939338022669059e+00
1.450228323382645623e+00
1.435447136029732951e+00
1.454261375187464012e+00
1.449585079589213121e+00
1.455036086269861473e+00
1.462331717437323375e+00
1.446772779025109035e+00
1.426574027369996278e+00
1.436677698904578193e+00
1.449219263541037694e+00
1.441343130723572896e+00
1.435925602063273798e+00
1.427353696164420871e+00
1.441730678220880746e+00
1.427895250034484365e+00
1.428078849261720018e+00
1.430868058809050103e+00
1.414316878366346009e+00
1.408941740088772043e+00
1.383466095318718114e+00
1.394643131251915635e+00
1.394157699427947872e+00
1.368907135982823986e+00
1.343648111100681053e+00
1.355878887418523027e+00
1.362502653071409719e+00
1.382595561745628476e+00
1.376592088201890274e+00
1.370081919551796368e+00
1.378799302787423686e+00
1.380611660841218447e+00
1.398219702888570781e+00
1.411131006500390805e+00
1.415539601640119161e+00
1.415865832891988418e+00
1.433905119998057698e+00
1.434010090167214369e+00
1.433156578115250657e+00
1.418960142494390508e+00
1.428815100797733439e+00
1.453102019087949781e+00
1.448983098615390874e+00
1.471861723799934518e+00
1.470079798733287424e+00
1.494781276694210126e+00
1.487587483195494276e+00
1.486638132123772715e+00
1.525686647173830401e+00
1.532566665717397303e+00
1.526494308163664382e+00
1.518975254797323204e+00
1.514760202216376639e+00
1.526205570917658516e+00
1.550392592476983245e+00
1.548381449425534795e+00
1.542329314921818684e+00
1.529530183649035591e+00
1.506275232387584317e+00
1.517345886624565487e+00
1.501907849347121626e+00
1.487299900950338483e+00
1.497259838215774463e+00
1.500269147880349596e+00
1.507186580898359329e+00
1.512208096885278463e+00
1.470011127637405046e+00
1.489589980360989330e+00
1.509049949082056363e+00
1.527488647870419269e+00
1.522849975809168255e+00
1.535771479126738281e+00
1.540035899992455715e+00
1.527261726361038630e+00
1.547243788102963480e+00
1.560362336967588526e+00
1.550121502529096418e+00
1.568207589042759809e+00
1.555599814639510026e+00
1.529167013352861204e+00
1.499953043915935869e+00
1.524734658420335842e+00
1.531857981262745083e+00
1.539253835551769756e+00
1.521041470611055324e+00
1.537348727153105443e+00
1.548040082679820850e+00
1.541597346408296376e+00
1.547268773518318152e+00
1.543228931504613932e+00
1.551744750823590424e+00
1.542996506925457645e+00
1.554153130857247378e+00
1.525244342777992257e+00
1.537981916892307899e+00
1.549812530402172595e+00
1.539586953069898012e+00
1.542103023705611919e+00
1.516770379073175024e+00
1.512057087242025810e+00
1.497829357156781338e+00
1.507969677410491816e+00
1.478462197919782284e+00
1.495357405402563566e+00
1.498556218778224425e+00
1.518517263497932257e+00
1.477355049624236694e+00
1.488012912048233494e+00
1.496732654376356608e+00
1.513963277519370099e+00
1.520431903988247013e+00
1.501898982822808870e+00
1.519092089795826661e+00
1.522789904579419318e+00
1.516280558666345701e+00
1.500071248249972511e+00
1.512894260753432141e+00
1.496584419454186632e+00
1.486692583733256301e+00
1.445257950044042117e+00
1.439147330613046005e+00
1.447916288105073779e+00
1.433775352420656679e+00
1.454412824834863782e+00
1.443225355326484660e+00
1.429174519984188541e+00
1.396099683170459738e+00
1.392221964745328444e+00
1.366578942832656240e+00
1.363579695977820583e+00
1.348260924733353017e+00
1.368446469290771628e+00
1.358664753190685470e+00
1.339517794853675836e+00
1.330378929306183178e+00
1.310103747426872633e+00
1.313381772196035024e+00
1.322667536184310988e+00
1.314555959294029686e+00
1.307989508437921167e+00
1.311185654892278007e+00
1.322956441920554393e+00
1.314656605055425143e+00
1.348503716464038549e+00
1.345642432021765922e+00
1.346235133934602590e+00
1.346265456658659820e+00
1.340842874356442005e+00
1.344988305384346994e+00
1.344262065888009339e+00
1.352143920127188981e+00
1.375679609531347714e+00
1.380351491924752372e+00
1.376793811018578229e+00
1.381689574251901531e+00
1.385909237192558097e+00
1.366073429552780105e+00
1.373568860632625288e+00
1.402027637892442558e+00
1.389648123758278286e+00
1.383459941228153411e+00
1.377612693469652205e+00
1.368790006426607864e+00
1.375005650434419691e+00
