1.401851340453140438e+02
1.193760306979529560e+02
1.014741086671128869e+02
1.008129058321937919e+02
5.577095799008384347e+01
1.206940631517209113e+02
4.660877314629033208e+01
8.073541500978171825e+01
1.322462653969414532e+02
1.577341291680932045e+02
1.354968762150965631e+02
1.404374165679328144e+02
6.441810763301327825e+01
7.962098594801500440e+01
8.830821279808878899e+01
8.045695814071223140e+01
1.262518934719264507e+02
1.367618818217888474e+02
4.849206429906189442e+01
7.113627680577337742e+01
1.047412633053027093e+02
1.440771162989549339e+02
1.400931545039638877e+02
1.283062714259140193e+02
1.258372747749090195e+02
7.256966389622539282e+01
1.595899232351221144e+02
1.584075624090619385e+02
4.487150236964225769e+01
8.701405645022168756e+01
6.998350517684593797e+01
5.584479858493432403e+01
1.492011972600594163e+02
9.895867018215358257e+01
4.390974916098639369e+01
1.050014677471481264e+02
1.278092960687354207e+02
1.071052381573244929e+02
1.125019535603933036e+02
6.080506726726889610e+01
8.892253494122996926e+01
8.111269258288666606e+01
1.103419206910766661e+02
4.701786943385377526e+01
1.157179502788931131e+02
9.852609137073159218e+01
9.628681798418983817e+01
4.039972454728558660e+01
9.481091855699196458e+01
1.132172522451728582e+02
1.098208358809351921e+02
9.248512298893183470e+01
4.059083239780738950e+01
8.754400872904807329e+01
9.811167459096759558e+01
1.179583703246898949e+02
3.863016801094636321e+01
3.870721670193597674e+01
5.350480420514941216e+01
1.124104796308092773e+02
3.833975592022761703e+01
1.132206334131769836e+02
9.098806110536679626e+01
8.887570147076621652e+01
1.291507961764000356e+02
9.431259100185707211e+01
1.037843784256838262e+02
1.050359270740300417e+02
7.186043343925848603e+01
3.844002975989133120e+01
3.797371960524469614e+01
1.061352794398553669e+02
8.071945781214162707e+01
8.537251069908961654e+01
6.394981483183801174e+01
1.008502219365909696e+02
9.738658370217308402e+01
9.935542744025588036e+01
6.757210726477205753e+01
1.054199910480529070e+02
8.888752115471288562e+01
8.000300523405894637e+01
7.011575823696330190e+01
3.766179755516350269e+01
1.096659095492213964e+02
1.105169267789460719e+02
4.773806925863027573e+01
1.051816763048991561e+02
7.245918886223807931e+01
5.662774101505056024e+01
8.670636734599247575e+01
1.107554163038730621e+02
7.516728657111525536e+01
4.069017478823661804e+01
3.727948232414200902e+01
1.025005985707975924e+02
9.664797829510644078e+01
1.052656620433554053e+02
7.936560997832566500e+01
1.040616167727857828e+02
1.077576080649159849e+02
4.650811561802402139e+01
3.682370644668117166e+01
1.245485667921602726e+02
3.678102750284597278e+01
3.821083631692454219e+01
9.042166903614997864e+01
5.582569466577842832e+01
8.938500809576362371e+01
8.173116887360811234e+01
4.010980635229498148e+01
9.501903122803196311e+01
1.105000336966477334e+02
1.109823183747939765e+02
1.031854313812218606e+02
3.641244960390031338e+01
4.012433905806392431e+01
3.946421053400263190e+01
7.306066139973700047e+01
9.344569161860272288e+01
9.270637498702853918e+01
9.519762944523245096e+01
4.086135663092136383e+01
4.085706566506996751e+01
1.088839222211390734e+02
6.070383650623261929e+01
4.452205604920163751e+01
4.558351686410605907e+01
1.087969179572537541e+02
1.037930717840790749e+02
4.788724934309720993e+01
5.622230088990181684e+01
1.031508055580779910e+02
4.599760703882202506e+01
8.598484947811812162e+01
1.081247188951820135e+02
4.276254230597987771e+01
3.986094536725431681e+01
6.321234093466773629e+01
3.830070408619940281e+01
8.810242979973554611e+01
7.998770751571282744e+01
1.005520130218937993e+02
7.654224967863410711e+01
5.069650873122736812e+01
7.208609601482748985e+01
5.476306447107344866e+01
3.968353330809623003e+01
4.372141387499868870e+01
4.014865648699924350e+01
3.940187604399397969e+01
4.316001748200505972e+01
4.023041987000033259e+01
1.041529527977108955e+02
8.366915824310854077e+01
6.463935737591236830e+01
4.821913430280983448e+01
1.097954543782398105e+02
4.016222587227821350e+01
4.020086624193936586e+01
3.611605378193780780e+01
1.112781862528063357e+02
1.085010146661661565e+02
5.615375599311664701e+01
4.239645637059584260e+01
1.038978418619371951e+02
7.400456394581124187e+01
8.306888320110738277e+01
4.698675049375742674e+01
9.339580568810924888e+01
4.003301033470779657e+01
8.525417713494971395e+01
3.918072301428765059e+01
4.417613203777000308e+01
4.014083222020417452e+01
4.804760802490636706e+01
4.479749465314671397e+01
9.274032454611733556e+01
9.450542286410927773e+01
6.412607561564072967e+01
3.647274759085848927e+01
6.174284618720412254e+01
7.501442308677360415e+01
1.074332324699498713e+02
1.094463156000711024e+02
4.332773819006979465e+01
3.929474643990397453e+01
8.004219929222017527e+01
3.810413795802742243e+01
3.817613015603274107e+01
8.383774814615026116e+01
4.586748338211327791e+01
8.775428629573434591e+01
3.711062042508274317e+01
4.059757538000121713e+01
4.054190620360895991e+01
5.537610285496339202e+01
4.776098901778459549e+01
4.315119969798251987e+01
1.015129315271042287e+02
4.602416586037725210e+01
8.597854058304801583e+01
7.702482885494828224e+01
8.704550269478932023e+01
4.400722343986853957e+01
5.560380222881212831e+01
9.458528265589848161e+01
5.651336902612820268e+01
6.499481665296480060e+01
9.531875927420333028e+01
4.398108062893152237e+01
7.316055991826578975e+01
8.835423031216487288e+01
4.789759303303435445e+01
4.496632610680535436e+01
1.023416167227551341e+02
9.252578582614660263e+01
9.709082402288913727e+01
3.693246161891147494e+01
4.274517985899001360e+01
3.938562961993739009e+01
5.668743866775184870e+01
3.666637457441538572e+01
6.481091739889234304e+01
9.707876924099400640e+01
7.760221039084717631e+01
1.014991280520334840e+02
5.472545228432863951e+01
1.043643056722357869e+02
4.787144260806962848e+01
5.201936408411711454e+01
7.995438551995903254e+01
4.051129228528589010e+01
7.598025430692359805e+01
6.030156192556023598e+01
7.232133988523855805e+01
9.626549788471311331e+01
4.272090289602056146e+01
1.017055906220339239e+02
4.430118865892291069e+01
3.775249612098559737e+01
4.851518237497657537e+01
9.416249936819076538e+01
9.444644951354712248e+01
8.036133096320554614e+01
4.241748831188306212e+01
7.837808892503380775e+01
3.870272170472890139e+01
4.359096884587779641e+01
4.309255918674170971e+01
4.420189999556168914e+01
6.101931032212451100e+01
9.132541137514635921e+01
3.861448042700067163e+01
3.804592523723840714e+01
4.311082857288420200e+01
6.720144033804535866e+01
8.874119289731606841e+01
9.639692079694941640e+01
4.074912101030349731e+01
7.649508469179272652e+01
6.168449592776596546e+01
5.197979828575626016e+01
6.465034913923591375e+01
5.142465292708948255e+01
4.704574990365654230e+01
9.704978417186066508e+01
8.101705116126686335e+01
4.070039680507034063e+01
4.385102727171033621e+01
8.064368241373449564e+01
6.494213999621570110e+01
3.763949861098080873e+01
6.005206371704116464e+01
4.478279957268387079e+01
3.432159564411267638e+01
7.029182185092940927e+01
6.830990814790129662e+01
3.779629637626931071e+01
4.034463922912254930e+01
5.120834910077974200e+01
5.632069188961759210e+01
8.230787845188751817e+01
3.881869890494272113e+01
6.251283775083720684e+01
6.473448784416541457e+01
7.208763416204601526e+01
5.179157764418050647e+01
5.982976915314793587e+01
5.526559157483279705e+01
4.524648911412805319e+01
5.662470164569094777e+01
4.087264007981866598e+01
6.300086970999836922e+01
4.541358231101185083e+01
7.764916392508894205e+01
4.561460514785721898e+01
6.475340949092060328e+01
9.265739005897194147e+01
4.787762202788144350e+01
5.398225703136995435e+01
4.622871448611840606e+01
6.266176281496882439e+01
6.860751219885423779e+01
4.774831962119787931e+01
5.962224567960947752e+01
4.332395533425733447e+01
5.086263373214751482e+01
5.648314331471920013e+01
7.512169437436386943e+01
4.507751355832442641e+01
4.751192773692309856e+01
7.898156353598460555e+01
3.472499966900795698e+01
1.032769679902121425e+02
1.044927523201331496e+02
4.003135255165398121e+01
4.856433819187805057e+01
4.524158901907503605e+01
8.019280786206945777e+01
6.278425461892038584e+01
8.635381471365690231e+01
1.002739921179600060e+02
4.812370043620467186e+01
4.062612640112638474e+01
4.051751426095142961e+01
7.611561789223924279e+01
3.431125181587412953e+01
5.183625880442559719e+01
7.684104698291048408e+01
7.074879633402451873e+01
3.994374087499454618e+01
4.041315806377679110e+01
1.002561616548337042e+02
9.274914419697597623e+01
3.248906092112883925e+01
9.624473437201231718e+01
3.258841803390532732e+01
7.244781656609848142e+01
4.526631512027233839e+01
4.857235440192744136e+01
6.019134664488956332e+01
6.707388405129313469e+01
1.005447780420072377e+02
9.576723628584295511e+01
6.759341923892498016e+01
8.374966068007051945e+01
4.056014836207032204e+01
7.727700637700036168e+01
6.508580727688968182e+01
4.573437935439869761e+01
7.056094310292974114e+01
3.906070813396945596e+01
9.688347540004178882e+01
5.624827999901026487e+01
4.783390724100172520e+01
5.396568334801122546e+01
4.290427405899390578e+01
8.934000454004853964e+01
4.802388233505189419e+01
4.062368546100333333e+01
3.770880338503047824e+01
3.596687965793535113e+01
7.185253905691206455e+01
4.065996776102110744e+01
8.747950672078877687e+01
7.970074011106044054e+01
7.285819890815764666e+01
5.334434324642643332e+01
6.466929879225790501e+01
3.765178820816799998e+01
8.061489454563707113e+01
4.379889477510005236e+01
6.707463719975203276e+01
4.857849739585071802e+01
8.067605063505470753e+01
5.194669714104384184e+01
3.238767718710005283e+01
3.894735692581161857e+01
5.648481512768194079e+01
3.436329837376251817e+01
5.290734617784619331e+01
5.660724211018532515e+01
4.047130989469587803e+01
5.254468749184161425e+01
6.482592168077826500e+01
9.695863733068108559e+01
7.680066671082749963e+01
5.649286879785358906e+01
8.043032782990485430e+01
7.722562925703823566e+01
3.956410444807261229e+01
5.915139949414879084e+01
4.558166894130408764e+01
8.005347830802202225e+01
5.641781145799905062e+01
9.491646501701325178e+01
3.979295255569741130e+01
4.005152106704190373e+01
9.238034452497959137e+01
9.238860539486631751e+01
7.274569085100665689e+01
5.313376740692183375e+01
7.269165433105081320e+01
7.269373368192464113e+01
5.663553957687690854e+01
5.487406480591744184e+01
4.001612448180094361e+01
3.523022242588922381e+01
9.190226155566051602e+01
7.633451719209551811e+01
3.227405158895999193e+01
7.092924979608505964e+01
3.231916111288592219e+01
9.228461438091471791e+01
5.657276756362989545e+01
8.875870449608191848e+01
4.273298610420897603e+01
3.500065203290432692e+01
3.838426237413659692e+01
8.084143747109919786e+01
4.042942444328218699e+01
3.944796447502449155e+01
8.644030387420207262e+01
9.696218834118917584e+01
7.124897605599835515e+01
4.046029507834464312e+01
7.736652156012132764e+01
9.234828477026894689e+01
9.147887834394350648e+01
4.539002483710646629e+01
8.070591105800122023e+01
3.580381556134670973e+01
1.001807909999042749e+02
3.950671937409788370e+01
6.465103392908349633e+01
7.553337844926863909e+01
4.327029196592047811e+01
4.047165919514372945e+01
4.049146105116233230e+01
5.946000069659203291e+01
3.226075419597327709e+01
8.731505825603380799e+01
7.032563892984762788e+01
8.518309936113655567e+01
4.312877861596643925e+01
9.694068861985579133e+01
5.040834046108648181e+01
4.290078475605696440e+01
6.486224536923691630e+01
3.497821136564016342e+01
4.866338836727663875e+01
5.365213464898988605e+01
8.063226333539932966e+01
3.715012239105999470e+01
4.052192645100876689e+01
7.279894938692450523e+01
3.523463270626962185e+01
7.287524046003818512e+01
5.425938047003000975e+01
4.400509582925587893e+01
4.054274830734357238e+01
9.097628219006583095e+01
4.031210586288943887e+01
9.090923094376921654e+01
8.032294876407831907e+01
5.312214627629145980e+01
4.589231950091198087e+01
3.224254564195871353e+01
4.399096987908706069e+01
4.324420014396309853e+01
7.042995092971250415e+01
5.317023435607552528e+01
5.113972010603174567e+01
5.977692187018692493e+01
3.869197900732979178e+01
6.816668550902977586e+01
3.674002958089113235e+01
1.001324339080601931e+02
7.635862170998007059e+01
4.246012160880491138e+01
5.399944126466289163e+01
7.092512300936505198e+01
4.068364540208131075e+01
6.024824203178286552e+01
4.670632293866947293e+01
6.191066319914534688e+01
5.398254193505272269e+01
4.072049179207533598e+01
6.156443316908553243e+01
4.859372852789238095e+01
5.552476887404918671e+01
6.521027365978807211e+01
4.646917455596849322e+01
8.102228947868570685e+01
4.782683745119720697e+01
4.066532906889915466e+01
4.039244588883593678e+01
8.907553070271387696e+01
6.120184514904394746e+01
9.686570935510098934e+01
4.000965824816375971e+01
5.574728203006088734e+01
6.469132348103448749e+01
4.055288093071430922e+01
4.058047128608450294e+01
3.795527750207111239e+01
6.926770917791873217e+01
3.248455602396279573e+01
4.053354138927534223e+01
5.499225358525291085e+01
8.590774440811946988e+01
6.485260749608278275e+01
4.854895359836518764e+01
3.019582027988508344e+01
3.539867508225142956e+01
7.614418172510340810e+01
4.869689203891903162e+01
4.862276151264086366e+01
1.053384776250459254e+02
8.602718097530305386e+01
3.848340805806219578e+01
9.602229849202558398e+01
7.843703660881146789e+01
9.729908890509977937e+01
6.140218964824452996e+01
4.052344810403883457e+01
4.473295817058533430e+01
3.863882412621751428e+01
5.253775364393368363e+01
9.307581820106133819e+01
3.244347064895555377e+01
7.300426585879176855e+01
6.172797331586480141e+01
7.597489951737225056e+01
3.863679015496745706e+01
3.925452895509079099e+01
4.877242652419954538e+01
8.394920841883867979e+01
9.589487045770511031e+01
4.438464047620072961e+01
7.657408950384706259e+01
8.419617719808593392e+01
7.126607906026765704e+01
5.170153039507567883e+01
8.913077805796638131e+01
4.054185968684032559e+01
4.424949265271425247e+01
4.625383963529020548e+01
5.378630157886072993e+01
5.308485902007669210e+01
3.703838675282895565e+01
9.597458132030442357e+01
8.569704294577240944e+01
4.383808677224442363e+01
4.050718829408288002e+01
5.524053102592006326e+01
5.189475737791508436e+01
8.898164832498878241e+01
6.145339904492720962e+01
9.661924534803256392e+01
4.348216789588332176e+01
6.240690275095403194e+01
3.726699324883520603e+01
4.055549069400876760e+01
3.716853457409888506e+01
4.853916524257510900e+01
7.047046120697632432e+01
6.481894077267497778e+01
3.817354912217706442e+01
7.180454709287732840e+01
9.725507839117199183e+01
6.820697972411289811e+01
8.912850777804851532e+01
5.183363512670621276e+01
6.874011491937562823e+01
9.641207865998148918e+01
6.035414189798757434e+01
6.052049276372417808e+01
6.111995430430397391e+01
4.473137984611093998e+01
7.730612512864172459e+01
9.074450979614630342e+01
5.160154655529186130e+01
7.529447897896170616e+01
5.581484392378479242e+01
8.126299928640946746e+01
4.070512642478570342e+01
4.073789002187550068e+01
8.899025635328143835e+01
5.365133321098983288e+01
8.114224446192383766e+01
4.850507850572466850e+01
8.069863679585978389e+01
7.284862446226179600e+01
5.273107411293312907e+01
7.663025269191712141e+01
3.242190306587144732e+01
5.888930695410817862e+01
4.338611187785863876e+01
4.251101244194433093e+01
5.127377457590773702e+01
4.047201081737875938e+01
4.791271840315312147e+01
2.970994567591696978e+01
4.505072025023400784e+01
4.858145486097782850e+01
8.572842444665730000e+01
9.515906926896423101e+01
4.526991782197728753e+01
8.002292918274179101e+01
4.048685799771919847e+01
4.492410911200568080e+01
3.685694717383012176e+01
8.099670977890491486e+01
4.874057709705084562e+01
6.039812385104596615e+01
3.249958805507048965e+01
5.353499665576964617e+01
4.367834796011447906e+01
5.310720074176788330e+01
4.681713069416582584e+01
5.223780954629182816e+01
3.966205916088074446e+01
5.460523755988106132e+01
4.861479165591299534e+01
6.820725558325648308e+01
8.655257852608337998e+01
4.627113088313490152e+01
5.666097410814836621e+01
8.412735156528651714e+01
7.613787150336429477e+01
5.699430711101740599e+01
8.687277735397219658e+01
4.616285172570496798e+01
3.571405648719519377e+01
3.120878528617322445e+01
4.335927502065896988e+01
6.161946334270760417e+01
7.045728242211043835e+01
7.544918636092916131e+01
5.584399316273629665e+01
4.063050923915579915e+01
4.606223853677511215e+01
8.656629978027194738e+01
4.676999980676919222e+01
3.784689173800870776e+01
4.030593571299687028e+01
3.530673660896718502e+01
7.653435029368847609e+01
9.139145257137715816e+01
7.079394648084416986e+01
9.078001635801047087e+01
5.679626256925985217e+01
3.235150371119379997e+01
7.280511374166235328e+01
5.298312419513240457e+01
9.495299353217706084e+01
7.579323115991428494e+01
4.049402288114652038e+01
3.246092034783214331e+01
4.551141166780143976e+01
7.554866244597360492e+01
7.770184565242379904e+01
8.928897534916177392e+01
7.091450399905443192e+01
8.077168349502608180e+01
6.401068490045145154e+01
8.840842698607593775e+01
5.494839630322530866e+01
5.123663260601460934e+01
4.551791436690837145e+01
4.300230139074847102e+01
6.469718041131272912e+01
7.236601139418780804e+01
5.631932165892794728e+01
3.155052810721099377e+01
2.859128524689003825e+01
6.986591233825311065e+01
6.486566085275262594e+01
5.667952240305021405e+01
3.970933762704953551e+01
8.585614210367202759e+01
8.471463274629786611e+01
3.819870511908084154e+01
3.907002871995791793e+01
3.163609764305874705e+01
3.629706740984693170e+01
4.774724926613271236e+01
4.012738501373678446e+01
7.242585386196151376e+01
3.013496283534914255e+01
8.891469598282128572e+01
5.989941377984359860e+01
7.864355940138921142e+01
4.544387158798053861e+01
8.440444264514371753e+01
8.957863532798364758e+01
3.232362931780517101e+01
3.559626168478280306e+01
9.287348583573475480e+01
4.053959121601656079e+01
8.695332194399088621e+01
8.110798152675852180e+01
5.219863047497346997e+01
4.875494557013735175e+01
6.211150574916973710e+01
5.316696734400466084e+01
5.667118742316961288e+01
5.588426344702020288e+01
3.753412999818101525e+01
4.629801882524043322e+01
4.591040617693215609e+01
4.012494647363200784e+01
8.935172768309712410e+01
5.641218475624918938e+01
3.521619735797867179e+01
4.814142534695565701e+01
8.624386533396318555e+01
5.444631050899624825e+01
4.519551168801262975e+01
3.185007714293897152e+01
4.057559576211497188e+01
6.192066768696531653e+01
7.098696815501898527e+01
5.239707961119711399e+01
4.857241148501634598e+01
6.480806576879695058e+01
7.045350482687354088e+01
7.304827628005295992e+01
4.020557225681841373e+01
9.192430595727637410e+01
6.534989842819049954e+01
4.894030590495094657e+01
4.098850671062245965e+01
4.049883890105411410e+01
5.740619253925979137e+01
3.257638741098344326e+01
8.709341802867129445e+01
4.013164379401132464e+01
4.484406421286985278e+01
6.325631869304925203e+01
8.687583649158477783e+01
5.646128252102062106e+01
4.474090687325224280e+01
6.128851105039939284e+01
3.789122549630701542e+01
4.541606179717928171e+01
4.536507986299693584e+01
3.120257294690236449e+01
4.704136685607954860e+01
5.707793027115985751e+01
4.632876306818798184e+01
6.503996432200074196e+01
6.247646658122539520e+01
5.257615790329873562e+01
4.423787176422774792e+01
5.320314430305734277e+01
4.068251334410160780e+01
3.448776072403416038e+01
6.709182365518063307e+01
7.725004789978265762e+01
4.803080785972997546e+01
3.860970194777473807e+01
4.307163275126367807e+01
3.549648357694968581e+01
5.146265782788395882e+01
8.836439175205305219e+01
2.910296515980735421e+01
3.112127174017950892e+01
9.995245202211663127e+01
3.215434329863637686e+01
4.003356456896290183e+01
7.353192512691020966e+01
9.598982507782056928e+01
3.921806245576590300e+01
8.755411100294440985e+01
8.683387606125324965e+01
3.537458890676498413e+01
8.126728800591081381e+01
7.747499876888468862e+01
4.069216255005449057e+01
3.922282531484961510e+01
7.299155974807217717e+01
9.481097015086561441e+01
7.646505601517856121e+01
5.709814608888700604e+01
3.736007484467700124e+01
8.422341013606637716e+01
9.764410558529198170e+01
4.801961397938430309e+01
7.590468620229512453e+01
1.008247571438550949e+02
8.920154521102085710e+01
4.703076118137687445e+01
7.060383884003385901e+01
8.583015797380357981e+01
9.198517733393236995e+01
4.498178044194355607e+01
6.407635800307616591e+01
