9.731215060410436726e-04
9.765700780152734503e-04
8.655136929275290955e-04
9.068412020761214883e-04
9.988531595489470380e-04
9.438152228845174581e-04
9.427608082706421004e-04
9.891910310882647168e-04
9.889596817206460552e-04
9.569806812886434092e-04
9.070891466215543365e-04
9.617896344661556150e-04
9.030693368502308105e-04
8.757645613289292063e-04
9.991248347054778028e-04
9.771881664933223122e-04
9.150876640846146394e-04
9.877508910424521917e-04
9.674968417299538393e-04
9.847045696303421188e-04
9.701754836538278035e-04
9.090426161022251064e-04
9.411577873492549956e-04
9.723494178020456293e-04
9.376763609038569558e-04
9.422936671796740011e-04
9.307860388653672662e-04
9.778017516445800580e-04
9.190712111895695587e-04
9.602047723984225491e-04
9.935686035297298935e-04
9.115544025173670604e-04
9.867043393255552075e-04
9.073346191306573159e-04
9.853741362195783844e-04
9.462366143859154456e-04
9.927410593983689285e-04
9.702300862971208022e-04
9.563614509912833541e-04
9.830703322643147540e-04
9.968963864227628653e-04
9.906991843486852387e-04
9.077512259561955300e-04
8.866039926362246498e-04
9.512696340053136647e-04
8.934889691715174618e-04
9.164904590762014804e-04
9.561994172787561695e-04
9.813615935487952219e-04
9.999680329751375451e-04
9.101474228942383303e-04
9.110590654108630115e-04
9.751049776976937131e-04
9.789059712354034829e-04
9.682088848278736469e-04
9.367721128865344254e-04
8.947295949850686244e-04
9.280801920038750027e-04
9.328138788684026432e-04
9.924840562860488130e-04
8.900551338715373927e-04
9.686196697561035409e-04
8.685632995178507731e-04
9.242351280327851422e-04
9.964692452586305059e-04
8.855826688787419914e-04
9.118445496309990047e-04
9.939714745674642794e-04
9.861040572601710141e-04
9.107688629268055917e-04
9.948067853122128171e-04
9.402744570663929295e-04
8.911887073698596335e-04
9.927660218452818378e-04
8.772645916640647423e-04
9.919151289449403431e-04
9.907033562019170337e-04
9.810203404293665365e-04
8.781860171030886775e-04
9.181123354185117668e-04
9.028289018063302912e-04
9.835450676458309428e-04
9.926431029069376129e-04
9.628700499702382357e-04
9.900693417428639304e-04
9.551170961464392362e-04
9.571076545470035219e-04
9.317503661656547243e-04
9.605522229990419089e-04
9.523234635812521985e-04
9.128880040173904158e-04
9.445992601448430183e-04
9.876930792544144373e-04
9.159992434951068048e-04
9.888110850418112968e-04
8.649752961827053468e-04
9.564001136811299845e-04
9.552308843197215632e-04
9.491858579580787813e-04
9.348215359546349070e-04
9.950330572637048308e-04
9.699183970161212110e-04
9.493314458930331981e-04
8.968810796574140003e-04
9.518195371471913253e-04
9.302041925062013144e-04
8.610940973445421146e-04
9.138674485314450145e-04
9.370478230442345338e-04
9.852678499964310534e-04
9.414214069720452677e-04
9.930150319898503088e-04
9.921552091587883693e-04
8.791435861225276645e-04
9.830679131583540658e-04
8.757570758088204952e-04
8.950803318122070801e-04
9.393851175275364689e-04
8.858175807595805151e-04
9.926234334113402235e-04
9.194127282862012964e-04
9.797753592954028951e-04
9.085851127105667394e-04
9.687760680649103390e-04
9.245984535441914608e-04
9.692805189786015112e-04
9.139377778731514997e-04
9.033958989906279045e-04
9.093980052511890875e-04
9.130129689833112790e-04
9.645721347796377748e-04
9.035008313783090845e-04
8.781938179943411934e-04
8.954819782807199417e-04
9.382395671327868050e-04
9.073890118419436403e-04
9.659298955916010166e-04
9.666491112653947731e-04
8.759296635717430269e-04
9.090857554319851019e-04
9.515093268681136442e-04
9.989438469753366204e-04
9.349410767508839742e-04
9.077223713277641310e-04
9.672817213178230280e-04
9.445595512246301572e-04
9.527819169332035027e-04
9.057555571880685288e-04
9.234540470570367461e-04
8.769247446383782564e-04
9.867845791185357769e-04
8.945193141206827852e-04
9.215589909187367696e-04
9.542155271530637249e-04
9.715127083690929888e-04
9.627559304775999520e-04
9.323372719335152985e-04
9.301883435200226273e-04
9.148710644113226733e-04
9.180029223400237035e-04
9.928779875727877357e-04
9.062942566466709090e-04
9.902018849901118077e-04
9.526488720930148318e-04
9.422738310882954960e-04
8.808879783016761167e-04
9.994536365902548757e-04
9.106613220582090952e-04
9.542585540047637599e-04
8.822040964470694458e-04
8.822619603089155733e-04
9.802878987309132999e-04
9.233503319611151457e-04
9.283668654501952546e-04
9.261867634860650178e-04
9.019078664190118087e-04
9.192092342940751766e-04
9.802123979148161682e-04
8.632664750892538649e-04
9.411973762696720577e-04
8.974299310091357141e-04
9.129425627838195752e-04
8.969797322265206331e-04
9.546455963091242088e-04
9.096700693764300663e-04
8.878050095421583790e-04
9.246065555304827438e-04
9.212970663503716609e-04
8.693588028003401821e-04
9.755877665398120756e-04
9.067382465963142553e-04
9.626834686664711765e-04
9.492846843301794377e-04
9.514300172213214449e-04
9.444107635651678191e-04
9.383034828569594178e-04
9.366564680795180830e-04
9.164504732034318112e-04
9.283199341822654391e-04
9.049971553427957512e-04
9.947760187487308167e-04
8.829235594936090791e-04
9.067040544476641893e-04
9.917532886544427450e-04
9.901983761763774507e-04
9.556388096407054727e-04
9.826578447044266931e-04
9.660950076014815499e-04
8.353361279682558916e-04
9.605893782594466341e-04
9.985487811380716876e-04
9.690618187233393521e-04
9.158294365506278439e-04
9.612636162729658882e-04
9.360283750634405819e-04
9.940905499481360666e-04
9.368841785190727038e-04
9.835865343296417828e-04
9.295927984375024471e-04
9.525370026820725996e-04
9.306944421169452983e-04
9.762412392705359810e-04
9.115056548460587346e-04
8.937837490766919416e-04
9.318285212601757532e-04
9.845122362378249791e-04
9.351416788181390796e-04
9.188457250641866988e-04
9.932238966051433211e-04
9.232794021886421391e-04
9.786225430763236671e-04
9.085824811163561825e-04
9.516057709120060056e-04
9.857675465585664411e-04
9.612721357152557598e-04
9.170982302790718329e-04
9.800797686383777921e-04
9.020952016040843400e-04
9.975188156835497564e-04
9.427644584483817029e-04
8.664686406041602253e-04
9.477963077511118023e-04
9.584679176013935877e-04
9.704671987939738264e-04
9.208154586250743992e-04
8.991939024332863640e-04
9.771071575708284093e-04
9.367822260871057870e-04
9.928902332869890806e-04
9.227761246897434912e-04
9.654966581743005833e-04
9.688617463989002664e-04
9.085051419684599811e-04
9.758303832497097589e-04
9.147985672269875806e-04
9.602012179757054558e-04
9.750208681428235245e-04
9.832190901122967678e-04
9.024632366435597240e-04
9.432090781640900838e-04
9.400574203584710154e-04
9.451576278136522655e-04
9.305663083605514698e-04
9.686862045485146976e-04
9.540223654201122547e-04
9.067193092664935488e-04
9.453124665079048073e-04
9.457497911289064864e-04
9.189264701038110531e-04
9.670926320566774126e-04
8.776941869397832498e-04
9.804860259949505809e-04
9.757581816128203410e-04
9.325199228864035090e-04
9.659026341576892882e-04
9.193163152475926705e-04
9.878799390484948803e-04
9.903954930026502394e-04
9.725761128329333790e-04
9.704031875489263666e-04
9.868227916966904566e-04
9.344478900668919683e-04
9.646556753297800798e-04
9.898781996239196333e-04
9.507427037613451785e-04
9.682178771051850891e-04
9.716896814717882608e-04
9.758009666082269199e-04
9.158637231713723367e-04
9.364088475835664937e-04
9.453067360613822334e-04
9.884309890317302064e-04
9.470564064976153473e-04
9.657257510182256505e-04
9.583237414782868301e-04
8.126999397120122579e-04
9.027244210529003759e-04
9.897179255654469689e-04
8.935498707924943110e-04
9.764989156550752140e-04
9.123144784720610238e-04
9.663683134657531388e-04
8.973946059661371119e-04
9.863097605338120265e-04
9.874419539484531431e-04
9.599560276900715719e-04
8.663834445522360355e-04
9.881510844924892237e-04
9.833657841090718763e-04
9.466337058037167969e-04
9.525807336954784672e-04
9.282365939460350763e-04
9.656181045864968083e-04
9.186790215606087037e-04
9.646138022356984601e-04
9.508133812197394836e-04
9.692096675680464792e-04
9.768851724587836183e-04
9.929325646943205734e-04
9.042844959257250641e-04
8.973522961284132642e-04
9.437112657334871535e-04
9.201126907673387850e-04
9.605610026907421273e-04
9.350402162396326917e-04
9.158023756591290865e-04
9.668309383195142215e-04
9.752262243621496714e-04
9.987555479117028127e-04
9.771939699120290625e-04
9.283906562553911413e-04
8.732487946859511302e-04
9.658565108388695404e-04
9.409714215940100015e-04
9.694846681926914478e-04
8.932923993604601322e-04
9.747546709069108495e-04
9.958083005781150684e-04
9.190693625096029622e-04
9.878395432665039531e-04
8.905265559852501263e-04
8.286727051421679873e-04
9.576464153150203700e-04
9.849041623105189627e-04
9.930502232623134636e-04
9.892430389753972386e-04
9.439369981528648694e-04
8.474593927979207682e-04
9.069367867329540707e-04
9.175824948069335020e-04
8.566165851054130531e-04
9.670154965558994771e-04
9.111416086566081563e-04
8.772204214565587329e-04
8.488346660549673899e-04
9.430274901694170276e-04
9.637934976562430442e-04
8.995252671081150090e-04
9.830521961450319583e-04
9.480830395938701300e-04
9.549023979534263830e-04
9.586335829773311992e-04
8.686920813395476292e-04
9.455230009647023646e-04
9.942899501846041554e-04
8.978119742002321898e-04
9.162317220321392541e-04
9.802584629709401413e-04
9.911833816390448835e-04
9.278931818894633988e-04
9.614103046733127279e-04
9.874058609643024658e-04
9.188757849588472578e-04
9.485905122369864663e-04
9.702447457791271365e-04
9.228174043385857636e-04
9.610116153881376969e-04
8.997459161293680854e-04
9.954413987276874900e-04
9.441912646415293259e-04
9.691339983213813521e-04
9.440488323350611829e-04
9.188152503336352410e-04
9.753183234093739089e-04
9.808909845429943271e-04
9.670681813583931110e-04
8.193791382136380880e-04
9.899148316260637445e-04
8.911479682545081580e-04
9.016002344673714223e-04
9.934446987724236157e-04
9.904676088161195636e-04
9.955625447329559743e-04
9.376605379514545320e-04
8.993965086353882627e-04
9.592599853656318207e-04
9.782980892092273031e-04
9.226576365189624422e-04
9.835380177899289821e-04
9.175859168536859133e-04
9.839620566926732433e-04
9.453073124362104153e-04
9.570833346000078143e-04
9.907218042927658144e-04
9.983228958802391889e-04
9.992925651148801703e-04
9.773770262836176202e-04
9.890531843475380402e-04
9.911351666652312882e-04
9.853590969490810293e-04
9.919133926840945255e-04
9.075902075177804144e-04
9.868365365983506558e-04
9.357153906204821901e-04
9.618227629718950622e-04
9.079343434231535196e-04
9.971669032145151837e-04
9.496004370422640208e-04
9.524707830111813585e-04
9.962240825741768609e-04
9.007604369147393210e-04
9.915275421867486994e-04
9.236830981443217839e-04
9.364997510375188848e-04
9.183171215757856632e-04
9.671941827473441635e-04
9.938109561386378014e-04
9.552563398488865846e-04
9.354152844244284417e-04
9.744054535463399355e-04
9.382956945628522340e-04
9.592760172469573434e-04
9.907468327419368531e-04
9.911130916594355304e-04
9.726260082664269120e-04
9.854871577555357996e-04
9.634170665965766100e-04
9.097669424602586015e-04
9.818100372592701661e-04
9.453776489567432273e-04
9.867967817935015349e-04
9.515760823726692168e-04
9.523680765926501772e-04
8.983094227618183044e-04
8.937148685476322416e-04
9.940729287080936425e-04
9.916956349652781763e-04
9.429543363763544760e-04
9.597641278594171675e-04
9.421990300074624533e-04
9.417471399104783251e-04
8.774592820558102697e-04
9.460046437293857325e-04
8.352759136261197603e-04
9.319477144255808960e-04
9.634744126216339888e-04
9.302346160419564317e-04
9.838087384827116921e-04
9.220967574545971615e-04
8.904847544908207121e-04
9.595731500591193419e-04
9.933333310631097587e-04
9.074349299780685519e-04
9.217094812852881470e-04
9.307809452167656187e-04
9.462720281276282199e-04
9.991627200978700583e-04
9.282566681447599211e-04
8.828630613648605742e-04
9.906104142457274053e-04
9.622039768270719377e-04
9.690381209456909364e-04
9.441014656803625770e-04
9.320655912007012834e-04
9.744062423556660614e-04
9.120476542035979009e-04
9.925289137120176224e-04
9.184365363961890898e-04
9.584029333397600962e-04
9.672480076860378749e-04
9.628734656424555241e-04
9.501458875847501682e-04
9.464192519952304480e-04
9.580085019960694892e-04
9.766629967066584993e-04
9.788159318939973659e-04
9.556018995189116553e-04
9.375327461938893743e-04
9.371742867613963492e-04
9.437316228385514124e-04
9.238305841713084906e-04
9.986013622923263500e-04
8.770170251396974077e-04
9.617326870081299370e-04
9.722965073272948552e-04
8.961130191783640061e-04
9.837327241183093339e-04
9.893180029846588425e-04
9.379246945596814980e-04
9.879789772899278365e-04
9.355639486458473559e-04
9.759337853892983104e-04
9.710444201624019497e-04
9.146452071006388931e-04
9.614788346764548913e-04
9.568008914928395657e-04
9.494982398623245641e-04
8.309808742004282361e-04
9.383502775063766151e-04
9.743571353817656079e-04
9.205801617194372651e-04
9.795878061545288448e-04
8.500981308436212887e-04
9.658436611220530196e-04
9.880035541858546433e-04
9.310797958374861022e-04
9.158246582358858063e-04
9.367016395582294713e-04
9.930294953594998204e-04
8.826086794316331374e-04
9.794534196802689736e-04
9.883710693672962365e-04
9.576545130189368510e-04
8.776174085553072306e-04
8.962071367657094279e-04
9.642070437677654733e-04
8.566397882421457853e-04
9.660105380574535204e-04
9.897135213109240371e-04
9.973372471443094078e-04
9.759102214188854771e-04
9.400566795087642383e-04
9.622471511907108345e-04
9.821486103467290656e-04
9.406773581589033661e-04
9.982125338576447807e-04
9.897552196165408135e-04
9.238192667960663448e-04
9.838777394159412080e-04
8.700537833501187932e-04
9.749579600497725734e-04
9.570404707085453143e-04
9.937175205023463832e-04
8.691069440558359159e-04
9.422774189573259081e-04
9.534474635198064750e-04
9.577400791890289256e-04
9.223465466940653380e-04
9.760513391762282512e-04
9.508272838360181745e-04
9.403409415135358758e-04
9.871453105822591660e-04
9.821622047956177128e-04
9.175758885205467525e-04
9.380272458145406207e-04
9.128178697948590879e-04
9.992180729125404396e-04
9.169140020182627374e-04
9.548730474258580172e-04
9.995890696972192964e-04
9.695040083609328700e-04
9.933655247441285346e-04
9.732592228986136022e-04
9.681375780537215250e-04
9.976238944391937168e-04
8.800329120563276991e-04
8.775299789959975982e-04
9.323403400110393240e-04
9.434949270525163668e-04
9.592050608492577908e-04
9.666846881429627409e-04
9.213235845165335244e-04
9.348662254652481598e-04
9.532322897632455536e-04
9.399042829013966229e-04
9.165878782386161199e-04
9.866103708064709928e-04
9.832528264779188693e-04
9.579642440524437867e-04
9.319292051659172019e-04
9.829432314286063246e-04
9.581053994291365786e-04
9.592636006460034418e-04
9.166470434107881282e-04
9.909846512938076061e-04
9.326279459260811708e-04
9.870743890400259998e-04
9.587755737555247884e-04
9.012986599997432555e-04
9.782956279256805384e-04
9.271972120441939911e-04
9.619241423052130383e-04
9.824067425831840839e-04
8.903359712844273639e-04
9.088045850200992398e-04
9.234790833495484536e-04
9.742821712529860017e-04
9.304407977148317337e-04
9.859752922360279573e-04
9.768683955123345659e-04
8.730260687952130696e-04
9.484688557503841285e-04
9.038260031972114193e-04
9.765188758461453965e-04
9.703197506243287302e-04
8.956993029720824442e-04
8.870850115126179209e-04
9.031085454855088818e-04
9.906353560345487579e-04
9.311553449844481517e-04
9.788283431424406236e-04
9.612383628296055542e-04
8.843736870847327888e-04
9.900346449583249074e-04
9.067244362861000490e-04
9.570932116937799165e-04
9.661863697201914826e-04
9.765652450932943863e-04
9.552174224441608826e-04
8.658168205693175107e-04
9.490412461486471152e-04
9.302149271635895642e-04
8.544883699918897008e-04
9.471490684890635902e-04
8.872108040905856037e-04
9.264577605085166185e-04
9.139963040611047808e-04
8.660761666220115644e-04
9.482154944812085573e-04
9.289205144324977565e-04
8.956200318686771515e-04
9.603830270072917855e-04
9.636183740437835382e-04
9.506900548349272008e-04
9.547910994267650798e-04
9.964455194325803813e-04
9.132610403760523920e-04
9.405811693985907619e-04
9.668311451789564489e-04
9.743805965893873261e-04
9.286856455933382862e-04
9.261321573816133591e-04
9.324637833867679103e-04
9.481746163647244291e-04
9.314752562026859875e-04
9.184560213680474173e-04
9.058199313000277458e-04
9.447260523133385645e-04
9.268065998533334170e-04
9.458924119246897144e-04
9.338837520754490534e-04
8.983840149337583413e-04
9.552721178634970226e-04
9.781628343725010805e-04
9.318533130485026584e-04
9.170254896101980024e-04
9.262854458802301976e-04
9.434445747670023186e-04
9.754547432948700459e-04
9.738093619232528284e-04
9.574050335813395719e-04
9.873488905231360066e-04
9.866332778395853209e-04
9.618741564853464229e-04
9.652016362680029696e-04
9.514105273771488683e-04
9.912907139533384294e-04
9.329018109268629637e-04
9.325839453133353803e-04
9.572925409021845831e-04
9.254476640800549754e-04
9.007633048796328873e-04
9.981696410909025093e-04
9.149316200907307286e-04
9.452798788619901690e-04
9.712875944536708984e-04
8.907246047372281402e-04
9.947205522917532822e-04
9.514785371663851167e-04
9.671165472909994815e-04
9.788475792953364469e-04
9.512933572736278652e-04
9.583237295474258000e-04
9.872055015577797972e-04
9.539391075228225705e-04
9.015406643059486200e-04
9.709857459749595939e-04
9.506202938348024120e-04
9.372589213939256248e-04
9.780962923720739471e-04
9.766550637730479247e-04
9.632203363148294844e-04
9.060149364730867017e-04
9.416734454280510733e-04
9.687907866904758641e-04
9.648339999026897366e-04
9.953980097537013048e-04
9.822454999346209078e-04
9.870108977938325204e-04
9.967931909791473682e-04
9.617152369737639933e-04
9.451667604236996994e-04
9.337862022368280130e-04
9.777909440412660327e-04
9.535480349623438098e-04
9.599492719271472295e-04
9.266610841973107549e-04
9.244988929443529509e-04
9.411870338370153426e-04
9.801510474973084558e-04
9.787256092733823479e-04
9.533269760307990425e-04
9.689460587311614706e-04
8.959266272653212959e-04
9.771417803235353354e-04
9.812826735919790572e-04
8.551861928704177374e-04
9.163038935957073432e-04
9.129295878451594180e-04
9.653859526864824649e-04
9.109260854430547031e-04
8.500939581478366867e-04
9.860870326102973496e-04
9.934871306565675256e-04
9.068206916283171395e-04
9.512465253994155899e-04
9.790920439167244069e-04
9.992957229106888637e-04
9.197278335599133256e-04
8.754556722103520785e-04
9.473246823188714730e-04
9.313161989823849976e-04
9.885569749114677708e-04
9.471066988214598683e-04
9.212605521953366825e-04
9.554287074777262790e-04
9.158556310110146318e-04
9.998083579859423555e-04
9.254745186173848458e-04
9.216156963118558084e-04
9.796962799023922319e-04
9.795046775928804243e-04
9.511836978438742429e-04
9.943910475160423843e-04
9.953412257193807507e-04
9.685666163906840685e-04
9.084645623415124344e-04
9.783346491305288176e-04
9.387660327395134152e-04
8.793782738284591435e-04
9.523656305530064491e-04
8.780657436110973161e-04
9.179389620680921628e-04
9.653582799760938860e-04
8.921075212026870769e-04
9.059626507830964223e-04
9.430809626304788047e-04
9.195224882057827492e-04
9.902242234957271856e-04
8.879265740900632847e-04
9.962933812144125593e-04
8.908742971427928425e-04
9.634562102070746330e-04
9.246488481474935631e-04
9.459786496792431170e-04
9.479595934101305585e-04
9.821562847010228275e-04
9.594149969398215079e-04
9.894675837742244410e-04
9.408048664272145338e-04
9.152614816361099052e-04
9.103732805703989650e-04
9.957219696091264716e-04
9.173190778111223360e-04
9.636125773973494178e-04
9.169013690042464521e-04
9.448650772287222515e-04
9.038682942265485612e-04
9.277501229496253879e-04
9.074366583019686724e-04
9.356287527769682364e-04
9.607614829719880040e-04
9.130288711036499069e-04
9.915503173908747636e-04
9.457990365998743786e-04
9.959718448459692342e-04
9.101088218682972355e-04
9.952421423813665943e-04
9.493961756351445864e-04
9.132473205479656186e-04
9.534889545804106506e-04
9.516104899039294672e-04
9.558500525082583256e-04
9.675300004363040704e-04
9.980855148389200949e-04
9.403405726834176276e-04
9.901595547809388578e-04
9.115739808485838263e-04
9.026008401894587349e-04
9.518051158551434163e-04
8.906874700318695784e-04
9.625278966773534841e-04
9.780462102771754398e-04
8.492120380772287752e-04
9.645356668037633353e-04
9.278022765495571580e-04
9.691637328274736079e-04
9.355693023914609654e-04
9.139318977898170868e-04
9.751663659921958266e-04
9.622009337635241541e-04
9.873016262136864816e-04
9.164828534805072270e-04
9.416840129609053847e-04
9.958088338400256090e-04
9.754848807190776233e-04
9.881279701670470615e-04
9.108107994390659060e-04
9.733860251731684754e-04
9.811035901595883957e-04
9.680748028646255594e-04
9.108850266881193293e-04
9.188631281916165164e-04
9.869962498770955446e-04
9.476362285856040771e-04
9.636547856807605632e-04
9.747928977491780982e-04
9.580742193809611536e-04
9.753368353109001347e-04
8.427253207060935239e-04
9.439545053078341992e-04
9.688723736721839780e-04
9.626367556252056392e-04
9.205451237144552821e-04
9.231894393552072045e-04
9.084115073729617058e-04
9.477613290305100672e-04
9.544704120489619142e-04
8.909633304313171152e-04
9.313287473460635452e-04
9.614722825687201579e-04
9.054647488384727060e-04
9.622285783744083474e-04
8.679547331863460453e-04
9.925315934466883306e-04
9.793221271754439222e-04
9.435771365328156747e-04
9.434841200329526206e-04
9.537558727839685023e-04
9.040557839633028749e-04
9.961462057231358462e-04
9.067298902632988430e-04
9.678822970246697124e-04
8.746736590555484903e-04
9.352595466574593419e-04
9.350906119545800751e-04
9.113417766514772620e-04
9.651893545928166753e-04
9.729589649713554301e-04
9.659233316017034948e-04
8.817293094549465181e-04
9.293383064979685373e-04
9.429747598783578969e-04
9.472523809657355104e-04
9.467581882563848913e-04
8.916177099680165988e-04
9.938488507568439632e-04
9.713940826739134952e-04
9.598438271400062732e-04
9.040045215615520038e-04
9.543961950892076345e-04
9.800011082442808188e-04
9.916518477390851710e-04
9.732220472503130783e-04
9.182161736359335585e-04
9.688714950204632605e-04
9.911236431699064434e-04
9.382957778156946795e-04
9.392748734933618763e-04
8.819742305411672071e-04
9.998415948225631775e-04
9.951607969071886006e-04
9.467707468245362308e-04
9.629043774245381240e-04
9.491240669499335274e-04
9.257514800903808008e-04
9.917998796968681072e-04
9.940873851779340881e-04
9.701850460214439618e-04
9.101231146286415264e-04
9.262346065955211639e-04
9.627680512528589670e-04
9.385130143104285791e-04
9.475013699323993907e-04
9.920851692073189183e-04
9.910164375555212748e-04
9.201941465337725758e-04
9.606255977777146968e-04
9.794664375591605795e-04
9.218511749837281439e-04
9.847452979167205678e-04
9.505111769716231406e-04
9.452093215411426930e-04
8.887754314869105061e-04
9.862651717744373974e-04
8.993054145804349605e-04
9.410530013550011440e-04
9.125142104995518288e-04
9.396602207216541011e-04
9.776171062378339206e-04
9.507035029011434799e-04
9.638280784008071292e-04
9.959708296121527315e-04
9.561241048020199633e-04
9.235563544200417821e-04
9.439573811947585269e-04
9.692734557125380060e-04
9.790893120858272774e-04
9.977825473686501977e-04
9.287931402501942938e-04
9.129723081161989634e-04
9.587796354604247217e-04
9.963221309300699605e-04
9.067735609542857756e-04
9.710858559769466620e-04
9.326094251239647193e-04
9.646557567318942957e-04
9.041847455943617922e-04
9.322174584614250151e-04
9.226820781505851513e-04
9.927164354764865094e-04
9.879112036182762738e-04
9.710958382804704822e-04
9.631962467426070712e-04
9.550393324492141827e-04
9.483382078022003191e-04
9.553595872184765612e-04
9.989479840383846607e-04
9.984041671068681015e-04
9.911346300767436696e-04
9.981933154542704280e-04
9.246451875885647797e-04
9.048745858782081004e-04
9.740239023540632913e-04
9.014597489712581312e-04
8.450254596698102529e-04
9.911791213891353071e-04
9.414134127351277527e-04
9.969538484175036446e-04
9.054512272279284643e-04
9.126023444755411787e-04
9.871801716777746892e-04
9.874589512342609333e-04
9.555833209787676285e-04
9.461105014674617460e-04
9.028067835492063417e-04
9.974782782013200469e-04
9.984114191169304441e-04
9.391194707508916965e-04
9.657231624874871526e-04
9.811354466975656056e-04
9.612180131958685632e-04
9.970430283598047134e-04
9.652619904770180304e-04
9.769611228881906577e-04
9.244521496098853305e-04
9.756716074113419308e-04
9.325363004699037091e-04
9.641299479909989445e-04
9.475236759103225319e-04
9.955365815078533621e-04
9.147341913319474108e-04
9.284810263493416434e-04
9.432465684670568624e-04
9.726618310342022723e-04
9.858039559479700280e-04
9.627154663055701670e-04
9.729641409181290440e-04
9.486406588996702284e-04
9.232277662922586938e-04
9.844953001652604306e-04
9.768641545539764187e-04
9.768027972980395778e-04
8.875269078044156507e-04
8.883109011988195736e-04
9.572849373202124180e-04
9.582054919158232388e-04
8.576114187990432815e-04
9.703290353553647128e-04
9.701055562692248793e-04
9.832993602278640097e-04
9.945944871186495739e-04
9.902976281353878963e-04
9.809536709894468506e-04
9.249092799367835153e-04
8.839179470603607041e-04
9.983707716669431784e-04
9.467346673843046864e-04
9.101983006656852492e-04
9.141046518086378813e-04
