9.010731228627264500e-01
5.355283289682120085e-01
7.387867958750575781e-01
6.890671481378376484e-01
7.005773391574621201e-01
8.817448429763317108e-01
7.856691791675984859e-01
7.293756511062383652e-01
7.979120609816163778e-01
6.880714609287679195e-01
8.573504250962287188e-01
7.755912349093705416e-01
7.210672060027718544e-01
9.616087041795253754e-01
7.202203071210533381e-01
9.733473518863320351e-01
7.266542389988899231e-01
6.755701350048184395e-01
6.443851110525429249e-01
6.879331618547439575e-01
8.773860409855842590e-01
6.331790119875222445e-01
5.760954860597848892e-01
8.218755580019205809e-01
7.253216269891709089e-01
7.413883670233190060e-01
7.975110379047691822e-01
7.820635570678859949e-01
7.051823369693011045e-01
7.465333258733153343e-01
7.567837559618055820e-01
7.357978511136025190e-01
6.511283891741186380e-01
7.063789479434490204e-01
8.784991789143532515e-01
8.750600910279899836e-01
9.215982651803642511e-01
9.013751971069723368e-01
9.307223248761147261e-01
6.944434619508683681e-01
8.074533329345285892e-01
7.982744160108268261e-01
6.964098229072988033e-01
7.044015231076627970e-01
8.944589789025485516e-01
8.923685110639780760e-01
6.981990581844002008e-01
8.504455208312720060e-01
8.671839020680636168e-01
8.845072621479630470e-01
9.146589930169284344e-01
7.984056288842111826e-01
7.567745521664619446e-01
9.289590530097484589e-01
9.469401130918413401e-01
7.486170202028006315e-01
9.453449470456689596e-01
8.574706302024424076e-01
6.503649300429970026e-01
7.278165889438241720e-01
8.891935809515416622e-01
8.478877888992428780e-01
8.793823940213769674e-01
7.303128270432353020e-01
7.134724091738462448e-01
7.687581200152635574e-01
6.947564918082207441e-01
6.751003579702228308e-01
7.949587379116564989e-01
7.265891029965132475e-01
7.612177410628646612e-01
7.491516470909118652e-01
7.336137930396944284e-01
7.480499739758670330e-01
8.957946281880140305e-01
6.847831280902028084e-01
8.811101629398763180e-01
6.637525560799986124e-01
7.901050820946693420e-01
6.869193869642913342e-01
6.997447139583528042e-01
6.788165229372680187e-01
6.573389300610870123e-01
6.650586610194295645e-01
7.616434320807456970e-01
7.715712338685989380e-01
7.985401479527354240e-01
7.093511901330202818e-01
7.641092611011117697e-01
7.282804790884256363e-01
8.820445840246975422e-01
6.935239280574023724e-01
8.952248720452189445e-01
6.222814589273184538e-01
6.870406339876353741e-01
6.861493168398737907e-01
6.807046721223741770e-01
7.022803439758718014e-01
6.723778699524700642e-01
7.040018220432102680e-01
6.732627500314265490e-01
6.693170540966093540e-01
7.777249231003224850e-01
9.684707128908485174e-01
7.280669580213725567e-01
9.774920530617237091e-01
6.947460300289094448e-01
8.931223910767585039e-01
6.688341179396957159e-01
6.888946518301963806e-01
6.547782828565686941e-01
8.475168319419026375e-01
6.760685930494219065e-01
5.943413879722356796e-01
6.850345099810510874e-01
7.223949939943850040e-01
7.020916219335049391e-01
7.328437101095914841e-01
9.143015479203313589e-01
4.820313670206815004e-01
7.111997441388666630e-01
9.643084001727402210e-01
7.718933881260454655e-01
9.548119059763848782e-01
9.029690071474760771e-01
6.615854741539806128e-01
6.520564241800457239e-01
6.924076050054281950e-01
8.543605781160295010e-01
7.234209328889846802e-01
6.816246791277080774e-01
6.583399840164929628e-01
8.514131901320070028e-01
8.148960298858582973e-01
7.050477869343012571e-01
7.817057569045573473e-01
7.750698840245604515e-01
7.902919228654354811e-01
7.064618370495736599e-01
8.986291440669447184e-01
9.372191990260034800e-01
6.922226308379322290e-01
8.321693248581141233e-01
6.777082870248705149e-01
6.439031930640339851e-01
6.889500978868454695e-01
8.636964780744165182e-01
6.721272100694477558e-01
6.551461298950016499e-01
7.248575929552316666e-01
8.268211649265140295e-01
6.517228500451892614e-01
9.853404911700636148e-01
7.746187238954007626e-01
9.294970738701522350e-01
6.577618920709937811e-01
8.012253530323505402e-01
7.449830290861427784e-01
7.323146499693393707e-01
6.894629760645329952e-01
6.833399489987641573e-01
7.083960380405187607e-01
8.550224308855831623e-01
6.886223601177334785e-01
6.758550510276108980e-01
6.396871160250157118e-01
7.079931690823286772e-01
6.444724639877676964e-01
6.446728077717125416e-01
7.284892159514129162e-01
6.826092430856078863e-01
9.698331810068339109e-01
7.591347580309957266e-01
7.738358979113399982e-01
7.608882361091673374e-01
6.901340859476476908e-01
6.366239830385893583e-01
4.668420399539172649e-01
7.025664949323982000e-01
6.978477868251502514e-01
8.811912308447062969e-01
8.109317580237984657e-01
6.590458899736404419e-01
6.719300658442080021e-01
6.363087100908160210e-01
8.604302159510552883e-01
9.330475011374801397e-01
7.342691628728061914e-01
9.336711070500314236e-01
7.421016211155802011e-01
7.940258400049060583e-01
7.951293410733342171e-01
7.014189690817147493e-01
6.499390010721981525e-01
6.863572709262371063e-01
6.546688419766724110e-01
7.261542379856109619e-01
6.192762060090899467e-01
7.261683391407132149e-01
6.859266220126301050e-01
8.897775600198656321e-01
6.371346779633313417e-01
8.464536671526730061e-01
6.573344399221241474e-01
7.520408339332789183e-01
9.332980220206081867e-01
7.472980490420013666e-01
9.795582590159028769e-01
7.296244830358773470e-01
7.112770539242774248e-01
6.990441100206226110e-01
8.453545889351516962e-01
6.396851169411092997e-01
6.937682600691914558e-01
6.104649731423705816e-01
6.548920019995421171e-01
6.572987828403711319e-01
6.543703321367502213e-01
7.125982209108769894e-01
6.960637089796364307e-01
7.008636118844151497e-01
6.735196029767394066e-01
6.728482178878039122e-01
9.707329471129924059e-01
7.728398418985307217e-01
7.621480647940188646e-01
9.210664138663560152e-01
9.877795069478452206e-01
7.289275589864701033e-01
8.464728239923715591e-01
6.767231661360710859e-01
7.219564598053693771e-01
6.425858400762081146e-01
6.953365898225456476e-01
5.711252209730446339e-01
6.940127259586006403e-01
6.767629110254347324e-01
6.880339321214705706e-01
6.559089780785143375e-01
6.708199530839920044e-01
7.433913201093673706e-01
7.328984339255839586e-01
7.260013071354478598e-01
7.431364790536463261e-01
7.045715812128037214e-01
7.091477809008210897e-01
6.097088530659675598e-01
5.525370531249791384e-01
7.305751738604158163e-01
8.878707890398800373e-01
6.524467798881232738e-01
6.594945818651467562e-01
8.722498719580471516e-01
6.191089891362935305e-01
6.348634820897132158e-01
6.796253118664026260e-01
8.462575629819184542e-01
8.766665910370647907e-01
7.095896629616618156e-01
7.570910081267356873e-01
7.344541070051491261e-01
7.987899731379002333e-01
6.854295369703322649e-01
7.813895239960402250e-01
6.836904790252447128e-01
8.722289099823683500e-01
7.450533991213887930e-01
6.905512050725519657e-01
7.332984639797359705e-01
6.568376179784536362e-01
7.977690168190747499e-01
6.598391828592866659e-01
8.939193289261311293e-01
8.299871028866618872e-01
9.423338770866394043e-01
6.456144801340997219e-01
9.751284599769860506e-01
7.737642349675297737e-01
7.490168269723653793e-01
7.387711980845779181e-01
7.772070530336350203e-01
9.071415509097278118e-01
6.628048089332878590e-01
6.718823879491537809e-01
8.660326749086380005e-01
8.900226599071174860e-01
6.415862408466637135e-01
6.818587561137974262e-01
7.205018431413918734e-01
7.054481119848787785e-01
8.173547219485044479e-01
7.189298679586499929e-01
7.532795241568237543e-01
7.470478890463709831e-01
8.871977180242538452e-01
7.862368088681250811e-01
9.311400498263537884e-01
6.677009749691933393e-01
8.988556389231234789e-01
6.599570012185722589e-01
6.193872080184519291e-01
7.005728620570152998e-01
7.035163128748536110e-01
6.396402630489319563e-01
7.361728029791265726e-01
7.129907289054244757e-01
6.706783259287476540e-01
6.767588900402188301e-01
7.225467411335557699e-01
9.733505230396986008e-01
7.681339159607887268e-01
8.871318770106881857e-01
7.297034540679305792e-01
9.278885880485177040e-01
7.847230359911918640e-01
8.574606319889426231e-01
7.067174529656767845e-01
7.227620088960975409e-01
8.280299801845103502e-01
7.098984480835497379e-01
6.573041349183768034e-01
6.623596509452909231e-01
7.912682590540498495e-01
8.795414979103952646e-01
8.727291480172425508e-01
7.299579530954360962e-01
7.778658638708293438e-01
7.804796712007373571e-01
7.183753810822963715e-01
7.489822858478873968e-01
7.788792331703007221e-01
7.517295808065682650e-01
6.607682469766587019e-01
8.497423180378973484e-01
6.892625240143388510e-01
7.959632279817014933e-01
8.013335841242223978e-01
7.020170288160443306e-01
7.082969248294830322e-01
6.444617409724742174e-01
7.269292110577225685e-01
8.971890329848974943e-01
6.768803540617227554e-01
7.235918999649584293e-01
8.694814189802855253e-01
7.475731580052524805e-01
6.886924209538847208e-01
7.428025610279291868e-01
6.881082351319491863e-01
7.522887298837304115e-01
7.291175408754497766e-01
6.903321309946477413e-01
6.617510791402310133e-01
7.206736248917877674e-01
7.253945930860936642e-01
8.788202081341296434e-01
6.583934789523482323e-01
7.255721159745007753e-01
6.755559509620070457e-01
7.808869718573987484e-01
8.981087231077253819e-01
7.151214750483632088e-01
6.970603340305387974e-01
8.993959319777786732e-01
7.701387749984860420e-01
6.689515560865402222e-01
6.537205767817795277e-01
5.947001059539616108e-01
8.073641140945255756e-01
8.700596890412271023e-01
8.904955419711768627e-01
5.934128158260136843e-01
6.276547701563686132e-01
6.833669662009924650e-01
6.873476668260991573e-01
7.069621160626411438e-01
6.766713759861886501e-01
8.731837689410895109e-01
9.190119549166411161e-01
9.600266430061310530e-01
7.409049919806420803e-01
8.988641828764230013e-01
7.926525359507650137e-01
9.698741820175200701e-01
6.657117828726768494e-01
5.756808659061789513e-01
8.570891800336539745e-01
6.606977027840912342e-01
8.576539380010217428e-01
6.995350359939038754e-01
6.386071390006691217e-01
6.559091419912874699e-01
6.852881531231105328e-01
7.684750210028141737e-01
7.597936780657619238e-01
7.427809371147304773e-01
7.500523261260241270e-01
6.786765938159078360e-01
7.353931770194321871e-01
7.817340230103582144e-01
7.150489070918411016e-01
6.272994969040155411e-01
8.504071389324963093e-01
6.459482191130518913e-01
6.583755020983517170e-01
8.909034081734716892e-01
7.023279438726603985e-01
8.918754069600254297e-01
6.595235720742493868e-01
6.737010399810969830e-01
8.298209269996732473e-01
6.819825179409235716e-01
7.645638009998947382e-01
8.958374799694865942e-01
7.349492160137742758e-01
6.666221520863473415e-01
6.966978309210389853e-01
8.946760408580303192e-01
7.064893599599599838e-01
8.769935800228267908e-01
6.567412519361823797e-01
6.802842840552330017e-01
8.610874779988080263e-01
7.241943930275738239e-01
6.950145119335502386e-01
7.223307790700346231e-01
6.129448821302503347e-01
6.623513880185782909e-01
7.296898199710994959e-01
5.044807139784097672e-01
9.705802940297871828e-01
7.979328909423202276e-01
6.448534280061721802e-01
9.772498779930174351e-01
9.412157079204916954e-01
9.391827150247991085e-01
8.512269610073417425e-01
6.223376009147614241e-01
6.915123560465872288e-01
6.803958599921315908e-01
6.994963111355900764e-01
8.220394069794565439e-01
8.587227619718760252e-01
9.678006921894848347e-01
9.460344649851322174e-01
7.394996739458292723e-01
7.477295568678528070e-01
9.705393479671329260e-01
7.196768568828701973e-01
6.998080811463296413e-01
5.886285640299320221e-01
6.373143359087407589e-01
6.690662200562655926e-01
7.107004581484943628e-01
6.741594008635729551e-01
8.373364389408379793e-01
5.804057288914918900e-01
7.149395060259848833e-01
8.756974909920245409e-01
6.540371349547058344e-01
6.856019489932805300e-01
7.038018859457224607e-01
6.541371729690581560e-01
7.266633210238069296e-01
5.353085608221590519e-01
7.432030709460377693e-01
7.560579059645533562e-01
7.921956789214164019e-01
9.368409339804202318e-01
7.859861408360302448e-01
6.655674199573695660e-01
7.171202730387449265e-01
8.534714479465037584e-01
6.898900968953967094e-01
6.271472540684044361e-01
7.173532410524785519e-01
7.013364920858293772e-01
6.600498298648744822e-01
6.555504810530692339e-01
6.570981480181217194e-01
9.458844161126762629e-01
7.928749239072203636e-01
7.957642450928688049e-01
9.543524160981178284e-01
7.557330650743097067e-01
6.764184571802616119e-01
9.313532439991831779e-01
8.450856420677155256e-01
8.464920730330049992e-01
7.122814778704196215e-01
6.039457579609006643e-01
6.882787928916513920e-01
8.080794909037649632e-01
6.726986919529736042e-01
6.298932579811662436e-01
5.736493179574608803e-01
8.401103098876774311e-01
6.897709239274263382e-01
7.694143299013376236e-01
7.685216472018510103e-01
7.154808738268911839e-01
9.593530830461531878e-01
9.486664200667291880e-01
7.384631929453462362e-01
7.274881459306925535e-01
6.814319510012865067e-01
6.558042559772729874e-01
7.133668391034007072e-01
7.228555358015000820e-01
7.904599909670650959e-01
7.130653159692883492e-01
6.792969480156898499e-01
7.177409140858799219e-01
6.418283791281282902e-01
6.764765880070626736e-01
6.712836520746350288e-01
7.271900828927755356e-01
7.456874221097677946e-01
9.614225318655371666e-01
9.248848189599812031e-01
7.500250469893217087e-01
6.896677280310541391e-01
7.167224830482155085e-01
6.769976969808340073e-01
7.184600930195301771e-01
7.918610519263893366e-01
8.508749480824917555e-01
8.107803349848836660e-01
6.356275319121778011e-01
6.299863350577652454e-01
8.523475648835301399e-01
8.729736590757966042e-01
8.639968370553106070e-01
7.502093447837978601e-01
9.888888620771467686e-01
9.164929378312081099e-01
7.798457010649144650e-01
7.422447691205888987e-01
6.829794950317591429e-01
8.382381671108305454e-01
6.986120070796459913e-01
6.482931550126522779e-01
7.192570047918707132e-01
6.206308270338922739e-01
6.734128769021481276e-01
6.017023001331835985e-01
8.335026660934090614e-01
5.440815240144729614e-01
6.765134658198803663e-01
6.820548828691244125e-01
7.242666380479931831e-01
5.073764021508395672e-01
6.856213458813726902e-01
9.471474201418459415e-01
9.646647409535944462e-01
7.684670051094144583e-01
9.190265899524092674e-01
8.024791029747575521e-01
6.963779639918357134e-01
7.190451200585812330e-01
6.436116129625588655e-01
6.680785629432648420e-01
6.808108959812670946e-01
6.932621859014034271e-01
7.192827169783413410e-01
7.056968018878251314e-01
6.395208430476486683e-01
8.259531199000775814e-01
8.917716199066489935e-01
7.373418251518160105e-01
7.575175969395786524e-01
8.960240820888429880e-01
7.544504830148071051e-01
7.485001799650490284e-01
7.579663537908345461e-01
7.125651750247925520e-01
6.458486311603337526e-01
6.407371219247579575e-01
6.184061190579086542e-01
6.499520870856940746e-01
8.307154250796884298e-01
8.461771549191325903e-01
6.890521680470556021e-01
8.605120889842510223e-01
8.701841980218887329e-01
8.170217419974505901e-01
7.372655088547617197e-01
9.567813570611178875e-01
9.535458860918879509e-01
7.760503031313419342e-01
9.673056150786578655e-01
7.273651431314647198e-01
7.948199720121920109e-01
6.612266940064728260e-01
8.569582481868565083e-01
6.798661949578672647e-01
6.207645589020103216e-01
8.820496259722858667e-01
6.630266660358756781e-01
6.002748319879174232e-01
6.974549230653792620e-01
8.475097059272229671e-01
7.204907189588993788e-01
8.745680069550871849e-01
6.620026789605617523e-01
7.932353441137820482e-01
7.154339000117033720e-01
9.494818882085382938e-01
7.251073089428246021e-01
7.986028280574828386e-01
6.870200689882040024e-01
8.889077678322792053e-01
6.529758160468190908e-01
6.966862860135734081e-01
7.214394649490714073e-01
6.688884189352393150e-01
8.311200370080769062e-01
7.254729061387479305e-01
6.969973668456077576e-01
7.133583680260926485e-01
7.120564449578523636e-01
7.770102829672396183e-01
7.186780071351677179e-01
9.160320039372891188e-01
9.428566419519484043e-01
8.867056819144636393e-01
9.410899418871849775e-01
9.175705038942396641e-01
6.988402910064905882e-01
6.861547699663788080e-01
6.526219430379569530e-01
8.338660139124840498e-01
6.599751599133014679e-01
6.788239090237766504e-01
6.688539781607687473e-01
7.176568810828030109e-01
6.682523221243172884e-01
6.379839938599616289e-01
6.867348880041390657e-01
6.976880480069667101e-01
7.196811889298260212e-01
9.301641108468174934e-01
7.308743239846080542e-01
7.530532230157405138e-01
9.670594250783324242e-01
7.910850900225341320e-01
8.673872088547796011e-01
7.399783739820122719e-01
7.182902919594198465e-01
6.963305270764976740e-01
7.241400368511676788e-01
8.617601590231060982e-01
6.991770188324153423e-01
6.511052960995584726e-01
6.684802940580993891e-01
6.549043289851397276e-01
9.537161439657211304e-01
7.627180439885705709e-01
9.147828142158687115e-01
9.779698320198804140e-01
7.715213191695511341e-01
7.827917861286550760e-01
9.746236100327223539e-01
6.732696199323982000e-01
6.366436481475830078e-01
8.441593130119144917e-01
6.972278458997607231e-01
6.854981819633394480e-01
8.430130460765212774e-01
8.545428230427205563e-01
7.193645129445940256e-01
7.137052600737661123e-01
6.173144120257347822e-01
6.095483070239424706e-01
8.631869121454656124e-01
6.960158220026642084e-01
9.606352120172232389e-01
7.619074429385364056e-01
9.736777469515800476e-01
6.754401330836117268e-01
7.273603877983987331e-01
7.912733538541942835e-01
6.823197759222239256e-01
6.576389020774513483e-01
6.999450260773301125e-01
8.292923800181597471e-01
6.610790980048477650e-01
6.658185499254614115e-01
8.628933490253984928e-01
8.408111529424786568e-01
6.712165568023920059e-01
8.599225240759551525e-01
9.592390849720686674e-01
7.406595400534570217e-01
7.793038301169872284e-01
9.336002259515225887e-01
7.403586101718246937e-01
6.898709607776254416e-01
8.803090220317244530e-01
6.996647019404917955e-01
5.870010140351951122e-01
6.502281520515680313e-01
8.295724578201770782e-01
6.079491009004414082e-01
7.183915670029819012e-01
6.421423570718616247e-01
6.341517220716923475e-01
6.421967360656708479e-01
8.606206451077014208e-01
6.847179050091654062e-01
7.816547069232910872e-01
8.684418089687824249e-01
6.758711510337889194e-01
9.486758320126682520e-01
6.847684248350560665e-01
7.363739600405097008e-01
9.689634009264409542e-01
6.773932799696922302e-01
7.202971118967980146e-01
8.525235080160200596e-01
8.504823788534849882e-01
7.210092041641473770e-01
8.879935650620609522e-01
6.837541880086064339e-01
7.071382801514118910e-01
7.208234099671244621e-01
7.087055819574743509e-01
6.864674098324030638e-01
9.065455989912152290e-01
9.042455269955098629e-01
6.765688280574977398e-01
7.189305010251700878e-01
7.089250569697469473e-01
7.187078860588371754e-01
7.645988499280065298e-01
7.599403881467878819e-01
8.406413199845701456e-01
6.448439620435237885e-01
8.515833539422601461e-01
6.302730089519172907e-01
6.942760851234197617e-01
6.395063218660652637e-01
8.100903648883104324e-01
8.338444561231881380e-01
8.453793339431285858e-01
7.787242508493363857e-01
7.365496000275015831e-01
7.043938389979302883e-01
6.961232079192996025e-01
8.773680978920310736e-01
7.692805121187120676e-01
7.185315531678497791e-01
8.840789359528571367e-01
6.925650329794734716e-01
7.767006931826472282e-01
8.491461318917572498e-01
8.348589630331844091e-01
6.184970079921185970e-01
8.372671830002218485e-01
6.611378348898142576e-01
8.393836298491805792e-01
6.881248699501156807e-01
6.102385891135782003e-01
6.545141369570046663e-01
8.659840510226786137e-01
6.973312229383736849e-01
9.077906259335577488e-01
7.576224638614803553e-01
7.580633510369807482e-01
9.829444061033427715e-01
7.383410099428147078e-01
7.277755090035498142e-01
7.095683538354933262e-01
7.045671429950743914e-01
7.187734260223805904e-01
6.284850288648158312e-01
8.746209619566798210e-01
6.612747521139681339e-01
6.991966720670461655e-01
6.674084060359746218e-01
6.968878558836877346e-01
7.528484940994530916e-01
7.068679949734359980e-01
9.676187098957598209e-01
7.506400851998478174e-01
7.149969059973955154e-01
7.371322768740355968e-01
7.419195841066539288e-01
7.080346941947937012e-01
6.640201520640403032e-01
8.555275350809097290e-01
6.931271259672939777e-01
8.924319839570671320e-01
8.459983312059193850e-01
6.900437269359827042e-01
6.632007800508290529e-01
6.535925390198826790e-01
6.930543561466038227e-01
8.035631531383842230e-01
6.879152278415858746e-01
6.516398759558796883e-01
7.750626220367848873e-01
8.006776680704206228e-01
7.739106561057269573e-01
7.651118340436369181e-01
7.927978010848164558e-01
7.843695601914077997e-01
7.249633420724421740e-01
6.328522269614040852e-01
6.634460368659347296e-01
6.811563188675791025e-01
6.660054021049290895e-01
7.941297159995883703e-01
4.846243530046194792e-01
6.408337140455842018e-01
8.494686940684914589e-01
8.590236750897020102e-01
7.811084210406988859e-01
6.663510180078446865e-01
9.624442800413817167e-01
9.795937940943986177e-01
8.713582751806825399e-01
7.940574439708143473e-01
7.586514789145439863e-01
6.546852281317114830e-01
7.103027568664401770e-01
6.386108729057013988e-01
8.695384960155934095e-01
7.072318231221288443e-01
6.830258809495717287e-01
6.454200290609151125e-01
8.397335382178425789e-01
6.942758760415017605e-01
6.981594068929553032e-01
8.450062419287860394e-01
8.880120210815221071e-01
6.395988359581679106e-01
7.801273369695991278e-01
7.845948140602558851e-01
9.415781460702419281e-01
7.502149359788745642e-01
7.611079718917608261e-01
7.416984029114246368e-01
7.355852930340915918e-01
6.893719511572271585e-01
6.902228591497987509e-01
7.248874967917799950e-01
6.860650819726288319e-01
6.691406038589775562e-01
8.605998349376022816e-01
7.195970681495964527e-01
6.715374689083546400e-01
8.516617352142930031e-01
9.404635529499500990e-01
7.588399921078234911e-01
6.851008760277181864e-01
6.483532290440052748e-01
6.701262770220637321e-01
8.875309410504996777e-01
7.110983419697731733e-01
8.500526261050254107e-01
9.041467220522463322e-01
4.535247359890490770e-01
7.311567468568682671e-01
8.890564669854938984e-01
6.935719768516719341e-01
7.186573590151965618e-01
8.055375299882143736e-01
7.158882331568747759e-01
6.964542251080274582e-01
9.873626099433749914e-01
7.618066600989550352e-01
7.505553560331463814e-01
7.634435119107365608e-01
7.141008479520678520e-01
6.176634801086038351e-01
8.437878719996660948e-01
7.111643110401928425e-01
6.896132219117134809e-01
7.769919959828257561e-01
6.983295609243214130e-01
6.434030840173363686e-01
6.692470300476998091e-01
9.284040490165352821e-01
7.310629431158304214e-01
7.246844961773604155e-01
7.240396528504788876e-01
7.454201150685548782e-01
7.172207231633365154e-01
6.512999450787901878e-01
7.113565448671579361e-01
7.125385499093681574e-01
6.854250680189579725e-01
6.769207161851227283e-01
6.496916739270091057e-01
7.202526840846985579e-01
6.947464628610759974e-01
6.550869701895862818e-01
6.453606530558317900e-01
8.109801888931542635e-01
7.822301699779927731e-01
7.497846570331603289e-01
9.394388750661164522e-01
7.794006799813359976e-01
9.584596799686551094e-01
7.262208790052682161e-01
7.513222279958426952e-01
6.906645218841731548e-01
6.326121629681438208e-01
6.495562940835952759e-01
8.585870170500129461e-01
6.751619181595742702e-01
8.482077729422599077e-01
8.578574419952929020e-01
7.087804989423602819e-01
7.101399588864296675e-01
6.881448549684137106e-01
6.924441440496593714e-01
5.308510109316557646e-01
9.677219719160348177e-01
9.773680448997765779e-01
7.454651310108602047e-01
7.748585999943315983e-01
7.427615809720009565e-01
6.767406950239092112e-01
6.749175610020756721e-01
6.572143558878451586e-01
6.475047089625149965e-01
8.233997568022459745e-01
8.637175310868769884e-01
7.090655500069260597e-01
6.376126799732446671e-01
7.109602149575948715e-01
6.617499350104480982e-01
7.622104340698570013e-01
6.912452201358973980e-01
6.312055019661784172e-01
6.915213898755609989e-01
7.237792587839066982e-01
9.838913211133331060e-01
8.917604109738022089e-01
6.911316390614956617e-01
5.984601140953600407e-01
6.510161678306758404e-01
6.877696809824556112e-01
6.334698598366230726e-01
7.877952381968498230e-01
5.979858401697129011e-01
7.155715560074895620e-01
6.180707139428704977e-01
6.623951641377061605e-01
6.630485760979354382e-01
7.264584479853510857e-01
9.873065759893506765e-01
9.466800389345735312e-01
9.855859379749745131e-01
9.029912259429693222e-01
7.919100658036768436e-01
8.959232009947299957e-01
8.846524870023131371e-01
7.042884000111371279e-01
8.452204018831253052e-01
6.874230070970952511e-01
7.004421108867973089e-01
6.830949389841407537e-01
6.659961470868438482e-01
7.850545609835535288e-01
9.289546939544379711e-01
7.771928908769041300e-01
7.382958328817039728e-01
7.359299981035292149e-01
7.042297588195651770e-01
7.197043141350150108e-01
7.529432608280330896e-01
6.023896278347820044e-01
8.286702078767120838e-01
7.170251989737153053e-01
7.992542111314833164e-01
8.740347230341285467e-01
6.410311688669025898e-01
6.922480638604611158e-01
6.993942861445248127e-01
8.330443729646503925e-01
6.714408830739557743e-01
8.521985479164868593e-01
7.068768979515880346e-01
8.731182320043444633e-01
6.977236107923090458e-01
7.233056549448519945e-01
6.804765979759395123e-01
7.944907140918076038e-01
7.814168969634920359e-01
6.264335820451378822e-01
6.046804881189018488e-01
6.412552408874034882e-01
7.147743031382560730e-01
8.430317160673439503e-01
8.472578090149909258e-01
6.724330098368227482e-01
7.045274928677827120e-01
8.459518637973815203e-01
7.149017020128667355e-01
7.574093961156904697e-01
7.553044871892780066e-01
7.669704249128699303e-01
6.395103798713535070e-01
9.657342999707907438e-01
7.451310548931360245e-01
7.316392390057444572e-01
8.440090811345726252e-01
8.577877101488411427e-01
6.856891829520463943e-01
6.492219339124858379e-01
8.185405931435525417e-01
8.827096889726817608e-01
7.042174858506768942e-01
6.864152720663696527e-01
6.272522041108459234e-01
6.309538648929446936e-01
9.648137520998716354e-01
9.676090679131448269e-01
7.234585930127650499e-01
7.889589990954846144e-01
7.709465299267321825e-01
8.432670619804412127e-01
6.472447349224239588e-01
6.268473328091204166e-01
6.380482451058924198e-01
4.633335180114954710e-01
8.246134549845010042e-01
7.130255841184407473e-01
6.559163799975067377e-01
7.103326038923114538e-01
7.118455441668629646e-01
6.885711071081459522e-01
7.445380969438701868e-01
8.934066339861601591e-01
9.350656338501721621e-01
5.280529838055372238e-01
6.811126428656280041e-01
9.291793599259108305e-01
7.318318719044327736e-01
6.726733469404280186e-01
6.777055507991462946e-01
6.705545850563794374e-01
6.941106570884585381e-01
6.340861909557133913e-01
6.903943479992449284e-01
6.708724680356681347e-01
6.631979639641940594e-01
7.165787878911942244e-01
8.475715941749513149e-01
6.641198841389268637e-01
6.637420619372278452e-01
6.441797451116144657e-01
6.935237529687583447e-01
6.763589528854936361e-01
7.317101301159709692e-01
6.742589741479605436e-01
7.102152439765632153e-01
6.992780901491641998e-01
7.407255358994007111e-01
6.736169590149074793e-01
6.856133439578115940e-01
6.706434770021587610e-01
6.598838591016829014e-01
8.280180201400071383e-01
8.418568151537328959e-01
6.803052111063152552e-01
8.636277029290795326e-01
6.003966459538787603e-01
6.449151439592242241e-01
7.043780989479273558e-01
6.946975360624492168e-01
9.327553641051054001e-01
9.539247739594429731e-01
9.525375599041581154e-01
7.145427360665053129e-01
7.575889278668910265e-01
7.129270229488611221e-01
7.268776658456772566e-01
8.195132131222635508e-01
7.167530797887593508e-01
6.649064070079475641e-01
8.654405439738184214e-01
6.417763738427311182e-01
6.823303429409861565e-01
6.283078081905841827e-01
8.761201000306755304e-01
6.407910950947552919e-01
6.685842829756438732e-01
6.972877441439777613e-01
8.859029489103704691e-01
7.216184111312031746e-01
7.336297519505023956e-01
7.432487339247018099e-01
9.633211849723011255e-01
6.711676809936761856e-01
7.905603039544075727e-01
7.314919698983430862e-01
6.676625369582325220e-01
6.653900819364935160e-01
6.354966710787266493e-01
6.713551538996398449e-01
7.175357600208371878e-01
6.829754561185836792e-01
6.330774789676070213e-01
6.465623041149228811e-01
8.546538189984858036e-01
8.191963799763470888e-01
8.230109200812876225e-01
9.406332159414887428e-01
6.528324950486421585e-01
9.549646340310573578e-01
7.759558970574289560e-01
8.612784068100154400e-01
7.906609070487320423e-01
6.863446061033755541e-01
6.721503150183707476e-01
6.658184619154781103e-01
5.627516210079193115e-01
6.616088931914418936e-01
5.979678360745310783e-01
6.463577409740537405e-01
6.237720330245792866e-01
5.934209818951785564e-01
6.162041458301246166e-01
6.465813608374446630e-01
6.304539351258426905e-01
7.059262669645249844e-01
7.495552329346537590e-01
7.534796628169715405e-01
6.394924009218811989e-01
9.512269301339983940e-01
6.640574340708553791e-01
6.781169211026281118e-01
7.389068889897316694e-01
6.840230780653655529e-01
6.412497169803828001e-01
8.480443980079144239e-01
7.054662150330841541e-01
6.799052658025175333e-01
6.522136740386486053e-01
8.041282820049673319e-01
6.428795258980244398e-01
6.484655810054391623e-01
6.882449451368302107e-01
7.409986450802534819e-01
9.394999248906970024e-01
7.000893352087587118e-01
9.639514018781483173e-01
7.190411749761551619e-01
7.627934399060904980e-01
6.906333540100604296e-01
6.362452248577028513e-01
8.468117630109190941e-01
8.344607688486576080e-01
7.054687398485839367e-01
7.111323131248354912e-01
7.039199578575789928e-01
8.702316991984844208e-01
7.444774399045854807e-01
6.847218470647931099e-01
9.696381730027496815e-01
7.232118849642574787e-01
7.567641059868037701e-01
7.424494039732962847e-01
7.560368308331817389e-01
6.921984090004116297e-01
6.346425688825547695e-01
6.242463609669357538e-01
8.352148039266467094e-01
7.014971259050071239e-01
7.067094340454787016e-01
6.952104179654270411e-01
6.171980439685285091e-01
8.678457778878509998e-01
6.099019998218864202e-01
7.172513240948319435e-01
6.267243579495698214e-01
6.477513560093939304e-01
7.288868629839271307e-01
7.458606360014528036e-01
7.116440969984978437e-01
7.345280637964606285e-01
7.770914828870445490e-01
7.898736929055303335e-01
7.636420519556850195e-01
6.332353712059557438e-01
6.939788060262799263e-01
7.937679081223905087e-01
7.144233740400522947e-01
7.143017021007835865e-01
6.439673069398850203e-01
6.735728920903056860e-01
6.597608281299471855e-01
6.898684559855610132e-01
7.801283551380038261e-01
7.011545370332896709e-01
9.445171358529478312e-01
7.673696519341319799e-01
7.685181680135428905e-01
7.446904249954968691e-01
7.761615840718150139e-01
7.238375199958682060e-01
6.571897389367222786e-01
6.632590019144117832e-01
8.179736381862312555e-01
7.228836861904710531e-01
8.049585779663175344e-01
6.838068589568138123e-01
6.789989590179175138e-01
5.708181199152022600e-01
6.918606690596789122e-01
6.557787759229540825e-01
8.542257430963218212e-01
9.695388888940215111e-01
9.518771241419017315e-01
7.850182489491999149e-01
7.023636519443243742e-01
9.439159200992435217e-01
7.630798448808491230e-01
8.358416189439594746e-01
7.131729519460350275e-01
6.740073817782104015e-01
7.150043118745088577e-01
6.476524700410664082e-01
6.411906569264829159e-01
7.113198589067906141e-01
6.349722689483314753e-01
6.842534921597689390e-01
6.759098130278289318e-01
7.298897379077970982e-01
7.655519961845129728e-01
7.150820260867476463e-01
7.538605439476668835e-01
9.246128881350159645e-01
7.574070319533348083e-01
9.007446807809174061e-01
9.224924431182444096e-01
6.376813470851629972e-01
7.148832320235669613e-01
6.529618529602885246e-01
6.855229719076305628e-01
8.713103639893233776e-01
6.683892498258501291e-01
7.197804360184818506e-01
8.712083019781857729e-01
8.103909520432353020e-01
8.049285560846328735e-01
6.812333348207175732e-01
7.142374520190060139e-01
9.206858729012310505e-01
6.605596889276057482e-01
7.006601060274988413e-01
9.244823830667883158e-01
9.205199189018458128e-01
7.091284580528736115e-01
7.292414340190589428e-01
6.446407809853553772e-01
5.900892880745232105e-01
6.403136260341852903e-01
7.998973499052226543e-01
6.845016360748559237e-01
7.072137489449232817e-01
6.508460799232125282e-01
8.185380159411579370e-01
6.942214420996606350e-01
6.188330529257655144e-01
6.503601609729230404e-01
8.449786789715290070e-01
6.506456939969211817e-01
7.509138488676398993e-01
7.629515188746154308e-01
7.300201221369206905e-01
7.870548060163855553e-01
9.262248878367245197e-01
8.892801159527152777e-01
8.863715410698205233e-01
6.688713459298014641e-01
6.511361340526491404e-01
8.521229329053312540e-01
6.533427119720727205e-01
7.866853589657694101e-01
6.400950120296329260e-01
6.924699340015649796e-01
8.819568450562655926e-01
6.446953399572521448e-01
7.169221930671483278e-01
7.652976871468126774e-01
7.420909670181572437e-01
7.284914150368422270e-01
9.394005809444934130e-01
9.044997699093073606e-01
7.911660908721387386e-01
9.317663600668311119e-01
8.562195878475904465e-01
6.749574220739305019e-01
3.859302739147096872e-01
8.576269431505352259e-01
6.599144821520894766e-01
6.477710979524999857e-01
6.234872660133987665e-01
6.658061698544770479e-01
8.489512030500918627e-01
6.775772799737751484e-01
9.655225558672100306e-01
7.706859870813786983e-01
7.473042798228561878e-01
7.558789388276636600e-01
7.624949249438941479e-01
7.551188790239393711e-01
8.606519110035151243e-01
6.579502560198307037e-01
6.749199130572378635e-01
8.123033009469509125e-01
8.212549590971320868e-01
8.369966859463602304e-01
6.716467922087758780e-01
6.574275698512792587e-01
6.434580301865935326e-01
6.208794899284839630e-01
6.461714098695665598e-01
6.922655678354203701e-01
8.732354738749563694e-01
6.613683451432734728e-01
7.491457019932568073e-01
6.597999769728630781e-01
6.995776810217648745e-01
7.545195340644568205e-01
9.183463440276682377e-01
7.561741690151393414e-01
6.569957728497684002e-01
6.824071628507226706e-01
6.328864069655537605e-01
8.760379119776189327e-01
6.699800479691475630e-01
8.341473219916224480e-01
6.957857511006295681e-01
6.957509748172014952e-01
8.435372759122401476e-01
6.377860328648239374e-01
6.911680889315903187e-01
7.009073561057448387e-01
7.814310449175536633e-01
7.898405520245432854e-01
7.460736371576786041e-01
7.655721821356564760e-01
7.708997470326721668e-01
7.434272770769894123e-01
6.553774499334394932e-01
8.757000488694757223e-01
7.825089420657604933e-01
8.457941929809749126e-01
8.559020231477916241e-01
8.518053349107503891e-01
7.786358259618282318e-01
7.928268450777977705e-01
6.665046690031886101e-01
6.719830580987036228e-01
6.199771740939468145e-01
8.514852798543870449e-01
9.727179361507296562e-01
7.247836699243634939e-01
9.419983800034970045e-01
9.281743101309984922e-01
9.791833150666207075e-01
7.316224740352481604e-01
8.712361999787390232e-01
8.474486479535698891e-01
6.763462750241160393e-01
5.874000950716435909e-01
6.627819580025970936e-01
6.545550490263849497e-01
6.441267589107155800e-01
7.178016679827123880e-01
7.152168380562216043e-01
8.770788589026778936e-01
6.990290160756558180e-01
7.167698938865214586e-01
7.513286769390106201e-01
8.992242941167205572e-01
7.519955090247094631e-01
7.445674389600753784e-01
7.455902358051389456e-01
7.448885049670934677e-01
6.619191779755055904e-01
7.244412698782980442e-01
6.499356559943407774e-01
6.622079680673778057e-01
7.104538730345666409e-01
6.356583070009946823e-01
7.185143281240016222e-01
6.512772550340741873e-01
6.995496482122689486e-01
6.344587588682770729e-01
6.930320919491350651e-01
6.799670159816741943e-01
6.404013310093432665e-01
9.492641100659966469e-01
7.551590048242360353e-01
7.228868331294506788e-01
7.324261469766497612e-01
6.962680530268698931e-01
6.731828888878226280e-01
8.578320860397070646e-01
6.947316708974540234e-01
7.015386328566819429e-01
8.884089849889278412e-01
6.096288331318646669e-01
6.465994021855294704e-01
6.675771239679306746e-01
7.908470619004219770e-01
6.269744429737329483e-01
6.968039269559085369e-01
7.925799961667507887e-01
5.144569859839975834e-01
8.828260491136461496e-01
7.561099310405552387e-01
9.723980899434536695e-01
7.352026458829641342e-01
6.527631010394543409e-01
8.731807940639555454e-01
6.259030930232256651e-01
6.445266059599816799e-01
8.553848620504140854e-01
6.801690610591322184e-01
6.256275069899857044e-01
7.064449340105056763e-01
6.374958259984850883e-01
8.656606839504092932e-01
6.800056779757142067e-01
6.961884039919823408e-01
9.058697000145912170e-01
7.191143538802862167e-01
9.532266310416162014e-01
7.764064460061490536e-01
7.260731940623372793e-01
9.354493150021880865e-01
7.437751931138336658e-01
5.979212590027600527e-01
6.477687431033700705e-01
8.190981717780232430e-01
6.579071111045777798e-01
8.200756721198558807e-01
6.644690458197146654e-01
7.168626801576465368e-01
7.180237418506294489e-01
7.899084340315312147e-01
8.349445271305739880e-01
7.161039118655025959e-01
7.095067959744483232e-01
6.309914940502494574e-01
9.451952660456299782e-01
7.550801758188754320e-01
6.521442749071866274e-01
6.924233299214392900e-01
7.050750090274959803e-01
6.953942829277366400e-01
7.714945210609585047e-01
7.077823190484195948e-01
6.903242950793355703e-01
6.895232889801263809e-01
6.708711129613220692e-01
6.956384149380028248e-01
6.357932789251208305e-01
6.340583420824259520e-01
6.984076818916946650e-01
8.341122958809137344e-01
7.330452459864318371e-01
9.524206051137298346e-01
7.313441839069128036e-01
6.894396150019019842e-01
7.914275671355426311e-01
7.746556799393147230e-01
7.230241820216178894e-01
7.047585130203515291e-01
6.722650451119989157e-01
6.855950299650430679e-01
6.534286839887499809e-01
7.004135069437325001e-01
8.636930410284548998e-01
6.246273140422999859e-01
6.345425047911703587e-01
7.139463010244071484e-01
8.832765659317374229e-01
6.526270010508596897e-01
7.214293051511049271e-01
9.633043478243052959e-01
7.269035659264773130e-01
9.037234568968415260e-01
7.562678907997906208e-01
7.254113149829208851e-01
9.684358788654208183e-01
7.566404081881046295e-01
7.078606991562992334e-01
6.377233529929071665e-01
7.134041399694979191e-01
6.720259380526840687e-01
6.754240791779011488e-01
8.083879230543971062e-01
6.651638420298695564e-01
8.087972449138760567e-01
6.852621899452060461e-01
6.586628879886120558e-01
6.203448511660099030e-01
7.146635288372635841e-01
6.641577021218836308e-01
7.061483489815145731e-01
7.923163219820708036e-01
7.345314139965921640e-01
7.113520179409533739e-01
9.659517190884798765e-01
7.042162318248301744e-01
9.318693149834871292e-01
8.731895238161087036e-01
6.178414130117744207e-01
8.619610299356281757e-01
8.268981720320880413e-01
7.145130159333348274e-01
6.880015900824218988e-01
8.287142859771847725e-01
6.349911759607493877e-01
7.486795799341052771e-01
7.895146580412983894e-01
7.012773959431797266e-01
9.213246798608452082e-01
7.668599190656095743e-01
7.912228170316666365e-01
7.285527200438082218e-01
7.763694368768483400e-01
6.814871858805418015e-01
8.493435732088983059e-01
6.265417130198329687e-01
6.648228610865771770e-01
6.356872571632266045e-01
6.668059828225523233e-01
8.290983850602060556e-01
6.782941501587629318e-01
6.647777208127081394e-01
7.058626159559935331e-01
6.208948919083923101e-01
7.123581708874553442e-01
7.666559780482202768e-01
9.101790329441428185e-01
8.931963439099490643e-01
7.309296440798789263e-01
9.254150909837335348e-01
6.224510550964623690e-01
6.923513300716876984e-01
8.581286799162626266e-01
6.661069649271667004e-01
7.108199880458414555e-01
6.880536130629479885e-01
8.533086590468883514e-01
6.829027468338608742e-01
6.508207630831748247e-01
7.033793940208852291e-01
8.069116871338337660e-01
7.174652779940515757e-01
7.899430911056697369e-01
7.422334379516541958e-01
9.915963769890367985e-01
7.098265339154750109e-01
7.362777600064873695e-01
6.881753408815711737e-01
6.167430540081113577e-01
6.659972839988768101e-01
6.400121359620243311e-01
7.953845800366252661e-01
6.368087399750947952e-01
6.154352219309657812e-01
6.562166649382561445e-01
6.697324640117585659e-01
7.148772829677909613e-01
6.860958689358085394e-01
6.421989640220999718e-01
6.386802177876234055e-01
6.272181670647114515e-01
7.731529001612216234e-01
7.366824611090123653e-01
7.579071649815887213e-01
7.922075469978153706e-01
6.813269399572163820e-01
7.562878050375729799e-01
6.850279900245368481e-01
7.224689659196883440e-01
5.802766941487789154e-01
6.978397790808230639e-01
7.186993879731744528e-01
6.856536520645022392e-01
6.747995449695736170e-01
7.175613332074135542e-01
8.680266861338168383e-01
8.611544421873986721e-01
6.206877869553864002e-01
7.182542148511856794e-01
7.442275239154696465e-01
7.026299210265278816e-01
7.445460942108184099e-01
7.891578150447458029e-01
7.742955200374126434e-01
6.423818951006978750e-01
7.137572821229696274e-01
6.941709329839795828e-01
7.020923399832099676e-01
8.552245178725570440e-01
8.373614279553294182e-01
6.602338128723204136e-01
6.449665308464318514e-01
4.821500380057841539e-01
8.345982760656625032e-01
8.833630350418388844e-01
6.438410279806703329e-01
8.152684927918016911e-01
7.811928940936923027e-01
8.689259178936481476e-01
7.825648959260433912e-01
7.061822649557143450e-01
9.443919020704925060e-01
7.352904849685728550e-01
7.037888960912823677e-01
7.906767830718308687e-01
9.682295101229101419e-01
6.965946480631828308e-01
7.780678248964250088e-01
6.449678479693830013e-01
6.763320078607648611e-01
6.436414010822772980e-01
6.874582548625767231e-01
6.075199041515588760e-01
7.706439469475299120e-01
6.092164218425750732e-01
8.748320459853857756e-01
9.080293909646570683e-01
7.048420528881251812e-01
9.667859049513936043e-01
6.267725480720400810e-01
7.392376519273966551e-01
7.122028260491788387e-01
7.547758668661117554e-01
9.660857380367815495e-01
7.811378410551697016e-01
5.984058030880987644e-01
6.253340619150549173e-01
7.216522290837019682e-01
6.437820000573992729e-01
6.760725919157266617e-01
8.348399060778319836e-01
8.802505319472402334e-01
6.705553820356726646e-01
8.186184051446616650e-01
7.544612349011003971e-01
7.555158149916678667e-01
9.531826782040297985e-01
7.449121510144323111e-01
8.999413431156426668e-01
7.002335500437766314e-01
7.608019961044192314e-01
8.689460977911949158e-01
7.131026010029017925e-01
8.268086661119014025e-01
7.167241028510034084e-01
8.238402050919830799e-01
8.075453210622072220e-01
8.369727351237088442e-01
7.163058831356465816e-01
7.158745699562132359e-01
6.229213050100952387e-01
6.885705210734158754e-01
6.729467180557549000e-01
8.883737078867852688e-01
9.045684388838708401e-01
7.634116071276366711e-01
7.663903150241822004e-01
7.154867609497159719e-01
7.459983769804239273e-01
6.620661120396107435e-01
7.307185388635843992e-01
8.060788610018789768e-01
6.285584489814937115e-01
7.811190760694444180e-01
6.417420371435582638e-01
6.187305389903485775e-01
7.907908230554312468e-01
6.824476250912994146e-01
8.456130330450832844e-01
8.043007839005440474e-01
7.904732008464634418e-01
7.910181239712983370e-01
9.470502589829266071e-01
6.430361568927764893e-01
7.044554210733622313e-01
7.929064920172095299e-01
6.217098450288176537e-01
6.917725030798465014e-01
9.448041520081460476e-01
6.429130979813635349e-01
7.174954509828239679e-01
8.462336910888552666e-01
8.540905890986323357e-01
6.422119850758463144e-01
6.316748219542205334e-01
7.128030101303011179e-01
6.378488501068204641e-01
6.663670840207487345e-01
6.214316268451511860e-01
8.638703958131372929e-01
5.936530879698693752e-01
7.745877471752464771e-01
9.433266480918973684e-01
8.998529259115457535e-01
7.353910380043089390e-01
7.756111540365964174e-01
7.450181869789958000e-01
8.830972029827535152e-01
6.873453599400818348e-01
5.894313578028231859e-01
6.367601898964494467e-01
7.025809769984334707e-01
7.048679660074412823e-01
6.872178870253264904e-01
8.480109199881553650e-01
6.811044439673423767e-01
6.239836828317493200e-01
5.905570539180189371e-01
7.010686851572245359e-01
8.562143899034708738e-01
7.648078210186213255e-01
6.620931860525161028e-01
8.947020210325717926e-01
7.359849540516734123e-01
6.825657570734620094e-01
9.338466769549995661e-01
7.228441720362752676e-01
7.178781910333782434e-01
6.713424271438270807e-01
6.993184210732579231e-01
6.941997979301959276e-01
8.464038679376244545e-01
6.940302790608257055e-01
6.868566919583827257e-01
8.813279489986598492e-01
6.570997110102325678e-01
8.428098889999091625e-01
6.390176960267126560e-01
6.548366509377956390e-01
8.648613519035279751e-01
6.416034798603504896e-01
9.747860080096870661e-01
7.135213080327957869e-01
7.648042018990963697e-01
7.677531458903104067e-01
9.431933020241558552e-01
6.920510819181799889e-01
8.374633369967341423e-01
7.060117400251328945e-01
6.327309340704232454e-01
7.042581851128488779e-01
6.271857789251953363e-01
6.678410188760608435e-01
6.833391119726002216e-01
6.645968351513147354e-01
6.398574588820338249e-01
6.511779411230236292e-01
9.429977319668978453e-01
7.069746968336403370e-01
7.514037829823791981e-01
7.215553990099579096e-01
7.429761900566518307e-01
9.326900870073586702e-01
7.005269192159175873e-01
8.099442010279744864e-01
6.318876550067216158e-01
6.341896790545433760e-01
6.891330350190401077e-01
7.118709078058600426e-01
6.719040451571345329e-01
8.623933361377567053e-01
6.504557749722152948e-01
7.151464950293302536e-01
8.573568288702517748e-01
6.431440811138600111e-01
9.322582860477268696e-01
6.628378650639206171e-01
7.542479990515857935e-01
9.446086001116782427e-01
9.577072390820831060e-01
7.046547830104827881e-01
7.153145859483629465e-01
7.905843290500342846e-01
7.005122781265527010e-01
8.083374470006674528e-01
6.835648501291871071e-01
6.386893719900399446e-01
8.518190460745245218e-01
5.906929289922118187e-01
7.179382650647312403e-01
6.723977709189057350e-01
7.290387409739196301e-01
7.417525351047515869e-01
9.660102440975606441e-01
8.914337072055786848e-01
9.209607141092419624e-01
7.205190879758447409e-01
7.832582460250705481e-01
6.582056570332497358e-01
5.859076459892094135e-01
4.435868370346724987e-01
7.084570068400353193e-01
6.893747898284345865e-01
8.782434558961540461e-01
8.506513009779155254e-01
8.562797370832413435e-01
6.850680490024387836e-01
6.167869651690125465e-01
6.194982707966119051e-01
5.885232188738882542e-01
7.041159179061651230e-01
7.450080309063196182e-01
7.905640280805528164e-01
7.454580310732126236e-01
7.445452590472996235e-01
7.744949581101536751e-01
9.509680778719484806e-01
7.907868090551346540e-01
6.849842360243201256e-01
6.919473821762949228e-01
6.345075999852269888e-01
6.623111518565565348e-01
6.872994899749755859e-01
6.553213498555123806e-01
7.024494330398738384e-01
6.290587380062788725e-01
6.855971377808600664e-01
7.159134140238165855e-01
9.197692109737545252e-01
7.667103831190615892e-01
6.320689881686121225e-01
6.646268370095640421e-01
6.938962410204112530e-01
7.170539500657469034e-01
7.298678869847208261e-01
7.159023159183561802e-01
7.264493608381599188e-01
6.856738799251616001e-01
6.528972170781344175e-01
5.788266710005700588e-01
7.018430989701300859e-01
8.322790029924362898e-01
7.926855650730431080e-01
5.802760540973395109e-01
6.463524079881608486e-01
6.241719741374254227e-01
7.002938089426606894e-01
8.662953318562358618e-01
7.175607010722160339e-01
6.676497729495167732e-01
7.942607039585709572e-01
7.042001269292086363e-01
7.879708071704953909e-01
6.924406201578676701e-01
7.229152899235486984e-01
7.562585589475929737e-01
8.127470549661666155e-01
7.492522378452122211e-01
6.999662709422409534e-01
8.563406928442418575e-01
6.153032660949975252e-01
8.796341780107468367e-01
6.861487990245223045e-01
7.025435490068048239e-01
7.158367449883371592e-01
8.718299169559031725e-01
6.813073467928916216e-01
6.886407190468162298e-01
6.917472039349377155e-01
6.931008289102464914e-01
7.912514789495617151e-01
9.631774351000785828e-01
7.141855598893016577e-01
7.665649869013577700e-01
7.143786849919706583e-01
7.909580240957438946e-01
6.431903331540524960e-01
8.185438329819589853e-01
7.032562959939241409e-01
6.845196129288524389e-01
6.740726761054247618e-01
7.165330192074179649e-01
6.844072269741445780e-01
6.816330889705568552e-01
6.271759080700576305e-01
7.021855497732758522e-01
6.290687161963433027e-01
6.273622920271009207e-01
6.796255209483206272e-01
7.275699940510094166e-01
6.994942061137408018e-01
8.770818880293518305e-01
7.612334950827062130e-01
7.421399871818721294e-01
7.614764641039073467e-01
7.741814071778208017e-01
8.330435059033334255e-01
6.873977580107748508e-01
6.997203240171074867e-01
6.683710510842502117e-01
8.291425420902669430e-01
7.130180939566344023e-01
6.233223879244178534e-01
6.437608159612864256e-01
8.154154429212212563e-01
4.798266100697219372e-01
7.149503228720277548e-01
7.230373059865087271e-01
9.427695979829877615e-01
7.121432600542902946e-01
9.096465229522436857e-01
7.603787360712885857e-01
6.591673139482736588e-01
6.359323251526802778e-01
7.113023810088634491e-01
7.957606490235775709e-01
6.437952688429504633e-01
6.719626649282872677e-01
6.149974090512841940e-01
6.361994738690555096e-01
8.098803779575973749e-01
6.002458850853145123e-01
7.680363010149449110e-01
8.105662080924957991e-01
7.106684048194438219e-01
7.333867768757045269e-01
7.126481682062149048e-01
9.674420361407101154e-01
6.616268649231642485e-01
7.127565459813922644e-01
7.027008880395442247e-01
7.254667200613766909e-01
9.377460889518260956e-01
8.611765960231423378e-01
6.666234659496694803e-01
8.464626218192279339e-01
8.404289560858160257e-01
7.024385679978877306e-01
6.810608189553022385e-01
6.898325418587774038e-01
8.298651450313627720e-01
6.633441599551588297e-01
7.434948489535599947e-01
8.798349730204790831e-01
7.540679930243641138e-01
9.333901738282293081e-01
7.220493641216307878e-01
9.361280531156808138e-01
7.028727841097861528e-01
6.586920421104878187e-01
6.849779440090060234e-01
6.368267531506717205e-01
6.618028071243315935e-01
8.299309690482914448e-01
6.544093079864978790e-01
6.486722659319639206e-01
6.463032551109790802e-01
8.045507969800382853e-01
8.556786880362778902e-01
6.706016650423407555e-01
6.859727699775248766e-01
6.584653160534799099e-01
6.420212369412183762e-01
7.502559940330684185e-01
6.484890931751579046e-01
9.087379199918359518e-01
7.877372431103140116e-01
7.905312508810311556e-01
6.721813329495489597e-01
5.959967081435024738e-01
6.564764590002596378e-01
6.194412230979651213e-01
7.766369709279388189e-01
6.172211018856614828e-01
5.852537162136286497e-01
6.007826148997992277e-01
7.503343389835208654e-01
6.151162581518292427e-01
6.061190739274024963e-01
7.288797718938440084e-01
7.911364049650728703e-01
8.595620880369096994e-01
6.600720412097871304e-01
6.604962209239602089e-01
9.723408599384129047e-01
7.537613359745591879e-01
7.099741720594465733e-01
7.418382831383496523e-01
7.018495788797736168e-01
6.522299631033092737e-01
6.416521051432937384e-01
5.881019490770995617e-01
