8.963815409224480391e-01
5.328884120099246502e-01
7.399688879959285259e-01
7.229647401254624128e-01
6.924333199858665466e-01
8.766247658059000969e-01
7.838368969969451427e-01
7.171534909866750240e-01
7.983774570748209953e-01
6.879384920466691256e-01
8.514399097766727209e-01
7.142313951626420021e-01
7.190655008889734745e-01
9.612740210723131895e-01
7.196773190516978502e-01
9.660939669702202082e-01
7.207687830086797476e-01
7.455603198613971472e-01
6.508216040674597025e-01
6.924413898959755898e-01
8.800909919664263725e-01
6.239291210658848286e-01
5.729669178836047649e-01
8.211730390321463346e-01
7.203358619008213282e-01
7.204458098858594894e-01
8.005962730385363102e-01
7.716076439246535301e-01
7.068458779249340296e-01
7.484361529350280762e-01
7.481929729692637920e-01
7.385652749799191952e-01
6.558572400826960802e-01
4.304122331086546183e-01
6.117319678887724876e-01
3.908780049532651901e-01
6.601728950627148151e-01
7.109364059288054705e-01
6.579392889980226755e-01
6.563984809909015894e-01
6.074935251381248236e-01
6.333199550863355398e-01
4.961561961099505424e-01
4.661034778691828251e-01
5.783076880034059286e-01
6.079249398317188025e-01
4.276380420196801424e-01
5.658919839188456535e-01
5.936668331269174814e-01
4.779699039645493031e-01
6.118529431987553835e-01
7.047703778371214867e-01
5.409339109901338816e-01
5.365430531091988087e-01
6.638923669233918190e-01
6.221292091067880392e-01
6.107554610352963209e-01
5.566884048748761415e-01
6.518570180051028728e-01
4.862281798850744963e-01
5.841976101510226727e-01
6.724332429002970457e-01
6.235865941271185875e-01
4.870853808242827654e-01
4.844519998878240585e-01
5.960103250108659267e-01
6.222263530362397432e-01
5.701787630096077919e-01
6.395893169101327658e-01
7.299617680255323648e-01
6.779721491038799286e-01
6.017766718287020922e-01
6.050240909680724144e-01
6.773556109983474016e-01
5.136752589605748653e-01
5.596662559546530247e-01
5.704592049587517977e-01
6.850184169597923756e-01
6.276651930529624224e-01
4.111245090607553720e-01
5.799458138644695282e-01
6.040702001191675663e-01
4.725692269857972860e-01
5.971990420948714018e-01
6.249713869765400887e-01
6.262922061141580343e-01
5.255793670658022165e-01
6.753494818694889545e-01
6.025578249245882034e-01
5.330127140041440725e-01
4.345638889353722334e-01
4.817383240442723036e-01
5.855105100199580193e-01
6.335118860006332397e-01
5.323747498914599419e-01
4.836378260515630245e-01
4.878111379221081734e-01
4.067071359604597092e-01
6.139566749334335327e-01
5.727114339824765921e-01
6.019879730883985758e-01
5.577511349692940712e-01
5.126034249551594257e-01
6.745980400592088699e-01
6.840665240306407213e-01
6.332763598766177893e-01
6.133543699979782104e-01
6.621181438677012920e-01
6.057725888676941395e-01
4.715272169560194016e-01
6.038575440179556608e-01
4.533732600975781679e-01
4.743054858408868313e-01
5.917899517808109522e-01
4.626435439568012953e-01
6.405372931621968746e-01
6.573120369575917721e-01
5.304797110147774220e-01
4.530175088439136744e-01
5.973408711142838001e-01
4.305192090105265379e-01
6.253008488565683365e-01
6.378361429087817669e-01
4.687521159648895264e-01
5.319306261371821165e-01
5.857214599382132292e-01
4.552787709981203079e-01
4.895285549573600292e-01
5.335368150845170021e-01
4.799625840969383717e-01
6.505606148857623339e-01
6.077603711746633053e-01
6.037821047939360142e-01
4.827798760961741209e-01
6.294314789120107889e-01
5.357780170161277056e-01
6.283249929547309875e-01
4.677255810238420963e-01
6.877039109822362661e-01
6.879006801173090935e-01
4.238672859501093626e-01
5.899498388171195984e-01
4.824988478794693947e-01
4.824566170573234558e-01
4.809235350694507360e-01
4.083170050289481878e-01
3.990392519626766443e-01
6.252587030176073313e-01
4.871176730375736952e-01
4.893581578508019447e-01
4.592212031129747629e-01
6.260845419019460678e-01
6.223479991313070059e-01
5.180952798109501600e-01
6.583396329078823328e-01
6.907469050493091345e-01
7.243551979772746563e-01
4.652174229267984629e-01
6.593916481360793114e-01
6.443346419837325811e-01
5.610250560566782951e-01
5.700995181687176228e-01
4.299441140610724688e-01
4.811825430952012539e-01
6.005704158451408148e-01
4.884464470669627190e-01
4.854052499867975712e-01
4.794847839511930943e-01
3.814151431433856487e-01
5.448042920324951410e-01
6.948650837875902653e-01
6.447303961031138897e-01
6.014506930951029062e-01
5.962784229777753353e-01
4.980660369619727135e-01
5.399488499388098717e-01
5.999123491346836090e-01
5.430269958451390266e-01
4.821556489914655685e-01
5.800201310776174068e-01
4.863172508776187897e-01
4.837266048416495323e-01
5.729363781865686178e-01
5.636466660071164370e-01
6.001015461515635252e-01
5.876609950792044401e-01
6.386593889910727739e-01
6.602651041466742754e-01
6.093162579927593470e-01
6.240946121979504824e-01
4.146952298469841480e-01
5.979503109119832516e-01
5.330377940554171801e-01
5.360383158549666405e-01
5.995442569255828857e-01
4.740352930966764688e-01
6.007272610440850258e-01
4.865197651088237762e-01
5.725311588030308485e-01
4.530506909359246492e-01
4.877772228792309761e-01
3.637914620339870453e-01
5.844175850506871939e-01
6.117159309796988964e-01
4.499410609714686871e-01
6.075030968058854342e-01
5.157395820133388042e-01
6.703377019148319960e-01
6.665977509692311287e-01
5.351705800276249647e-01
5.327061968855559826e-01
5.721676331013441086e-01
4.234590758569538593e-01
4.957775129005312920e-01
4.547336609102785587e-01
6.092893208842724562e-01
4.579856859054416418e-01
5.908027049154043198e-01
5.803698438685387373e-01
4.119668419007211924e-01
6.006276260595768690e-01
5.743017911445349455e-01
5.931679471395909786e-01
5.995581229217350483e-01
4.239128748886287212e-01
6.612811880186200142e-01
6.578399071004241705e-01
5.942535079084336758e-01
5.353491920977830887e-01
7.011484899558126926e-01
6.322945770807564259e-01
3.984084979165345430e-01
5.843761931173503399e-01
4.798744670115411282e-01
4.859598451294004917e-01
6.176459561102092266e-01
4.893749938346445560e-01
6.007615649141371250e-01
5.732273370958864689e-01
4.800189821980893612e-01
5.379246149677783251e-01
6.361325629986822605e-01
6.538313811179250479e-01
4.674383620731532574e-01
6.261004558764398098e-01
5.963103119283914566e-01
5.515512491110712290e-01
4.745696240570396185e-01
4.150085109286010265e-01
5.481862358283251524e-01
5.960083131212741137e-01
6.468784320168197155e-01
4.179348889738321304e-01
4.927587220445275307e-01
4.955929219722747803e-01
4.204907410312443972e-01
5.785530139692127705e-01
6.245197630487382412e-01
6.390484219882637262e-01
5.352164572104811668e-01
6.151071090716868639e-01
6.657797459047287703e-01
5.413286508992314339e-01
5.338609279133379459e-01
6.367372649256139994e-01
4.844473269768059254e-01
6.079920139163732529e-01
4.692480110097676516e-01
4.290124429389834404e-01
3.825793410651385784e-01
5.946995660196989775e-01
4.884105438832193613e-01
5.492834690958261490e-01
5.280927298590540886e-01
6.798032070510089397e-01
5.452980350237339735e-01
4.361200300045311451e-01
4.429631698876619339e-01
6.393523479346185923e-01
5.067290479782968760e-01
6.438958970829844475e-01
5.692228861153125763e-01
5.633754890877753496e-01
4.136406958568841219e-01
5.919354059733450413e-01
5.855281611438840628e-01
5.642034059856086969e-01
5.780434031039476395e-01
5.484054938424378633e-01
4.897771510295569897e-01
4.845275690313428640e-01
5.683358318638056517e-01
6.345881591551005840e-01
6.862731489818543196e-01
6.522521649021655321e-01
6.615207430440932512e-01
6.013085839804261923e-01
3.895611208863556385e-01
4.596095189917832613e-01
5.570295208599418402e-01
4.945080028846859932e-01
4.416060547810047865e-01
4.798153110314160585e-01
5.583834080025553703e-01
5.748667211737483740e-01
4.930704650469124317e-01
5.657945671118795872e-01
4.865333479829132557e-01
4.825761460233479738e-01
6.451770220883190632e-01
5.341150311287492514e-01
6.541298390366137028e-01
5.327818540390580893e-01
4.853326049633324146e-01
6.216483621392399073e-01
6.644756600726395845e-01
5.410053690429776907e-01
4.167496659792959690e-01
6.047609169036149979e-01
4.633290809579193592e-01
5.543631140608340502e-01
4.861042788252234459e-01
4.837208611425012350e-01
5.971970860846340656e-01
4.860146958380937576e-01
4.211933431215584278e-01
6.471484170760959387e-01
4.335842640139162540e-01
5.344396000728011131e-01
6.328874169848859310e-01
3.717061600182205439e-01
5.289096059277653694e-01
5.508490230422466993e-01
4.783864060882478952e-01
5.510436869226396084e-01
5.835469330195337534e-01
5.167764988727867603e-01
4.833671669475734234e-01
5.860723468940705061e-01
4.581987308338284492e-01
4.818316320888698101e-01
4.905138828326016665e-01
4.893215480260550976e-01
5.978136279154568911e-01
5.235636378638446331e-01
5.257779348175972700e-01
6.268159139435738325e-01
5.359547261614352465e-01
5.297765601426362991e-01
6.241491138935089111e-01
6.046426061075180769e-01
5.082459251862019300e-01
5.857697390019893646e-01
4.174613470677286386e-01
5.831131869927048683e-01
4.400481940247118473e-01
4.812402729876339436e-01
5.696874598506838083e-01
4.059628089889883995e-01
5.957161060068756342e-01
6.362253162078559399e-01
5.317731159739196301e-01
4.337447599973529577e-01
4.353035870008170605e-01
5.314725721254944801e-01
5.359738280531018972e-01
5.684467121027410030e-01
4.799049820285290480e-01
4.831899241544306278e-01
5.684826590586453676e-01
5.891158860176801682e-01
4.879525180440396070e-01
4.437092689331620932e-01
4.843270480632781982e-01
5.653883740305900574e-01
5.892256619408726692e-01
4.624959288630634546e-01
5.776038621552288532e-01
6.059062019921839237e-01
5.937034972012042999e-01
5.327792598400264978e-01
6.569239681120961905e-01
6.372254090383648872e-01
5.323034371249377728e-01
5.189755549654364586e-01
5.761302430182695389e-01
4.762319428846240044e-01
4.734966941177845001e-01
4.776586610823869705e-01
4.437927408143877983e-01
4.853407409973442554e-01
5.521175290923565626e-01
4.823972559534013271e-01
7.235316629521548748e-01
7.355810170993208885e-01
4.832180370576679707e-01
5.019938170444220304e-01
4.429196440614759922e-01
5.409849251154810190e-01
5.946990440133959055e-01
5.755372138228267431e-01
5.755502299871295691e-01
5.516503979451954365e-01
3.403190830722451210e-01
4.569155650679022074e-01
5.701921188738197088e-01
6.469452460296452045e-01
5.497863600030541420e-01
5.841719270683825016e-01
5.648111000191420317e-01
4.773504249751567841e-01
4.628752460703253746e-01
4.530819770880043507e-01
6.312622390687465668e-01
5.309538389556109905e-01
5.923365538474172354e-01
6.118619649205356836e-01
6.247298410162329674e-01
6.423012129962444305e-01
4.855978849809616804e-01
5.576902739703655243e-01
5.422024792060256004e-01
4.751913300715386868e-01
4.248161017894744873e-01
4.309949500020593405e-01
4.165084699634462595e-01
4.504898991435766220e-01
4.771436168812215328e-01
4.419024898670613766e-01
4.628288969397544861e-01
5.129004300106316805e-01
4.988563230726867914e-01
6.433602739125490189e-01
5.302626551128923893e-01
6.340939020738005638e-01
6.038350078742951155e-01
4.524548549670726061e-01
5.701187411323189735e-01
5.699486578814685345e-01
5.634324660059064627e-01
4.443281320855021477e-01
5.417077119927853346e-01
4.831673121079802513e-01
5.552567210979759693e-01
6.414038678631186485e-01
5.316340150311589241e-01
6.139061967842280865e-01
6.582531300373375416e-01
5.012817669194191694e-01
4.530274090357124805e-01
5.038522928953170776e-01
4.404296400025486946e-01
4.859800220001488924e-01
4.871376198716461658e-01
6.050628640223294497e-01
4.750760369934141636e-01
4.069833939429372549e-01
4.828708439599722624e-01
4.834563999902456999e-01
4.764142669737339020e-01
3.773199201095849276e-01
4.147064648568630219e-01
4.760524989105761051e-01
6.542412370909005404e-01
4.548434650059789419e-01
5.315900549758225679e-01
4.579439589288085699e-01
4.733511169906705618e-01
5.983913061209022999e-01
5.305400760844349861e-01
5.099604330025613308e-01
5.740847929846495390e-01
5.586397808510810137e-01
4.214356620796024799e-01
4.140243888832628727e-01
4.626336421351879835e-01
4.753218069672584534e-01
4.592765928246080875e-01
4.450041230302304029e-01
5.748614899348467588e-01
4.511022809892892838e-01
6.327729530166834593e-01
5.249142970424145460e-01
5.308919900562614202e-01
6.327613091561943293e-01
6.219311251770704985e-01
5.963233499787747860e-01
4.811662000138312578e-01
5.409056809730827808e-01
5.523013528436422348e-01
4.605905080679804087e-01
4.235659949481487274e-01
4.111458580009639263e-01
4.785732279997318983e-01
5.581787670962512493e-01
3.836802199948579073e-01
5.775886811316013336e-01
4.839815138839185238e-01
6.652807909995317459e-01
4.731597581412643194e-01
4.313070101197808981e-01
6.111690360121428967e-01
6.333984080702066422e-01
5.045843690168112516e-01
5.316043691709637642e-01
5.914860519114881754e-01
5.433201808482408524e-01
5.534136479254812002e-01
5.841914738994091749e-01
6.159597749356180429e-01
5.462807109579443932e-01
4.225574859883636236e-01
5.913485058117657900e-01
4.037109219934791327e-01
4.772511129267513752e-01
4.529806189239025116e-01
4.955682659056037664e-01
6.408060188405215740e-01
4.658158398233354092e-01
5.339166240300983191e-01
4.427798502147197723e-01
4.658758628647774458e-01
4.638320580124855042e-01
6.118759301025420427e-01
3.741405860055238008e-01
4.814571039751172066e-01
5.467451398726552725e-01
5.341437349561601877e-01
5.781497349962592125e-01
4.802001260686665773e-01
5.495358640328049660e-01
5.355154750868678093e-01
3.558571289759129286e-01
4.339421829208731651e-01
6.038824839051812887e-01
4.397565620020031929e-01
5.816211260389536619e-01
5.240655650850385427e-01
4.882330209948122501e-01
5.615692280698567629e-01
4.620674890466034412e-01
4.897750671952962875e-01
5.437334917951375246e-01
4.399353170301765203e-01
4.846519790589809418e-01
4.181581160519272089e-01
4.503535469993948936e-01
4.855355790350586176e-01
4.781612500082701445e-01
5.503460709005594254e-01
5.987501058261841536e-01
5.333477349486202002e-01
6.472061281092464924e-01
5.355924509931355715e-01
4.751015030778944492e-01
4.545701630413532257e-01
6.395338608417659998e-01
5.735212098807096481e-01
5.331005379557609558e-01
4.752197018824517727e-01
4.552444119472056627e-01
4.009997800458222628e-01
5.561502401251345873e-01
4.832611898891627789e-01
6.003714241087436676e-01
4.182457178831100464e-01
4.805369151290506124e-01
4.811262001749128103e-01
4.035194360185414553e-01
4.954780959524214268e-01
5.382418280933052301e-01
5.179622960276901722e-01
5.218872090335935354e-01
5.276057128794491291e-01
5.176208850461989641e-01
4.488198601175099611e-01
5.160674068611115217e-01
4.631014550104737282e-01
5.512617931235581636e-01
4.269675069954246283e-01
5.604582082014530897e-01
4.056423080619424582e-01
5.368703021667897701e-01
4.807800159323960543e-01
5.812295379582792521e-01
4.800659208558499813e-01
4.960599280893802643e-01
5.306871971115469933e-01
5.257309640292078257e-01
4.829154838807880878e-01
5.333309019915759563e-01
4.621605440042912960e-01
4.823123088572174311e-01
5.685162500012665987e-01
4.821833851747214794e-01
4.503247900865972042e-01
5.725331690628081560e-01
4.755201220978051424e-01
4.843000990804284811e-01
4.408409569878131151e-01
4.844891640823334455e-01
5.880167828872799873e-01
5.343654670286923647e-01
3.909278290811926126e-01
5.580132300965487957e-01
4.551690109074115753e-01
5.062653399072587490e-01
6.129386499524116516e-01
6.744335440453141928e-01
4.473612450528889894e-01
4.134995669592171907e-01
5.326703870669007301e-01
3.822711948305368423e-01
4.797360310330986977e-01
5.681932759471237659e-01
4.788311629090458155e-01
4.877606639638543129e-01
6.079962390940636396e-01
5.938255458604544401e-01
4.813579118344932795e-01
4.845098739024251699e-01
5.409151851199567318e-01
3.518848980311304331e-01
6.466377759352326393e-01
4.454615158028900623e-01
5.061353121418505907e-01
4.235114189796149731e-01
4.139730341266840696e-01
5.720491809770464897e-01
4.575287138577550650e-01
5.699627131689339876e-01
5.948384418152272701e-01
5.557186461519449949e-01
4.381487779319286346e-01
4.789232169277966022e-01
4.422075480688363314e-01
4.428237630054354668e-01
4.326341750565916300e-01
4.588631619699299335e-01
3.811131678521633148e-01
5.651184860616922379e-01
4.573233569972217083e-01
5.402645301073789597e-01
3.615397370886057615e-01
4.365857769735157490e-01
6.047630098182708025e-01
5.277374249417334795e-01
5.333185840863734484e-01
6.216960228048264980e-01
4.835325379390269518e-01
5.577910691499710083e-01
5.718375819269567728e-01
4.856166578829288483e-01
4.719935031607747078e-01
3.609265850391238928e-01
5.391313480213284492e-01
6.233910259325057268e-01
4.227050570771098137e-01
5.241394180338829756e-01
5.184018989093601704e-01
5.365494759753346443e-01
5.348301741760224104e-01
4.867763489019125700e-01
4.802658099215477705e-01
4.169716951437294483e-01
5.634830270428210497e-01
4.836205460596829653e-01
4.876893188338726759e-01
5.404330319724977016e-01
5.644009138923138380e-01
4.277222210075706244e-01
4.512970119249075651e-01
4.708770059514790773e-01
3.858086590189486742e-01
4.699309081770479679e-01
5.039623000193387270e-01
6.345188631676137447e-01
6.265612749848514795e-01
5.328832720406353474e-01
5.933047230355441570e-01
6.138141020201146603e-01
4.221585220657289028e-01
5.025724021252244711e-01
3.312114339787513018e-01
5.847783519420772791e-01
5.359732820652425289e-01
5.339746139943599701e-01
4.713008007965981960e-01
5.511954061221331358e-01
4.808326598722487688e-01
4.580706430133432150e-01
5.588526111096143723e-01
5.487668029963970184e-01
5.078955809585750103e-01
6.368835021276026964e-01
4.232546328566968441e-01
6.156628690659999847e-01
5.286785080097615719e-01
4.447359349578619003e-01
5.096669010818004608e-01
4.757063288707286119e-01
5.643661890644580126e-01
5.594071799423545599e-01
4.567741041537374258e-01
5.543910129927098751e-01
4.664236721582710743e-01
5.423022459726780653e-01
3.983280691318213940e-01
4.590434432029724121e-01
4.792900430038571358e-01
4.956135028041899204e-01
5.825097321067005396e-01
4.336032089777290821e-01
5.184263610281050205e-01
4.633780769072473049e-01
4.838546290993690491e-01
5.727615910582244396e-01
4.810845269821584225e-01
5.269632909912616014e-01
4.654660630039870739e-01
5.492684249766170979e-01
4.386269981041550636e-01
4.578212110791355371e-01
4.620061791501939297e-01
5.393254400696605444e-01
5.839012910146266222e-01
5.445941281504929066e-01
5.202713259495794773e-01
5.783946958836168051e-01
5.943310339935123920e-01
5.856734882108867168e-01
6.059538049157708883e-01
4.471777400467544794e-01
6.466914541088044643e-01
5.983472270891070366e-01
5.344894300214946270e-01
5.344255289528518915e-01
4.844967429526150227e-01
4.828584429342299700e-01
4.723430119920521975e-01
4.552846162114292383e-01
3.941021419595927000e-01
4.736658001784235239e-01
5.543593610636889935e-01
5.638627379667013884e-01
3.945775930769741535e-01
5.327145932242274284e-01
4.311989708803594112e-01
6.237511988729238510e-01
4.841750969644635916e-01
6.753848630469292402e-01
6.375038460828363895e-01
5.077516150195151567e-01
4.342357059940695763e-01
4.726657310966402292e-01
4.794417899101972580e-01
4.808726820629090071e-01
4.683974490035325289e-01
4.853557657916098833e-01
4.442275441251695156e-01
4.001726878341287374e-01
5.364683691877871752e-01
4.782084089238196611e-01
4.605999020859599113e-01
4.702168279327452183e-01
5.263996052090078592e-01
4.865123240742832422e-01
4.440631759352982044e-01
6.439247590024024248e-01
5.337933588307350874e-01
5.956550301052629948e-01
6.051469000522047281e-01
5.909470650367438793e-01
4.530015201307833195e-01
5.516462209634482861e-01
4.826970640569925308e-01
3.715778468176722527e-01
4.579014359042048454e-01
4.673149690497666597e-01
5.499705658294260502e-01
4.842177799437195063e-01
4.850383610464632511e-01
4.657846710179001093e-01
5.339384709950536489e-01
5.348228011280298233e-01
5.963298380374908447e-01
6.288970550522208214e-01
4.669838170520961285e-01
4.903137888759374619e-01
4.294491880573332310e-01
4.700065350625663996e-01
4.687740609515458345e-01
3.841504899319261312e-01
4.699705790262669325e-01
4.069708271417766809e-01
4.814596739597618580e-01
4.829921119380742311e-01
4.291740250773727894e-01
4.519206741824746132e-01
4.067758091259747744e-01
4.244462859351187944e-01
4.729756931774318218e-01
6.471044630743563175e-01
5.298268229234963655e-01
5.380715518258512020e-01
4.973110330756753683e-01
6.616844839882105589e-01
6.288962760008871555e-01
5.596149179618805647e-01
4.385111918672919273e-01
4.828642609063535929e-01
5.620118649676442146e-01
4.092190519440919161e-01
5.489004920236766338e-01
5.507931029424071312e-01
4.776435138192027807e-01
5.805637610610574484e-01
5.207676850259304047e-01
4.397057951427996159e-01
4.658086160197854042e-01
4.876267970539629459e-01
5.189075188245624304e-01
6.165403870400041342e-01
4.267980300355702639e-01
4.827424848917871714e-01
4.671511109918355942e-01
4.812330428976565599e-01
4.776030608918517828e-01
4.817705859895795584e-01
5.875309980474412441e-01
5.820498638786375523e-01
5.288736301008611917e-01
5.420813390519469976e-01
4.593493628781288862e-01
3.651452742051333189e-01
5.369424440432339907e-01
4.441139290574938059e-01
4.668457400985062122e-01
5.350574019830673933e-01
4.463492671493440866e-01
6.159403061028569937e-01
5.364535318221896887e-01
5.313050867989659309e-01
6.857123761437833309e-01
4.831104429904371500e-01
4.814970330335199833e-01
4.267657250165939331e-01
5.498311030678451061e-01
4.835617260541766882e-01
5.309887931216508150e-01
4.209263459779322147e-01
4.795372940134257078e-01
4.811447600368410349e-01
5.766266118735074997e-01
6.363986688666045666e-01
6.069018780253827572e-01
6.356056740041822195e-01
4.785929999779909849e-01
4.819619799964129925e-01
5.861483849585056305e-01
5.494650579057633877e-01
4.804223068058490753e-01
4.483338859863579273e-01
5.949829781893640757e-01
4.802858140319585800e-01
4.667355599813163280e-01
4.807354370132088661e-01
5.516597318928688765e-01
5.331350509077310562e-01
3.935141901019960642e-01
4.131753689143806696e-01
5.330379498191177845e-01
6.377122709527611732e-01
5.280472859740257263e-01
4.547659549862146378e-01
5.582847581245005131e-01
5.569298029877245426e-01
5.558041490148752928e-01
4.785329159349203110e-01
4.776673859450966120e-01
4.409770509228110313e-01
3.918976369313895702e-01
5.909358940552920103e-01
5.383487208746373653e-01
5.019789489451795816e-01
5.321339161600917578e-01
6.171274951193481684e-01
6.252877479419112206e-01
4.672236740589141846e-01
4.648935231380164623e-01
4.777221530675888062e-01
4.009510558098554611e-01
4.390409400220960379e-01
4.840885428711771965e-01
3.993837039452046156e-01
5.499649138655513525e-01
4.322773441672325134e-01
4.383190937805920839e-01
3.737560028675943613e-01
5.285644780378788710e-01
4.794218880124390125e-01
4.630455919541418552e-01
4.104973990470170975e-01
4.290198059752583504e-01
5.319411200471222401e-01
5.300469449721276760e-01
5.156097291037440300e-01
5.293291229754686356e-01
4.271658030338585377e-01
4.146316028200089931e-01
4.779496120754629374e-01
4.795755350496619940e-01
4.113953139167279005e-01
4.794698981568217278e-01
5.355768490117043257e-01
5.343055562116205692e-01
4.804797500837594271e-01
5.041139260865747929e-01
5.340354531072080135e-01
5.309671501163393259e-01
4.646809708792716265e-01
5.130973840132355690e-01
5.238862570840865374e-01
5.289032289292663336e-01
4.980955740902572870e-01
4.760772848967462778e-01
4.773693820461630821e-01
4.146384061314165592e-01
4.796552071347832680e-01
4.798267381265759468e-01
4.243381230626255274e-01
3.503200071863830090e-01
4.149871109984815121e-01
5.405187599826604128e-01
5.451244229916483164e-01
6.433418379165232182e-01
5.033197370357811451e-01
4.907740328926593065e-01
6.320992319379001856e-01
4.407478189095854759e-01
4.409045740030705929e-01
5.295497130136936903e-01
4.022730977740138769e-01
4.811924349050968885e-01
4.368467251770198345e-01
4.675829969346523285e-01
4.795489259995520115e-01
4.770985038485378027e-01
4.722510480787605047e-01
4.752058670856058598e-01
5.918999288696795702e-01
5.607214691117405891e-01
4.316974759567528963e-01
5.125451071653515100e-01
5.223114658147096634e-01
6.096721540670841932e-01
5.305248489603400230e-01
6.093533670064061880e-01
5.309531299863010645e-01
5.286779860034584999e-01
5.892049930989742279e-01
4.824122679419815540e-01
5.525869759730994701e-01
4.157020261045545340e-01
5.680584951769560575e-01
6.162445058580487967e-01
5.520247251261025667e-01
5.288264800328761339e-01
5.290776318870484829e-01
4.842249942012131214e-01
6.101129311136901379e-01
6.478881931398063898e-01
4.396522480528801680e-01
4.838070431724190712e-01
4.086772119626402855e-01
5.349214228335767984e-01
4.804474199190735817e-01
4.774911911226809025e-01
4.645967450924217701e-01
4.783025821670889854e-01
4.782427470199763775e-01
4.002736590337008238e-01
4.744505928829312325e-01
4.778965329751372337e-01
4.759665960446000099e-01
3.803547420538961887e-01
5.117475490551441908e-01
5.247540329582989216e-01
4.621935859322547913e-01
6.325901460368186235e-01
5.950914830900728703e-01
6.203837948851287365e-01
4.767601410858333111e-01
4.756621969863772392e-01
4.189688451588153839e-01
4.793899469077587128e-01
5.361701629590243101e-01
5.511289429850876331e-01
5.535694661084562540e-01
5.362122808583080769e-01
4.431526060216128826e-01
4.770677289925515652e-01
4.194031821098178625e-01
5.056155519559979439e-01
5.297198211774230003e-01
4.666425241157412529e-01
5.797155171167105436e-01
5.990578751079738140e-01
5.132870511151850224e-01
4.758861809968948364e-01
4.175680209882557392e-01
5.631822589784860611e-01
4.819981609471142292e-01
4.639094108715653419e-01
5.581684201024472713e-01
4.796319631859660149e-01
4.640946169383823872e-01
5.494245351292192936e-01
5.515614000614732504e-01
5.323386411182582378e-01
4.707213051151484251e-01
5.276550578419119120e-01
6.007210139650851488e-01
5.311102410778403282e-01
5.161219651345163584e-01
4.373126220889389515e-01
4.358583150897175074e-01
4.630452839192003012e-01
4.793100329115986824e-01
3.887967041227966547e-01
5.537466909736394882e-01
3.537873809691518545e-01
5.338288608472794294e-01
4.701608230825513601e-01
4.262121960055083036e-01
5.135002168826758862e-01
5.134628510568290949e-01
5.283950269222259521e-01
5.229162899777293205e-01
6.289033531211316586e-01
5.236819859128445387e-01
4.913824868854135275e-01
4.770217260811477900e-01
4.768766099587082863e-01
5.545222379732877016e-01
5.332682749722152948e-01
4.053586348891258240e-01
4.814638679381459951e-01
3.498956689145416021e-01
4.557787128724157810e-01
3.689560079947113991e-01
4.641861468553543091e-01
5.323178668040782213e-01
4.124707609880715609e-01
4.704973821062594652e-01
5.198981850408017635e-01
4.591097231023013592e-01
6.281216079369187355e-01
4.098040689714252949e-01
6.504599240142852068e-01
3.955833760555833578e-01
4.293816480785608292e-01
5.216400560457259417e-01
4.820257960818707943e-01
4.772056860383599997e-01
3.796039160806685686e-01
4.542600400745868683e-01
5.322067001834511757e-01
3.910544640384614468e-01
5.424003261141479015e-01
4.772642948664724827e-01
4.747353300917893648e-01
5.587925580330193043e-01
4.639426541980355978e-01
6.112856969702988863e-01
5.283341598697006702e-01
5.239767960738390684e-01
5.129045979119837284e-01
4.928668199572712183e-01
5.243514771573245525e-01
4.519854648970067501e-01
4.760598039720207453e-01
4.150608240161091089e-01
5.611594980582594872e-01
4.808566600549966097e-01
4.167670609895139933e-01
5.612980558071285486e-01
4.243350070901215076e-01
4.757577998097985983e-01
4.783274061046540737e-01
4.527440879028290510e-01
4.805499550420790911e-01
4.734534549061208963e-01
5.071065591182559729e-01
5.299735490698367357e-01
5.299104352016001940e-01
4.723183498717844486e-01
4.609624419827014208e-01
5.142609481699764729e-01
5.147174149751663208e-01
4.318514559417963028e-01
4.774960340000689030e-01
4.719998838845640421e-01
3.794731618836522102e-01
3.878101110458374023e-01
4.775831159204244614e-01
5.650133669842034578e-01
4.796735439449548721e-01
3.834026739932596684e-01
4.255490400828421116e-01
5.405071880668401718e-01
5.256858898792415857e-01
5.238274729344993830e-01
5.313915230799466372e-01
5.286902701482176781e-01
5.305207690689712763e-01
5.233013790566474199e-01
4.511795560829341412e-01
4.757964329328387976e-01
4.785528730135411024e-01
5.354480498936027288e-01
5.313739851117134094e-01
4.690933739766478539e-01
5.403115369845181704e-01
4.403135911561548710e-01
4.643948371522128582e-01
3.771601808257400990e-01
4.791529320646077394e-01
5.861879640724509954e-01
5.309074199758470058e-01
6.295328941196203232e-01
4.197688938584178686e-01
5.269043659791350365e-01
5.298369240481406450e-01
4.898200659081339836e-01
5.229719660710543394e-01
4.343522829003632069e-01
4.722114731557667255e-01
4.358455019537359476e-01
4.334943841677159071e-01
4.531338410452008247e-01
4.794890480116009712e-01
4.316390480380505323e-01
4.819020288996398449e-01
3.721048741135746241e-01
3.912318940274417400e-01
4.159674940165132284e-01
5.423578161280602217e-01
5.304504530504345894e-01
5.243488328997045755e-01
4.207959999330341816e-01
5.997129469178617001e-01
5.304161119274795055e-01
6.003034941386431456e-01
4.789840029552578926e-01
4.762524890247732401e-01
4.796459679491817951e-01
5.693706409074366093e-01
4.787497220095247030e-01
4.463499721605330706e-01
4.814116670750081539e-01
4.811742529273033142e-01
4.712158299516886473e-01
5.062618609517812729e-01
4.619102948345243931e-01
4.278193009085953236e-01
5.283691638614982367e-01
6.211831739638000727e-01
5.289261820726096630e-01
3.439032400492578745e-01
4.452666679862886667e-01
4.379404450301080942e-01
4.827938938979059458e-01
4.822556739673018456e-01
3.794296539854258299e-01
5.450993981212377548e-01
4.832008390221744776e-01
4.768530938308686018e-01
4.771535198669880629e-01
4.359218319877982140e-01
4.750055200420320034e-01
6.509287580847740173e-01
5.294133950956165791e-01
5.289411491248756647e-01
5.261596220079809427e-01
5.232050311751663685e-01
6.016245209611952305e-01
5.314972880296409130e-01
4.092002171091735363e-01
5.467970138415694237e-01
4.821526559535413980e-01
5.324337349738925695e-01
4.563102209940552711e-01
3.961590901017189026e-01
4.750861560460180044e-01
4.749587581027299166e-01
4.649456539191305637e-01
4.725299458950757980e-01
5.433741649612784386e-01
5.116435599047690630e-01
4.565277709625661373e-01
4.623665739782154560e-01
5.883519779890775681e-01
5.196379739791154861e-01
5.229678270407021046e-01
4.619034898933023214e-01
5.365101788192987442e-01
3.604450349230319262e-01
5.310119569767266512e-01
4.773096379358321428e-01
5.448316880501806736e-01
4.722180787939578295e-01
6.110383979976177216e-01
4.454043919686228037e-01
4.023210408631712198e-01
4.135285201482474804e-01
5.265225491020828485e-01
5.305563241709023714e-01
5.315897699911147356e-01
4.915439209435135126e-01
5.302881980314850807e-01
4.508827419485896826e-01
5.286910890135914087e-01
4.809001430403441191e-01
4.764654699247330427e-01
5.266563089098781347e-01
3.986804999876767397e-01
4.354113400913774967e-01
4.825337091460824013e-01
3.874276760034263134e-01
3.693545369897037745e-01
4.251095808576792479e-01
4.680033521726727486e-01
4.226887610275298357e-01
5.274214278906583786e-01
5.291721750982105732e-01
5.166567279957234859e-01
5.283487089909613132e-01
5.239030090160667896e-01
5.088697001338005066e-01
4.644869540352374315e-01
4.814278960693627596e-01
5.494940488133579493e-01
4.780305838212370872e-01
3.983865799382328987e-01
4.828585118521004915e-01
4.771084049716591835e-01
5.708952259737998247e-01
3.730532710906118155e-01
4.734686568845063448e-01
4.779260889627039433e-01
5.597309248987585306e-01
6.061747809872031212e-01
3.292090089526027441e-01
4.927449000533670187e-01
4.610425340943038464e-01
5.773763118777424097e-01
4.616016380023211241e-01
5.199034390971064568e-01
5.083367589395493269e-01
5.239735341165214777e-01
4.604881098493933678e-01
4.718273100443184376e-01
3.711763720493763685e-01
4.730428128968924284e-01
3.379108051303774118e-01
4.744864758104085922e-01
4.761259548831731081e-01
4.230413842014968395e-01
4.745930170174688101e-01
4.793388601392507553e-01
3.781661510001868010e-01
5.871720181312412024e-01
4.701591168995946646e-01
4.879313199780881405e-01
5.137314440216869116e-01
4.693506008479744196e-01
5.216254128608852625e-01
5.207660638261586428e-01
4.019196890294551849e-01
3.982762580271810293e-01
5.400320410262793303e-01
4.711978151462972164e-01
4.767648677807301283e-01
3.470027290750294924e-01
4.412589059211313725e-01
4.228151200804859400e-01
4.749531690031290054e-01
4.731886181980371475e-01
4.841756250243633986e-01
4.179308221209794283e-01
5.282353621441870928e-01
5.967275700531899929e-01
4.652447358239442110e-01
5.340554651338607073e-01
5.225224250461906195e-01
4.962697019800543785e-01
4.743149790447205305e-01
3.457409699913114309e-01
4.696961890440434217e-01
5.291043980978429317e-01
4.051962259691208601e-01
4.625218119472265244e-01
4.433574869763106108e-01
3.420643750578165054e-01
4.785477179102599621e-01
5.976910360623151064e-01
4.508761779870837927e-01
6.040599229745566845e-01
5.216257520951330662e-01
5.209955740720033646e-01
5.944812898524105549e-01
5.266043560113757849e-01
4.170988970436155796e-01
4.070394730661064386e-01
4.749936999287456274e-01
4.787906301207840443e-01
4.229452998843044043e-01
4.148756801150739193e-01
4.371798420324921608e-01
4.225606881082057953e-01
4.638277909252792597e-01
5.301578480284661055e-01
4.536806140094995499e-01
4.818842089734971523e-01
4.295090010855346918e-01
6.163116809912025928e-01
5.011246749199926853e-01
5.318857249803841114e-01
4.465649779886007309e-01
5.207758320029824972e-01
4.635702378582209349e-01
4.898852941114455462e-01
4.198523189406841993e-01
4.257335111033171415e-01
5.324495078530162573e-01
4.366621188819408417e-01
4.694970990531146526e-01
4.771629488095641136e-01
4.797724529635161161e-01
4.730792618356645107e-01
5.310428210068494081e-01
3.999006850644946098e-01
4.235682350117713213e-01
5.143736719619482756e-01
5.204521969426423311e-01
5.952783639077097178e-01
6.207311390899121761e-01
5.213567330501973629e-01
4.201682908460497856e-01
3.319709759671241045e-01
5.271352608688175678e-01
4.032082371413707733e-01
4.653622240293771029e-01
4.526646581944078207e-01
4.764465538319200277e-01
4.581580141093581915e-01
4.632977901492267847e-01
4.829684649594128132e-01
4.569978648796677589e-01
4.793666140176355839e-01
4.742297229822725058e-01
5.033179509919136763e-01
4.826358659192919731e-01
5.243978789076209068e-01
6.071025119163095951e-01
4.291182460729032755e-01
5.223869478795677423e-01
6.137481101322919130e-01
4.794252880383282900e-01
3.813577890396118164e-01
4.744445879478007555e-01
5.390557551290839911e-01
5.855642389506101608e-01
3.627071450464427471e-01
4.735814668238162994e-01
4.860611408948898315e-01
4.757319870404899120e-01
4.713503189850598574e-01
4.803024849388748407e-01
4.883027449250221252e-01
5.271414529997855425e-01
5.132720728870481253e-01
5.264464248903095722e-01
6.026134029962122440e-01
5.076261970680207014e-01
4.116167949978262186e-01
4.331084459554404020e-01
4.794703081715852022e-01
5.380557780154049397e-01
4.553301369305700064e-01
4.824674841947853565e-01
4.823113530874252319e-01
4.766686889342963696e-01
3.961257580667734146e-01
4.183606759179383516e-01
4.771372280083596706e-01
5.819763808976858854e-01
4.205327620729804039e-01
5.827135699801146984e-01
5.330640219617635012e-01
6.325655318796634674e-01
5.849886250216513872e-01
5.101273891050368547e-01
4.198381691239774227e-01
4.794514889363199472e-01
4.382316390983760357e-01
4.812120029237121344e-01
5.760013561230152845e-01
4.750227981712669134e-01
4.795633601024746895e-01
4.774252800270915031e-01
4.806645021308213472e-01
4.258120658341795206e-01
5.268277290742844343e-01
4.616197659634053707e-01
6.312688440084457397e-01
5.244778201449662447e-01
5.895210430026054382e-01
5.811049889307469130e-01
6.012061201035976410e-01
5.298816158901900053e-01
4.898447019513696432e-01
4.747327959630638361e-01
3.806574058253318071e-01
4.791397049557417631e-01
5.694393469020724297e-01
4.303413820452988148e-01
3.690026251133531332e-01
4.639598489739000797e-01
4.169682320207357407e-01
4.181793371681123972e-01
4.662441171240061522e-01
4.997992550488561392e-01
4.851955040358006954e-01
5.806657448410987854e-01
5.311759591568261385e-01
4.504752308130264282e-01
5.317763201892375946e-01
6.089791350532323122e-01
4.476587160024791956e-01
4.775515832006931305e-01
4.755621668882668018e-01
3.839831899385899305e-01
4.741010218858718872e-01
4.770312509499490261e-01
4.751670751720666885e-01
4.806604529730975628e-01
3.598791500553488731e-01
4.779615348670631647e-01
4.733711311127990484e-01
4.662863500416278839e-01
4.378743199631571770e-01
6.322029789444059134e-01
4.633595349732786417e-01
4.424821271095424891e-01
5.307740189600735903e-01
5.321604930795729160e-01
5.252502649091184139e-01
5.309556641150265932e-01
3.992340848781168461e-01
4.690759049262851477e-01
4.744080188684165478e-01
4.168409709818661213e-01
4.731673239730298519e-01
4.087214118335396051e-01
4.508466708939522505e-01
4.739781080279499292e-01
4.785932088270783424e-01
5.097998538985848427e-01
5.146470170002430677e-01
4.721198328770697117e-01
6.109837279655039310e-01
5.250227691140025854e-01
5.298159020021557808e-01
5.058748349547386169e-01
5.275505280587822199e-01
4.727923038881272078e-01
4.676641840487718582e-01
4.548549081664532423e-01
3.927666589152067900e-01
4.780562000814825296e-01
4.566218620166182518e-01
4.771346531342715025e-01
4.212940759025514126e-01
4.711870739702135324e-01
4.456546860747039318e-01
5.360710739623755217e-01
4.812756059691309929e-01
4.207526671234518290e-01
5.295095769688487053e-01
4.861962080467492342e-01
5.247554369270801544e-01
5.043849230278283358e-01
5.273031168617308140e-01
4.843321028165519238e-01
4.794715619646012783e-01
4.267788168508559465e-01
4.615687620826065540e-01
4.663921007886528969e-01
4.645365041214972734e-01
4.762898180633783340e-01
4.563656989485025406e-01
4.804595210589468479e-01
5.419536980334669352e-01
4.739243830554187298e-01
4.173675971105694771e-01
4.168849051930010319e-01
4.834788860753178596e-01
5.320124209392815828e-01
6.035658989567309618e-01
5.264752781949937344e-01
4.629779940005391836e-01
4.652509680017828941e-01
5.282467908691614866e-01
5.140428279992192984e-01
3.133889420423656702e-01
4.791230501141399145e-01
5.426549459807574749e-01
4.736227099783718586e-01
3.848628029227256775e-01
3.931923329364508390e-01
4.776210139971226454e-01
4.840319459326565266e-01
4.503518880810588598e-01
5.421655119862407446e-01
5.289716648403555155e-01
6.295917290262877941e-01
5.308791559655219316e-01
4.889253030996769667e-01
5.052188020199537277e-01
4.070639670826494694e-01
4.263084640260785818e-01
3.929530039895325899e-01
4.705303960945457220e-01
5.553637091070413589e-01
5.334020219743251801e-01
5.615630119573324919e-01
5.510324051138013601e-01
4.802730898372828960e-01
3.663577339611947536e-01
5.531438111793249846e-01
5.914254090748727322e-01
5.304903630167245865e-01
5.234513410832732916e-01
4.624720220454037189e-01
5.248628519475460052e-01
5.143645110074430704e-01
5.068121920339763165e-01
4.833718610461801291e-01
4.792836378328502178e-01
4.285055189393460751e-01
4.814397760201245546e-01
4.818684030324220657e-01
5.477977909613400698e-01
4.134326900821179152e-01
5.773006798699498177e-01
4.432572769001126289e-01
4.730945120099931955e-01
4.521046881563961506e-01
5.373399578966200352e-01
5.039691508281975985e-01
5.316549178678542376e-01
4.484135368838906288e-01
5.173428389243781567e-01
6.072350139729678631e-01
4.922539070248603821e-01
4.173580401111394167e-01
4.848829880356788635e-01
4.743073829449713230e-01
3.649583379738032818e-01
4.676804069895297289e-01
5.529063120484352112e-01
4.827215378172695637e-01
5.377395469695329666e-01
5.313078940380364656e-01
4.731277590617537498e-01
4.778749272227287292e-01
4.657135580200701952e-01
4.779480542056262493e-01
4.232383011840283871e-01
4.319206699728965759e-01
5.343529798556119204e-01
4.102491179946810007e-01
5.037681579124182463e-01
4.744231009390205145e-01
3.287994959391653538e-01
5.009020539000630379e-01
4.359476140234619379e-01
4.806201441679149866e-01
3.645980549044907093e-01
4.760985900647938251e-01
4.683884158730506897e-01
4.810825500171631575e-01
4.176393260713666677e-01
4.752653639297932386e-01
4.773879460990428925e-01
4.738912221509963274e-01
4.821024169214069843e-01
5.907667230349034071e-01
4.310766679700464010e-01
6.303921500220894814e-01
4.306442509405314922e-01
4.643227360211312771e-01
4.222490971442312002e-01
4.798155040480196476e-01
5.324013060890138149e-01
5.533841829746961594e-01
3.802383260335773230e-01
4.814282150473445654e-01
4.795061310287564993e-01
4.732500799000263214e-01
4.351346979383379221e-01
4.755767239257693291e-01
4.789027399383485317e-01
4.813660429790616035e-01
4.540243151132017374e-01
4.407080109231173992e-01
4.120902889408171177e-01
5.133627660106867552e-01
5.168440060224384069e-01
5.898771279025822878e-01
6.216762689873576164e-01
5.303424389567226171e-01
4.955847249366343021e-01
4.014760621357709169e-01
4.739971400704234838e-01
5.354625692125409842e-01
4.651259570382535458e-01
4.729210848454385996e-01
3.942249328829348087e-01
4.799170310143381357e-01
4.806130488868802786e-01
4.817838948220014572e-01
3.790047271177172661e-01
4.308134650345891714e-01
5.326896710321307182e-01
5.292432981077581644e-01
5.058387131430208683e-01
4.403508161194622517e-01
5.905375489965081215e-01
4.422327720094472170e-01
5.524869367945939302e-01
4.812259320169687271e-01
4.762533199973404408e-01
5.342770230490714312e-01
4.576606659684330225e-01
4.803108519408851862e-01
4.807805349119007587e-01
4.800508578773587942e-01
5.389677158091217279e-01
4.788239360786974430e-01
5.470652519725263119e-01
6.218229811638593674e-01
4.241284311283379793e-01
5.256884410046041012e-01
5.296207268256694078e-01
5.311431540176272392e-01
3.585691479966044426e-01
5.919707068242132664e-01
4.802336101420223713e-01
4.806940159760415554e-01
4.758216820191591978e-01
4.662805241532623768e-01
4.656874269712716341e-01
5.332255968824028969e-01
4.162048131693154573e-01
4.370129988528788090e-01
4.795033119153231382e-01
3.824561480432748795e-01
4.460693548899143934e-01
3.927432389464229345e-01
5.306015850510448217e-01
6.325371051207184792e-01
5.237631299532949924e-01
4.942531881388276815e-01
5.300102350302040577e-01
4.848056640475988388e-01
5.810120850801467896e-01
4.780157729983329773e-01
4.779613409191370010e-01
4.629149120301008224e-01
4.806582580786198378e-01
4.393407779280096292e-01
3.725839329417794943e-01
3.927618549205362797e-01
4.087145100347697735e-01
3.703983409795910120e-01
5.469583380036056042e-01
4.833337150048464537e-01
4.959746040403842926e-01
4.952126890420913696e-01
5.261531120631843805e-01
5.808842300903052092e-01
5.309406130108982325e-01
6.228068859782069921e-01
5.081702531315386295e-01
4.400796680711209774e-01
3.617624209728091955e-01
5.443915170617401600e-01
4.651382700540125370e-01
4.589073108509182930e-01
4.765674332156777382e-01
4.795933789573609829e-01
4.655080740340054035e-01
4.776920990552753210e-01
3.319633300416171551e-01
4.719158259686082602e-01
4.377410830929875374e-01
4.508068971335887909e-01
5.127952510956674814e-01
6.214899399783462286e-01
6.016880078241229057e-01
5.257484200410544872e-01
3.992677340283989906e-01
5.277005468960851431e-01
4.194502998143434525e-01
4.785654179286211729e-01
4.214781420305371284e-01
3.809817221481353045e-01
4.788616590667515993e-01
4.000770770944654942e-01
4.185221621301025152e-01
5.533365148585289717e-01
4.379237389657646418e-01
4.546703088562935591e-01
4.628988490439951420e-01
4.745548949576914310e-01
5.142969440203160048e-01
5.122209959663450718e-01
6.224492900073528290e-01
5.331334678921848536e-01
4.835250719916075468e-01
5.127821220085024834e-01
4.501904058270156384e-01
5.143310998100787401e-01
4.648314430378377438e-01
5.546968139242380857e-01
5.346318439114838839e-01
4.783165741246193647e-01
3.892966071143746376e-01
4.789166601840406656e-01
3.915659638587385416e-01
4.585551980417221785e-01
4.650304231327027082e-01
4.345217330846935511e-01
4.794144381303340197e-01
4.193049038294702768e-01
5.285343530122190714e-01
5.288654528558254242e-01
4.910396861378103495e-01
5.294968259986490011e-01
4.620867429766803980e-01
5.294825260061770678e-01
4.980614269152283669e-01
5.648337090387940407e-01
4.755707611329853535e-01
4.652191039640456438e-01
4.177102791145443916e-01
4.653084171004593372e-01
4.185720030218362808e-01
4.558311610016971827e-01
4.218799390364438295e-01
3.847365379333496094e-01
4.860122581012547016e-01
4.647885221056640148e-01
4.018488689325749874e-01
5.920379781164228916e-01
5.392324898857623339e-01
4.953473631758242846e-01
5.372106728609651327e-01
4.782595878932625055e-01
4.167373478412628174e-01
4.812370410654693842e-01
4.879217718262225389e-01
4.802248219493776560e-01
4.719420331530272961e-01
4.067069320008158684e-01
5.396522439550608397e-01
4.353739270009100437e-01
3.919603889808058739e-01
4.799997999798506498e-01
4.847822808660566807e-01
4.800368139985948801e-01
5.234648720361292362e-01
4.804389800410717726e-01
5.303927271161228418e-01
5.244148368947207928e-01
4.845411889255046844e-01
5.257063368335366249e-01
4.727282568346709013e-01
4.696308339480310678e-01
4.771032598800957203e-01
3.234331160783767700e-01
4.258994830306619406e-01
4.780092278961092234e-01
4.273345971014350653e-01
4.169490409549325705e-01
4.791709159035235643e-01
4.808222469873726368e-01
4.530665848869830370e-01
4.413244619499891996e-01
4.872863769996911287e-01
5.309392069466412067e-01
5.160435140132904053e-01
5.320040178485214710e-01
4.931600999552756548e-01
4.738272018730640411e-01
4.606263751629740000e-01
3.527633871417492628e-01
5.591046011541038752e-01
4.342988592106848955e-01
4.725069061387330294e-01
3.909944279585033655e-01
3.999896580353379250e-01
4.668962960131466389e-01
4.630690240301191807e-01
4.059099378064274788e-01
4.081212638411670923e-01
4.291204009205102921e-01
3.163841441273689270e-01
4.926523747853934765e-01
6.221018559299409389e-01
5.322073360439389944e-01
5.297801808919757605e-01
5.042789059225469828e-01
5.896223818417638540e-01
4.639912829734385014e-01
4.782373679336160421e-01
4.803854860365390778e-01
4.405089069623500109e-01
4.925401988439261913e-01
4.779082881286740303e-01
4.575774411205202341e-01
4.772863809484988451e-01
4.821817849297076464e-01
4.751809150911867619e-01
5.903569511137902737e-01
5.271245280746370554e-01
5.177353459876030684e-01
5.301214850042015314e-01
5.255992009770125151e-01
4.131990629248321056e-01
5.306624609511345625e-01
4.228311530314385891e-01
3.912956819403916597e-01
4.100342430174350739e-01
4.793222120497375727e-01
5.458627690095454454e-01
4.668708499521017075e-01
4.644777639769017696e-01
4.666257060598582029e-01
5.432389050256460905e-01
4.093725290149450302e-01
5.362418480217456818e-01
4.396423220168799162e-01
4.630405080970376730e-01
4.364350240211933851e-01
5.560539779253304005e-01
5.313174871262162924e-01
3.486770559102296829e-01
4.309516251087188721e-01
5.298131110612303019e-01
5.308141699060797691e-01
4.959771789144724607e-01
5.313727690372616053e-01
4.450518169905990362e-01
4.796279440633952618e-01
4.820751100778579712e-01
4.020473291166126728e-01
3.795296149328351021e-01
4.824398180935531855e-01
3.989236701745539904e-01
4.727311430033296347e-01
3.909984598867595196e-01
3.830024150665849447e-01
5.248785428702831268e-01
5.314517640508711338e-01
5.131425068248063326e-01
5.249010298866778612e-01
3.896576750557869673e-01
5.289866758976131678e-01
4.637330479454249144e-01
4.312952619511634111e-01
4.804534809663891792e-01
3.463803948834538460e-01
4.782118829898536205e-01
4.793016598559916019e-01
4.738257299177348614e-01
4.816422602161765099e-01
4.289697050116956234e-01
3.939424438867717981e-01
4.777458719909191132e-01
4.790640030987560749e-01
4.144580848515033722e-01
4.696126158814877272e-01
4.034384139813482761e-01
4.373644809238612652e-01
4.281789758242666721e-01
5.216334329452365637e-01
5.873693590983748436e-01
4.379586940631270409e-01
5.268124439753592014e-01
5.269546208437532187e-01
4.703770610503852367e-01
3.948337901383638382e-01
3.677658347878605127e-01
5.411194660700857639e-01
4.404208508785814047e-01
4.638950549997389317e-01
3.875620630569756031e-01
4.053811270277947187e-01
3.965436329599469900e-01
4.691985109820961952e-01
5.279703708365559578e-01
4.094185009598731995e-01
3.770850680302828550e-01
5.274766341317445040e-01
5.131557860877364874e-01
4.175508809275925159e-01
5.258717099204659462e-01
3.744025779888033867e-01
5.421107381116598845e-01
4.809383898973464966e-01
4.230269440449774265e-01
4.635448108892887831e-01
3.969859760254621506e-01
4.262259551323950291e-01
4.680842719972133636e-01
4.319553200621157885e-01
4.119783209171146154e-01
4.103411410469561815e-01
3.782365240622311831e-01
4.595645798835903406e-01
3.882616788614541292e-01
4.820806169882416725e-01
5.238126148469746113e-01
5.037686158902943134e-01
3.795754630118608475e-01
5.302713459823280573e-01
5.038352122064679861e-01
4.401430550497025251e-01
4.655658600386232138e-01
5.104826418682932854e-01
5.336265829391777515e-01
4.537519589066505432e-01
5.355548891238868237e-01
4.674969299230724573e-01
4.353496271651238203e-01
4.272609229665249586e-01
4.603939349763095379e-01
4.620649539865553379e-01
4.824923281557857990e-01
6.303154130000621080e-01
5.286566158756613731e-01
4.609739689622074366e-01
5.920222189743071795e-01
5.220393510535359383e-01
4.622419369406998158e-01
5.302995098754763603e-01
4.443169957958161831e-01
4.526037718169391155e-01
4.627483778167515993e-01
3.789511148352175951e-01
3.764369608834385872e-01
4.637652011588215828e-01
3.856390058062970638e-01
4.644215221051126719e-01
3.906727610155940056e-01
3.927666710224002600e-01
3.798485458828508854e-01
4.964492160361260176e-01
5.298328099306672812e-01
5.274569140747189522e-01
5.121519430540502071e-01
4.723762120120227337e-01
5.268140069674700499e-01
4.228318110108375549e-01
4.093419800046831369e-01
3.888358869589865208e-01
5.128840438555926085e-01
4.143943020608276129e-01
4.411605182103812695e-01
3.210829058662056923e-01
4.365047658793628216e-01
3.604799211025238037e-01
4.325610389932990074e-01
4.552417208906263113e-01
5.029215598478913307e-01
4.136843539308756590e-01
4.522495649289339781e-01
4.182782429270446301e-01
5.273377590347081423e-01
5.225788520183414221e-01
5.886176680214703083e-01
5.873338049277663231e-01
5.280284839682281017e-01
4.916951931081712246e-01
3.277787640690803528e-01
3.403023700229823589e-01
