9.781299968031340660e-04
9.439367838588995927e-04
9.596530398648813430e-04
9.467238229946611447e-04
9.783021263014119416e-04
9.908017686852839661e-04
9.794036110865099540e-04
9.563528210955685388e-04
9.941310167250493914e-04
9.574737730668345321e-04
9.253430261830098823e-04
9.855291901441334736e-04
9.888521302098211407e-04
9.900193494688108459e-04
9.909142644952081448e-04
9.631627954148359308e-04
9.994757690092918954e-04
9.605109238808236553e-04
9.318963003629023934e-04
9.774734759677673399e-04
9.193067639012452623e-04
9.201427680340720913e-04
9.947969422256304657e-04
9.539073287659246810e-04
8.514683729355433141e-04
8.207760878345159768e-04
8.621852279500275733e-04
9.700704012234191405e-04
9.879823580154377047e-04
9.940711370184278708e-04
9.910009880762093038e-04
9.495531697832637359e-04
9.820991124667309731e-04
9.770935185080260703e-04
9.703851110424453535e-04
9.419287402432161959e-04
9.396996576276317155e-04
9.950561259402025162e-04
9.410917429456892554e-04
9.899881782399696812e-04
9.793796521625876619e-04
9.425314535083684784e-04
9.702085120165704910e-04
9.860870137114940374e-04
9.454414338930804173e-04
9.185704289164786781e-04
9.515091130083750239e-04
9.239179501029130218e-04
9.187912738146677364e-04
9.974479503327576303e-04
9.461525813206451757e-04
9.759298566723486733e-04
9.148878911288789917e-04
9.500194208303018931e-04
9.807558962579788955e-04
9.200413335582683771e-04
9.637554799114895132e-04
8.843842267138807365e-04
9.891576938260433337e-04
8.345041197194194007e-04
9.834031876553646530e-04
9.644171416413333930e-04
9.818812764083432489e-04
9.997294013368168437e-04
9.474254991490299463e-04
9.840550107876335460e-04
9.974984984698624831e-04
9.946352821210474506e-04
9.220986370946411418e-04
9.940680998976702924e-04
9.990547142264994285e-04
9.552079869296572654e-04
9.373954278185515736e-04
9.659835369598743617e-04
9.180841619269543763e-04
9.489577401484637327e-04
9.871816913317721636e-04
9.558573308506315659e-04
9.341839292343977587e-04
9.592591156877004798e-04
8.279213819492839584e-04
9.804005513604310308e-04
9.471233439402997620e-04
9.865854172744037247e-04
9.813219360625693131e-04
9.500505799804242818e-04
9.563419056037115789e-04
9.470882710931197504e-04
9.743662536616284333e-04
9.884657274279607525e-04
9.781334204134685319e-04
9.972483215261245763e-04
8.991122951718274981e-04
9.882241852322557526e-04
9.764854428503893071e-04
8.679298500792011813e-04
9.485279042937372297e-04
8.968589194899822528e-04
9.718759093216748982e-04
9.820840038601730704e-04
9.702104074073819150e-04
9.714150572143635592e-04
9.455799223694812431e-04
9.384598742284815933e-04
9.370334661730211770e-04
9.606849558317808640e-04
9.325833061899035763e-04
9.119094598236161678e-04
9.562743722457377193e-04
9.987924617396184111e-04
9.856474568904240174e-04
9.840625056875321706e-04
9.743810937356387923e-04
9.780456129944521595e-04
9.799015966034446343e-04
9.478229656042490856e-04
9.869948492039863630e-04
9.480977514299360285e-04
9.893513832526484430e-04
9.923519289660354299e-04
9.567819179129448447e-04
9.524796368397090048e-04
8.466147675470618063e-04
9.700954817479964494e-04
9.767467068164013225e-04
9.229838177432297345e-04
9.295635457468461559e-04
9.431844299293619827e-04
9.872467253027625116e-04
9.828237680591630013e-04
9.865776743502086867e-04
9.910344168180896043e-04
9.202308760602116418e-04
9.300520231784167651e-04
9.880466421603060698e-04
9.415943463827032523e-04
9.293145329002848671e-04
9.363819049671257781e-04
9.052068662527740272e-04
8.214707372110873493e-04
9.873709702707302981e-04
9.506262410095357761e-04
9.556364468989309979e-04
9.900852129616287238e-04
9.545364573235310107e-04
9.854082686438015489e-04
9.644089090992982683e-04
9.991761483818663130e-04
9.663947727447220288e-04
9.982851257521088272e-04
9.641091513382609281e-04
9.890444731828632388e-04
9.742100774352428815e-04
9.255359976800006877e-04
9.587592732474816077e-04
9.845168471715392503e-04
9.189398721233502272e-04
9.960025135957719863e-04
9.842274038438126194e-04
9.415241942643352022e-04
9.465940151455492406e-04
9.457775139822338032e-04
9.932631828596129569e-04
9.592253066312724213e-04
9.549872176553880938e-04
9.753818071225933608e-04
9.391335146157102701e-04
9.440489962158899037e-04
8.716461743676375256e-04
9.364846599899667723e-04
9.909683145439081211e-04
9.828540794558598796e-04
9.487696455433768062e-04
9.310231080771065159e-04
9.380519896688659228e-04
9.464599490368226248e-04
9.965551621128174078e-04
9.847778374353210063e-04
9.857201942119163396e-04
9.560698811494426196e-04
9.800204937595599977e-04
9.288012822000089527e-04
9.704390055667116120e-04
9.265340487480752544e-04
9.592254805891511221e-04
9.858927678161215954e-04
9.585332941756558598e-04
9.446988861463143138e-04
9.856127392335186591e-04
9.701085374564032918e-04
9.911990085740211669e-04
9.579509696118480074e-04
9.391623654508535028e-04
9.177000540693081932e-04
9.977143959750283970e-04
9.065066868000972193e-04
9.826626939198588890e-04
9.991536104762316524e-04
9.448385365569611158e-04
9.751152427656915866e-04
9.441631661890832533e-04
9.367602807052766460e-04
9.073249461247342648e-04
9.405591999894314737e-04
9.980466837575840185e-04
9.970762834969038556e-04
9.256612435995845546e-04
9.860271849220351471e-04
9.977204770594879507e-04
9.916805906308892408e-04
9.662296020703810533e-04
9.452107518393814811e-04
9.159032584439578874e-04
9.969728921246341982e-04
9.686253271580479163e-04
9.117519315665703356e-04
9.930742075861514334e-04
9.589699824261600086e-04
9.324861352205272153e-04
9.370877930086917752e-04
9.549693309614946035e-04
9.335453508554245007e-04
9.260142940528730488e-04
9.470550254158810206e-04
9.349447137828513455e-04
9.346958010490299864e-04
9.831159003471890648e-04
9.305343047142408241e-04
9.645355842715763045e-04
9.974430544741530371e-04
9.411916595408547324e-04
9.011881906081420411e-04
9.865276385639962318e-04
9.320428259845830359e-04
9.885817019347599779e-04
9.309996719778578607e-04
9.755241543896113043e-04
9.147192547399381635e-04
9.618781519837096838e-04
8.696352874407589162e-04
9.299495119242171112e-04
9.976369074570262847e-04
9.218602535287539123e-04
9.697315231116004127e-04
9.515675149105549003e-04
9.942331207705525954e-04
9.380591893181021955e-04
9.637149390438885018e-04
9.709742950161382455e-04
9.366711462756785586e-04
9.651113619979967331e-04
9.404820806223482873e-04
9.771494766133610472e-04
9.049420080748860800e-04
9.019309236862021843e-04
9.943285721746356314e-04
9.397532699908017284e-04
9.672898072162538835e-04
9.878608264564184022e-04
9.573124458858603371e-04
9.646064838111553233e-04
9.800717747688873945e-04
9.792018416761444355e-04
9.955809634352224755e-04
9.639555257310986926e-04
9.451838064816258864e-04
9.535237474750065442e-04
9.286640169885188251e-04
9.867159507224445517e-04
9.384165328304165839e-04
9.743466950743224922e-04
9.721789087969298290e-04
9.437410610997354083e-04
9.943766749328966214e-04
9.583293063074350970e-04
9.956483527518891329e-04
9.681322879236909859e-04
9.876477321272361404e-04
9.723559972952334259e-04
9.880376004771228727e-04
8.982469490651760627e-04
9.707344837755445873e-04
9.670497030494588095e-04
9.528066669887861944e-04
9.927663862033299109e-04
9.593347937104062650e-04
9.785502770281208351e-04
9.421894996881277498e-04
9.423706652941839929e-04
9.540231687890451560e-04
9.391257372268758648e-04
9.156013469062421672e-04
9.460239025548864518e-04
9.410097782200335832e-04
9.627845585614824972e-04
9.755605616725378975e-04
9.703446570872234370e-04
9.659264425732595966e-04
8.977960844279502754e-04
9.950470529735914310e-04
9.973207696804928420e-04
9.878193329963306200e-04
9.066010317568228005e-04
9.866035109243654917e-04
9.366387064808585688e-04
9.904209474066840227e-04
9.609592560777087877e-04
9.705100376593548588e-04
9.843491452355824893e-04
9.468849762492713602e-04
9.544761538692706241e-04
9.585076369019444225e-04
9.889035335686677253e-04
9.603637156411833509e-04
9.546982886782923432e-04
9.623430177806612191e-04
9.523713401762255466e-04
9.935223498029471800e-04
9.629462873210889104e-04
9.598898735247415924e-04
9.416591659445601404e-04
9.855534712068583780e-04
9.322459083053646813e-04
9.388337199534714343e-04
9.609787713821168467e-04
9.042301210241400445e-04
9.152055568018640456e-04
9.815549281206089466e-04
9.590008671507442226e-04
9.986598501615104664e-04
9.414630286380790180e-04
9.169305843427646508e-04
9.599313016592399272e-04
9.738617466278846457e-04
9.095938539357155319e-04
9.823332544203866156e-04
9.110207028605076581e-04
9.677083618025469729e-04
9.732557278615270365e-04
9.492097356689323598e-04
9.095334107793196518e-04
9.722862122946654027e-04
9.206142252456910686e-04
9.619727602241341441e-04
9.931808366665578411e-04
9.912453958562494460e-04
9.507466264940059048e-04
9.958953851697377978e-04
9.864871214670886419e-04
9.742292016379665905e-04
9.704911872237004938e-04
9.449589807836892641e-04
9.624144107875001308e-04
9.034421906765066623e-04
8.874929824090691671e-04
9.520089924248796446e-04
9.117740045666472603e-04
9.273486737159264024e-04
9.866190528927843307e-04
9.931884512466349936e-04
9.565183452211251840e-04
9.042665593071266871e-04
9.550350147100593627e-04
9.715788043475189970e-04
9.364670505627413488e-04
9.225402042871033064e-04
8.977848513479066636e-04
9.959493969892204562e-04
9.093499104840115869e-04
9.770721446189529341e-04
9.349250494109617293e-04
9.763475366783688682e-04
9.749111714616701292e-04
9.248507982507470342e-04
9.579879302662241752e-04
9.505909823544335478e-04
9.743830021038824962e-04
9.926837558242567611e-04
9.875077957939208759e-04
9.292554028926316165e-04
9.571744476008215135e-04
9.480476897202318133e-04
9.217014824824348949e-04
9.553347349085010909e-04
9.353654316040876070e-04
9.750968232145782680e-04
9.424922008371713986e-04
9.645078567694853004e-04
9.402557660455831707e-04
9.804581371004336774e-04
8.932214575886898451e-04
9.236060952251637932e-04
9.775755440538862022e-04
9.418233996850359883e-04
9.335687154937296565e-04
9.759488361769689483e-04
9.843084986950710602e-04
9.628672242179864716e-04
9.861261194470936388e-04
9.418502128759667896e-04
9.632357292147961884e-04
9.088472416437580166e-04
8.974147218628915346e-04
9.887091202967061322e-04
8.862630486363217309e-04
9.025440971720949390e-04
9.796928976151030120e-04
9.350391041210724717e-04
9.468697702534339825e-04
9.741665692432618451e-04
9.175726656945310368e-04
9.811759690300128449e-04
9.899014385141152728e-04
8.764751550552433166e-04
9.318768682089803969e-04
9.988743671626180900e-04
8.090697240419850471e-04
9.263250184732188097e-04
9.765590273337576522e-04
9.695000918951676748e-04
9.529328248110716321e-04
9.522557081902739435e-04
9.089580714102274157e-04
9.900213733228511483e-04
9.115294815791140500e-04
9.105582542839760424e-04
9.546957593785756254e-04
9.984792936525729943e-04
8.891132486143343838e-04
9.516353795979983713e-04
9.043502222918177111e-04
9.801468268404770444e-04
9.349681626897681213e-04
9.383003018053231222e-04
9.633240876635684562e-04
9.745244259127183381e-04
9.700069679648390701e-04
9.922443216095898529e-04
9.797786777054403196e-04
9.741139854552333414e-04
9.888318536699211223e-04
9.851029265990189372e-04
9.620499602363002814e-04
9.094115624688934533e-04
9.630151929370035129e-04
9.083427325842736511e-04
9.380566608800968960e-04
9.800493618523557857e-04
9.974723949348728979e-04
9.329044104955281106e-04
9.868563317888604230e-04
9.773957784380352121e-04
9.514936370081259137e-04
9.698232770541246250e-04
9.766739286539895953e-04
9.374644905178568504e-04
8.771719205979426528e-04
9.226022870114563906e-04
9.750314053845847428e-04
8.329571083617495330e-04
9.646568739850346682e-04
9.773699613911395086e-04
9.441722459385755613e-04
9.452214150542601620e-04
9.455927225835567733e-04
9.897928225347542557e-04
9.450916138049149980e-04
9.349475227608811242e-04
9.704351721703000045e-04
9.519871995473032193e-04
9.589094757539443547e-04
9.452057384441867266e-04
9.360919078079855829e-04
9.282895020963668727e-04
9.371145744764652723e-04
9.459764942230659661e-04
8.824400309258538522e-04
9.551734575847530993e-04
9.974295457631367039e-04
9.496122892654319889e-04
9.474212726986186179e-04
9.500425580539023597e-04
9.446821266251102106e-04
9.880084536977244269e-04
9.900112893137060811e-04
9.934787832724131882e-04
9.692820958240236503e-04
9.841271791897925666e-04
9.669300969095019757e-04
9.489453692332313131e-04
9.828158456075212351e-04
9.543312386027083321e-04
9.914281775997089551e-04
9.644608289426053046e-04
9.036147304962630468e-04
9.886799716247347825e-04
9.916611946885283378e-04
9.084997179651111950e-04
9.030484750645635791e-04
9.827706515620059525e-04
9.491352516253663074e-04
8.851185096454574058e-04
9.452151201179250558e-04
9.728526187827331306e-04
9.569994145388742999e-04
9.845049185509286566e-04
8.446548660713842265e-04
9.829976738173814427e-04
9.551157001601277710e-04
9.225037590554106218e-04
9.941066864903650140e-04
9.733253367222347669e-04
9.638360589217683221e-04
9.941956160271811071e-04
9.901803307274048907e-04
9.653660346717945692e-04
9.450908623434204053e-04
8.259926860173285581e-04
9.948807958044590758e-04
9.932200244521193194e-04
9.384850959890513131e-04
9.081044508838972398e-04
9.922314288376991778e-04
9.945093809891677062e-04
9.581668664544559138e-04
9.269599395345954002e-04
9.568054618325774145e-04
9.809463174941007897e-04
9.379440264291033892e-04
9.655778014366832003e-04
9.726621073986872800e-04
9.379605877713501983e-04
9.575589258673912821e-04
9.895973086296813194e-04
9.997139589795879609e-04
9.820679098399055524e-04
9.804050510053643770e-04
9.576349324472157535e-04
9.515015785205807207e-04
9.047206398430184373e-04
9.409172262525718981e-04
9.907803267633979397e-04
9.670882195329509080e-04
9.424588721818647841e-04
9.886937480633295038e-04
9.847059486217273928e-04
9.135530384773010975e-04
9.616740644310639271e-04
9.506837451120053175e-04
9.703111078661249547e-04
9.215455704694832436e-04
9.976742773677505557e-04
9.908045521168447247e-04
9.918634258589025584e-04
9.932382885139584040e-04
9.875165664082747978e-04
9.814690809644686410e-04
9.310360858866406760e-04
9.944524557831367628e-04
9.840902771052185104e-04
9.305871412795381709e-04
9.905374315209410432e-04
8.157774386610337726e-04
9.375493024497487090e-04
9.988360436980236231e-04
9.877113731755200569e-04
8.545123617667839356e-04
9.539398123816438370e-04
9.535354631477083740e-04
9.629357981899745603e-04
9.341635300828498006e-04
9.855618124025261433e-04
9.805576033439292443e-04
8.265002883128705173e-04
9.894896769137467071e-04
9.230581219552566954e-04
9.437601125776681928e-04
9.692916728537405522e-04
9.906547237122490836e-04
9.569370200559695156e-04
9.293771940924861179e-04
9.870205213623603133e-04
9.637541466228369616e-04
9.708307148280805174e-04
9.071323606818732042e-04
9.166277633673380280e-04
9.830350472591672245e-04
9.693053513783790338e-04
9.244536569349269149e-04
9.513590195344393159e-04
9.524470868114782909e-04
9.438772481042674665e-04
9.595454986744374800e-04
9.951507946262447800e-04
9.587066215680199602e-04
8.729707468697465349e-04
9.484792635068555605e-04
9.842467280482115975e-04
9.351519086673222179e-04
9.842666870213589905e-04
9.907851899160903357e-04
9.075941884110322842e-04
9.377523121454549131e-04
9.302690969992814980e-04
9.512699183755555371e-04
9.608078863002936188e-04
9.960131006210635844e-04
9.574516536349442436e-04
9.724895298258245903e-04
9.941501053543730804e-04
9.298257481126160273e-04
9.714394188652048304e-04
9.891563634994847854e-04
9.555651171904694765e-04
9.732354210902060274e-04
9.768209379222784604e-04
9.483361510410569760e-04
9.311221601885762101e-04
9.140427290648819262e-04
9.018680605007007006e-04
9.748647231891167551e-04
9.671889093096536260e-04
9.519367788989661731e-04
9.534368792173054030e-04
9.589388125696139166e-04
9.608040983813181729e-04
9.933093903994509935e-04
9.647450221683617983e-04
9.671293174838732328e-04
8.762292412364271720e-04
9.917658720846129951e-04
9.165749423611997855e-04
9.989601706516311897e-04
9.450125473804715272e-04
8.902035137415856237e-04
9.695956737464517120e-04
9.893501578964783959e-04
9.749502220078751181e-04
9.802185467785761233e-04
9.882609753385702446e-04
9.024204491713973654e-04
9.326068278024627484e-04
8.870465981343913587e-04
9.365405593246304769e-04
9.643634639297460559e-04
9.804926087528078368e-04
9.190903295500884012e-04
9.155064751490547175e-04
8.728744857388444833e-04
8.386648243401404520e-04
9.581976509006998087e-04
9.640330605044530009e-04
9.252179613290388224e-04
9.502093074074819930e-04
9.518330704476130402e-04
9.691803318779801087e-04
9.419606722106095911e-04
9.488692306288417332e-04
9.358045909442587375e-04
9.358171183358230489e-04
9.775752839399226308e-04
9.546979969928451716e-04
9.492861340098957684e-04
9.237907453195983191e-04
8.395655764974453922e-04
9.160561739810387221e-04
9.807677806019264241e-04
9.489291135893417571e-04
9.706849462101772462e-04
9.662541775715318554e-04
9.330455796149568016e-04
8.592911464108083730e-04
9.475845808969898115e-04
9.789368761522975436e-04
9.562500652652963827e-04
9.389584791772834010e-04
9.322832388717879146e-04
9.982536419948402628e-04
9.280080791949968291e-04
9.513048357510684328e-04
9.623502019954228298e-04
9.330370810454384316e-04
9.721306925875153110e-04
9.941025257533201830e-04
9.887993053612044794e-04
8.496794020360113556e-04
9.919030303853534469e-04
9.849014420967392575e-04
9.721263479618346076e-04
9.441804079874032774e-04
8.947081944443949653e-04
9.995334765866136385e-04
9.156236730139436864e-04
9.621707244396305019e-04
9.938565719989154567e-04
9.655525204478294194e-04
9.833260764421185556e-04
9.357516549158116518e-04
9.373298074873492132e-04
9.540324026795302939e-04
9.867378164128777409e-04
9.774680149886880252e-04
9.774929998550066761e-04
9.715729559781817893e-04
9.647430304803931685e-04
9.526975418162498144e-04
9.710386787155561106e-04
9.247041971637528146e-04
9.461998165169069287e-04
9.468938602423223379e-04
9.534388663071343469e-04
9.367565038389483872e-04
8.881694600742040622e-04
9.276002792550376011e-04
9.669742131287411115e-04
9.546116694667105412e-04
9.754913707836737179e-04
9.025921055602632425e-04
9.207940059139162279e-04
9.063272065220444318e-04
9.539313549555856336e-04
9.365931814455087873e-04
9.719410727594442320e-04
9.188134292823061950e-04
9.958335358182357055e-04
9.652410770940505818e-04
9.910065657712354217e-04
9.838786554625513023e-04
9.139779847690044680e-04
9.942876215736308389e-04
9.803184269402726199e-04
9.656195053744769932e-04
8.973064686391870855e-04
9.598893699278178817e-04
9.897491863983792076e-04
9.861592101269324711e-04
9.233082816143030206e-04
9.389506248587764026e-04
9.543050170798614154e-04
9.002300335507621223e-04
9.089161813641898980e-04
9.451173164712134769e-04
9.622147131338077298e-04
9.570611037113664708e-04
9.878036991515198699e-04
9.944320092337029498e-04
9.018952517149897777e-04
9.807591077399535617e-04
9.494234984054554906e-04
9.380395234113849756e-04
9.441391575804179877e-04
9.743241877678049303e-04
9.702883121794473632e-04
9.592446080173883290e-04
9.703685631496971123e-04
8.875416699603609974e-04
9.660063239740458805e-04
9.928054770354092541e-04
9.936907015429207422e-04
9.022549406151086004e-04
9.144943991347929957e-04
9.767973642728665969e-04
9.830118883166316223e-04
9.668012560521226356e-04
9.102524961735716964e-04
9.349239750046118170e-04
9.027087426138293751e-04
9.653901745289830607e-04
9.815320607833421390e-04
9.482401815676434493e-04
9.863159663776987617e-04
9.921735861021098273e-04
9.307808231078312181e-04
9.908428953796766768e-04
9.911514372998332916e-04
8.984207805614728053e-04
9.878335645861192026e-04
9.370438432538815776e-04
9.202227617583544740e-04
9.601809972612167883e-04
9.192663039775635699e-04
9.600931047387233075e-04
9.608847187713152101e-04
9.902756528736061849e-04
8.418327050603273279e-04
9.337754753121769568e-04
9.309098492534017069e-04
9.692705379373235328e-04
9.693376604329675570e-04
9.507811757005698054e-04
9.333067450462067616e-04
9.783024034843474000e-04
9.958247563070325974e-04
9.009612646172375549e-04
9.203309651060740705e-04
9.902757350983620518e-04
9.226254947029927057e-04
9.829691490522581530e-04
9.533603302768929588e-04
9.915897492946347709e-04
9.714360511457222069e-04
9.193610758158493081e-04
8.897757969971908844e-04
9.652044802091386180e-04
9.787203455650574525e-04
9.602844898743595524e-04
9.641838352098455875e-04
9.111923054608333985e-04
9.448753328065326263e-04
9.956838120566743194e-04
8.959935125076483927e-04
9.956891356574649847e-04
9.220555154952745800e-04
9.926776055442854737e-04
9.974333548678202856e-04
6.919886551471063135e-04
8.601384377610390986e-04
9.954376102752973687e-04
9.754474490107440049e-04
9.358183792789887944e-04
9.241411377787116851e-04
9.533484603560399848e-04
9.208102532340980669e-04
9.920418597342227623e-04
9.676594662925786048e-04
9.410077779582080512e-04
9.644184713720700469e-04
9.286872956218599796e-04
9.409937127844827985e-04
9.885029035745856400e-04
9.766746507692573506e-04
9.650262746653952587e-04
9.551434750283367475e-04
9.666403074294905575e-04
9.847911357545792877e-04
9.739895619379898214e-04
9.997503285186495545e-04
9.098378267416665915e-04
8.379303683554998250e-04
9.562014803831880372e-04
9.539455366992088264e-04
9.488140301060976004e-04
9.653507977011574264e-04
9.808858684989944267e-04
9.612384607278186364e-04
9.583144256838697049e-04
9.361983960637947815e-04
9.630304536864100822e-04
9.971405957733079500e-04
9.439966384591987102e-04
9.957267792230621063e-04
9.414501787215810800e-04
9.779623100368084812e-04
9.637793114482673526e-04
9.503286604123619081e-04
9.444427268914450200e-04
9.661414237655611666e-04
9.555861526517654908e-04
9.809330293322922594e-04
9.355925875232593827e-04
9.594250650459567632e-04
9.952447784121662682e-04
9.251801805637126924e-04
9.743278596085821076e-04
9.912161868451166945e-04
9.926422784382025761e-04
9.946526295840426180e-04
9.873986263304942047e-04
9.425360170610822593e-04
9.969128884567289486e-04
9.410476163997288706e-04
9.998362884430069333e-04
9.679704592956553996e-04
9.825476312370271231e-04
9.686515634064639044e-04
9.576850336723707760e-04
9.936197646079011382e-04
8.231607991646804762e-04
9.718001329372115719e-04
9.990782339884258893e-04
9.484857900456379566e-04
9.373221242903050261e-04
9.920560027049890681e-04
9.727251128663629790e-04
9.367680959167125473e-04
9.805860505739127670e-04
9.768111746696591172e-04
9.030383526930629021e-04
8.412238990775351786e-04
9.608135555565736497e-04
9.529629813345040154e-04
9.830644779434865102e-04
9.524537238681567370e-04
9.753949653429467258e-04
9.629841625878600127e-04
9.510416975286063983e-04
9.352028158908360072e-04
9.144790909759897054e-04
9.295099673830373036e-04
9.913185581650312689e-04
9.954280891123173762e-04
9.789864580153403301e-04
9.682501008278247487e-04
9.485010519312122917e-04
9.978559837049787683e-04
9.596050977388495508e-04
9.677740862572395452e-04
9.835203937317326447e-04
9.935126338106291949e-04
9.471244863722629199e-04
9.411019902391341407e-04
9.791759488763051005e-04
9.828625553058648046e-04
9.376923875149033652e-04
9.796297195966410451e-04
9.465134133938503565e-04
9.582990617278140709e-04
9.421391539767491434e-04
9.997293646824905681e-04
9.406804722254466251e-04
9.892112133156188980e-04
9.667003450527745720e-04
9.524680498303094095e-04
9.035680216487308692e-04
9.701070412523664322e-04
9.700976296416068166e-04
9.394395299965821325e-04
9.841501550404284544e-04
9.163023263466764856e-04
9.970665843405095846e-04
9.742788710666070535e-04
9.896803196878314890e-04
9.692851882058468090e-04
9.669914256395890570e-04
9.943628657193485758e-04
9.527188739351537044e-04
9.782109151841899067e-04
9.794577950750630625e-04
9.427488279962624625e-04
9.138659741478884734e-04
9.679268674444677393e-04
9.842173933013666394e-04
9.660109087315798962e-04
9.344620117411986697e-04
9.467804744413089784e-04
9.576504782592475205e-04
9.873716159313325382e-04
9.569802503069955784e-04
9.869624120294304050e-04
9.621591562703498248e-04
9.687831196244927907e-04
9.528340164800795133e-04
9.320466386937056305e-04
9.300351795423069745e-04
9.373034370728205436e-04
9.922161033819991167e-04
9.035125678973732026e-04
9.863557196053164815e-04
9.513201864049712847e-04
9.328675195988986139e-04
9.926474567109788618e-04
9.926551628652768768e-04
9.467863557664098467e-04
9.906088394382214345e-04
9.761210947351144345e-04
9.589065549829218528e-04
9.228871722302946440e-04
9.737646923282654732e-04
9.990259940879210945e-04
9.665564765700997152e-04
9.720562582030100847e-04
9.561862088529027824e-04
9.386637582676736480e-04
9.783562603732996309e-04
9.619208467687072415e-04
9.898717886014419837e-04
9.739582703443732184e-04
9.297118460587746377e-04
9.969364065287691142e-04
9.753968027442423997e-04
9.506530485683471320e-04
9.965033827894688879e-04
9.346449120472334095e-04
9.948473772581868050e-04
9.671378422396098356e-04
9.367722314302325036e-04
9.353455189988195851e-04
9.855058678064211423e-04
9.997564193582535001e-04
9.925755890784879101e-04
9.830291226373074915e-04
9.603814853800931662e-04
9.713793713915382620e-04
9.475516739182443787e-04
9.122369989275493736e-04
9.408641123014671939e-04
8.988067880428976877e-04
9.918652338475550129e-04
9.598778884315569858e-04
9.651793691467782862e-04
9.499986851979908692e-04
9.478505158822165839e-04
9.966708973315368311e-04
9.894577190421990562e-04
8.267569496142919286e-04
9.411050953929060540e-04
9.762437281127544532e-04
9.588771505864056646e-04
9.291778088177938795e-04
9.553759730965069715e-04
9.798706552379321446e-04
9.266219599997987076e-04
9.677876692149643776e-04
8.981471575785960780e-04
9.169181972619461088e-04
9.513055845774374009e-04
9.461784769328462907e-04
9.592025792879697345e-04
9.891102798757671691e-04
9.503500058084632818e-04
9.537154067078087603e-04
9.964921494701919468e-04
9.565217189894021938e-04
9.649685401657237495e-04
9.262510035074983340e-04
8.997081702379633060e-04
9.227103273877540392e-04
9.456412688542938571e-04
9.271026471390285233e-04
9.562761584765412876e-04
9.721156882859143325e-04
9.323000265472648762e-04
9.412047919974017530e-04
9.465202038454656377e-04
9.524666250597340180e-04
9.974031906954893521e-04
9.865236573854674600e-04
9.420679902068056482e-04
9.294479592507402755e-04
9.504208875532080096e-04
9.585129215512865758e-04
8.635415248702333268e-04
9.305065736159803423e-04
9.369077287978820221e-04
9.340485632198796285e-04
9.475328976346731420e-04
9.983459489790007246e-04
9.334913650731900461e-04
9.716647416043523765e-04
9.968472124205780133e-04
8.231811065565032906e-04
9.924821233246749509e-04
9.795209152131301080e-04
9.446195556036664307e-04
9.942043763211977792e-04
9.328997761886802242e-04
9.707410921612405616e-04
9.874851080056885628e-04
9.684099788046638844e-04
9.222180058147375114e-04
9.790531563810289141e-04
9.459208306932300738e-04
9.645250482247486696e-04
9.268471298358969823e-04
8.632287643617812898e-04
9.101742728130883401e-04
9.969262602665166471e-04
9.639698805865641292e-04
9.032846631858957058e-04
9.547713136614665750e-04
9.193828900108735403e-04
9.280860591363398722e-04
9.780841739481626728e-04
9.272565099497231825e-04
9.469859784121445034e-04
9.725974969465745607e-04
9.666825063592279429e-04
9.781025609784698479e-04
9.158282652448445759e-04
9.492102216769495024e-04
8.887261487679458264e-04
9.495499295439186697e-04
9.813118860492390898e-04
9.424423857714886877e-04
9.554619184557972076e-04
9.994729596393891677e-04
9.605605598550372810e-04
9.422356780101139072e-04
9.746111594288199825e-04
9.610707396888320620e-04
9.524184475537492839e-04
9.280724311044371427e-04
9.268165507099571402e-04
9.636227749561414920e-04
9.510968933963850989e-04
9.521610884708326360e-04
9.864147441425697403e-04
9.959144863521240260e-04
9.689101689931062028e-04
8.950335519466698407e-04
9.874705272091238543e-04
9.413830829675922784e-04
9.208679334593691725e-04
9.800045660730092451e-04
9.931843947515665415e-04
9.860199161951536864e-04
8.918507092454813767e-04
9.567968949857635517e-04
9.705370229140923306e-04
9.371294038324156197e-04
9.940952578970051450e-04
9.903589239745294766e-04
9.025290430807628118e-04
9.907261085273344047e-04
9.203692842137602571e-04
9.373420589064468574e-04
9.592226258803310951e-04
9.934412571196225405e-04
9.375353347360994901e-04
9.633575522268258712e-04
9.559740501631978742e-04
9.988986556773227828e-04
9.572554966569824225e-04
9.905413392880043234e-04
9.820782878992081067e-04
9.841762076246236748e-04
9.813348380450647064e-04
9.791610489709053327e-04
9.390135454081871905e-04
9.292146342775650788e-04
9.953898542193093894e-04
9.490800999107693687e-04
9.324050978293678448e-04
9.651222624734832759e-04
9.494951414011300241e-04
9.069801188755741454e-04
9.588650752774889293e-04
9.253964309648890886e-04
9.909721423706529305e-04
9.680934431491668331e-04
9.959322504874844242e-04
9.598322421235172888e-04
9.508491502252556593e-04
9.412702080457328955e-04
9.796529760725341228e-04
9.513245080161568390e-04
8.828355160613123899e-04
9.015846372005829673e-04
9.825984103211153012e-04
9.755614279428321102e-04
9.570040173340543452e-04
9.965974212325439622e-04
9.261305561216446637e-04
9.716199239670919195e-04
9.210814037621796414e-04
9.826862193442393624e-04
8.309207457311381566e-04
9.638159870783288233e-04
9.913678742324127501e-04
9.901365087381585554e-04
9.915429981662881101e-04
9.696581613765366779e-04
9.492308489885588341e-04
9.433348670252614731e-04
9.493488382369123140e-04
9.329408396593583683e-04
9.673304814101516208e-04
9.377653172715498704e-04
9.402129170285749866e-04
9.390965160415301952e-04
9.898873178399048445e-04
8.723256877353077971e-04
9.920852760486849678e-04
9.569823764099498606e-04
9.653719125062009418e-04
9.052519940723893288e-04
9.448279989289080959e-04
9.485595540611446979e-04
9.302696366056427196e-04
9.838513196162856911e-04
9.132853475991029382e-04
9.252838381015863383e-04
9.307451422279148503e-04
9.888110184899346570e-04
9.372148016161597518e-04
9.612972129030488777e-04
9.404305652498094357e-04
9.749122172726438660e-04
9.926008675981532088e-04
9.670338923343523062e-04
9.410644741601195077e-04
9.688270930809860741e-04
9.719055278330480073e-04
9.399996740192781723e-04
9.869716395325208065e-04
9.500773868488032259e-04
9.523537501942746153e-04
9.210771897980384688e-04
9.339209277300929190e-04
9.822934041925197000e-04
9.765857962871352712e-04
9.496309491730913887e-04
9.560014852005732384e-04
9.521018557251651089e-04
9.369359530112430145e-04
8.628979788697140746e-04
9.332530780578364438e-04
9.319243226608793420e-04
9.339458174983829427e-04
9.483157035383984676e-04
9.640237834918549947e-04
9.391817283508503136e-04
9.999825981272952597e-04
9.512369676444292627e-04
9.315236992197260292e-04
9.993535608025356197e-04
9.889829471456139040e-04
9.767951273808759497e-04
9.434377776536387360e-04
9.457129162942632577e-04
9.915130320197901043e-04
9.959100316192053253e-04
9.241351773566793383e-04
9.134501567051453918e-04
9.603997018329668697e-04
9.341025176193773960e-04
9.271815896143952972e-04
9.439315524768304103e-04
9.799917658645479306e-04
8.937754182353302391e-04
9.030557268647921437e-04
9.251241595560097224e-04
9.233637611306130333e-04
9.293529104186707248e-04
9.792955191583571813e-04
9.391025964743530182e-04
9.580863912336392641e-04
9.436445725395383420e-04
9.796624756839198388e-04
9.607352768975811405e-04
9.441763369382686483e-04
9.482855058037168274e-04
9.413705062132051099e-04
9.992263581136077554e-04
9.926541166271874404e-04
9.784559094813344640e-04
9.618987653584414304e-04
9.081059084272473598e-04
9.809040781880971633e-04
9.631141466283700851e-04
8.664411124287758371e-04
9.476693795842271650e-04
9.793798188023005412e-04
9.697142773903244615e-04
9.671210463342432310e-04
9.024896832161428658e-04
9.807175040356021917e-04
9.569181572239638441e-04
9.851443566473671015e-04
9.442271976968283744e-04
9.466824669377621243e-04
9.706443469502185539e-04
9.737830526867952315e-04
9.973256353441395730e-04
9.379547729416484693e-04
9.604090189180280188e-04
9.883246030194456355e-04
9.347448912030799145e-04
9.719837480540995068e-04
9.387922812363415402e-04
9.462645556796469822e-04
9.979794897554160934e-04
9.412462895205343577e-04
9.969328965126441396e-04
9.489576104216584799e-04
9.192722458081062408e-04
9.775919072741784052e-04
9.770791377357070095e-04
8.904863486823530764e-04
8.990701272383716091e-04
9.871730425429568311e-04
9.833986900201780595e-04
9.819425010374027273e-04
9.923699881449869493e-04
9.396079517902804516e-04
9.658021756539010181e-04
9.544374496932293058e-04
9.624543103514313601e-04
9.244884720058540008e-04
9.607015276094781368e-04
9.864886258881375332e-04
9.784970257102000753e-04
9.990979524440522352e-04
9.284014891239813659e-04
9.138860783314567025e-04
9.894999720160882993e-04
9.995424094121341512e-04
9.442172076602656271e-04
9.684794670926274432e-04
9.249446023047559013e-04
9.629036890862418228e-04
9.648016256055414862e-04
9.510066636346351009e-04
9.193899661588446088e-04
9.494939897763121639e-04
9.567411113150213215e-04
9.703159067529908578e-04
8.828844728216270242e-04
9.838517963310937278e-04
9.579230269106840320e-04
9.731204106352950344e-04
9.723432821469964920e-04
9.195568519457296506e-04
9.650825012559918195e-04
9.693745153371401005e-04
9.336295471479070076e-04
9.865560632728834385e-04
9.714955478916062785e-04
9.863651033707706087e-04
9.289978099525746102e-04
9.782557351409547613e-04
9.051117961431611640e-04
9.796133625237736422e-04
9.622093471599870666e-04
9.808475634559754228e-04
9.752943997211509577e-04
9.253204882185362204e-04
9.944400890812801937e-04
9.011664088536595982e-04
9.901744676955846498e-04
9.727771645245518331e-04
9.649640931257574437e-04
9.627318820814861769e-04
9.445908407554378522e-04
9.556489635403901846e-04
9.134159717506752565e-04
9.572198331370223006e-04
9.407080094989283972e-04
9.576007778967978324e-04
9.983134946144485954e-04
9.346000501958944820e-04
9.856389889152114905e-04
9.726543425959077943e-04
9.990163470245075773e-04
9.584611436761834424e-04
9.445291105164136704e-04
8.325985242021231554e-04
9.463512916689967953e-04
9.604845759300687739e-04
9.607214741610449471e-04
9.539304879578130135e-04
9.228928735248324638e-04
8.954257900368816584e-04
9.447867345415802065e-04
9.373648704956575369e-04
9.659957784862676202e-04
9.925344542247053689e-04
9.405067271497195847e-04
9.388299292534710121e-04
8.400483579889303064e-04
9.401637544164108970e-04
9.889994411497163209e-04
9.809819822510772603e-04
9.220405025649785124e-04
9.833436362181745185e-04
9.661219635800232962e-04
9.861834136584259405e-04
9.936035158443483773e-04
9.410073519437526764e-04
9.720338978865122881e-04
9.397784409182515083e-04
9.239786721517402948e-04
9.537724915170559805e-04
9.655966328763462619e-04
9.805450610955168678e-04
9.665430744280812574e-04
9.374720982050536392e-04
9.578730875271533130e-04
9.561884551792403965e-04
9.844261728819416694e-04
9.338812497994465481e-04
9.829490889980416809e-04
9.484317327968672540e-04
9.215468251796451842e-04
9.920624222047968836e-04
9.934592276139905115e-04
9.422386041176139797e-04
9.345668061593851881e-04
8.517035355297390307e-04
9.665295116632374294e-04
8.706094425191690392e-04
9.776019448593661291e-04
9.861017931177278213e-04
9.755269781172370503e-04
8.679963702330455036e-04
9.843642923994025927e-04
9.539982742091369060e-04
9.066881562186316756e-04
9.346598053981197349e-04
9.891183492435791369e-04
9.146364521689537850e-04
9.936006725419857261e-04
8.948428620175981124e-04
9.914887159591127472e-04
9.623971086172602952e-04
8.981711978343973187e-04
9.666676873031319894e-04
9.844625845741030671e-04
9.866117781558089717e-04
9.681935947252761927e-04
9.440607368129482575e-04
9.760134698353096225e-04
9.895851964024861454e-04
9.559021729190363050e-04
9.457485824116517283e-04
9.886815475475636480e-04
9.611876571332724504e-04
9.320022621896186747e-04
9.053672656964663681e-04
9.938277184526210419e-04
9.329398822183944005e-04
9.920836551119346924e-04
9.516800123323855424e-04
9.428089995127108278e-04
9.210351515988765255e-04
9.971023246522620325e-04
9.015869222639301666e-04
9.824717255878538582e-04
9.927440458573761044e-04
9.277996744729472044e-04
9.112023644915160248e-04
9.161866493567382341e-04
9.858015410105012803e-04
9.364132846366725023e-04
9.909230344891724763e-04
9.658652215131592654e-04
9.316556058603625134e-04
9.726006074014004492e-04
9.526008834438507962e-04
9.820406499062917568e-04
9.712325039341552970e-04
9.528246849808025580e-04
9.750286553002530422e-04
9.715413602902777833e-04
9.481974907283745096e-04
9.655145628979818059e-04
9.804651898965837265e-04
9.367412373644318701e-04
9.762574235681049754e-04
9.166734065283228426e-04
9.492041050283365469e-04
9.950165280292677054e-04
9.814469429307907077e-04
9.642105481322850707e-04
9.626464055115034439e-04
9.784733727144060995e-04
9.495758067588145127e-04
9.915276714553976529e-04
9.185358407241235113e-04
9.777910280850336377e-04
9.087095571784952397e-04
9.768044759960140423e-04
9.456311644825668352e-04
9.726740429784964991e-04
9.814664230894736777e-04
9.762100104779396215e-04
9.961213837494378113e-04
9.184594940958904462e-04
9.379422780661294612e-04
9.727249707337084833e-04
9.761871588708059388e-04
9.312724947919442031e-04
9.466179664034284937e-04
9.740774250110305517e-04
9.500032828309401371e-04
9.157807831981470059e-04
9.715739588539390546e-04
9.436213534443517589e-04
9.260625477751598241e-04
9.942159480928176949e-04
9.577882246584125316e-04
9.560709839984184990e-04
9.908205572003476059e-04
9.715290094992880222e-04
9.353002101202126991e-04
9.562136572955643593e-04
9.847176143183505002e-04
9.809064638102973823e-04
9.513704473173904786e-04
9.923498842205182111e-04
9.865298084756576099e-04
8.593909394113916902e-04
9.954376371978804552e-04
9.995565354775715408e-04
9.574774054663040676e-04
9.510713510544775359e-04
9.896130396122844539e-04
9.569932581901118181e-04
9.532084536858234864e-04
9.813362304707232055e-04
9.637369050147028037e-04
9.902550465481700474e-04
9.577103372965941556e-04
9.261014697862716537e-04
9.353287791610155740e-04
9.767033110769675602e-04
9.684091640361310776e-04
9.302083884321393943e-04
9.583945214120396291e-04
9.563355345462964388e-04
9.236867356033777498e-04
9.603215122332037527e-04
9.499015047848511370e-04
9.713955873496041803e-04
9.387062538479905684e-04
9.610364856953327673e-04
9.126636230451263144e-04
9.948118907869235670e-04
9.026873383983693294e-04
9.852492070516892693e-04
9.013866809159603406e-04
9.237608391796798797e-04
9.903562520401291806e-04
9.769367331005011749e-04
9.505028288575387979e-04
9.469226115966981969e-04
9.604166026309473832e-04
9.522717216860261289e-04
8.484435472481742339e-04
9.683324589098295417e-04
9.707348702998629987e-04
9.950728231760323870e-04
9.708943361764286323e-04
9.329631041749656154e-04
9.302957145694168038e-04
9.535874247277106733e-04
9.653125516203862671e-04
9.936286810530877128e-04
9.744875453150179771e-04
9.469288686481260693e-04
8.618655570446394354e-04
9.514057585709137684e-04
8.703152104442649648e-04
9.564776533212318143e-04
9.607328717612457136e-04
8.859649586140730393e-04
9.249231324544975865e-04
9.115045522949288045e-04
9.942883422443227984e-04
8.984508534562422747e-04
9.560953613925272454e-04
9.866856960305345897e-04
9.747053545472455930e-04
9.263838251534871207e-04
8.295792001931897100e-04
9.278101305211429884e-04
9.574171607642119591e-04
9.396529647108503970e-04
9.992107062331040575e-04
9.603764806692468995e-04
9.205262976185146469e-04
9.438227017818195909e-04
9.112204412843078350e-04
9.567235530018501849e-04
8.790237563053912963e-04
9.674312388118825289e-04
9.961945377329642186e-04
9.533359019232287351e-04
9.157202626399585767e-04
9.165833296293856387e-04
9.880460015898183575e-04
9.193741396834293573e-04
9.725472844301746552e-04
9.641783137132138234e-04
9.677357216118873812e-04
9.282548826258660507e-04
9.181817611473053501e-04
9.808163131993516762e-04
9.634273859778950348e-04
9.671403498899451556e-04
8.936256483674746148e-04
9.721013263985140741e-04
9.727718026183552287e-04
9.762077359606039688e-04
9.106860964671170244e-04
9.822407374491582722e-04
9.701434476742099022e-04
9.860626873978862311e-04
9.761969794511549765e-04
9.140613960067830047e-04
9.726674787328087966e-04
9.894424091570154425e-04
9.372656756269789023e-04
9.808753666625774463e-04
9.501471584675695060e-04
9.465328139829213595e-04
9.246927461138270419e-04
8.197258253243415189e-04
9.785912620347276929e-04
9.516027450540529183e-04
9.294514909820513230e-04
9.124254385001812810e-04
9.964080889348497783e-04
9.657604952673620301e-04
9.425541745008614216e-04
9.543167744687278391e-04
8.826101131853484986e-04
8.989163542387846109e-04
9.963330450142723286e-04
9.800396213804091899e-04
9.688325852321887565e-04
9.500179066692454816e-04
9.457080054225870409e-04
9.711667251855846290e-04
9.497221190754538819e-04
9.576872412924211913e-04
9.502621236555265768e-04
8.646333843145368597e-04
9.586461790243394707e-04
9.603941613057878938e-04
9.350438760315540323e-04
9.888692960873964304e-04
9.307952690010786768e-04
9.633574897921334725e-04
9.783739442934559754e-04
9.707590779064730144e-04
9.228366746311772147e-04
9.743860598981347832e-04
9.959627729440431645e-04
9.598781260449085065e-04
9.998907740398298681e-04
8.176320186427022850e-04
9.811760833136951888e-04
9.956831398557236014e-04
9.354054989741849343e-04
9.435192115200832178e-04
9.738803445960150188e-04
9.687403327905779165e-04
9.992065609045188909e-04
9.673232487807839185e-04
9.613722036262398359e-04
9.278152323469152736e-04
9.532983522148020215e-04
9.924508606068695952e-04
8.780713181434063840e-04
9.810053985462316786e-04
9.915626858764026337e-04
8.964692565598652565e-04
9.932326149828677245e-04
9.434303247908669291e-04
9.337946576993984673e-04
8.988943164885930537e-04
9.617042464565065361e-04
9.937456846749791271e-04
9.442252830655282992e-04
9.632539793145800198e-04
9.370032996722931114e-04
9.819193101070536854e-04
9.030365706049295902e-04
9.601687524345534248e-04
9.705016915887322701e-04
9.875647847876682477e-04
8.614540942143019374e-04
9.525238234895829891e-04
9.839939489211704370e-04
9.718617293524665218e-04
9.060241195044453589e-04
9.525492226683840739e-04
9.751537489638554320e-04
9.588822382357052370e-04
9.302147726488934959e-04
9.870468749295991436e-04
9.456338546539058915e-04
9.540981455775774571e-04
9.740070623546335420e-04
9.798849428587254329e-04
9.598759408309881025e-04
9.659034507951897493e-04
9.194840670090030903e-04
9.830275105279795162e-04
9.131920589150194093e-04
9.594582921211112104e-04
9.898780608409818004e-04
9.515723136302753175e-04
9.583976465011836889e-04
9.963494047938023165e-04
9.718758773820548955e-04
9.633690153263591580e-04
9.843516956384991239e-04
9.998912114811552183e-04
9.363196442604339743e-04
8.415715099529658648e-04
9.406375219725040919e-04
9.547918351058802544e-04
8.994510037404226900e-04
9.849691932752920737e-04
9.354261225939025301e-04
9.811911983774580879e-04
9.721209573307226532e-04
9.941835422202557199e-04
9.371763807237358090e-04
9.494099817972849811e-04
9.599836465479785405e-04
9.526652552341507638e-04
9.634652743840268303e-04
9.543174133628324523e-04
9.439701503886008000e-04
9.668525414375019620e-04
8.205772126198273035e-04
9.710871322898835100e-04
9.658518138143559577e-04
9.875223025827203904e-04
9.899911098912464544e-04
9.813525496674109852e-04
9.507868237504912270e-04
9.864409066874272811e-04
9.768039366389424504e-04
9.721888882741713638e-04
9.842755866847853388e-04
9.796925220019916513e-04
9.019222957046880464e-04
9.702828445584476364e-04
9.366135063809899680e-04
9.665008005952031075e-04
8.413763232976482175e-04
9.982275489520771230e-04
9.809148798448662828e-04
9.709528141113862388e-04
9.374089798750523351e-04
9.853982425329058277e-04
9.546927944007170151e-04
9.836591753956166594e-04
9.455900883582765920e-04
9.963802382104104335e-04
9.703893029400454404e-04
9.780496646510587321e-04
9.276252311993657060e-04
9.548736397075161973e-04
9.295161941034525178e-04
9.932523821745591671e-04
9.522436407516437704e-04
9.489599286958695342e-04
9.556812242916717156e-04
9.611999580311340625e-04
9.319585787965909340e-04
9.918372596498309032e-04
9.619705417255150666e-04
9.744295329680190739e-04
9.848982823838601120e-04
9.469407146450299585e-04
9.806088717054506614e-04
9.381021516298554928e-04
9.659037522704332817e-04
9.937438818195358514e-04
9.990122185744645944e-04
9.376753110274701737e-04
9.623264586806318894e-04
9.444943163688432732e-04
9.243769679706257195e-04
9.111621382919031856e-04
9.685115250345650026e-04
9.736809334600902456e-04
9.150014001503753219e-04
9.733419788170286947e-04
9.392491726645547110e-04
9.897035034744951481e-04
9.691621214043768693e-04
9.670010833076730363e-04
9.345200739417036618e-04
9.818428570586613686e-04
9.356677555025954326e-04
9.188973091336133554e-04
9.888109625750581954e-04
9.688811489077752120e-04
9.631482973302673287e-04
9.393290941037490223e-04
9.541188290084444672e-04
9.642722403482714092e-04
9.554319162369057572e-04
9.642948533752787339e-04
9.183772341788371896e-04
9.176245647922097676e-04
9.232221355932330575e-04
9.350207598458839696e-04
9.724178514943291989e-04
9.082483255981129875e-04
9.918741553372365741e-04
9.741313509934157976e-04
9.554990607542747198e-04
9.930679082164645295e-04
8.291119529774322074e-04
9.623727678131142708e-04
9.388409130982932954e-04
9.476866107584360063e-04
9.772852225969305175e-04
9.353693621087583654e-04
9.684887750464153807e-04
9.646535237522767866e-04
9.871898803264784594e-04
9.966084722288117825e-04
9.607651359314028873e-04
9.947268049237613548e-04
9.999790075714081426e-04
8.893788323480407735e-04
9.555363126600397794e-04
9.331357978630686664e-04
9.653586077861537988e-04
8.475642439626382635e-04
8.892095274081111790e-04
9.611003012642720979e-04
9.362437448530364689e-04
9.711205297213699713e-04
9.856358802424489227e-04
9.467685729829131364e-04
9.904633928268507127e-04
9.886832215180222077e-04
9.105408969474086461e-04
9.873954668607604068e-04
9.177704215546812891e-04
9.853266687663458142e-04
9.934267298223411775e-04
8.957377011426984450e-04
9.591103903909887389e-04
9.774970403947230713e-04
9.346312619736151135e-04
9.757874069898570587e-04
9.639955780793593807e-04
9.992224537259467021e-04
9.765837464486483866e-04
9.905030092577412747e-04
9.354083462389444024e-04
8.825151288726159780e-04
9.270333582609375849e-04
9.777845606911764187e-04
9.253375945585674530e-04
9.692595832960987975e-04
9.874247432168402686e-04
9.760024363115059245e-04
9.798534173681649161e-04
9.873853722010006179e-04
9.542001408027987741e-04
9.781056222332796049e-04
8.836903839055694617e-04
9.839505720854429659e-04
9.714520243663445900e-04
9.547031435963791420e-04
9.907376762225634029e-04
9.128381184556345332e-04
9.469210578670054406e-04
9.835016999430921079e-04
8.081187055454668077e-04
9.494381555476059768e-04
9.153301273093049232e-04
9.864140834079477768e-04
9.769107461772173415e-04
9.207016804340297650e-04
9.775626812209511386e-04
9.851808485460493946e-04
9.681620814939260328e-04
9.411152451794923407e-04
9.645550613816485401e-04
9.300763224433907309e-04
9.548881926807422206e-04
9.389365901697675721e-04
9.933312758482091501e-04
9.852456071016014571e-04
9.980380993784960207e-04
9.545384584924380272e-04
9.129453783969426533e-04
9.313471831338717951e-04
9.185737858611757239e-04
9.833859694134841969e-04
9.863719254891070015e-04
9.560739671009988849e-04
9.361581355955817235e-04
9.399947331635684702e-04
9.541999239678877450e-04
9.563948766088940399e-04
9.025883015312682282e-04
9.507661553081925461e-04
9.977629900136870435e-04
9.869225673247961853e-04
9.395250671319785524e-04
9.593241305522047947e-04
9.371687708854892825e-04
9.881495926592925340e-04
9.877005132408493357e-04
9.415664086639993595e-04
9.988396086025054781e-04
9.080725981827252524e-04
9.611681675177480288e-04
9.187469907375023616e-04
9.818779243348050179e-04
9.753460622280584087e-04
9.191307200894931239e-04
8.732989903353811922e-04
9.790546711718078367e-04
9.590070662874674873e-04
9.943384148839089047e-04
9.471259945815736162e-04
9.912788582957380353e-04
9.563164966928930019e-04
9.369481439135523551e-04
9.755607580459252836e-04
9.602097812211362379e-04
9.319435267390031820e-04
9.704554788960861487e-04
9.700237157826788756e-04
9.143874908490392693e-04
9.956278792695651570e-04
9.457970729423583823e-04
9.269668932043012002e-04
9.998796144149279651e-04
9.316903786826342872e-04
9.818189473477663930e-04
9.930472942851235538e-04
9.407401969242666293e-04
9.284404024559313141e-04
9.937598517439933526e-04
9.733752952681345516e-04
9.861523106023835621e-04
9.705042078231015728e-04
9.488638176174943100e-04
9.814882392143297468e-04
9.782023228417477574e-04
9.442585117281422939e-04
9.951434867890526260e-04
9.806125655659663019e-04
9.540946994213780766e-04
9.127834426934921261e-04
9.800980577075405625e-04
9.069739374915507983e-04
9.260029714634586016e-04
9.308694954591943639e-04
9.429174424058469131e-04
9.908117584072136282e-04
8.376551083945154522e-04
9.282147720554166821e-04
9.080452099158688780e-04
9.768897120282283610e-04
9.620805190900928814e-04
9.395159576636320222e-04
9.397359921196861291e-04
9.486152481434535766e-04
9.636651022819059777e-04
9.850978780118367292e-04
9.430734167498445964e-04
9.631690115451961619e-04
9.684335252936135006e-04
9.784425546709410622e-04
9.227333558519442824e-04
9.401835564891943865e-04
9.429018003148856557e-04
9.538927186616977727e-04
9.931131399252049984e-04
9.567844305838638314e-04
9.363278857596298499e-04
9.599121832608928373e-04
9.571491080329568414e-04
9.456424367898857378e-04
9.801911871607908201e-04
9.996707426138690816e-04
9.926392014538939525e-04
9.696910731426459755e-04
9.422256139667783362e-04
9.919261074628931470e-04
9.733905397649728194e-04
9.982083764883626156e-04
9.463723301608541801e-04
9.596173339160361630e-04
8.547425456381215142e-04
9.954558681912525214e-04
9.807339840276426985e-04
9.735564141540161906e-04
9.966977456104984204e-04
9.775219404988429433e-04
9.744788360293855619e-04
9.623594351188033804e-04
9.407816382964209441e-04
9.946533416671054888e-04
9.724904773258816280e-04
9.982720580144714001e-04
9.717231607125691954e-04
9.992424565934375502e-04
9.380444299949768734e-04
9.613346798262854299e-04
9.638347295939057998e-04
9.821705117480541807e-04
9.505579109732368269e-04
9.911006975133285300e-04
9.319329770778887658e-04
9.425182503081930546e-04
9.768648844485756065e-04
8.903636348428496487e-04
9.397073254424015637e-04
9.879810894429094312e-04
9.960768722909725623e-04
9.938165120282026199e-04
9.731483271543298454e-04
9.475554976026849584e-04
