1.008968741681264047e+00
1.008834151443342098e+00
1.017419725922703133e+00
1.014512984762443892e+00
1.008305191104450493e+00
1.007827317876323070e+00
1.007165830406424600e+00
9.985992530211644791e-01
9.983366940180179450e-01
9.975238290397864249e-01
9.982519169848882434e-01
9.993502050822880012e-01
9.988883130626000639e-01
9.989881912773480588e-01
9.937164588516749220e-01
9.988343510643670209e-01
1.002135962854086237e+00
1.002707164705591403e+00
1.004559829538159921e+00
1.004774636519411457e+00
1.005040483392917183e+00
9.999684214952418992e-01
9.980603372382834682e-01
9.978544681752740120e-01
9.947671015798830174e-01
1.009234967462629085e+00
1.021285423858531161e+00
1.036269457774301017e+00
1.050352150674039642e+00
1.059157005734704837e+00
1.077693188567272697e+00
1.081007521899156387e+00
1.091835625163517953e+00
1.102298143208543246e+00
1.112090661427907134e+00
1.132135199667097636e+00
1.150888252770822850e+00
1.167637798155949813e+00
1.182020317349850247e+00
1.199627254735401216e+00
1.220367060575116458e+00
1.237873696691981218e+00
1.259640007820569618e+00
1.269621596766171479e+00
1.282305778584180045e+00
1.301698992921975995e+00
1.334609138096605196e+00
1.364739287328360584e+00
1.377486700273214071e+00
1.402784180898011934e+00
1.377380207380506150e+00
1.381188835077390209e+00
1.380277992333623027e+00
1.376047570334009595e+00
1.379364994766483443e+00
1.378905003678162045e+00
1.398311943006240066e+00
1.410785569249224825e+00
1.406247013184927397e+00
1.412474017038171770e+00
1.407616068089581285e+00
1.402185805108232097e+00
1.404783326177454494e+00
1.393375444342146219e+00
1.405797088988073318e+00
1.408530646700660860e+00
1.405561232054840293e+00
1.402185625975206129e+00
1.418871274910059155e+00
1.416232667824828262e+00
1.418384036222958278e+00
1.407964504070326361e+00
1.391785776124509821e+00
1.396529147547395100e+00
1.382850567109327855e+00
1.402721148904443549e+00
1.417934307270191319e+00
1.407888948148665387e+00
1.402716781757264997e+00
1.410560855301417282e+00
1.407205994444238328e+00
1.396772592922884693e+00
1.399658423945377539e+00
1.398397270619310184e+00
1.414701812037390649e+00
1.392793441888194872e+00
1.398573311493299443e+00
1.396271103500732469e+00
1.394617920932555100e+00
1.392027642167422696e+00
1.372849725124747122e+00
1.370089425335221156e+00
1.355616701417174941e+00
1.344409091488425689e+00
1.360634258729917168e+00
1.358779095713414042e+00
1.371032080295683686e+00
1.367723492630335214e+00
1.371291972270731740e+00
1.377718741555063131e+00
1.374911066672332760e+00
1.346321229241668860e+00
1.358256339972130577e+00
1.365261746924073982e+00
1.338678023685138996e+00
1.338603500261846380e+00
1.344377220266335327e+00
1.348143501072439632e+00
1.360296155310984911e+00
1.339953937212645885e+00
1.358698956237571975e+00
1.350289635376799691e+00
1.353024235148144516e+00
1.356306897712196591e+00
1.344679751299195258e+00
1.365297847988176105e+00
1.356714107083045739e+00
1.375029430451153889e+00
1.369279389262076263e+00
1.369178510844283325e+00
1.346788738616833792e+00
1.329145880686175785e+00
1.323805165838662257e+00
1.323350249673236112e+00
1.314973202579490685e+00
1.304886288487632218e+00
1.319017456944360234e+00
1.306798647091100385e+00
1.313122869757036293e+00
1.341425673079344572e+00
1.324602464492826481e+00
1.326125692287688063e+00
1.315574577075510954e+00
1.331964980256723718e+00
1.331065651666718530e+00
1.330705266455893820e+00
1.321748377810915143e+00
1.323189630424216556e+00
1.320477831529243806e+00
1.327548759397048306e+00
1.311015151331121009e+00
1.302106974912778492e+00
1.304637509121996386e+00
1.318645910566197843e+00
1.299551999602518437e+00
1.324593225587263001e+00
1.323516869784521210e+00
1.337730019195650488e+00
1.339351186120794734e+00
1.357821620700391918e+00
1.376241773899204990e+00
1.376225094929043768e+00
1.371767052693026345e+00
1.374748668837687759e+00
1.377379323671761302e+00
1.408417811706403899e+00
1.431295311266094661e+00
1.423825989157002647e+00
1.375135897890751968e+00
1.374282301597532729e+00
1.364946224641611305e+00
1.381480051505466156e+00
1.374167029490476200e+00
1.398005304811195559e+00
1.392564341119912230e+00
1.409043429295177452e+00
1.419909678763017213e+00
1.421626645795492694e+00
1.416925457151153589e+00
1.422312377906161274e+00
1.422332616214503798e+00
1.437873810391508522e+00
1.419896370169825062e+00
1.414159751349161942e+00
1.413013495192745106e+00
1.406191341086253876e+00
1.405366895729586840e+00
1.403509657178817926e+00
1.380844212778616686e+00
1.391989038549686031e+00
1.380740399152270426e+00
1.345835091088771085e+00
1.356855901691977229e+00
1.395091663557585626e+00
1.375637812060742871e+00
1.401815546650653443e+00
1.390595286254799889e+00
1.379267441006252648e+00
1.358187761561153950e+00
1.335119945976504852e+00
1.322939630022780255e+00
1.348713158014205327e+00
1.343318714672589786e+00
1.331269425574875820e+00
1.352391550761148142e+00
1.334797567797821438e+00
1.325525140785591693e+00
1.334492048834264422e+00
1.334583124706556267e+00
1.331812273603778740e+00
1.335673381287126871e+00
1.320175550425663591e+00
1.339526883113118627e+00
1.332080317772547318e+00
1.313288208180309669e+00
1.309984903431677505e+00
1.304541572215639489e+00
1.302953641450398159e+00
1.302979857415582865e+00
1.318625469068475775e+00
1.289685817232715914e+00
1.303122880255432436e+00
1.308000858929399879e+00
1.306269881494196872e+00
1.327033536793496449e+00
1.324859842423661949e+00
1.297801003729824876e+00
1.305888016919512173e+00
1.318674424294373981e+00
1.305840636488488027e+00
1.314407123722308723e+00
1.314352680702436382e+00
1.314623396886905438e+00
1.334125505834812708e+00
1.337505697505625868e+00
1.324056389256653032e+00
1.328627023099010485e+00
1.325890235036651488e+00
1.351662767338923654e+00
1.368044264680683408e+00
1.372646041491960345e+00
1.379347901086815265e+00
1.368590049265015818e+00
1.362464788406772875e+00
1.368136906402688924e+00
1.401387384967879735e+00
1.384119452274921835e+00
1.386340839759280241e+00
1.369476094858474990e+00
1.379556052619667295e+00
1.402284979037017765e+00
1.398866894525912397e+00
1.410430246936879017e+00
1.420161951822047852e+00
1.405971344094252951e+00
1.411804834400864461e+00
1.410008192650439973e+00
1.417883505399637256e+00
1.409169487568179724e+00
1.403177992954770303e+00
1.402825447000824566e+00
1.401600232957652237e+00
1.394963330514772615e+00
1.386058856132892592e+00
1.381997364262262717e+00
1.367612966026733767e+00
1.381342040217118150e+00
1.398824408613275949e+00
1.399542549157374971e+00
1.407941091005004308e+00
1.380416962690630411e+00
1.392570292245644215e+00
1.397011861990961723e+00
1.420147736876315125e+00
1.386663818131101289e+00
1.372819798516329071e+00
1.403553177553681142e+00
1.390881376548957382e+00
1.389543441573918070e+00
1.409690177335369388e+00
1.412450934245482514e+00
1.421479155509271841e+00
1.433270476429248319e+00
1.424256827308785001e+00
1.406723697768141879e+00
1.420036662064762645e+00
1.413310609702665754e+00
1.393730235458743749e+00
1.400991300035713705e+00
1.387349356751048202e+00
1.395879089541670615e+00
1.401581165114804461e+00
1.405291329938670009e+00
1.397170883477489634e+00
1.396967535710449404e+00
1.402933805015940782e+00
1.405649444013433280e+00
1.421865646877160660e+00
1.427483182643082049e+00
1.439631652317498345e+00
1.445454246951586086e+00
1.427704566921591756e+00
1.424530129699206338e+00
1.413359057820779308e+00
1.415386175966209414e+00
1.416195147856287750e+00
1.400806949165752879e+00
1.393348652228520113e+00
1.407288737304104309e+00
1.428327332316166709e+00
1.430767745474937680e+00
1.447589667143402092e+00
1.449762183814024219e+00
1.437223187259776491e+00
1.440548480972628553e+00
1.450817209031802113e+00
1.420715525431971216e+00
1.413810011545327816e+00
1.430789563942445719e+00
1.420075153950579150e+00
1.434461090978074616e+00
1.418844701898717142e+00
1.406196111778482472e+00
1.388703689422303711e+00
1.401569046459208767e+00
1.389638891918335117e+00
1.372773093928168597e+00
1.347959389703583533e+00
1.347943810641533791e+00
1.342715456326271983e+00
1.338389947605737262e+00
1.351586051593415494e+00
1.353051606342222213e+00
1.348949914192109967e+00
1.343480142970828517e+00
1.330296114467355739e+00
1.329357157099795073e+00
1.340897748862592831e+00
1.334887909118100957e+00
1.324889708900569119e+00
1.325473114812093955e+00
1.343617526307743004e+00
1.331700258697735784e+00
1.315966596107909004e+00
1.328810231128840558e+00
1.322315187835103156e+00
1.323790142400017578e+00
1.320230343642576631e+00
1.330415494533768506e+00
1.325931070331974659e+00
1.346911864367625888e+00
1.364971901813730959e+00
1.386083920640740041e+00
1.404284173918184608e+00
1.414416741607191774e+00
1.425749835388051778e+00
1.411009296935692214e+00
1.396219003364461697e+00
1.387514842622842304e+00
1.389401488682135977e+00
1.385331308789151228e+00
1.390318833552346867e+00
1.380637835519374468e+00
1.394448236969001664e+00
1.413367181350330570e+00
1.405976606139998086e+00
1.405543195606353990e+00
1.419426617118607847e+00
1.445515135367049897e+00
1.434074465436398604e+00
1.442394154808799289e+00
1.477761860674607242e+00
1.489991739057188180e+00
1.489265487656356024e+00
1.492209886142870534e+00
1.482444411710529097e+00
1.473037428422790507e+00
1.471294688668499440e+00
1.448780281779864509e+00
1.426661263040599481e+00
1.416518200779875558e+00
1.425074390983684047e+00
1.438568784392296740e+00
1.451846066129956814e+00
1.470644938374895183e+00
1.493358686115098033e+00
1.490430449782262912e+00
1.498579289022983208e+00
1.496957170936406456e+00
1.487366496007204164e+00
1.465589851815529698e+00
1.464626475132246419e+00
1.484088215137071343e+00
1.467985350033469638e+00
1.489780004735931307e+00
1.468780183107506243e+00
1.432822434412210244e+00
1.424780091949800598e+00
1.436588858270162028e+00
1.434344247298052766e+00
1.428848690582263048e+00
1.441600042325356990e+00
1.445812509328953999e+00
1.456647689536454626e+00
1.453150781384699775e+00
1.462824856309093535e+00
1.467895063487241636e+00
1.478782110347556245e+00
1.465927872957535794e+00
1.453188236427773505e+00
1.449246415754143591e+00
1.438541149974176481e+00
1.450111300233432710e+00
1.428977412264162528e+00
1.414936059584048333e+00
1.427232172419955702e+00
1.432431233680491411e+00
1.421315829080943782e+00
1.417667311355319537e+00
1.409801980170152236e+00
1.407785264870808239e+00
1.421022904857201841e+00
1.421234135033094148e+00
1.401285860266625827e+00
1.403561485923739305e+00
1.404257076460641684e+00
1.416334945618931140e+00
1.397618913890566805e+00
1.425407756177076379e+00
1.428409568392391416e+00
1.426907965532551170e+00
1.447752404710403340e+00
1.423222286123447589e+00
1.428760617075184758e+00
1.429474260127587382e+00
1.417645882260089696e+00
1.418824297533791245e+00
1.423730650253570040e+00
1.465224547634027985e+00
1.490920154805606357e+00
1.507612069825070567e+00
1.500415952296715538e+00
1.502512709506950372e+00
1.489710796213397970e+00
1.498942772554472613e+00
1.501757423399653346e+00
1.470075219414697987e+00
1.478851864309489006e+00
1.494653885386833192e+00
1.496101942908124149e+00
1.500142156353740708e+00
1.479492547107754463e+00
1.488299507369097441e+00
1.464860418009998000e+00
1.472728319511570794e+00
1.487332681438318316e+00
1.469071143414934610e+00
1.483327746819596005e+00
1.483968989319324194e+00
1.483879609673971922e+00
1.498352053095313163e+00
1.500706605782583525e+00
1.494626657554552152e+00
1.498222948398830301e+00
1.499213663700508459e+00
1.499057420295122789e+00
1.498657095687988106e+00
1.502667542303424808e+00
1.521803504603280954e+00
1.505067621958364521e+00
1.515421521210195577e+00
1.556498997423721775e+00
1.551721904308497990e+00
1.545139122151635291e+00
1.563595651674489329e+00
1.552229015917849120e+00
1.572370636825739965e+00
1.586261835767439843e+00
1.584215012143454615e+00
1.593571927530003318e+00
1.565813277977285534e+00
1.540346805239798833e+00
1.522242390238417897e+00
1.497973458083882603e+00
1.481734179240498994e+00
1.472171742579196918e+00
1.478824945428653281e+00
1.496022301972358637e+00
1.479297279480706218e+00
1.458980961727178283e+00
1.462215168542700949e+00
1.467902310068881944e+00
1.457821416733428244e+00
1.468181102869638099e+00
1.467888000905830825e+00
1.475864355949152440e+00
1.476321029615103919e+00
1.463254939826023504e+00
1.478522011888501630e+00
1.473534993874314969e+00
1.490844418043171027e+00
1.491024181492045964e+00
1.486589159726859677e+00
1.474371841434865660e+00
1.486362043866066962e+00
1.490929689938891300e+00
1.516266024384946620e+00
1.540216705024455512e+00
1.562581273224208367e+00
1.584374296003150162e+00
1.600499353029326999e+00
1.623144466534093278e+00
1.584493551248509213e+00
1.579497120299615753e+00
1.590907544377294647e+00
1.576538904278260933e+00
1.587073328472908162e+00
1.587865837455896489e+00
1.565699483128790703e+00
1.567591564250756964e+00
1.557604798598745122e+00
1.554226747251444829e+00
1.564519669526919898e+00
1.573507525750112990e+00
1.547014579439535131e+00
1.529524541903185764e+00
1.518543488666823205e+00
1.517488328961194011e+00
1.537692861991099891e+00
1.511248723634221358e+00
1.504325842719738571e+00
1.515255182120171629e+00
1.516404256997363476e+00
1.492777623667579823e+00
1.493128404674015863e+00
1.474978133141949588e+00
1.469522414106487984e+00
1.471295209929960990e+00
1.464047281205927531e+00
1.450734624008051199e+00
1.436877511852875600e+00
1.423195340928908426e+00
1.405187496215599241e+00
1.410573367197366146e+00
1.393760982102486778e+00
1.386637032068257724e+00
1.368611743814717174e+00
1.373200623218553629e+00
1.344650012298434616e+00
1.359664035693538775e+00
1.355179932279527044e+00
1.342348820969424983e+00
1.336352570551952113e+00
1.323441137293760228e+00
1.325043379545802313e+00
1.340413134664429906e+00
1.328161648229569725e+00
1.330478052725980076e+00
1.342313837934315135e+00
1.328706830971235986e+00
1.338548821956212720e+00
1.345091943305888105e+00
1.354608138398242234e+00
1.350178155913819289e+00
1.348136712566302853e+00
1.367656566761446424e+00
1.364086340929457020e+00
1.365703198101243077e+00
1.375964721089458775e+00
1.378728154278669127e+00
1.386161579302575886e+00
1.412777223161334028e+00
1.412479044120729332e+00
1.418029993395197641e+00
1.416267778766609364e+00
1.433520285048151433e+00
1.436111564790998329e+00
1.447425035075644573e+00
1.451308649956043695e+00
1.465124222974246715e+00
1.463534233465969114e+00
1.463598580676753080e+00
1.471234366537513161e+00
1.478440190311402613e+00
1.479091525294013554e+00
1.491124261754207536e+00
1.473289761950047350e+00
1.464504671506663858e+00
1.463295378774438493e+00
1.477585217127615591e+00
1.470663444304369127e+00
1.491698472604256809e+00
1.500944847521904935e+00
1.507555712814369953e+00
1.527911608861472592e+00
1.539416688946430467e+00
1.546751007517942700e+00
1.547734797418317987e+00
1.548486047149886469e+00
1.540082656319676779e+00
1.540361582417799413e+00
1.559301523844543569e+00
1.544451159811170982e+00
1.537967999185454460e+00
1.544001901297507029e+00
1.561426129682245367e+00
1.556420157207150323e+00
1.538207336626004951e+00
1.523508929199407946e+00
1.520260162593323416e+00
1.519153563466934198e+00
1.510143107674293939e+00
1.536584774563922284e+00
1.564234506002555536e+00
1.569872403923243454e+00
1.579911206824295755e+00
1.591192686556209823e+00
1.599285897436324433e+00
1.560314540310208775e+00
1.545776957316267408e+00
1.521560538963632414e+00
1.503033989559766415e+00
1.501318190793749174e+00
1.511247327597990964e+00
1.527343006330545538e+00
1.527978639345484391e+00
1.524201836193174397e+00
1.533382876130023442e+00
1.536021329777479849e+00
1.517217756755700364e+00
1.491649649131972177e+00
1.507143638394105478e+00
1.501045057263255655e+00
1.515535249473125790e+00
1.530006424473541404e+00
1.506719680274900330e+00
1.502910020148445103e+00
1.487695123626154192e+00
1.488693144859642103e+00
1.484111034283544184e+00
1.473456071077616114e+00
1.470803192099592760e+00
1.459878556966501817e+00
1.504296020229636710e+00
1.520224297509960687e+00
1.541825450303372591e+00
1.534096629578737270e+00
1.518169810428006583e+00
1.522397102737506502e+00
1.488889070666192582e+00
1.483203713875478558e+00
1.482305437157573014e+00
1.472110201813364494e+00
1.473028352180922873e+00
1.472525380132761130e+00
1.461577236914498812e+00
1.457386871785426141e+00
1.462175635576979049e+00
1.468093726081721284e+00
1.446989293523379683e+00
1.458994285023932136e+00
1.470319814995876273e+00
1.454195180230939854e+00
1.427522574459398674e+00
1.437830412989145268e+00
1.458419015367715676e+00
1.433670585472675674e+00
1.420065314597524608e+00
1.405389265161951506e+00
1.408285223543584319e+00
1.396407872331334454e+00
1.385792896453981626e+00
1.397752457223303324e+00
1.385046232297510560e+00
1.426516655778641285e+00
1.455650238425035381e+00
1.442032310303372311e+00
1.462427236546854248e+00
1.468871211578858027e+00
1.457818148224684363e+00
1.464655228179076119e+00
1.454309318649565030e+00
1.459210029481601500e+00
1.468332289125556356e+00
1.497536129006826977e+00
1.513153516569598178e+00
1.530984933953305704e+00
1.550857477952242602e+00
1.576816400335844914e+00
1.579634617393657292e+00
1.558440889577712429e+00
1.562913500806425215e+00
1.575208744792889082e+00
1.579655366563061047e+00
1.561921647593750961e+00
1.560351191320269448e+00
1.580738354160151404e+00
1.580524596054045050e+00
1.562929434978192367e+00
1.538151512670308030e+00
1.516627278173378945e+00
1.524966163160739407e+00
1.500479976166068319e+00
1.500427045686563821e+00
1.503632419085809246e+00
1.521218185268488954e+00
1.512301211612414376e+00
1.498089647941595937e+00
1.481400026443152385e+00
1.452359548977359971e+00
1.439878791266577585e+00
1.412557229260265945e+00
1.408470796378032741e+00
1.420777702804262743e+00
1.398488026857624078e+00
1.388512935908219337e+00
1.376143157902814496e+00
1.376766507923183003e+00
1.352638152408099703e+00
1.373332918054360530e+00
1.396742946737449476e+00
1.394104749864365278e+00
1.390631401187719662e+00
1.419639518789817867e+00
1.426228423783164390e+00
1.411317163752920711e+00
1.415391428255111439e+00
1.446502211859715059e+00
1.448928820849637367e+00
1.462573025653185033e+00
1.478084780670632092e+00
1.498343718738898156e+00
1.514018399947322013e+00
1.524455368977427616e+00
1.554739881538253821e+00
1.544243230661486166e+00
1.547936296209807550e+00
1.548011281634574798e+00
1.520947932256991875e+00
1.533975360358944995e+00
1.541187974819547835e+00
1.565272900009841539e+00
1.570298043523612463e+00
1.586069835812047968e+00
1.573617439203362389e+00
1.530564143971093749e+00
1.507209799329056077e+00
1.506466450184944961e+00
1.518907345701441258e+00
1.510145123187376148e+00
1.511907414311891573e+00
1.491305559367408717e+00
1.477175134056995409e+00
1.471670192754026774e+00
1.459762026585163630e+00
1.445040355626951101e+00
1.440857266098214629e+00
1.440598903681768794e+00
1.434642991473752627e+00
1.411330183526643189e+00
1.408921304965952359e+00
1.431359333923837518e+00
1.433122644808600965e+00
1.433857661159002372e+00
1.432070267358330762e+00
1.421815305429802834e+00
1.398667873277276374e+00
1.394723711286650403e+00
1.405465143217434321e+00
1.406556653663592060e+00
1.418317254985724807e+00
1.445655158847842570e+00
1.435754081624621703e+00
1.418471103952140044e+00
1.410310660073211597e+00
1.434378554869003564e+00
1.460968576087212645e+00
1.474582505280360500e+00
1.501377553002198884e+00
1.511357765019756050e+00
1.491512782351306354e+00
1.493152507354106318e+00
1.505140441100107473e+00
1.507062596990514480e+00
1.529463408472829133e+00
1.537432162844628358e+00
1.524424131039573638e+00
1.524734159483118301e+00
1.521737412376575449e+00
1.525265090518667543e+00
1.549068008001764474e+00
1.553298853308298533e+00
1.552725522726620788e+00
1.547413439641250665e+00
1.566849803896581905e+00
1.561642634761212456e+00
1.536999637077187453e+00
1.556099633596911280e+00
1.556083513729047185e+00
1.569114245158746535e+00
1.543839883373797850e+00
1.542269882284968308e+00
1.524123770360620078e+00
1.486835107171708747e+00
1.489752164265413903e+00
1.492511117934589571e+00
1.496121831132452451e+00
1.492176306730094826e+00
1.474482911076929970e+00
1.471920148902309489e+00
1.489334959651549717e+00
1.484350744050017434e+00
1.488797054305257772e+00
1.496271631326413276e+00
1.491425700500216944e+00
1.489038844709351439e+00
1.495081253914722685e+00
1.489173781146850395e+00
1.498469025637231056e+00
1.460170700474161087e+00
1.479981882494581402e+00
1.502758275529512355e+00
1.529413684450887656e+00
1.524958206261225024e+00
1.520998696287408691e+00
1.509464665777190406e+00
1.486677429309473997e+00
1.503853731599728683e+00
1.509899202666518558e+00
1.494972187907921635e+00
1.485443286996668499e+00
1.465883671327058213e+00
1.450436977466794453e+00
1.461416421135959265e+00
1.466928692206536544e+00
1.457222296619620217e+00
1.444758213846548234e+00
1.431597499668525009e+00
1.442987005416185964e+00
1.446390977753944096e+00
1.446100973039023296e+00
1.445399977196454300e+00
1.456081621349198496e+00
1.437474187292824723e+00
1.450439154935063035e+00
1.449607764057633696e+00
1.440236699020282174e+00
1.419300703650266948e+00
1.449886783120942990e+00
1.468115268217979219e+00
1.479278945202073592e+00
1.498553042881739072e+00
1.511619972748599716e+00
1.541238867493673448e+00
1.549037927837147999e+00
1.549383367964236813e+00
1.549372175465157042e+00
1.558245112853909209e+00
1.568453381869284735e+00
1.557999512091615246e+00
1.572077599164284800e+00
1.597594002552647163e+00
1.622427338056242174e+00
1.618442609852200675e+00
1.610104124972878248e+00
1.607388458493117733e+00
1.592847074343998859e+00
1.587932472792548122e+00
1.576094795710883290e+00
1.611516306394222164e+00
1.609176268158204470e+00
1.606801455815888957e+00
1.591729559715036268e+00
1.551225135473352612e+00
1.551619105286943467e+00
1.549512270736101982e+00
1.549343867207372272e+00
1.532426020837299063e+00
1.516310812421039378e+00
1.514811881750603328e+00
1.529796457831984036e+00
1.556804516545545747e+00
1.557715716264673755e+00
1.555074176304837241e+00
1.565395721490055569e+00
1.576615637750893750e+00
1.583322667776479786e+00
1.560119347104070409e+00
1.549699286113370489e+00
1.562762963860605536e+00
1.565669146767419528e+00
1.563326008947907297e+00
1.563915593868561604e+00
1.570449687157640328e+00
1.560924747431391646e+00
1.564396507126261326e+00
1.565654412883261681e+00
1.554540215458078745e+00
1.584875681845551609e+00
1.573830956657482627e+00
1.602455973524145261e+00
1.592685741453305992e+00
1.598467202459375569e+00
1.588975268512464734e+00
1.582389790542111818e+00
1.570094513799669356e+00
1.569556668159146184e+00
1.556300617761104510e+00
1.579875643479436098e+00
1.556129061853853246e+00
1.536892834609336456e+00
1.517908981256705037e+00
1.566986946213050791e+00
1.579469334753440091e+00
1.560550361358207905e+00
1.564462799286224781e+00
1.584733348490247273e+00
1.599155598064431638e+00
1.601708883259109983e+00
1.576186236710795496e+00
1.572525303590724288e+00
1.558441943082246484e+00
1.583364329349331578e+00
1.583164101137662483e+00
1.578464007280284243e+00
1.569225035851231853e+00
1.589097644039896950e+00
1.589720053132235522e+00
1.574877246514631013e+00
1.591739053914342783e+00
1.609615999763476468e+00
1.609432483332040809e+00
1.630285826226953061e+00
1.617676995122396377e+00
1.624405585225642268e+00
1.620846155715994108e+00
1.623967257911313800e+00
1.590113546112186693e+00
1.589499926911247973e+00
1.599878955176767592e+00
1.596065493035718985e+00
1.593240000328079109e+00
1.600013134438150075e+00
1.613145726445055272e+00
1.632145967929498953e+00
1.640873467133711738e+00
1.639504314023988218e+00
1.619848224127314884e+00
1.600664063119787039e+00
1.613907163852125848e+00
1.606424513339357985e+00
1.584574054240064589e+00
1.568454575156595920e+00
1.571127760934334150e+00
1.580652346638835359e+00
1.588781990178974812e+00
1.579279737867674838e+00
1.566962100144079661e+00
1.548936974530463528e+00
1.557676495660804683e+00
1.555171770244612173e+00
1.571819372132039261e+00
1.558484257661135519e+00
1.557849362024782192e+00
1.567683640424138991e+00
1.591635281802306068e+00
1.604858797769741718e+00
1.597852802192351707e+00
1.585647011344175628e+00
1.566710742148845537e+00
1.554645370687681938e+00
1.572652857909643487e+00
1.597626705118816881e+00
1.606755603572558533e+00
1.591289680544033525e+00
1.597488314861181369e+00
1.593856673475658958e+00
1.577671065561270014e+00
1.572972424635039834e+00
1.561089593016554700e+00
1.550944192926601906e+00
1.549813984302071734e+00
1.549694669083936827e+00
1.532386029500041102e+00
1.519166979426058051e+00
1.517863606448099922e+00
1.501638609835431293e+00
1.522017582590208473e+00
1.512160315028547197e+00
1.499881414673908786e+00
1.478559471702028061e+00
1.472454452212405229e+00
1.457450573583946918e+00
1.455193179547154436e+00
1.454369421056168843e+00
1.445691570553701011e+00
1.452762994728401758e+00
1.427270711473590969e+00
1.446823997709214327e+00
1.449211392171443347e+00
1.458355482713757034e+00
1.464027433855579652e+00
1.466626890479424183e+00
1.448404014249780491e+00
1.454945243186737125e+00
1.453283530313114857e+00
1.449275289311325432e+00
1.455742817013875534e+00
1.475177746839544168e+00
1.489234368707336387e+00
1.490848268978528512e+00
1.476555337178339755e+00
1.479345325540705192e+00
1.477788711007216760e+00
1.495226690977126793e+00
1.506702712750255690e+00
1.502514755367469146e+00
1.506799631817040463e+00
1.517204985389237093e+00
1.524398593265752666e+00
1.528892285342799973e+00
1.495620429785428973e+00
1.505853602293915516e+00
1.469411991983745391e+00
1.462973862897231747e+00
1.441371848110800657e+00
1.451384593510312682e+00
1.482878102771587381e+00
1.510505962957177761e+00
1.526589565365548795e+00
1.525569025699090586e+00
1.531693723543854802e+00
1.508233344050109226e+00
1.516981986540275829e+00
1.512371457545488740e+00
1.500858351520768963e+00
1.518118560661014138e+00
1.507947778265746441e+00
1.519550340416796708e+00
1.517131663203544534e+00
1.502959172718122405e+00
1.497609811005749636e+00
1.512459823002958448e+00
1.507452020197920017e+00
1.507592903256425698e+00
1.500850001147275847e+00
1.520870621062201611e+00
1.521523043707373901e+00
1.546060420144061087e+00
1.556934403110521448e+00
1.567924075785728899e+00
1.562289517109055614e+00
1.551425109986390716e+00
1.571855156527006470e+00
1.557022566393453600e+00
1.543702673728254204e+00
1.531755677241323887e+00
1.536369927358265608e+00
1.534803822799286399e+00
1.538991712182292693e+00
1.546424867172720763e+00
1.546429846820551068e+00
1.552199344859077845e+00
1.528686500897095124e+00
1.504809730901307319e+00
1.491627418846044995e+00
1.497100996059330225e+00
1.496127127686772029e+00
1.499215505883726429e+00
1.494862405993344412e+00
1.520337719362149453e+00
1.520611567922782736e+00
1.533870419735001045e+00
1.528766629793025578e+00
1.509933585012331436e+00
1.485208912211125165e+00
1.510267056914906814e+00
1.513537560135101767e+00
1.514683022631689413e+00
1.519818345257474057e+00
1.533839132439889896e+00
1.544416288589592678e+00
1.556251823381776811e+00
1.552063749412589289e+00
1.556378633877380180e+00
1.564610191043462883e+00
1.562623669158457629e+00
1.546992302877666425e+00
1.558616726214934856e+00
1.564923548311476065e+00
1.586248453394655256e+00
1.613952348082228649e+00
1.598562563199856124e+00
1.589139826443195291e+00
1.592401120491680366e+00
1.559466828261557581e+00
1.560401561865782494e+00
1.552883857659437261e+00
1.527420359077503953e+00
1.547950051501121305e+00
1.578783770032812450e+00
1.566081331169887347e+00
1.556594154007903130e+00
1.541891908976239955e+00
1.529692207111675417e+00
1.522321761532395179e+00
1.518320101145281598e+00
1.521728459342675199e+00
1.501331743828105525e+00
1.512806574685859218e+00
1.508063558052756159e+00
1.500986283862563830e+00
1.504281971421437047e+00
1.510859284269423730e+00
1.522373210562278256e+00
1.513826685775212955e+00
1.479049917523123758e+00
1.484485330504624612e+00
1.480932468994075268e+00
1.470895082051667302e+00
1.482920265829497541e+00
1.499885697011372088e+00
1.503274583768630768e+00
1.522423688701160183e+00
1.523047038738134518e+00
1.515107849864145706e+00
1.500410986456307105e+00
1.496043510471635196e+00
1.460906196528838352e+00
1.469136288099475829e+00
1.482974490351354868e+00
1.475677152258540348e+00
1.490676503556239707e+00
1.499544337218967183e+00
1.477727236133479671e+00
1.465063215632582017e+00
1.472751403208371057e+00
1.469425715150445733e+00
1.464550203058383904e+00
1.490453525120470468e+00
1.502508297206505805e+00
1.518292988848497949e+00
1.510599361772170912e+00
1.524144266815648185e+00
1.542402808870518172e+00
1.547965725194314413e+00
1.529024324477405550e+00
1.544095541122024073e+00
1.539954588292180571e+00
1.551029761209383073e+00
1.549383692482090291e+00
1.555603195990472365e+00
1.554222932438867222e+00
1.582339904413234244e+00
1.567925710330030808e+00
1.564741432870071058e+00
1.591651346841288950e+00
1.582835509721068901e+00
1.590055436162216118e+00
1.582077469788119473e+00
1.616177209555859084e+00
1.628318166749032736e+00
1.643705223940358673e+00
1.645578240421752270e+00
1.622917204994561047e+00
1.607121033162585810e+00
1.615762659544654811e+00
1.628395102253985316e+00
1.612668755533099851e+00
1.607577966539216030e+00
1.613386303367370767e+00
1.611960021038746138e+00
1.597109881827444511e+00
1.601671363993907971e+00
1.605425257427037122e+00
1.606241908048930300e+00
1.608254265004297912e+00
1.625546749137407376e+00
1.630817849986896828e+00
1.648526006689597478e+00
1.634863233694812790e+00
1.628697361478110173e+00
1.628085973402120024e+00
1.648624457099490570e+00
1.675804060023851072e+00
1.641446904855954569e+00
1.629798228776882407e+00
1.619088427416779830e+00
1.602328803100379728e+00
1.601231448599479634e+00
1.611400178533838323e+00
1.589479222947320913e+00
1.588554888064052761e+00
1.585498720802265948e+00
1.572715828762876855e+00
1.551792370583279013e+00
1.568510934361143860e+00
1.558657280099710940e+00
1.561970561436842875e+00
1.555234537625207025e+00
1.565212879967845749e+00
1.552318089249062449e+00
1.539763757579900139e+00
1.539460988296249777e+00
1.513034580492454317e+00
1.512378234083042283e+00
1.507980692226700725e+00
1.486933623386921033e+00
1.477513247457771017e+00
1.469192756171068037e+00
1.480527813955763383e+00
1.490158656687298411e+00
1.500849805994122432e+00
1.527593999075722797e+00
1.524772164908998251e+00
1.532518656873508966e+00
1.530256058711345846e+00
1.499839663854040994e+00
1.499475255841884458e+00
1.504429728193883209e+00
1.517783681151454900e+00
1.531933019950524111e+00
1.529569613444259346e+00
1.514240273151335359e+00
1.508165587495735149e+00
1.491331729640644754e+00
1.492529014505191709e+00
1.490285154893005615e+00
1.502015394470730847e+00
1.506498796541922536e+00
1.518361091017839115e+00
1.517352070761343041e+00
1.547358409995975181e+00
1.561548490984349336e+00
1.556703354821469709e+00
1.571383652211679083e+00
1.587443605040306238e+00
1.591892106595492518e+00
1.603225720630867990e+00
1.590388313063203718e+00
1.575934295467348756e+00
1.597173298388957718e+00
1.619082389932558597e+00
1.639842065162591345e+00
1.670682808478229253e+00
1.669822617946200793e+00
1.634108391690209938e+00
1.635954242553785853e+00
1.678075827281295451e+00
1.669564005315522071e+00
1.670848597965830962e+00
1.689287885689863433e+00
1.680312473675828366e+00
1.684392797735347669e+00
1.704776917519816859e+00
1.702548949299172110e+00
1.693028340150540156e+00
1.681611454257801119e+00
1.652895455510829725e+00
1.651287657804902498e+00
1.642357981788845844e+00
1.607517723999570824e+00
1.599394755121473555e+00
1.588123640559947924e+00
1.581600258291755434e+00
1.581687994158947674e+00
1.575593540766130563e+00
1.579344482358860491e+00
1.582114817598112788e+00
1.581056024951046357e+00
1.591480452061097450e+00
1.619636149513306922e+00
1.620017512899072143e+00
1.603919385914480911e+00
1.588441691626717001e+00
1.583286011427324613e+00
1.566989672446421178e+00
1.547702426134643927e+00
1.540978897235975031e+00
1.520351211447016571e+00
1.532092309029679411e+00
1.541949683188364340e+00
1.533482209862213175e+00
1.517328299258428714e+00
1.526701592567814902e+00
1.521826226410745386e+00
1.556583881657269242e+00
1.560397550142381906e+00
1.548068422269219147e+00
1.578255732307293435e+00
1.608120649586837647e+00
1.628624758718679066e+00
1.653462743569449334e+00
1.648206848024273530e+00
1.602764766867682322e+00
1.570531223619703765e+00
1.542661852934430700e+00
1.546850360378106970e+00
1.552719812973976765e+00
1.565086154536065477e+00
1.570318539963097670e+00
1.596726085705691967e+00
1.611395837503540651e+00
1.608939105741041375e+00
1.626870707344714617e+00
1.598488188120527731e+00
1.573966564792768530e+00
1.577655272479457471e+00
1.596709884231610532e+00
1.587647472328171050e+00
1.586412145890925940e+00
1.576668726039590407e+00
1.562231089123008898e+00
1.568055361905427603e+00
1.568536542221030672e+00
1.537716069074865022e+00
1.510054844947271935e+00
1.483789676604463592e+00
1.478720934862852276e+00
1.503977085563555693e+00
1.529469923094096906e+00
1.553504163183025977e+00
1.558351133106952613e+00
1.543701526968424220e+00
1.546964118813653366e+00
1.545347010113321540e+00
1.538872560636393771e+00
1.561476425234954002e+00
1.552204068093010259e+00
1.543597388491299904e+00
1.567235293816545916e+00
1.586542629601915388e+00
1.576526738732049182e+00
1.576399680686667137e+00
1.575881942208239073e+00
1.602232704706316735e+00
1.598026438458863607e+00
1.599739553790680002e+00
1.595034157739249725e+00
1.592025523768423767e+00
1.611286049251440033e+00
1.608857717320682834e+00
1.609791543573792394e+00
1.622864879822629058e+00
1.611640777201952757e+00
1.591651284672526367e+00
1.588966501882579374e+00
1.570339307564609488e+00
1.570757874114217856e+00
1.570032922457046842e+00
1.583318485668585129e+00
1.572126676697448211e+00
1.576093077876921322e+00
1.594998836292262023e+00
1.587081353216452273e+00
1.572707057183699852e+00
1.574127777992375243e+00
1.571742231205795592e+00
1.578855119014748398e+00
1.572519249506951100e+00
1.554533229228042934e+00
1.559532898432021808e+00
1.544477048207786307e+00
1.539976675841520759e+00
1.528895148639068058e+00
1.521514883606257085e+00
1.500325011341641535e+00
1.500629653365112226e+00
1.490954814939870365e+00
1.485744150237090944e+00
1.511763060930757296e+00
1.492009370166273330e+00
1.486118673429083881e+00
1.492133202493675759e+00
1.507847675431617684e+00
1.497510747691965571e+00
1.502039530819918589e+00
1.498951558839047182e+00
1.483536743875980335e+00
1.499746308335076161e+00
1.525139144992357476e+00
1.516540800451647852e+00
1.536498190519978158e+00
1.529335082692476755e+00
1.539593024094754181e+00
1.526150357315278372e+00
1.510956731590868296e+00
1.518998505106879726e+00
1.522180520389123881e+00
1.530582066831432275e+00
1.532625433171471707e+00
1.558857333214397567e+00
1.582334943611300115e+00
1.605059306936972519e+00
1.589213512096322445e+00
1.569710830536919843e+00
1.579762667430817613e+00
1.594009520174031413e+00
1.585216337571033751e+00
1.554331654745436664e+00
1.561852404733680588e+00
1.555245639625039367e+00
1.561228737613873596e+00
1.573293243502808414e+00
1.577883406331185290e+00
1.554317039991462757e+00
1.548073716151315837e+00
1.529900258295961102e+00
1.538319240340060956e+00
1.550399844013380157e+00
1.553569131947200699e+00
1.551462664304261052e+00
1.564224471590796472e+00
1.556593127998201487e+00
1.558345070072730376e+00
1.559302021138719851e+00
1.555330061469020198e+00
1.534442203470930410e+00
1.519376652055963284e+00
1.561616305190484777e+00
1.569982351820898625e+00
1.578847165908927819e+00
1.577245428324388188e+00
1.587394400853333387e+00
1.608146674795128739e+00
1.620284528442943017e+00
1.621988687270919494e+00
1.608931689204424975e+00
1.599140523777463407e+00
1.579517913707687349e+00
1.579579334970628857e+00
1.600694074016589585e+00
1.606871118671199916e+00
1.602315097397591259e+00
1.574945864452486743e+00
1.585576857885366620e+00
1.595315690062445446e+00
1.585035372144353305e+00
1.578227247951885293e+00
1.564219311220673037e+00
1.560363835741342520e+00
1.563625554233118997e+00
1.555712540768871222e+00
1.546063708026903738e+00
1.525667373182730602e+00
1.531133983880047067e+00
1.525226703846650045e+00
1.526248139951712046e+00
1.511570436004584517e+00
1.503384280029450126e+00
1.499938106861579135e+00
1.502135091331747718e+00
1.486362538232326225e+00
1.481380800735424108e+00
1.492796996262742537e+00
1.491679086671201526e+00
1.492980876464777173e+00
1.484584753854836681e+00
1.487345739968569447e+00
1.506618970890835962e+00
1.496318179845234519e+00
1.506990794938231737e+00
1.485767749276483363e+00
1.493586064046781736e+00
1.508375527182269860e+00
1.512785849379489678e+00
1.519258802009136433e+00
1.524388276607157033e+00
1.521844733802262706e+00
1.536195316570010183e+00
1.523946779141284624e+00
1.523814478658143123e+00
1.505440709119393317e+00
1.496640828625222408e+00
1.502638488478114764e+00
1.499795406831512246e+00
1.511433075899902168e+00
1.506714133282544665e+00
1.506656615390084664e+00
1.499433074934426235e+00
1.513999811344149737e+00
1.502652184086844755e+00
1.504131174620467970e+00
1.492308302581190516e+00
1.483110261612051950e+00
1.476261034320450083e+00
1.456737391939590287e+00
1.498085353871196013e+00
1.510720126052233603e+00
1.495809288496188216e+00
1.501579275852936046e+00
1.494451287230073699e+00
1.511368894069453406e+00
1.519042937152347728e+00
1.504473731898689159e+00
1.498393691323751664e+00
1.496104783465866728e+00
1.512924912604241667e+00
1.521285273449136666e+00
1.520547667242181600e+00
1.502813107580599272e+00
1.483889887087288084e+00
1.514772229026130290e+00
1.530437950609992326e+00
1.532518432242918172e+00
1.529707983855752129e+00
1.550362003684151890e+00
1.573503018769405903e+00
1.576611349308838061e+00
1.581097793974038490e+00
1.614110444284995838e+00
1.631870708439939088e+00
1.619178238127152447e+00
1.629209857970637554e+00
1.631975495428827472e+00
1.598577864466696807e+00
1.600519347463988939e+00
1.602791910371081707e+00
1.624657471054246516e+00
1.622491890628318112e+00
1.626618377508106672e+00
1.627006884730999747e+00
1.631080946068537374e+00
1.642274365177149642e+00
1.646011071933741077e+00
1.659963495926708887e+00
1.692686228130452220e+00
1.689778756330150955e+00
1.679677811817443134e+00
1.679153328384145771e+00
1.643981998360493746e+00
1.631767485920540661e+00
1.606560107922428315e+00
1.606467730169756969e+00
1.592297380484775760e+00
1.571959252760559256e+00
1.555306011148934964e+00
1.553185550674928139e+00
1.548482337392350638e+00
1.543825384656414279e+00
1.573728404794254576e+00
1.586341541789731302e+00
1.556182235521539337e+00
1.539638706652478595e+00
1.531546273727957264e+00
1.551485725110733460e+00
1.558879596364801889e+00
1.562684148148518970e+00
1.524473617767802436e+00
1.530957519426662028e+00
1.529513489447748453e+00
1.499979069246902608e+00
1.504443655719368778e+00
1.503098061341008762e+00
1.502638161362266134e+00
1.521108769900054725e+00
1.515631436623067207e+00
1.534953946372894951e+00
1.537362642334023421e+00
1.539138884610790736e+00
1.549728826474905841e+00
1.546037273398413125e+00
1.519642466661521807e+00
1.503464051106737864e+00
1.516491237282316717e+00
1.504713402291196100e+00
1.481419206200957239e+00
1.491767347023575052e+00
1.500627581398998212e+00
1.507808246706084709e+00
1.501496253067357678e+00
1.501529619669179416e+00
1.492028498904383715e+00
1.524551841843936328e+00
1.519125122451698173e+00
1.499767405272605991e+00
1.495112787663483767e+00
1.493359338681023107e+00
1.509231607816862830e+00
1.511319410688559017e+00
1.521085942878097841e+00
1.521961170530905738e+00
1.498998830392137327e+00
1.492291530966323387e+00
1.503981343729891451e+00
1.508809227766188865e+00
1.545312744217819390e+00
1.553583955340093858e+00
1.556715328873931936e+00
1.557901376134722682e+00
1.561918677452225124e+00
1.578840878956545346e+00
1.592762220606702028e+00
1.575237163106512517e+00
1.576294660023384697e+00
1.564455794286020884e+00
1.540213832256979387e+00
1.550155852661700973e+00
1.547170777160103317e+00
1.532918666144410968e+00
1.580957433183446170e+00
1.610266459990878252e+00
1.596235747218840206e+00
1.577961030571664924e+00
1.577335231458890874e+00
1.575628054369242248e+00
1.570990995181865468e+00
1.589308672091760188e+00
1.590849187285707789e+00
1.588813323529396859e+00
1.570580968597122595e+00
1.544849099783716317e+00
1.580281929417963971e+00
1.606768860988599057e+00
1.609189924902559632e+00
1.610780691745324456e+00
1.612558343200938049e+00
1.598917606811105063e+00
1.602305239742843002e+00
1.584584839783412136e+00
1.592236622820146108e+00
1.597136220894038505e+00
1.590561149701173793e+00
1.612753469723405386e+00
1.614562270511563646e+00
1.583277550806679868e+00
1.576124498748866953e+00
1.587701326225615883e+00
1.600557683215607430e+00
1.583579402862458796e+00
1.596664493544374563e+00
1.603038154858565489e+00
1.595247465975264012e+00
1.601211013717558806e+00
1.606894919271382616e+00
1.617951988790247153e+00
1.609667115451119290e+00
1.593752051724161234e+00
1.585754202127459989e+00
1.568438309555189480e+00
1.565829245117867474e+00
1.552971394396478466e+00
1.548213777236405964e+00
1.555164171060979372e+00
1.585225987475537002e+00
1.565569786955525622e+00
1.584289062534817383e+00
1.582927089387699215e+00
1.558521625751825956e+00
1.585313106379394155e+00
1.568831741802003021e+00
1.562245816072760363e+00
1.545265468968339384e+00
1.546028518179500599e+00
1.554929020985469146e+00
1.535662426887624221e+00
1.532618329045051020e+00
1.534515787857641866e+00
1.542413533137337645e+00
1.545028486483146279e+00
1.542122033106431367e+00
1.517464422367024612e+00
1.527510189370647309e+00
1.504166135476227462e+00
1.510918266877486760e+00
1.516504889897604569e+00
1.531765162540386305e+00
1.539091477579197731e+00
1.546491971055207637e+00
1.541217204659748541e+00
1.556052777373020390e+00
1.531866039196821516e+00
1.564978749859178064e+00
1.554605272581572883e+00
1.536235608148870835e+00
1.543321121189524359e+00
1.551498342782323236e+00
1.567263854771201892e+00
1.554727950561017202e+00
1.552248837726289077e+00
1.555764640007359034e+00
1.559602551921342339e+00
1.549665752242804784e+00
1.542153204727369609e+00
1.546656974395624218e+00
1.539090810179327029e+00
1.564176261555864755e+00
1.565702024564821215e+00
1.585905618142573692e+00
1.588439959164677617e+00
1.582558662457657972e+00
1.575127952054443892e+00
1.574664416466095007e+00
1.557812728356010590e+00
1.542281620652103058e+00
1.549248962165681309e+00
1.564843910990356690e+00
1.530234705261809047e+00
1.539539393389303568e+00
1.527287475923264859e+00
1.548029180434431495e+00
1.530466273251518405e+00
1.525525683053394976e+00
1.516501867760965849e+00
1.529397813135671802e+00
1.532073083938186642e+00
1.516119288964120182e+00
1.541909496986452632e+00
1.546139566491966599e+00
1.539901093740768001e+00
1.544651316096144589e+00
1.560394847339443558e+00
1.555207901580518914e+00
1.547417785572938742e+00
1.550697371174597716e+00
1.548238478020567799e+00
1.552111017377439506e+00
1.547540369337695010e+00
1.547506409420819962e+00
1.565123406978427889e+00
1.560851107940499416e+00
1.552899259544161081e+00
1.556792046189318990e+00
1.565159123803026242e+00
1.586995552677670451e+00
1.569203465669202435e+00
1.573412907637911973e+00
1.553214111735188085e+00
1.583901219504253666e+00
1.558988380588635758e+00
1.560590797652171569e+00
1.564140782527605467e+00
1.573121526416608962e+00
1.581242091008828954e+00
1.571412925153346407e+00
1.579306417400588636e+00
1.577754672920279155e+00
1.583274896243789476e+00
1.575677908167077312e+00
1.571898749193865630e+00
1.589032546479714370e+00
1.580154664276748333e+00
1.593180573231555375e+00
1.596062028667966981e+00
1.574393375499411940e+00
1.571991263085950719e+00
1.585707094345738088e+00
1.600874449582633030e+00
1.577685573124171015e+00
1.569738549820021589e+00
1.565705653539667841e+00
1.580043118096277732e+00
1.619650544503176803e+00
1.603208512433352828e+00
1.617911147661816207e+00
1.607791819690782775e+00
1.616217412961122202e+00
1.593602230361166994e+00
1.593573461873486474e+00
1.594521107087712330e+00
1.611759255056238294e+00
1.597685321079389764e+00
1.564868539434774775e+00
1.567727410480262984e+00
1.581562064726007133e+00
1.559428917216446164e+00
1.562752333407781746e+00
1.547642034532146438e+00
1.544271072504635134e+00
1.564281981334535443e+00
1.566076368176917644e+00
1.570587052309694309e+00
1.583994251336940273e+00
1.603856493729967969e+00
1.598484438297579802e+00
1.622861915095445751e+00
1.602226724497612498e+00
1.580782050843684061e+00
1.582770943215918935e+00
1.600634516633924864e+00
1.588730344913186210e+00
1.586699151163567301e+00
1.595233727017324910e+00
1.632421577436782067e+00
1.632311506279101376e+00
1.609427798938897647e+00
1.604183906393426229e+00
1.620962070324545756e+00
1.629870428701297502e+00
1.595037964688948540e+00
1.621756913549025958e+00
1.638727601900275666e+00
1.660746416832121097e+00
1.674163826202025751e+00
1.663947440789782073e+00
1.653371905851128254e+00
1.619016548679266920e+00
1.605323520268523207e+00
1.600566983453154180e+00
1.618890973202441019e+00
1.600363296964934401e+00
1.599720373143823648e+00
1.598010287101091942e+00
1.583297845839397144e+00
1.573995052308181375e+00
1.590801024948901521e+00
1.620288121698376438e+00
1.622243781578356581e+00
1.591065352058084859e+00
1.592842283907210055e+00
1.595198420336989109e+00
1.601046668879034574e+00
1.601451431590323216e+00
1.630532740704161654e+00
1.661800983890476147e+00
1.646956909179273953e+00
1.636105005614582719e+00
1.632494736317131157e+00
1.616422173610947421e+00
1.610197786506400108e+00
1.602894171851855676e+00
1.629077874252196967e+00
1.618102471926099017e+00
1.625520746145746154e+00
1.622800727876347437e+00
1.627354717239374082e+00
1.623142826217332857e+00
1.620212523543654637e+00
1.621123358318766083e+00
1.607113853000907255e+00
1.608502505103475810e+00
1.594138004215141180e+00
1.588861510665833032e+00
1.543170994816771113e+00
1.525409573167212152e+00
1.546475855031661961e+00
1.526049535717049599e+00
1.546582698617808616e+00
1.501481690158376514e+00
1.497523957671504258e+00
1.500890119839888293e+00
1.502731605584579411e+00
1.498846506285189895e+00
1.507037533661855555e+00
1.525649296009841782e+00
1.549760308278542276e+00
1.540463008177248128e+00
1.556062793859391613e+00
1.545354521107694890e+00
1.535156779342931488e+00
1.551996652808783850e+00
1.569743275686654949e+00
1.561974894049254159e+00
1.559986543733990816e+00
1.575210126026336921e+00
1.576620788981715204e+00
1.572656367530791632e+00
1.554610890474007467e+00
1.572932332118304632e+00
1.596500704160395800e+00
1.580545933575565387e+00
1.602417798137796279e+00
1.585752852611003183e+00
1.580355466196110115e+00
1.563700069149693839e+00
1.550905239526189971e+00
1.549199315922137998e+00
1.564463343724068034e+00
1.583254651384480738e+00
1.566700550677279979e+00
1.578237698091259134e+00
1.569283606902752259e+00
1.574991413199888113e+00
1.601481704523523453e+00
1.586584190394138227e+00
1.563630496223853417e+00
1.542461436715210299e+00
1.551001091624852224e+00
1.566594257984967653e+00
1.561679312567496369e+00
1.583566647731181165e+00
1.581407105687656189e+00
1.602026052800468614e+00
1.609998279370961294e+00
1.618959211119964214e+00
1.594860118095514867e+00
1.591419323120665030e+00
1.594823778090314947e+00
1.622887592857666039e+00
1.609833400648450485e+00
1.604037150462677364e+00
1.615217529155013043e+00
1.583535274534053405e+00
1.558337706584968396e+00
1.568733847762151301e+00
1.548921082158531082e+00
1.549467636715532004e+00
1.525775484581145980e+00
1.515353841407778956e+00
1.548088977265938082e+00
1.560024306578925213e+00
1.574723398665288654e+00
1.593821622292617812e+00
1.596675848892352700e+00
1.609963638417684750e+00
1.593017518626636431e+00
1.605776062376036206e+00
1.598647623060601930e+00
1.582295229854883134e+00
1.586832585954432329e+00
1.613928361607265494e+00
1.636398252735635328e+00
1.627415451212961495e+00
1.631035117360818409e+00
1.662644779269539130e+00
1.681455904698709869e+00
1.674019619690739757e+00
1.681031156535477855e+00
1.680851696765111036e+00
1.694599709938492405e+00
1.694816356512991451e+00
1.701040228704592039e+00
1.702436737967490732e+00
1.704452653922933436e+00
1.676897071314353393e+00
1.665697573641194751e+00
1.684462321894529380e+00
1.665194166850882729e+00
1.630987054309903428e+00
1.641606975638859378e+00
1.630994671942497032e+00
1.601107642126049058e+00
1.608556903252495118e+00
1.625432321172213479e+00
1.621844828916055192e+00
1.631637255179944734e+00
1.611573995395862768e+00
1.618710716640914926e+00
1.607997474048667996e+00
1.606480788003896487e+00
1.614090183867387784e+00
1.603131527246941079e+00
1.626913178792986470e+00
1.617785019674197189e+00
1.615143222028931014e+00
1.615549450125698616e+00
1.615150964195189331e+00
1.615655210454414403e+00
1.608265877959225598e+00
1.615872324949879202e+00
1.626970036682372722e+00
1.614891707957287093e+00
1.615339116277562992e+00
1.636004943056080352e+00
1.611543382513032752e+00
1.616663584967623635e+00
1.629553474246125733e+00
1.636074844333047729e+00
1.642183788158938729e+00
1.625937782676169840e+00
1.603251043980759460e+00
1.585892699195549094e+00
1.599647220178550988e+00
1.603629424109084711e+00
1.591858578067018692e+00
1.587458736144871541e+00
1.581341961132007201e+00
1.557623016393064441e+00
1.579297642927820267e+00
1.564275090656936928e+00
1.563343239360669212e+00
1.567406160740782317e+00
1.565677128572301235e+00
1.563273546286152227e+00
1.568124748765379994e+00
1.552510033753223828e+00
1.538377235757669714e+00
1.535577480251592464e+00
1.561684463104562326e+00
1.577187474814571999e+00
1.551361129669330152e+00
1.546882034924881522e+00
1.545978652467753456e+00
1.538997510748365327e+00
1.522867358761067713e+00
1.518661432033246772e+00
1.533181185249184342e+00
1.530729097041036102e+00
1.523066618697799912e+00
1.510047840341065761e+00
1.498195730786749724e+00
1.513760881995494190e+00
1.526850381600958206e+00
1.522893263519641494e+00
1.519134727481384672e+00
1.535438575308069042e+00
1.536290317532190475e+00
1.539124639919263293e+00
1.546967715218430239e+00
