1.179665998186730635e-03
9.439367838588995927e-04
3.868017527189682604e-03
6.355271680318260938e-03
7.219265331843277567e-03
2.335043113104230163e-03
1.025386594582102613e-03
7.717647662667214727e-03
1.106448087776393252e-03
5.363020651776770169e-03
1.830382769000014247e-03
6.054035837688157701e-03
4.378758577353487891e-03
1.971748036198462360e-03
5.787358812789510434e-03
2.320767599395208436e-03
3.679362897039208796e-03
5.945075150273326087e-03
3.668209347370119180e-03
6.744762140959011457e-03
2.212412779677432832e-03
2.621017784863661267e-03
1.283528981873581064e-03
1.288858833992436673e-03
8.514683729355433141e-04
8.207760878345159768e-04
8.621852279500275733e-04
6.966801875494177052e-03
5.235901389507242702e-03
6.602088166104977743e-03
5.806633339853162386e-03
6.289649858377646327e-03
3.233136465949789339e-03
5.753037590909884300e-03
2.745879418409947863e-03
6.907875256889998159e-04
2.095386637314425923e-03
2.963821216361484882e-03
1.956673017886935342e-03
1.611310856425230125e-03
1.485393364558341631e-03
1.901983988000087228e-03
1.098784204889617210e-03
8.859896918637045690e-04
1.453020666009138210e-03
3.251215979713825265e-03
2.233701371249318876e-03
6.522485683898125372e-03
1.477342173532749780e-03
3.121933979749520142e-03
1.838697404393879091e-03
1.251758795475881080e-03
1.665660184646946401e-03
5.341517232374176812e-03
2.095472916491690398e-03
1.090445765617098581e-03
1.185326086543175188e-03
2.729355785001406909e-03
2.085291322164296510e-03
1.311513661422692920e-03
2.866528348352648074e-03
1.197482703615800059e-02
3.354374053876404017e-03
4.177853629976840261e-03
2.855940530852984788e-03
8.975413366476259723e-04
7.744658163248488696e-04
1.843189492037313956e-03
1.015538263654822138e-02
1.690614917527339701e-03
3.941488648145641260e-03
1.725848873443367208e-03
1.694878858312249973e-03
4.023858533308128510e-03
7.595810188702140434e-04
1.260322717264592256e-03
2.850420840555014258e-03
4.195014390675422949e-03
1.398181423078093035e-03
1.416625176582429367e-03
3.689011483623664839e-03
2.012481663642747953e-03
2.323330702265845923e-03
1.321368002505365121e-03
1.313977732942025025e-03
1.332843108051154704e-02
1.645714141369445825e-03
1.633054041784214212e-03
6.845940818975728391e-03
1.277140353259613144e-03
1.837566681598383966e-03
3.424635556360750965e-03
1.618536493678721664e-03
2.650457081573568373e-03
9.903570304819670801e-04
3.321176132838931597e-03
3.528577334588107409e-03
2.347241939744170846e-03
2.600127872620431897e-03
7.823358985156172660e-04
1.253009027651650741e-03
2.246059180460779903e-03
8.895989179062762861e-03
1.684639442934358607e-03
4.738622206191050838e-03
2.988314330430216336e-03
9.982086412874205134e-04
1.796689923349298681e-03
1.413096736380965290e-03
5.731064410130479181e-03
9.809789553526931938e-04
1.016057490380460095e-02
6.402242060967396758e-03
2.946010069625721629e-03
9.945152132672043996e-03
7.877116028157627250e-03
3.003586676567988195e-03
3.322316618877980618e-03
1.245859370648455056e-03
8.397676794113849083e-03
1.060591662960340322e-03
9.240914410726776620e-03
8.167927951368371409e-03
2.339301112975469051e-03
1.282354372518740770e-03
4.879701619322063429e-03
3.455880824678076845e-03
1.685953405429944625e-03
1.930242219099797749e-03
5.967541821918134932e-03
9.659287514484063333e-04
3.750858877449335122e-03
1.326511546787137105e-03
1.419461776902836451e-03
8.541712295063648777e-03
1.051428050860232083e-02
9.118596849371812980e-04
5.402357629365554456e-03
2.925747558257972211e-03
2.920452828878767303e-03
2.038949339389336049e-03
8.045237876994537976e-03
2.772602514463340731e-03
2.417499910848702055e-03
1.339502781902100585e-03
2.111255802236481488e-03
1.690751393845383926e-03
1.811879392566705885e-03
9.087499778925464894e-04
1.118054093717032668e-03
1.428866543434345257e-03
9.480397956590464826e-04
3.173644478774586587e-03
1.843599717576566112e-03
1.173606358925510405e-03
6.606849632240649299e-03
1.179344742792999990e-03
2.805187277203029846e-03
7.735890572423484088e-03
1.623070797814181801e-03
1.079963925581571430e-03
9.372257445221293583e-04
2.348259546396115095e-03
1.052212393080816447e-03
4.451947422558192799e-03
1.264947698384202672e-03
1.964567153658051957e-03
9.755222607025461823e-04
3.857894311326775291e-03
4.190561036476852554e-03
7.223188551854585861e-04
2.012061926790195687e-03
8.892051351915838476e-04
7.510142047666522672e-03
1.790806862914153582e-03
1.385716705100595260e-03
8.378792163758976355e-03
1.388263239150441461e-03
1.999732943812555178e-03
1.182030063548431421e-03
3.875916319713379118e-03
1.644603988906086483e-03
7.319435216450034115e-03
1.557113320008396461e-03
1.153042420999626392e-03
1.533268310638240565e-03
1.506636270646271886e-03
1.148466768093974171e-03
1.792274336406373845e-03
3.416330141233508370e-03
1.215909654210941973e-03
1.174950956650888407e-03
4.060389436371787848e-03
1.625347773885880368e-03
8.321783976457331139e-04
1.040264666275724642e-03
3.237370813975195237e-03
1.639111331543647524e-03
1.509541075097952691e-03
2.852757247330519816e-03
6.884395595295442248e-04
8.801276804176196792e-04
1.331662955031902469e-03
8.517151420583484421e-04
2.380246189616752345e-03
1.237060765451567261e-03
7.180990117865621069e-04
3.539308213731706069e-03
7.666559025276587121e-04
6.165899465860304185e-03
1.109131087482709624e-03
1.011276633726220127e-03
8.641869338847974792e-04
3.955348446541022932e-03
7.632157058348604250e-03
1.986125244737201468e-03
1.083953342423577253e-03
1.098058825034705982e-03
2.367415564792473958e-03
1.142033780055289657e-03
1.034225387229016158e-03
3.900951132218785557e-03
1.635893430926067208e-03
1.314714044160968749e-03
8.828193820529080466e-04
1.735876637993555033e-03
2.188294480005764219e-03
2.144050937254944004e-03
8.044086412082950650e-04
1.246964560438447965e-03
1.746611390188585779e-03
2.977470344497132500e-03
3.984854833326632872e-03
1.319511755415846187e-03
1.291776364417482640e-03
3.595159621784969547e-03
8.877396357823007407e-04
7.240999167628816126e-04
8.412675917972088201e-04
1.830613681268671500e-03
1.427912410015223310e-03
2.419321091406881081e-03
3.982674895335154390e-03
1.275929431618534182e-03
1.358338357044391832e-03
2.976477745392035364e-03
4.720390814300342956e-03
1.025716707143249857e-03
9.419982544745620712e-04
2.028805246789847517e-03
1.096803030898786495e-03
1.418827349826116968e-03
1.560443699396788864e-03
2.372564006731745986e-03
1.383280691186846876e-03
8.861505902800931875e-04
2.150906998653064495e-03
1.188249821006858364e-03
7.619442480712097440e-03
2.312842762486083236e-03
9.728110403983915213e-04
1.002410695752330681e-02
1.409581656056633960e-03
1.586391840020037617e-03
1.481020917611514326e-03
7.759480251893108608e-04
1.389257512276013571e-03
8.193936189128501676e-03
1.780750194134447014e-03
1.630305513682703874e-03
7.571646530153054071e-04
8.631176484100277612e-04
1.593125736487009756e-03
8.627641030222519929e-04
8.926050272983744810e-04
1.238040209023433908e-03
4.228749244741295335e-03
7.505829694196941137e-04
6.672019495510574799e-03
2.678353220363916855e-03
3.076577020366078660e-03
1.582653101034177390e-03
5.509795700089482537e-03
1.470538945625111385e-03
1.220386006163797507e-03
2.019223321910616764e-03
1.721842924254533922e-03
9.483659191405814128e-04
4.304297784901655287e-03
2.445930202094157187e-03
1.959663375293643327e-03
1.859770205974355800e-03
9.124301871031084959e-04
1.374484386427728393e-03
8.832523902913862928e-04
9.085632340447162602e-04
3.996419109735168188e-03
6.028545761051383109e-03
2.227319383472298794e-03
1.459406583800904652e-03
9.867371626351619657e-04
6.235855406297173206e-03
8.911600286131970972e-04
2.297205195387890843e-03
1.018134286319661089e-03
1.111683844976227688e-03
1.509938265493604480e-03
3.197760414198356181e-03
1.216174787830309224e-03
8.031837528260856070e-04
1.414826451271556252e-03
1.059817145107592616e-03
9.940803043218514063e-04
1.410425785830109625e-03
1.390603566303611231e-03
1.041496756795229177e-02
4.466815262696501553e-03
1.509898904502327173e-03
8.468869888488146083e-04
3.010080552596190208e-03
1.295342611751364734e-03
2.671776471087767592e-03
1.607935360277441784e-03
3.624353251801874787e-03
3.985492959153256153e-03
4.624260227958918064e-03
1.126111041232153711e-03
4.335343713937392894e-03
1.010676632241444810e-03
7.653499215026403173e-03
1.000880636541456696e-03
1.661685221290320688e-03
3.610854147267682571e-03
2.071504602276027715e-03
4.474029146481318421e-03
1.297860888942512989e-03
3.732167677740851064e-03
3.735807468470482302e-03
5.273776465553495912e-03
5.013074481609519802e-03
9.850910926850165675e-04
1.486345728959532738e-03
2.087095479431283918e-03
5.459223622181515537e-03
1.165065810670029654e-03
7.923461957882649634e-03
9.707913684816098449e-04
1.781510217551681135e-03
1.286229360102240406e-03
1.958711143581556499e-03
1.082879607349178028e-03
1.618012755020683613e-03
8.222227764761203287e-04
1.416527628009877715e-03
3.406873212257358324e-03
2.016564841504723312e-03
2.440719534436595721e-03
8.380767957347070446e-03
1.368238018197848096e-03
6.603236159698691729e-04
8.264203628335007852e-04
1.779042960776904859e-03
1.663154004303274338e-03
1.398721979128149558e-03
1.656951748665567298e-03
1.391647654058897950e-03
6.499496750456040632e-03
1.684379590234817790e-03
1.217576733213623225e-03
1.082940821589044094e-03
3.748854888206868113e-03
7.309983376045578723e-04
8.172120060330186975e-04
9.129132991181425870e-04
9.809919745740146996e-03
9.350614336965887849e-04
4.485168029569626576e-03
2.049739353562739057e-03
1.013288518579921835e-03
9.772502053091232550e-04
1.642989583325872062e-03
4.912366751974070293e-03
1.540002716465676668e-03
1.115653584705775855e-03
2.757896226158637956e-03
9.866191789955570859e-04
1.682980289519698082e-03
1.326295654288004106e-03
1.382737659410181608e-03
1.901768146351601272e-03
1.468885401513654642e-03
1.391411467600852736e-03
1.122061113454408563e-03
1.259236592433539458e-03
1.286478239436161406e-03
1.026610762563197115e-03
1.915611419114752459e-03
1.042472480514578231e-03
1.631258960763244366e-03
2.978131208733724063e-03
6.510596091493889293e-03
1.078999860539520475e-03
4.610250743630047929e-03
1.455708913566356464e-03
9.781130199416653622e-04
7.932894823709693132e-04
2.315254478975936267e-03
3.737356282991993392e-03
1.376573210268637647e-03
2.055937959981847789e-03
2.777645014705714538e-03
3.801137414501473515e-03
2.147562005841161751e-03
1.169691661629330580e-03
1.007465276283096367e-03
8.115773513824275616e-04
1.893095123331427340e-03
9.155443830495085767e-04
6.589644150802457297e-04
7.059076853927248422e-03
2.289707873937134232e-03
4.591914564720466461e-03
1.258344853754619734e-03
6.069329992598567619e-03
1.140324507232821352e-03
1.540567281330129179e-03
1.045228723645822040e-02
1.760874206735180570e-03
4.219492576067910422e-03
1.105453173260667263e-03
1.044643001764628204e-03
2.037511864969492395e-03
1.737423199184890896e-03
8.412974741054693667e-04
1.564184203229947124e-03
1.299625043163944857e-03
1.422679948479864355e-03
8.053446945190766279e-04
1.056038660571835324e-03
1.570375455573758128e-03
9.873564993732259279e-04
7.835386373496984816e-03
5.973217339050155422e-03
1.634036576117975977e-03
1.096960953048286939e-02
9.103404831468899644e-03
2.686807159033418203e-03
8.602891060286184778e-04
8.844469630561771836e-03
1.702676428056946632e-03
1.362415286025815296e-03
5.789249258711361146e-03
5.635788699921461149e-03
1.720183451291505813e-03
2.131980788014230157e-03
2.777445881597337581e-03
4.024538714171772315e-03
9.535826038375162491e-04
1.082530134282704264e-03
1.149226291438837193e-03
9.027993440348610656e-04
1.899377298395604286e-03
1.720578634793322459e-03
9.402582733552781059e-04
1.824951774752244351e-03
3.577059592042257288e-03
9.080962270254823443e-04
1.494107057078734261e-03
2.295654365557922745e-03
4.185258082875933407e-03
9.900205858452760296e-04
9.468448330792778337e-04
9.160612172173768566e-03
1.431227594877309498e-03
7.712143295423114003e-04
2.527640192534725844e-03
1.689490618945674533e-03
2.430815569775160011e-03
8.139026031902327077e-04
2.392662591634488189e-03
4.352208433831294444e-03
3.215482643663641893e-03
1.710787342486122650e-03
1.855948535823859734e-03
1.022314658706395931e-03
7.465004947758354130e-04
8.905687355133165952e-04
1.170229418842557269e-03
8.894508689724499491e-04
1.570554219134794559e-03
1.399372155962741926e-03
1.230514247577200538e-03
1.445076640854904299e-03
7.691587989505290369e-04
5.899620414856449058e-03
1.255804381842609953e-03
1.480328839689243423e-03
2.738366443867728053e-03
1.143128571812918569e-02
1.070902929308266589e-02
1.313380553012103618e-03
8.682708479629040396e-03
5.266860767846649923e-03
5.261858321241746211e-03
1.458764295001229372e-03
1.083126676091475567e-03
9.593742174237287947e-04
5.243839013180228749e-03
1.302140841179094070e-03
3.709311018543175534e-03
7.678722970459666642e-04
1.073495235791178297e-03
1.010177500617994231e-03
1.385418719410856864e-03
1.758956647392114414e-03
3.077186642781587489e-03
7.386591740821930353e-03
7.512872776967127221e-03
6.222271520114415651e-03
8.744705153678106234e-04
1.108432230873649532e-03
8.327218946021677608e-04
4.532129875643301983e-03
9.399135808006043452e-04
9.791450658870157371e-04
1.005141922501971491e-03
2.051897172131028190e-03
3.309175066607996166e-03
5.559456198402643219e-03
9.489029353648977894e-04
1.178055933054278706e-03
7.955663482024585582e-04
8.139313443590891466e-04
1.178697370106802879e-03
1.368066602888108390e-03
1.283799021511682591e-03
5.548559070938282808e-03
1.289211654187927096e-03
9.436604323215045786e-04
1.026687399994060746e-03
8.653497582152993792e-03
1.224686090054504005e-03
9.390278349003624344e-04
6.587821981195621061e-04
8.183205833033202351e-04
1.481212017998640969e-03
1.869666126064085899e-03
9.031552651660029740e-04
5.530111104418969012e-03
1.076225905163511734e-03
1.045841590011160199e-03
1.011488170656356291e-03
1.200069043469690743e-03
1.414723725761264130e-03
1.292106170029447667e-03
1.150110567611695904e-03
4.534119152537548214e-03
8.115322118177690624e-04
5.403678879603768595e-03
1.097454569737147312e-03
1.497641477858598904e-03
2.824147513441963367e-03
1.259562856272320765e-02
1.403719088874863952e-03
1.604168796835348573e-03
3.848840092657662866e-03
1.083169144465385763e-03
1.037754765931970299e-03
9.526542861533559376e-04
8.027000700945381012e-03
1.605061944575728473e-03
8.856672877999282332e-04
7.155575969889965172e-03
1.338299762729791044e-03
6.652198104367204774e-03
7.919096091986918551e-03
1.173689345336550918e-03
4.910344658520018543e-03
1.797664378983779504e-03
6.422236850145661771e-03
5.845151625937460536e-03
1.303396946059095498e-03
1.106900610251394194e-03
1.483352423559072212e-03
1.149559386230000540e-03
1.491178480852628670e-03
1.359579507996245412e-03
1.302967824444789926e-03
1.708521227163214843e-03
8.588173194207196926e-04
1.281862229750290773e-03
2.343524823682504189e-03
1.160371679368689922e-02
4.896554385825859119e-03
7.519697956208619546e-04
1.372348998405727898e-03
8.336876384862462437e-04
1.158324108939092194e-03
1.357688200052295817e-03
3.345122046118371995e-03
8.070842489928285388e-04
1.369165117935018314e-02
2.351942091025566520e-03
8.455463663441773609e-03
8.749433848200457173e-04
1.546320791644378205e-03
2.759297238867273148e-03
1.545220550253877329e-03
5.512826532054692155e-03
8.669399141206738518e-04
8.526378655238718574e-03
1.598442023378327751e-03
4.759993876144966163e-03
8.807470038109157509e-04
9.919945578192469055e-04
8.561444486658168276e-04
7.504186869188554827e-03
2.772972085877678083e-03
1.062334291914937383e-03
5.323662166886509658e-03
4.503543392681161502e-03
2.059760681024498403e-03
2.232206382087514873e-03
1.090607398423745983e-03
1.492355178530365735e-03
1.507619086169779401e-03
7.838259920964115715e-04
7.722994113894081619e-04
8.413612873138091343e-04
9.870155626980994280e-04
1.848743650158849849e-03
1.319421247080030789e-03
3.963505647272967843e-03
1.034265879921689038e-03
8.389233906600574624e-04
8.513969237453770976e-04
9.412298611644248419e-04
9.691332890256182777e-04
4.265723624884877260e-03
4.710471469522864961e-03
1.414122659149700178e-03
9.671662864923379803e-04
8.093012840352220008e-04
1.299751577691960272e-03
9.781709532669512642e-04
1.637437704514307837e-03
8.937838600283502842e-04
1.297168946376188155e-03
1.198880564422600929e-03
1.006365146828658991e-03
4.982533987777278302e-03
1.323181918921615980e-03
6.465173582447946050e-03
2.670061052159853742e-03
4.729048268080662289e-03
1.019059754631178620e-03
5.309474194951925054e-03
3.327201952117498241e-03
1.615725428938636276e-03
8.452456435342246095e-04
1.970055160072856082e-03
4.658140945453791495e-03
1.223552669929908786e-03
1.610744613364707874e-03
9.575245304539575222e-04
1.120565589885659649e-03
5.949206141016680389e-03
9.845674444447396860e-04
2.589933365055811527e-03
1.099752922699162366e-03
2.105342416281279910e-03
1.915534647174957925e-03
9.382800289615253388e-04
1.037639950556824148e-03
6.593425951658825508e-03
9.996319295378715448e-04
2.013749657666004129e-03
2.269082825208533841e-03
7.498618080940003261e-03
8.700984130475051051e-03
1.376428030252173232e-03
1.034889129383089520e-03
1.247608129217622373e-03
6.993494067776136539e-03
2.324889191333927123e-03
9.153494593385690060e-04
4.246202405933338295e-03
9.287656407117380209e-04
1.225332455367841725e-03
1.479554316269217741e-03
1.248412014701519041e-03
1.344219602510614764e-03
6.842199999282229210e-04
1.700986773616635413e-03
2.507608015172153176e-03
3.094262422712804397e-03
4.147799857593916645e-03
5.577089355335114115e-03
1.238368914701056976e-03
1.133251259661966241e-03
1.625640483193289444e-03
8.693366205318935145e-04
1.404409673003533671e-03
1.105409523596754184e-03
8.564607360370429801e-03
9.795516154223183041e-04
8.013571508022145117e-04
1.533285851504732726e-03
4.703885942184142868e-03
8.882674836271683538e-04
2.376827343600781701e-03
2.211923982594793479e-03
7.721882257509521527e-04
8.379313409804531668e-03
1.010612303422818263e-03
9.788766015181865274e-03
1.000374346493623778e-03
1.700318104851988562e-03
8.824421329756252513e-03
1.155035105692756850e-03
3.987551884989245718e-03
4.621582036585258207e-03
8.311719036160283717e-04
9.171817251848134872e-03
6.216305102459092520e-03
1.197761695615618153e-03
2.758440516229076871e-03
6.208445994075993332e-03
1.406528592760700972e-03
1.061051485333177865e-03
1.342795300631192392e-03
6.362676127301249672e-03
8.883172979360139804e-04
3.275637173512997019e-03
3.757897985897186433e-03
1.073490735183327705e-03
1.010852292713993253e-03
2.440274168004073416e-03
1.491043001210793023e-03
9.022236274094485708e-04
5.815620093414845815e-03
2.080146884202614069e-03
6.480425524195130606e-03
2.146217839336678462e-03
1.578606565988298089e-03
8.264449455600313870e-04
1.162395461314246446e-03
5.323396447679105796e-03
6.849640892506436967e-04
5.105383414886063669e-03
3.344637026802220730e-03
1.226652487363379205e-03
1.746380622652322565e-03
1.429196396957530197e-03
1.404421043571699298e-03
4.527678160208993899e-03
1.447704027796813640e-03
1.459119316982717242e-03
1.836394194118282303e-03
1.067932030553846081e-03
5.080365736060798131e-03
9.319008777847318827e-04
4.041200498560651097e-03
1.451513180846510055e-03
2.068166505841302193e-03
1.539385834507249213e-03
1.883375615888448597e-03
1.027430230417440520e-03
4.849245605582372734e-03
1.295585069765390436e-03
1.966017986903449612e-03
1.229098016786658734e-03
7.046876699870576518e-04
1.078808752674747943e-03
7.229306411783891287e-03
3.750410955317483135e-03
3.833328199162685905e-03
1.295178390818161815e-02
7.364206971006437459e-03
2.091859262255878638e-03
8.491048420764205767e-04
2.080906807355284611e-03
1.146099922284149692e-03
1.165073510327224900e-03
4.920509297285730749e-03
1.110382870028578080e-03
1.753142733955767758e-03
8.298326368161566303e-04
9.198677454882714767e-04
9.606142330584923608e-04
1.220734597190377456e-03
1.118665977128186764e-03
2.151095669574426290e-03
1.708265651382638844e-03
1.339441508214857376e-03
1.662846967629603772e-03
1.161120463843410807e-03
1.202683683370168143e-03
1.432628094760063971e-03
8.398958327950852877e-04
1.126624523499851439e-03
1.171851038640101981e-03
1.446108122741871990e-03
1.826635929099918810e-03
6.885412194802631967e-03
1.007715377863269927e-03
4.414960230983869943e-03
6.332363079955173266e-03
8.727289916467281458e-03
9.891873622573351191e-04
5.885730224820822157e-03
7.874586728673575297e-04
1.841333068884568307e-03
9.455829886895432542e-04
1.159505426062621726e-03
5.383116403507900126e-03
2.794596468261396991e-03
2.635036750752846931e-03
1.462803778751046221e-03
1.000258107163295995e-03
5.619534832215038016e-03
1.598581108630794858e-03
9.240464940359325446e-03
3.780108068129609065e-03
1.666711213985757256e-03
1.716349086471784637e-03
1.227675701380187773e-03
9.181596324478068965e-04
9.267671967778488970e-04
4.810780382792231684e-03
7.077073029605852406e-04
1.242463713783122309e-03
6.177731236668036405e-03
1.060829258434453116e-02
1.994555401135437653e-03
3.620732970996654379e-03
1.185701093260112682e-03
1.306565924956807311e-03
5.532095203986289560e-03
1.027815430079065742e-03
9.499412754813311511e-04
2.612800637347118416e-03
3.489014833778523571e-03
1.215335752990296531e-03
9.664220312429413779e-04
1.326511452769885656e-03
1.406519585141773965e-03
9.086014664142175179e-03
1.589314258366937094e-03
7.588755770760074234e-04
1.360756495196097093e-03
2.509007223052218353e-03
2.894046963276433390e-03
1.044458960702394001e-03
1.494969477474950275e-03
7.705863878378900293e-03
3.406868007209521571e-03
6.349983165583954550e-03
1.201168885647956519e-03
1.290935830806829235e-02
7.875011073559668243e-03
9.128834376078137766e-04
1.443248113382897095e-03
1.815884688493199332e-03
1.150313019046033444e-03
5.790162360526091359e-03
8.622052864589158355e-04
1.096813419927417576e-03
1.297001772128909521e-03
9.761358339578988770e-04
7.292481118068248067e-04
7.364377185136550914e-04
9.871422096925416834e-03
1.898857664768591842e-03
7.985167959206735354e-04
9.869949302649639548e-04
9.353295573177716196e-04
9.992293923526611270e-04
2.020356880529052511e-03
1.088397230359013177e-03
2.709209560667965797e-03
2.156728495422971861e-03
1.928286717882965722e-03
1.138682263821375789e-03
1.594304472563668916e-03
9.756105636326051255e-04
1.135098277117868983e-03
1.083346385049965008e-03
9.388556511855577829e-04
1.266850221764668182e-03
9.784136233332513602e-04
3.831901248227920827e-03
8.437185741285958222e-04
1.810378800376615752e-03
1.681299726774807685e-03
2.745099496802746054e-03
1.659242885797894028e-03
2.208323341968238766e-03
1.395198055280235522e-03
1.209824077464405952e-03
1.042436339989700556e-03
7.739718966123588714e-03
9.597687993739362428e-04
3.877240733911743557e-03
9.362743082415808746e-04
1.459102475849194348e-03
1.422828391243721778e-03
6.343965387717730338e-03
8.342869880984950075e-04
9.931700616413149160e-04
9.980449862899180239e-04
1.682264913780839345e-03
1.189683275034348134e-03
1.003987268467771039e-03
2.152312478085524269e-03
4.865365856712409315e-03
8.095444363828630452e-04
1.010813261008779856e-03
3.890077110670928182e-03
1.952610134457778918e-03
9.119006157643783908e-04
6.495938497948379291e-03
1.814126817704095947e-03
1.171857212522437039e-03
1.182002281105768359e-03
1.119002279064768707e-03
1.192662577525098119e-02
8.645696061231457428e-04
1.090891022885800326e-03
1.091395323628824472e-03
5.553896908172971728e-03
7.932693781323036644e-04
1.685499549685565319e-03
1.384417347703131461e-03
1.047179058144114602e-03
1.239945286979391315e-03
2.939862881035740141e-03
8.866901975623108292e-03
1.129316259560109734e-03
7.963931484283441088e-04
1.281764460119386075e-03
4.465969185203874127e-03
8.432026007238648934e-04
7.870611723191520354e-04
8.186714871422431927e-04
1.072937190501009434e-03
9.440735906116018601e-04
2.038366512913149242e-03
1.168209562378395502e-03
2.773180819490965628e-03
1.180607648896803011e-03
4.631425312086291483e-03
9.755671859518503727e-04
1.461453110129012174e-03
6.841739023450830147e-03
5.400094492273092329e-03
7.947695910101469294e-03
1.494765631783125277e-03
2.211610013349557275e-03
7.213868142347239915e-04
1.491501760954833762e-03
8.313826940582744792e-04
6.347203309348577183e-03
1.431963729931638209e-03
3.417652160538012327e-03
1.000712153148786577e-03
9.831397171255950793e-03
5.990003421729132339e-03
1.186957781393170640e-03
7.599161184209195750e-04
9.955907702176357375e-04
1.261378079957231613e-02
9.012579953809822519e-03
9.445856447147385829e-04
7.616339251489027485e-04
3.598251407201073868e-03
8.189192185577600898e-04
8.850294930494777236e-04
9.578375227237072125e-04
8.340860021352356152e-04
9.128246961098145529e-04
1.025885778307342872e-03
1.478364661521549368e-03
8.890839460772547711e-04
2.230123454805166272e-03
3.896587050643066097e-03
9.824227641769874703e-04
7.547690727320774916e-04
5.449913150222939796e-03
1.054241873537329526e-03
6.148936988459628196e-03
8.292406682586492316e-04
3.536440812810926274e-03
6.380987432865598257e-04
3.400462973945798939e-03
9.292739992903009975e-04
1.321951322392253764e-03
1.570321930063606382e-03
1.171497454566607956e-03
1.227413917253868027e-03
4.682238284113044748e-03
3.833369233918656679e-03
7.188660355224121314e-04
4.314245021892616598e-03
1.270459145369352665e-03
7.560252821079229725e-04
8.368077202813654350e-04
9.025609492711281255e-04
3.888507734693542797e-03
1.372866469158101187e-03
9.983324973848514000e-04
9.023550134118805228e-04
1.668134397064502525e-03
8.476993410308272109e-04
9.035735141066698504e-04
1.676786838905360965e-03
8.040230661307900357e-04
1.188613340704452971e-03
1.024673737068272986e-03
1.420357536786859450e-03
9.660787734059890887e-04
7.464031812180620812e-03
1.962377881363853820e-03
1.152814867507148417e-03
9.234897042730365845e-04
2.645327450726790361e-03
4.363678105728850329e-03
1.792965663884020120e-03
1.284853891588598604e-03
2.713069954565293807e-03
7.353625697158595528e-03
8.305204896103923762e-03
5.570821199617568241e-03
6.372225794902438602e-03
4.637949059615134595e-03
4.132946737450117654e-03
1.278333443823950668e-03
6.297312738396572407e-04
1.905433723405982466e-03
4.362536399380854100e-03
6.678990072025817485e-04
3.694575174710813814e-03
3.774764413065999705e-03
1.713319909435743332e-03
1.929600454540071446e-03
1.863912255500653091e-03
1.156079494280363128e-03
9.451775264624170166e-04
6.121285079771649970e-03
1.103824256558192871e-03
1.420361469968831622e-03
2.059786684745161262e-03
4.762724933902246632e-03
5.832693434284527516e-03
1.521486484083973923e-03
1.337093091657625635e-03
2.000579131319473250e-03
9.545232400849749943e-04
9.468162187413715425e-04
2.391559599346154436e-03
1.233144552751895941e-03
1.111761402680066547e-03
1.532555709726391054e-03
1.256453504536781318e-03
9.757290233071785023e-04
9.720929932928984831e-04
1.049162290130186770e-03
1.520087841144004970e-03
1.079032102573897027e-03
7.969656896185268449e-04
1.760014932416745443e-03
6.386076516857118815e-03
1.374824313504648858e-03
9.084539789145116640e-04
1.018126634615404771e-03
1.162293991666546629e-03
9.769687541529598063e-03
1.328913279291345402e-03
7.208602362924232919e-03
1.410284189297439849e-03
8.031514972586138376e-03
8.791746763850367963e-03
6.479645156562114858e-03
1.843323431020420971e-03
1.687532984437880874e-03
5.941100548171436568e-03
5.516611279997659864e-03
3.636109600157932248e-03
1.577233899621651846e-03
7.827774031774279839e-04
9.765272994697673809e-04
1.028018544058707621e-02
9.056423931303200867e-04
1.047712825600696654e-03
9.345581911363429108e-04
1.625395948605978021e-03
1.862650469826719613e-03
1.512390711949997612e-03
1.003483559684202522e-03
7.527561698991431897e-03
1.695551929369866874e-03
7.250966373688388575e-04
2.150137541971808893e-03
7.443018541076261083e-03
1.062331254943116657e-03
5.642861531862016986e-03
1.291047268898601547e-03
2.166216006879303439e-03
8.355888812419333313e-04
1.234416755019830192e-03
1.841425395976353969e-03
4.930380848806349692e-03
4.276755349186298072e-03
1.863567562324438751e-03
1.023491846593523047e-02
8.894737525750743071e-03
4.529956733615690678e-03
5.842208991514198646e-03
1.288945934605793906e-03
8.738959927692801621e-04
1.837529464531508384e-03
1.221247643496358370e-03
1.260477884540809387e-03
1.009991856327233529e-03
9.593576475474920647e-04
4.259517299015261327e-03
1.683919584759055064e-03
1.234014185563827399e-03
9.364192711015905789e-04
9.109222932960493301e-04
1.094988608251660491e-03
1.269028068305832514e-03
4.333730449665393510e-03
1.520720917050403858e-03
2.198601544391023260e-03
3.046331456640141711e-03
3.549853350363552790e-03
2.749847011320258675e-03
4.672485204796039161e-03
1.609389099030827941e-03
1.029744056654123422e-03
1.250485022440917145e-03
1.432295888445736130e-03
2.512374946788017288e-03
1.408610791890192553e-03
1.135629200625628285e-03
1.252216615826844169e-03
1.174822295098494314e-03
4.572720637554250449e-03
1.075133161484513079e-03
6.800855762307028880e-04
8.949943474047885065e-04
1.531772692538398845e-03
9.320077470704234233e-04
1.842629727811153717e-03
1.791733374604447286e-03
1.459426173795016352e-03
1.225206874632561206e-03
9.873533156741843338e-04
1.484043457665788724e-03
1.795779726274409054e-03
8.055153039464677412e-04
1.317202644871987580e-03
4.249983125500515942e-03
7.402071611899996035e-04
5.979703643730473715e-03
1.490830395595290096e-03
1.422727294181059437e-03
9.813016730814061103e-04
1.442231702263441174e-03
6.755436932882796699e-04
1.296774317536601284e-03
1.682373181335106898e-03
5.022372192471204547e-03
1.057128025065017310e-02
1.096194260873881729e-03
1.577209449564390045e-03
1.013652436250653526e-03
7.369447459843732427e-04
3.016586781776707093e-03
1.117571897718856863e-03
5.443754391693758458e-03
8.956666320328115008e-03
1.970959142025155951e-03
6.767230489774486756e-04
3.301485989336070369e-03
5.449486167187978652e-03
8.498853094038155958e-04
1.692572241783232368e-03
9.086298844808426154e-04
1.404163394943738243e-03
8.938406682800078499e-04
1.845060005463091931e-03
1.084350225123475618e-03
6.586751333432170610e-04
1.110523935866836263e-03
9.545715120086758869e-04
7.243912827973337382e-04
2.091823662031761042e-03
1.535709681861684422e-03
1.213341720067963748e-03
2.987594731761395069e-03
1.377868593897702042e-03
6.772559804386896545e-03
1.242120201105409221e-03
1.019699975307350936e-03
1.453407425748031757e-03
9.924726322874059120e-04
9.474805666554648488e-04
1.369071735014532878e-03
1.652025327930907580e-03
3.495221558393003455e-03
1.349302281015207121e-03
6.792097214337863625e-04
3.040889308236862428e-03
8.433325168112565731e-03
1.544497384599717452e-03
1.804870954357837851e-03
1.252843005752842876e-03
1.675462623491165990e-03
1.146804497955409945e-03
1.190759501976477097e-03
4.692311844371919831e-03
2.600961279515353296e-03
2.291032693707401122e-03
1.136341432069683114e-03
5.361346602660731556e-03
1.178216262334844978e-03
4.295013172409011849e-03
1.731425485958206162e-03
4.481024025512011025e-03
3.726257327474047625e-03
7.450735424576552515e-04
1.266078312119707375e-03
7.653263198168238322e-04
9.432158551855949341e-04
1.847748765946267968e-03
8.732397131647555953e-04
1.039328019254855042e-03
3.753969548178524070e-03
3.897685071969363320e-03
1.896280776422878001e-03
9.221506187916527365e-04
8.518929123732221472e-04
7.789214630333797344e-03
1.158242872782620347e-03
4.557238844536778098e-03
1.016515247604471602e-03
1.122520247675147650e-03
1.465708369839712486e-03
1.087786227877395213e-03
1.066392093952137510e-03
1.155835827722040019e-03
1.656282398844369881e-03
1.143315176157460363e-03
3.774126931054479651e-03
4.463505024542036362e-03
1.393360686891744827e-03
9.185643520979771539e-04
4.995107578415523310e-03
1.066430275106957986e-03
7.834124887365134316e-04
1.486874602133891367e-03
2.269521799109195520e-03
1.570264406977233632e-03
8.022600267212518996e-03
1.606133625782506799e-03
1.598802217232043413e-03
8.680324678270604291e-04
1.580686694150983639e-03
1.098190916479961339e-03
8.171831080194906765e-04
6.070778807940425265e-03
3.854825114278394565e-03
8.791359439984207380e-04
1.206296974776359604e-03
1.334359195326155446e-03
3.264470367192779873e-03
1.203243123780534541e-03
1.521624681613961303e-03
4.652656386575000115e-03
1.347997051930189616e-03
1.131534389306688244e-03
1.279627325682131415e-03
1.307866832126751378e-03
8.061493210732823640e-04
3.908102674661727630e-03
5.928377454923544447e-03
1.058104356441408756e-03
7.207121561815288228e-03
1.142588613993531952e-03
8.488387249059377738e-04
8.996392225124476326e-04
1.137399580542712086e-03
1.509652753895631035e-03
2.322958224089834330e-03
9.376944492511600200e-04
8.696292896877575243e-03
1.218128342077842144e-03
8.881448167649220798e-04
4.412369935094247880e-03
1.095792186965156628e-03
8.757215507156068928e-04
8.875599663086361935e-04
4.335599656499454502e-03
8.472108736161575171e-03
3.845848368161027073e-03
9.967965115316097021e-04
6.954927383442247642e-04
2.654191904114337405e-03
1.359166693607213091e-03
1.676694381482217834e-03
1.314275037680977211e-03
3.637682579773730916e-03
1.241948566855687703e-03
8.970377005837744215e-04
4.508030464246003295e-03
5.570221338678270524e-03
1.619612817587331912e-03
5.875509860070876611e-03
8.390998375127388994e-04
4.583775211332563430e-03
1.093023808409706189e-03
1.179204634440743533e-03
8.718600975572550439e-04
8.206109967343413764e-04
8.896894890546624751e-04
1.045811691118799566e-03
8.371787406216696240e-04
4.088309941950698037e-03
1.039491021116776756e-03
7.366898885288720132e-04
7.776831313537520274e-04
4.919643823705873061e-03
4.422339542682660052e-03
1.185345761522886392e-03
8.638994303350766048e-04
1.207112960895570346e-03
1.300256184335344149e-03
4.742323114984461734e-03
1.790883899368516784e-03
8.242831667572624943e-04
1.191534498053070743e-03
4.974641688429921708e-03
5.449072005693791042e-03
4.304825721201592341e-03
6.005161058566864211e-03
1.101916731064159390e-03
1.044402100094885552e-03
5.853622790282509737e-03
1.752347025482638588e-03
8.638869634806390372e-04
1.120040317239110426e-02
9.416697438848697314e-04
9.673266340261640504e-04
3.396556093412354468e-03
1.192163603203364201e-03
5.375455619509265405e-03
1.114704061482174385e-03
1.239140077535257197e-03
2.316701986645614171e-03
1.033471796172956338e-03
1.268143452259603036e-03
1.437937721610938347e-03
1.360455434469972800e-03
3.771816526666879697e-03
1.372487490940036900e-02
1.539049140923248781e-03
1.123021572927214440e-03
9.112530410586699168e-04
1.236387878933521483e-03
1.033729067320877546e-03
7.243712057365032670e-04
8.504174956598267807e-04
8.230244136425057724e-04
4.771618642972576263e-03
4.923640774363946190e-03
7.729807196293927941e-04
1.711210265735236451e-03
1.521460158865248300e-03
4.400424006121073268e-03
8.902187845603253642e-04
1.275285641708945230e-03
1.117808045053143157e-03
5.780938363259186842e-03
3.901318705777931297e-03
1.176503601159484573e-03
2.952535501962797338e-03
1.287101743833953546e-03
9.289109281930047922e-04
1.320685682226313681e-03
1.702049323375334723e-03
9.315479635921030451e-04
5.580681299523010223e-03
1.179874904041387134e-03
4.136257986641703188e-03
1.131833446011159486e-03
2.531141051081082279e-03
2.851781398732419759e-03
3.191240607445340691e-03
2.835182251736666995e-03
9.741667052685312354e-04
1.202304931938082003e-03
7.103037950373503398e-03
2.099748490811590828e-03
1.680754664802051315e-03
9.477346867308416700e-04
1.298091550124945946e-03
6.339636493691691750e-03
1.157741734681766920e-03
8.809700997435890562e-04
1.752252529852010073e-03
1.312130838686073175e-03
1.936177154584318950e-03
4.633138818339440669e-03
4.419641649639342515e-03
2.026673409033851164e-03
1.018589784234656681e-03
1.006996698475467371e-03
7.590943969989435731e-04
1.132997677008362302e-03
6.353614018251350568e-03
6.890201644691209800e-04
4.035288262876524090e-03
3.822211343944555400e-03
1.340226828300855122e-03
1.748846440087880065e-03
1.118688850022136290e-03
8.438586121215006872e-04
6.757357238193334274e-03
1.318069644766194483e-03
4.440516261966585831e-03
3.819201676072582832e-03
4.408837415388792459e-03
5.324392098541692875e-03
1.052205004141814997e-03
5.603472917532490924e-03
1.230116220314200542e-03
2.232826798800339498e-03
9.539745369624055404e-04
8.474458729011414421e-03
1.354151211940548714e-03
5.794110746093681513e-03
1.268895214735437033e-03
5.376272326238449098e-03
1.149714509675156928e-03
1.307678299070072795e-03
3.436225534702278765e-03
7.751200605691223279e-04
4.156529141907714699e-03
1.047616045232879853e-03
1.307802877476989126e-03
1.337471987771163924e-03
4.338207531337065666e-03
1.943476525401330269e-03
7.076176207733930962e-04
4.140526194053552149e-03
9.931328356409660149e-04
1.004185981059042701e-03
1.668753282492600959e-03
1.237625165138423128e-03
4.474861496979316323e-03
1.155951077730242062e-03
8.612339069939955192e-04
7.721960680517083158e-04
1.289000678127479732e-03
9.173829718494204985e-04
4.273120923435786214e-03
5.976069436413749408e-03
7.443278171215711968e-03
1.917136267100909373e-03
8.971136958647801330e-04
5.033365099990775790e-03
1.041780713797432582e-03
2.210336468610696933e-03
1.815835847540339795e-03
1.204539517312880597e-03
4.642528751615181484e-03
1.205990223765865095e-03
8.896989597222775253e-04
2.017775917529465030e-03
1.353548505059068994e-03
9.573770370782596576e-04
9.683036613015545344e-04
1.121735035992191655e-03
1.133597290586748534e-03
3.638468384649708957e-03
8.807975312491121960e-04
1.695297130466092046e-03
8.330071394150789788e-03
7.646609242922976614e-04
1.303118506038448803e-03
1.394127764189556249e-03
7.036202897799486745e-03
5.392923818593267811e-03
1.340709545364735184e-03
1.370633943825076478e-03
1.135750604073631652e-03
7.760686121300475887e-03
6.637015366500676611e-03
1.013139715191976528e-03
1.167743912473962658e-03
2.056533355914989467e-03
1.543104551428306666e-03
9.879689042264858806e-04
8.815305171980501731e-03
4.933320198392428073e-03
1.418103886263209074e-03
9.463251571711531846e-04
1.183807410729938170e-03
1.702270793505989083e-03
1.485245366820629048e-03
8.218379326626504104e-04
2.154934001988452648e-03
9.346200563890729287e-04
1.114360122623482118e-03
3.225040269315529277e-03
2.995461771910402828e-03
7.402422310606335222e-04
7.619505080233229073e-04
1.189534581028039821e-03
1.251078675681928029e-03
9.089194670250294377e-04
1.086928366269199241e-03
8.146189675745213986e-04
2.531855125605744512e-03
8.387508347472873290e-04
1.128420431475853298e-03
1.230206923790820236e-02
1.449212425695629207e-03
1.020808878668809155e-03
9.155093715613238153e-04
7.406025708349982077e-03
1.030906242600725152e-03
3.568016201810288342e-03
9.002149117363272618e-04
6.995833233758446540e-03
4.715516855470629556e-03
1.627827419000800512e-03
1.569059352983593779e-03
1.700880626032762405e-03
1.211677588118148128e-03
4.148779022981862949e-03
1.585031051203418659e-03
1.874969452679661535e-03
8.706811113637873264e-04
8.925422603742247515e-04
1.106252844828941456e-03
1.960850928981463896e-03
1.021299049399065385e-03
5.435671748795525143e-03
1.178117207012096060e-03
9.947224364877673385e-04
8.816513829832510214e-04
4.159452497420688087e-03
1.389796032612798746e-03
9.638190726773891541e-04
1.108699105395478902e-03
1.119765958090227810e-03
1.197744280366340539e-03
6.118801694624781407e-03
4.469036469918680372e-03
7.802890218548322494e-03
4.987284814003095645e-03
1.061086633298208943e-03
1.231320266922794355e-03
8.845732181075200437e-04
5.603986842798810812e-03
9.917234902083386754e-04
4.099503889373725708e-03
6.198348605240065756e-03
7.198352608984340262e-03
2.729837508127561877e-03
3.369401475065752962e-03
1.365578615019082207e-03
1.065781861154581909e-03
3.937373213045479783e-03
1.064308277054828436e-03
2.055979678502921695e-03
3.521622109378075034e-03
3.369966323999353235e-03
3.948663500715714376e-03
1.084828700747887155e-03
1.163300619706433663e-03
2.938922997458113563e-03
7.668675285208228359e-03
8.431052470648112357e-04
4.917600726739336514e-03
1.112998205383456795e-03
1.261711731689053092e-03
1.672782405883385974e-03
1.146373904511969891e-03
8.539113324569633841e-04
4.510890306038385644e-03
9.115011017518491335e-04
8.081518931598198749e-04
1.424224609335472463e-03
4.418967485655785760e-03
9.987208959381203843e-04
6.278276921432966555e-03
4.717908352755611871e-03
1.177802807307824079e-02
1.093135347108336502e-03
2.606091651785167121e-03
9.610812424463473095e-04
1.182451758412273249e-02
8.354329869925654697e-04
7.167140997617150143e-03
1.050353560383332800e-03
1.103541819178304600e-03
1.358532611377344986e-03
4.091389761280339078e-03
6.338745728189647266e-03
1.062778155899165439e-03
1.204846205875867438e-03
1.229445412856771140e-03
3.960125901243050778e-03
6.977240572155139460e-04
6.009005486063187518e-03
1.407686801786019529e-03
1.207639196230093958e-03
1.301759431265687430e-03
9.288794470696485218e-04
2.087618062154151903e-03
1.839421892733157952e-03
6.636502182515954459e-03
8.471201995674153620e-04
6.785815210879213126e-03
1.403394379042941431e-03
1.838173867793043174e-03
1.976832740334730568e-03
2.988796718592213672e-03
5.694311795211424998e-03
1.449659323914883257e-03
4.393215868979369158e-03
1.375566898368608395e-03
4.379233971874538917e-03
1.030320397801054617e-03
1.338244912957800873e-03
5.516803317509881045e-03
1.185174794500509863e-03
1.249028417444281516e-03
9.205060030981562520e-04
6.896655624398441604e-03
1.445964567834786673e-03
4.408975866111214739e-03
4.951973188718355318e-03
1.201838104656242218e-03
1.737026048246305627e-03
5.159393636732931103e-03
7.478289080371023148e-03
8.985922910311689230e-03
1.664760893627571185e-03
1.290898196995611405e-03
1.501519010128874940e-03
9.993665750306864916e-04
1.454905982270599538e-03
2.067510496216454479e-03
1.059285829422326698e-03
9.656668490487318275e-04
6.405119743924326571e-03
1.728369334558890139e-03
8.166090578515380546e-03
1.074326901361815712e-03
9.375733204570336609e-04
1.086454089864971303e-03
9.742156688086082766e-04
9.627818823967601624e-04
1.237086289183967659e-03
1.185955341732236080e-03
1.023167142946492057e-03
4.617290985131958236e-03
9.458922006448903944e-04
5.148328186592145139e-03
1.075373976823000653e-03
1.134544467137779981e-03
5.405718211502597882e-03
7.883161610123059788e-04
2.211060298679917539e-03
1.206908840329801863e-03
9.325012662105644111e-04
1.095090232512343099e-03
5.664987300116964067e-03
7.354489714330123560e-04
9.817838437844300919e-04
1.037330133665191048e-03
9.896275294811922654e-04
7.438067612596469674e-04
9.243124589548227642e-04
1.491339104214942177e-03
6.711801497972872885e-03
1.356292710366142473e-03
8.165716906496134396e-04
8.101767609815737790e-04
1.287855952880520224e-03
1.914612758053222405e-03
1.006800093154109179e-03
7.206936587607536355e-04
4.292093039070013147e-03
3.979613723239090912e-03
4.403861677245801340e-03
5.647113971968807135e-03
1.081650793554716052e-03
2.567343679514017245e-03
1.411291347411428466e-03
2.182077872898025277e-03
7.193122026188542581e-04
2.622146075195200873e-03
1.030462452846226664e-03
3.204188379249477484e-03
2.710013711076352579e-03
7.899493447757007956e-04
1.356547626238339228e-03
6.205123145964613549e-03
4.154065673582144243e-03
4.618939029067495664e-03
7.015458559527217117e-04
1.056697659803654526e-03
1.718107211112317699e-03
3.445617223578806287e-03
8.529150325457714047e-04
1.252783945971741196e-03
3.962637114918025373e-03
1.105839313014408834e-03
4.717647337589437467e-03
1.562401595695640973e-03
1.319457336369753890e-03
8.516062294722230586e-03
3.914934572399068370e-03
1.149795163441537978e-03
3.106279327377301468e-03
1.495334658267394225e-03
7.786567506598942364e-04
1.035564487958476028e-03
8.961415033976983472e-04
1.062008337818355456e-03
1.846449029252516649e-03
1.274114317039090746e-03
1.120121699316724501e-03
4.018156462208072321e-03
1.054331569161461816e-03
1.050196694809923123e-03
1.280453549728330321e-03
8.278438888196397233e-04
9.776159381861446954e-04
1.246694719291845934e-03
1.148843712581851251e-03
7.857049470517704724e-04
1.563383698090047361e-03
7.203001351308474173e-03
8.342056988493226763e-04
9.022366402682099234e-04
1.621188848004496887e-03
7.218892564012863514e-03
8.274962273620011270e-04
3.743291078237446622e-03
1.473682821868379155e-03
1.285734616987471279e-03
1.681155172720203957e-03
3.607753950693935469e-03
3.268522832586001278e-03
9.461399669223628447e-04
4.207003701524454804e-03
1.104812302120252365e-03
6.966885171490754675e-03
1.545144784776181788e-03
1.680490453390779976e-03
1.395654080282122175e-03
5.126625212203204766e-03
6.543511847588317359e-03
5.301000832715374242e-03
6.368748872019285370e-03
8.751602016167102415e-04
4.943308350046406348e-03
4.538656706391145518e-03
1.085532622747894431e-03
1.376427107925929207e-03
1.202999195829923844e-03
9.357524392763596262e-04
1.074293506843856418e-03
8.882495870526747276e-04
1.224923280639613268e-03
1.151858022501482410e-03
1.374732853841281787e-03
8.256926096189188711e-04
1.342193576786015639e-03
1.356563770030036128e-03
6.292483508192652647e-03
1.358600594892448192e-03
1.023838753383671208e-03
6.941595494579611697e-03
1.098114578331627024e-03
6.663511885180352194e-03
4.393577596513207825e-03
4.153115630473712058e-03
2.644015469689877263e-03
8.300421102903012167e-04
4.881786333658039503e-03
9.626739240782000717e-04
7.992922958844139248e-04
6.336479508349622709e-03
1.704636914501831075e-03
7.450296688737505744e-04
6.248951925839748602e-03
5.281831736003213089e-03
8.490138114211274708e-04
1.312606678787306110e-03
5.972551934807269342e-03
1.106101725697479716e-03
1.489933020783426338e-03
8.444041432193870756e-04
8.196027483961228557e-04
7.108125474277288093e-04
1.995432102555797296e-03
4.362619685154462551e-03
7.781255168780488876e-04
3.017776360816239959e-03
9.802821407797601000e-04
1.386790657387797785e-03
9.837612477429876802e-04
1.074578790351820527e-03
1.052126787508535829e-03
8.795952833031042261e-04
1.064920813610238442e-03
5.364758622289039595e-03
9.408523224745057000e-04
9.015212424315318870e-03
1.067677848381991994e-03
4.306080021491459110e-03
1.620979763420377735e-03
1.764432437828289705e-03
8.427267226866950144e-04
1.578870516952785713e-03
7.382760068359936999e-03
5.658322076351137569e-03
1.036714204140172686e-02
1.888255624335268956e-03
9.598443425560227588e-03
1.091723177372025877e-03
8.264421504384687972e-04
1.996737570119250585e-03
8.407432734553876982e-04
1.842675269357974509e-03
1.258271406188441214e-03
7.756139472261635833e-04
9.779860218205914738e-04
1.927504090282483335e-03
5.014513101796887716e-03
9.353643643319045414e-04
5.257909737878809116e-03
1.135079454102294778e-02
6.300136458322011003e-03
1.007288487944432319e-03
9.699826724288196410e-04
9.270719225277823704e-04
1.070615142750785172e-03
1.012820525849789923e-03
1.849909690304952148e-03
7.359349915544248760e-04
3.101866881696440682e-03
1.408175365196352984e-03
4.083910663413536403e-03
6.438009862964577147e-03
1.675631817074660877e-03
8.376428707889449531e-04
7.633266246722237138e-04
9.496515884551879304e-04
9.310445002514494348e-03
4.047758474176946231e-03
1.569542095212473265e-03
1.151986854333522572e-03
9.264957479927431010e-04
8.548004327586783543e-04
5.136788059548786679e-03
1.213669668755821066e-02
5.054530873234015266e-03
1.664631521082481601e-03
4.080426478134238644e-03
1.437520428129940211e-03
1.385087304855074902e-03
1.035718852401905712e-03
7.336890567562015606e-04
1.583216660352822474e-03
8.312754537526613387e-04
2.933200052502454597e-03
4.820215347274353461e-03
1.393629703308195281e-03
1.197859272329595843e-03
4.152610138430209291e-03
1.065566795848098356e-03
1.056197554713677374e-03
9.841309991810538119e-04
3.813124703224717808e-03
4.789235545486289145e-03
1.116488994108396412e-03
8.050164415522886342e-04
1.888807578043699437e-03
1.484416283576073118e-03
6.101302580511827264e-03
9.272810967604854350e-04
8.442414532263234654e-04
5.117295628323262346e-03
1.064333699562102680e-03
1.117261166413359040e-03
1.295933662407087496e-03
8.475094370599142810e-04
6.354133797469682828e-03
7.873979265954759652e-03
1.285979668938579037e-03
6.060887696573734502e-03
1.471338125846198682e-03
1.088348380097969165e-02
1.559268004690545851e-03
4.104421056023311448e-03
9.054179371691191587e-04
1.592984902912264033e-03
8.001171975392325567e-03
1.870623861491461795e-03
7.984904234511902218e-03
1.451178100500778723e-03
5.983708604952514207e-03
3.518061759083345071e-03
1.504416034422594072e-03
7.347338455758177858e-03
9.799724179930097406e-04
1.321048530131491454e-03
7.370462012161110160e-03
1.185506216462551459e-03
9.711746696719124284e-04
9.917794461097421705e-04
2.142942648380147860e-03
8.206396580299843034e-04
8.090695262413713767e-04
2.089372099315362722e-03
8.701426908896342039e-04
1.355427748416133948e-03
1.050202209736431861e-03
9.348302895057455410e-04
8.446911726147997290e-03
1.269637625653954535e-03
4.912313283486307094e-03
9.172592976052018968e-04
2.056272157870475421e-03
6.394504983295244346e-03
1.426217581554523745e-03
1.817788414168667330e-03
9.199129527904200722e-04
1.209172224859006309e-03
1.109977235861182637e-03
1.849583005910871531e-03
2.325424215194589125e-03
8.956199967870211468e-04
8.022915418750055719e-03
4.877442177936475512e-03
6.254187849305741648e-03
3.440572248447055278e-03
8.734918385591303180e-03
3.732300078984983078e-03
3.353259756128911580e-03
2.305441755988057832e-03
7.795932617467225779e-04
7.768823136150942955e-04
3.185791088010035341e-03
2.271961459255802951e-03
1.011927873436467605e-03
5.518427055731450932e-03
4.139869777050320804e-03
4.258300209775954873e-03
1.180806109679641410e-03
9.940296518567497911e-04
3.223248088084049775e-03
1.013595129685227782e-03
3.048567992686472810e-03
9.491880164685322736e-04
1.057768071137219108e-03
1.070989946190726606e-02
1.460925043610933295e-03
2.369825489125058048e-03
1.524892512540127658e-03
6.637013118570437957e-03
1.225741906321875215e-03
8.805713320164083131e-04
1.059140388306436566e-03
9.953202270156775826e-04
8.633826866285324551e-04
6.695571126712927465e-03
4.998044404304541333e-03
7.374227705505938734e-04
4.353088868188894657e-03
7.402968820345380606e-04
2.188719745501333837e-03
1.157651388327351387e-03
6.786626470827843323e-03
1.131313986655197975e-03
9.840229347617113730e-04
7.907685710352123712e-03
1.479051244187521222e-03
5.550590778599641568e-03
1.083102045232502272e-03
1.245873306979900039e-03
