9.944659110495556072e-04
9.971318853725641678e-04
9.979611788656500559e-04
9.973562607169302735e-04
9.961194321630891229e-04
9.934281054818777656e-04
9.993490621349517683e-04
9.853585706003436476e-04
9.884441159191095956e-04
9.925907080238030068e-04
9.916973951684115995e-04
9.808740262374476132e-04
9.964583893619443581e-04
9.965396890394672552e-04
9.967598359229992797e-04
9.974408897026154457e-04
9.953306080568281953e-04
9.587185877218553460e-04
9.680474123278848177e-04
9.975618422764817410e-04
9.723412202228145325e-04
9.962660545793002725e-04
9.594319444824173614e-04
9.968480640495424108e-04
9.943810955949678333e-04
9.953767155595517890e-04
9.935632727523541641e-04
9.982712817616426742e-04
9.953423415632422881e-04
9.956205972849250900e-04
9.975152505655535823e-04
9.968218770663632780e-04
9.959642404640549253e-04
9.949244940010600058e-04
9.954958219593993025e-04
9.955051235086057309e-04
9.879470593717283242e-04
9.975784937360416844e-04
9.970876808596232550e-04
9.871758925444418589e-04
9.860915448322727511e-04
9.951647561492538759e-04
9.999426670598710737e-04
9.894821928662410684e-04
9.977788081036620578e-04
9.820843541506365897e-04
9.889319694803152226e-04
9.998433641943103856e-04
9.965247735416547098e-04
9.937199235840765178e-04
9.990251569271257643e-04
9.919970790227760574e-04
9.994674359299789406e-04
9.933219745268677577e-04
9.999299254511131909e-04
9.996218305685620770e-04
9.920912107195479970e-04
9.995974849319911194e-04
9.918364713042433084e-04
9.852776296362046170e-04
9.977459788503885169e-04
9.991091967326522823e-04
9.831249781592722638e-04
9.978789628692049437e-04
9.990525360693603991e-04
9.953698659346530472e-04
9.962171712850310598e-04
9.993671213869785141e-04
9.950011550953995459e-04
9.583376316462138183e-04
9.964123979207695908e-04
9.966375961206997650e-04
9.943661026031661975e-04
9.928478743635930741e-04
9.977387242658508192e-04
9.982845029723379313e-04
9.869549179400683141e-04
9.925867822522251808e-04
9.668918980193197095e-04
9.984923612309068615e-04
9.939117503402041323e-04
9.997093095936609216e-04
9.997746271069251310e-04
9.995639770763690025e-04
9.996100118846943522e-04
9.770730504468584567e-04
9.984883033021508224e-04
9.944874124892483323e-04
9.969441065475017662e-04
9.868937425118100380e-04
9.919308883246339293e-04
9.945442892604588851e-04
9.976838384653029072e-04
9.710794298904962653e-04
9.949042058666854749e-04
9.952781559439546292e-04
9.949541627607971783e-04
9.925499778759602331e-04
9.948117691613159782e-04
9.949765561154005379e-04
9.999818837659311434e-04
9.642919322528331312e-04
9.916081913288517929e-04
9.740768503439575093e-04
9.997746794711500663e-04
9.957564612887172782e-04
9.758662548420138491e-04
9.946390806817269944e-04
9.988120744832530793e-04
9.698342840310794025e-04
9.988166514176529190e-04
9.977758241389851450e-04
9.990985460135322609e-04
9.969509279458845484e-04
9.936949199772396150e-04
9.961105121622170714e-04
9.947368821209378979e-04
9.965467891595301050e-04
9.964435123641932415e-04
9.993469721685764584e-04
9.952046216264195770e-04
9.992987002623678668e-04
9.958260061420642906e-04
9.945564860084092542e-04
9.974433203444707692e-04
9.977080918310149427e-04
9.971505032121687987e-04
9.694468806361476645e-04
9.597969112805429526e-04
9.801215378759623332e-04
9.971089479192322795e-04
9.948093689811999055e-04
9.976606551577557776e-04
9.981085708188372312e-04
9.925044945528213938e-04
9.941859445858969909e-04
9.684082854742828055e-04
9.976045700371076030e-04
9.981508423681745117e-04
9.987022117534938292e-04
9.901373973476750370e-04
9.925905011599152252e-04
9.900139173694591337e-04
9.711266932475907335e-04
9.956299002997495099e-04
9.988502819848958485e-04
9.989606124718836654e-04
9.902349605052471627e-04
9.972848610438438382e-04
9.972157207493266215e-04
9.988197544712395723e-04
9.969817982121299393e-04
9.593616082835837054e-04
9.574990869983566544e-04
9.945971974377979408e-04
9.967285376195902328e-04
9.922890509788831557e-04
9.952578584829048156e-04
9.960509315382333299e-04
9.982555130601581360e-04
9.942682573580718941e-04
9.951103816613028272e-04
9.950099870924579426e-04
9.939981781248079327e-04
9.713711676570210320e-04
9.979789452473014980e-04
9.977475140374159317e-04
9.948645389700281477e-04
9.939656832853248879e-04
9.982483576651750116e-04
9.947974781038594096e-04
9.963715585307297146e-04
9.973591789666554769e-04
9.941003559753233687e-04
9.958859495868431413e-04
9.826837255745507829e-04
9.977479346292281778e-04
9.841200287856680801e-04
9.999520023717281634e-04
9.966912371010324539e-04
9.897466312970312589e-04
9.986614479083281287e-04
9.637391345963589300e-04
9.947072872612938016e-04
9.938132771258973916e-04
9.940257852407248171e-04
9.965571339350263926e-04
9.985550662735646898e-04
9.996964247468327625e-04
9.956846540699324823e-04
9.927646535911965019e-04
9.916214889507273846e-04
9.938402308089881992e-04
9.883223950356576429e-04
9.916301886609591061e-04
9.950732235975939637e-04
9.998289140581205579e-04
9.902862790757099680e-04
9.965515113974916621e-04
9.948211103434590960e-04
9.713856915466650499e-04
9.962752230780306823e-04
9.958566039024289735e-04
9.930390162883001668e-04
9.959738176448149592e-04
9.934250921001012372e-04
9.733280067220830434e-04
9.936316822883666747e-04
9.943668987111690689e-04
9.903743906665948057e-04
9.940221396360301737e-04
9.998189674242949441e-04
9.914287602402990264e-04
9.985912594675102564e-04
9.999482245231538276e-04
9.703005860305753075e-04
9.920551940821966449e-04
9.923784815607733859e-04
9.946256903641511118e-04
9.986880921615220834e-04
9.975870439705104755e-04
9.998888471520164974e-04
9.961987693118447024e-04
9.999994819849217058e-04
9.928943597368659717e-04
9.946207336870456755e-04
9.952678117524037769e-04
9.965508476212695237e-04
9.962541001943576047e-04
9.980096456897683682e-04
9.958339164394289060e-04
9.934565731356810418e-04
9.992346153334856571e-04
9.964826590900400637e-04
9.595022023275891340e-04
9.979866850467879278e-04
9.932920245996634551e-04
9.947426195416396270e-04
9.949118393973669511e-04
9.948533647691679659e-04
9.950184691132990620e-04
9.931044326483202435e-04
9.924803316201135425e-04
9.832523915937199047e-04
9.983457474075588950e-04
9.707569360797951939e-04
9.996088813585901969e-04
9.933011526253201877e-04
9.889438390509380436e-04
9.999560784757944177e-04
9.991709831194499607e-04
9.946582526786866118e-04
9.946302776916104114e-04
9.921784373784453374e-04
9.651784302712778296e-04
9.945576240591514402e-04
9.917626490106908749e-04
9.947059508010305980e-04
9.953356231752639657e-04
9.942695115944960322e-04
9.924589823742360935e-04
9.988267977762937781e-04
9.956684561105793273e-04
9.960896238837147875e-04
9.941519690615705472e-04
9.927296142076315073e-04
9.970695915589166021e-04
9.776169896281365450e-04
9.999412764833137419e-04
9.972471285119171875e-04
9.954495727955937553e-04
9.991692274794398542e-04
9.974470615783769933e-04
9.923522955032225337e-04
9.989676679089439914e-04
9.992266387549959220e-04
9.936334681880454670e-04
9.947207482879905343e-04
9.874551717382164598e-04
9.798168165475696842e-04
9.965553674139509231e-04
9.946166341473221435e-04
9.950021625390189587e-04
9.947434563831781835e-04
9.921128649314605100e-04
9.971705515115624613e-04
9.744887851211239552e-04
9.982515396095169215e-04
9.965467843659546292e-04
9.929586077067282038e-04
9.989650295716772342e-04
9.931488575676008200e-04
9.958431613201984643e-04
9.984881546258120039e-04
9.724083231942825525e-04
9.968809566765137343e-04
9.936828839831638675e-04
9.925955675028905797e-04
9.902095185572259463e-04
9.998491332580178217e-04
9.955112228154819158e-04
9.943280824812968013e-04
9.998406701755241203e-04
9.969446604435859300e-04
9.940273452654707024e-04
9.976931165865440387e-04
9.681063303710864352e-04
9.890002196962402285e-04
9.752937064028911664e-04
9.929677304709081352e-04
9.932974172299096662e-04
9.837112552069317197e-04
9.991297872950775146e-04
9.987398030719468398e-04
9.627157218875161820e-04
9.814490023765539382e-04
9.921299463525594820e-04
9.964135970764646886e-04
9.976606766862650046e-04
9.630397595702229691e-04
9.937340737489121657e-04
9.632816099068026560e-04
9.888792573983053776e-04
9.990910135026359867e-04
9.881712566849037288e-04
9.956269557869757130e-04
9.943192523122427323e-04
9.956769045574274685e-04
9.941000588317733689e-04
9.996742246124235877e-04
9.984094586727282859e-04
9.731298170709271793e-04
9.748952174173458824e-04
9.970017059386150366e-04
9.966716869427634951e-04
9.958335496296857360e-04
9.832340493042030123e-04
9.942485447947740571e-04
9.970887998458847611e-04
9.535852851683398546e-04
9.956322196240225113e-04
9.936136477150920264e-04
9.575953378527635564e-04
9.785659829574379180e-04
9.978755860611495439e-04
9.839495441642074226e-04
9.972982090320483758e-04
9.960693029224657914e-04
9.965251540098192789e-04
9.963154374640818909e-04
9.997343583912372128e-04
9.968682408446312773e-04
9.927372239518881137e-04
9.939424344815009534e-04
9.937791594569029500e-04
9.972263429211315235e-04
9.932566940558048858e-04
9.968004659414908455e-04
9.913560435540181258e-04
9.887988219152710201e-04
9.987296120953091834e-04
9.976941922687644192e-04
9.992423912323306154e-04
9.928701204385298896e-04
9.984012247417795461e-04
9.976796281908305308e-04
9.587718022728533747e-04
9.993499026598419085e-04
9.915036698080184271e-04
9.884978651360149839e-04
9.941377064826583711e-04
9.754002591673780614e-04
9.945928344863455648e-04
9.956646838604698256e-04
9.962841375313509495e-04
9.917997391945040236e-04
9.686381716326786283e-04
9.982529544546969551e-04
9.942016370039802754e-04
9.740915089342826920e-04
9.744715339047587029e-04
9.989835396543474133e-04
9.964243986087235969e-04
9.945569336730964750e-04
9.938104411941169666e-04
9.923044914140620627e-04
9.998101288870972405e-04
9.944455647252076202e-04
9.985258241528166285e-04
9.691042022930469345e-04
9.983974086631482864e-04
9.959831729038769611e-04
9.564498381257630771e-04
9.932958898988639585e-04
9.971974684452799761e-04
9.976929505332628872e-04
9.986072200581575572e-04
9.921036641140099175e-04
9.980111289805396104e-04
9.959241298378770230e-04
9.997305877936194397e-04
9.963390494888734513e-04
9.969717689193801323e-04
9.981444837815188226e-04
9.996404026169868322e-04
9.942264265516218957e-04
9.937365381942463854e-04
9.939541363481515374e-04
9.782456722811601942e-04
9.872648507528718632e-04
9.973904748436981244e-04
9.999915581342349973e-04
9.762654164378738002e-04
9.687776976954042560e-04
9.949748053716389855e-04
9.968728600005724843e-04
9.956107646929028207e-04
9.953911307134671611e-04
9.992071882564792021e-04
9.896382735176648300e-04
9.958191358860469904e-04
9.996904906803898930e-04
9.940768792341503172e-04
9.941729356643591239e-04
9.827596372179892448e-04
9.892618059144653309e-04
9.984962635479354039e-04
9.992565093839096343e-04
9.961565845375218962e-04
9.997531053217234912e-04
9.994368886453465755e-04
9.999014330231358830e-04
9.981262358012864874e-04
9.549868275542382516e-04
9.635824340837198607e-04
9.984672831533285362e-04
9.966443186329538781e-04
9.962386133580654942e-04
9.997395549283234848e-04
9.904775398707557632e-04
9.921538229505813371e-04
9.955032990266294256e-04
9.953802584677844210e-04
9.688550303993985133e-04
9.730617558006670600e-04
9.998431507123319798e-04
9.728006536565741904e-04
9.992235871468697905e-04
9.930621965191317648e-04
9.955963460755517472e-04
9.943606568048031589e-04
9.963215043401821291e-04
9.963517276518534058e-04
9.965120290882608419e-04
9.939092245022419520e-04
9.959107106245995537e-04
9.947134487079871499e-04
9.993796458613701372e-04
9.981339327202309181e-04
9.931293122368192294e-04
9.987772369713368223e-04
9.945728627429070538e-04
9.994176178321687292e-04
9.998491903629323687e-04
9.748955039794523917e-04
9.968989466907435607e-04
9.906514369192498566e-04
9.914336435076973302e-04
9.960777882310569743e-04
9.966027600533677606e-04
9.987890975463856093e-04
9.986590306909457100e-04
9.768966066020005022e-04
9.995551926596764683e-04
9.801331779013201968e-04
9.977243532442953231e-04
9.667824614343680520e-04
9.994693311252582976e-04
9.943659480685690562e-04
9.962690665279874767e-04
9.931604889017225848e-04
9.960815666172199469e-04
9.998364424607377940e-04
9.993142256381204458e-04
9.968861311965369204e-04
9.975640350889244338e-04
9.951216471771500479e-04
9.993536032690327354e-04
9.984612820446846660e-04
9.980455452253062312e-04
9.827102342804660412e-04
9.980484058273149731e-04
9.937083765465266460e-04
9.992289884760659820e-04
9.980872439242622317e-04
9.939164181599752495e-04
9.758741281967864669e-04
9.989792097803320940e-04
9.948157894968826052e-04
9.989082145622201619e-04
9.936036737056305832e-04
9.989945664223558609e-04
9.994619357934530265e-04
9.996188995157122108e-04
9.939491036247138922e-04
9.986539003523538238e-04
9.966261893409021373e-04
9.882815698103815296e-04
9.960777468479775024e-04
9.990405922364821618e-04
9.979308036125898382e-04
9.989909449047798019e-04
9.941597960577580086e-04
9.937634078313948953e-04
9.648150380361737635e-04
9.955054685294021689e-04
9.595206946120109779e-04
9.528419318052619175e-04
9.683077192003059289e-04
9.610288895213791368e-04
9.918071777307306720e-04
9.973206277183643744e-04
9.782593901835993921e-04
9.983647340804028669e-04
9.837433752080404492e-04
9.916145522966359795e-04
9.988180013676233038e-04
9.835808258426270972e-04
9.955483411215680211e-04
9.997278668829492725e-04
9.960926021596854668e-04
9.617935562075397276e-04
9.980414103359712234e-04
9.964007197579428498e-04
9.981711464326057954e-04
9.611000063180115405e-04
9.938368438314219497e-04
9.935150233725145805e-04
9.700220332876762896e-04
9.735542125785680940e-04
9.894892598355106098e-04
9.959828023550778512e-04
9.981953015335250437e-04
9.990629673155484048e-04
9.941386434178032909e-04
9.929868451757021663e-04
9.968808698146524976e-04
9.967881978668045092e-04
9.831083904521462080e-04
9.892665510153691132e-04
9.980008952298652543e-04
9.695737929724715896e-04
9.953932321684793357e-04
9.954694882685936538e-04
9.991449622622904526e-04
9.666099551333539198e-04
9.976953071263363476e-04
9.994824751417138390e-04
9.869869910249494133e-04
9.952214519034869797e-04
9.991371336586967258e-04
9.979409135045067426e-04
9.962376567767884140e-04
9.997021838670937417e-04
9.995918835211609413e-04
9.984651844555396307e-04
9.997624957820050364e-04
9.814144315330110453e-04
9.922700420565264048e-04
9.983395097766774653e-04
9.936984436871882254e-04
9.983223283832533702e-04
9.948462642544279866e-04
9.728686595510045200e-04
9.623076181462342053e-04
9.935896624665952696e-04
9.942531895304790486e-04
9.926877757267867520e-04
9.974567623568272694e-04
9.941275012076494170e-04
9.942759584564281328e-04
9.763012438391319939e-04
9.976326181325894174e-04
9.937045270501793093e-04
9.972893703596602023e-04
9.978127886926201583e-04
9.894878233483229459e-04
9.961608477029103119e-04
9.977900826566516237e-04
9.927968984940048914e-04
9.812754391391091766e-04
9.907681192633333109e-04
9.952196361613558934e-04
9.959373256240907496e-04
9.941857687114058050e-04
9.924663224033405777e-04
9.828462088614182881e-04
9.913753073327348508e-04
9.978959551174585926e-04
9.997043262804591619e-04
9.519312346595439024e-04
9.972081248005506150e-04
9.931986456579848001e-04
9.825535550956482084e-04
9.964630410642118762e-04
9.971012012827079694e-04
9.987541438814622179e-04
9.861034029106342195e-04
9.957159847802966868e-04
9.975203469305552514e-04
9.975584400402979883e-04
9.581452677541276624e-04
9.964069157136028459e-04
9.943429646262656393e-04
9.974534155220877996e-04
9.781635267041412316e-04
9.950640561895444849e-04
9.952988158873834080e-04
9.990715270604775405e-04
9.781819626894830942e-04
9.965646569301629589e-04
9.974863096652746616e-04
9.945995975801091848e-04
9.995286557716363905e-04
9.999097126363123717e-04
9.948455386733035064e-04
9.962422835506955579e-04
9.984437286822006336e-04
9.989248409559578577e-04
9.993694181834871394e-04
9.977480402387035527e-04
9.721592541725704697e-04
9.921811685258171819e-04
9.924016238241489818e-04
9.997170104514552496e-04
9.805489338718248460e-04
9.928110095241244552e-04
9.783432627003816381e-04
9.950254325700863805e-04
9.574344138173245455e-04
9.962676220571101485e-04
9.745125334689949681e-04
9.906135133011346669e-04
9.946977513008324265e-04
9.956342360822394936e-04
9.976892056670406440e-04
9.990197909466168747e-04
9.672847318185721086e-04
9.965336908921908644e-04
9.921892191222065824e-04
9.987738316873879044e-04
9.963290686819991152e-04
9.736058495726756645e-04
9.908752075473458484e-04
9.953851852684419705e-04
9.938764619491519819e-04
9.945133808199376878e-04
9.937201454046239082e-04
9.969079864666100053e-04
9.974233436340817962e-04
9.945962414807810528e-04
9.564048709305925100e-04
9.713063252913659061e-04
9.960696889348859533e-04
9.978262805096849760e-04
9.947610076038958509e-04
9.948114524046033219e-04
9.932192866714752329e-04
9.983582083986429316e-04
9.961284274774336468e-04
9.965596914197449689e-04
9.955063511548345456e-04
9.982629246719628910e-04
9.950866064521825868e-04
9.637055104182577119e-04
9.718607476393645436e-04
9.983619687867048478e-04
9.653165729651387930e-04
9.977258657346164614e-04
9.953955080106951896e-04
9.984452437479911235e-04
9.663725545334174048e-04
9.879534975304952830e-04
9.981921138813014838e-04
9.993959871346391483e-04
9.714862864426264833e-04
9.615323807403514328e-04
9.652070961664235014e-04
9.949335065558518806e-04
9.990558997555213858e-04
9.933871081992460932e-04
9.977031431497270560e-04
9.943351777454896047e-04
9.951677634823601591e-04
9.997784915813867027e-04
9.995006584868032333e-04
9.795139212789387689e-04
9.989073233822153702e-04
9.981748987067863999e-04
9.692887392223264792e-04
9.939969490076533062e-04
9.992499549832899435e-04
9.994709554225177095e-04
9.981039264256128408e-04
9.946396974589270541e-04
9.926085793264018131e-04
9.763376170657311675e-04
9.978697567208480619e-04
9.971020035498359170e-04
9.959267524600398658e-04
9.944968529812315324e-04
9.927446843488640840e-04
9.923684223239184407e-04
9.627619104721234959e-04
9.955835236509060285e-04
9.978698713203337789e-04
9.998922508277843790e-04
9.945534693908937920e-04
9.974394674559128749e-04
9.930386217341176554e-04
9.944528787364473755e-04
9.857440262150901980e-04
9.956550641218092287e-04
9.678320746947182513e-04
9.993695968481233934e-04
9.983705696317783217e-04
9.995725205033112459e-04
9.940984767992525409e-04
9.978058339068754563e-04
9.962553162712998751e-04
9.882132850562808189e-04
9.979835674637511488e-04
9.979895729842140194e-04
9.988715014753154001e-04
9.987048311617028294e-04
9.971256083772634619e-04
9.989244394940847808e-04
9.719175222581183556e-04
9.934749016404314202e-04
9.925923787653372771e-04
9.696442178458739101e-04
9.574042540786899692e-04
9.985465773871737751e-04
9.960580420329983621e-04
9.931588846228711111e-04
9.990769280880699380e-04
9.984926156849820763e-04
9.949377757853879612e-04
9.951222071301554523e-04
9.995762338439113156e-04
9.925074385965211923e-04
9.935035977461511517e-04
9.916527079794866528e-04
9.957256135519987426e-04
9.922906020068190166e-04
9.971737140798363468e-04
9.994870339169316213e-04
9.996009422875995216e-04
9.868589616552258994e-04
9.708556676787064455e-04
9.651410071912694790e-04
9.984187757234269482e-04
9.958569118768670261e-04
9.592355989933375833e-04
9.951534103827968953e-04
9.949108723522070725e-04
9.628637620894577292e-04
9.934914400886152817e-04
9.977414786034569018e-04
9.944951987041305945e-04
9.949231158207275626e-04
9.996073320454493087e-04
9.977581192224934878e-04
9.966870827495650197e-04
9.825769018242248680e-04
9.981258197325052796e-04
9.970682276582850615e-04
9.979526180175417403e-04
9.898289096075256911e-04
9.975507041166602022e-04
9.999387718907725656e-04
9.999408471960873155e-04
9.919225885868983034e-04
9.925744477038045584e-04
9.967472610737479911e-04
9.989351603736222086e-04
9.595238602462171371e-04
9.936734643988551306e-04
9.955953643182890219e-04
9.977189353655769623e-04
9.998590883661939970e-04
9.968951426112674426e-04
9.977162174851876824e-04
9.945278361199023053e-04
9.944483119718487349e-04
9.973556218730457966e-04
9.757519170595971682e-04
9.840604716068901848e-04
9.687426106883648700e-04
9.942867753613918863e-04
9.963581404756635760e-04
9.968708586963871774e-04
9.995590057592645006e-04
9.599705294072696359e-04
9.968445985749350459e-04
9.967610520051990632e-04
9.946644210231743617e-04
9.982890195414566379e-04
9.951533789962850162e-04
9.914285888412326456e-04
9.976863148283561088e-04
9.664155389105540768e-04
9.670256174944022280e-04
9.727299443020505929e-04
9.949658747246438451e-04
9.966209422310778106e-04
9.723757851186220656e-04
9.994027643520739679e-04
9.940942854647213597e-04
9.955469325738067372e-04
9.982738165477749673e-04
9.924516653276728266e-04
9.969107497812290143e-04
9.996213740900291526e-04
9.926332359160839041e-04
9.947426485379415144e-04
9.972439583972605125e-04
9.968149149487013846e-04
9.950577742785700081e-04
9.910659891794238764e-04
9.965046518524290752e-04
9.888836648200374259e-04
9.987820433957287757e-04
9.990014329130053692e-04
9.945626491754705912e-04
9.974934339950054189e-04
9.939498125434592136e-04
9.973421284900012111e-04
9.993721928092343977e-04
9.969429520002228047e-04
9.931373830314119827e-04
9.931900577827817295e-04
9.958012608972473170e-04
9.966447065100280875e-04
9.951122607853685968e-04
9.996435951646815733e-04
9.982320948803771483e-04
9.976354318503224006e-04
9.983911350610736018e-04
9.932876330935908223e-04
9.943020263812705085e-04
9.643956131805483814e-04
9.929085334258297944e-04
9.979025542590934297e-04
9.838728501642129021e-04
9.960241602165807555e-04
9.968580143327847309e-04
9.966129241466439945e-04
9.944748113311378725e-04
9.986615947130475512e-04
9.963539819996397595e-04
9.979201398384049751e-04
9.929398013625396688e-04
9.865085181685157804e-04
9.921399803791445746e-04
9.932537189085183672e-04
9.981969938766960260e-04
9.897993940000352625e-04
9.963297714724787899e-04
9.940764551829761510e-04
9.944901605406018634e-04
9.971424535095906819e-04
9.881478230184860285e-04
9.976269647727648709e-04
9.991185366226337100e-04
9.964543084403081497e-04
9.993954172957571214e-04
9.998565244313602392e-04
9.867592334740044827e-04
9.952736580526619185e-04
9.976461739994800081e-04
9.954607468724723830e-04
9.943759257091215869e-04
9.959744761268748536e-04
9.931481688960814864e-04
9.960163260573516499e-04
9.902824154031585838e-04
9.979450869520521943e-04
9.964305626037790742e-04
9.939204223969112014e-04
9.938223246461473127e-04
9.652289740359230397e-04
9.969280284913353829e-04
9.943970443680380522e-04
9.990163364541281531e-04
9.963797225010122879e-04
9.992948197737349693e-04
9.971917210860987372e-04
9.928392075592021651e-04
9.957565946682150459e-04
9.968679911212202736e-04
9.944761018624711461e-04
9.840911752097382999e-04
9.951577674410577376e-04
9.935286348841129798e-04
9.940922354058333039e-04
9.786270887236672277e-04
9.844906648563669840e-04
9.947157566057747424e-04
9.955312867584158610e-04
9.971980044713587513e-04
9.952869059612061853e-04
9.751807133920639258e-04
9.938564295168342017e-04
9.970513980757599558e-04
9.938981802836625683e-04
9.690922833819799482e-04
9.953986632034845204e-04
9.902833170762296439e-04
9.871440319126486510e-04
9.947372501642017320e-04
9.907379561724942614e-04
9.938860270904466710e-04
9.924750251220347021e-04
9.974308604386921892e-04
9.947573679944196352e-04
9.959422175860206932e-04
9.986627697540790410e-04
9.984250787034897393e-04
9.979313702049240863e-04
9.972048395980967917e-04
9.944359697322516407e-04
9.754534538924860285e-04
9.985384468629478899e-04
9.990345177439757200e-04
9.986425362794705898e-04
9.979001099821257527e-04
9.946962121874219215e-04
9.954700858603225764e-04
9.939796506378559618e-04
9.980729287319047710e-04
9.899771457112498813e-04
9.962953688324139526e-04
9.918759691555526035e-04
9.964763697089906811e-04
9.971110317306662325e-04
9.871047321410844535e-04
9.952996511088838764e-04
9.936737239263104295e-04
9.763980044137361529e-04
9.728849973898742818e-04
9.563744312848592409e-04
9.855496976396737382e-04
9.947041464464919866e-04
9.943244616263252622e-04
9.686014409477737694e-04
9.732580579215313523e-04
9.972496269552953707e-04
9.998913798069609862e-04
9.929361652768740366e-04
9.566391401903198699e-04
9.949493547154141231e-04
9.996326335297263735e-04
9.813914570154132211e-04
9.982495236824700992e-04
9.956488785806897734e-04
9.943699764174305719e-04
9.939209221564286080e-04
9.896680707150299402e-04
9.871724490877443418e-04
9.946525460678664384e-04
9.954246333187095029e-04
9.947062349661009786e-04
9.989704426160990035e-04
9.957344977252562644e-04
9.851318553548147391e-04
9.970254880693539372e-04
9.937806627729093515e-04
9.922669275911810607e-04
9.947957980427179873e-04
9.908001581422046407e-04
9.976857563502629107e-04
9.993090299085659496e-04
9.951652876353698444e-04
9.938815476120837784e-04
9.977641141411725846e-04
9.669109696317190706e-04
9.994353835122440043e-04
9.880723279333655708e-04
9.985710915880691239e-04
9.994065899002347719e-04
9.575153311564619900e-04
9.906995581571936913e-04
9.948845402935723847e-04
9.968670365972235377e-04
9.834160528724199615e-04
9.970079882816492833e-04
9.986537304463942964e-04
9.932081195087611586e-04
9.942501876106504474e-04
