1.179665998186730635e-03
9.439367838588995927e-04
3.868017527189682604e-03
6.355271680318260938e-03
7.219265331843277567e-03
2.335043113104230163e-03
1.025386594582102613e-03
7.717647662667214727e-03
1.106448087776393252e-03
5.363020651776770169e-03
1.830382769000014247e-03
6.054035837688157701e-03
4.378758577353487891e-03
1.971748036198462360e-03
5.787358812789510434e-03
2.320767599395208436e-03
3.679362897039208796e-03
5.945075150273326087e-03
3.668209347370119180e-03
6.744762140959011457e-03
2.212412779677432832e-03
2.621017784863661267e-03
1.283528981873581064e-03
1.288858833992436673e-03
8.514683729355433141e-04
8.207760878345159768e-04
8.621852279500275733e-04
6.966801875494177052e-03
5.235901389507242702e-03
6.602088166104977743e-03
5.806633339853162386e-03
6.289649858377646327e-03
3.233136465949789339e-03
7.107009347597372829e-03
2.136129344262674423e-03
1.222978884072766816e-03
1.237213129685231982e-03
1.096968968028051413e-03
1.266655663721212100e-03
2.012135896016088547e-03
7.816580243915146817e-03
9.425314535083684784e-04
6.203534065117984053e-03
6.065521558021769351e-03
2.239139885792383686e-03
2.458086903818484416e-03
4.716731318024513023e-03
1.573939704299078587e-03
1.821291298748750620e-03
2.403997937339227668e-03
2.238553109190649908e-03
7.680755434867124996e-03
5.819693166868544938e-03
1.398769547536798680e-03
1.734800231703679130e-03
2.674339012913602015e-03
4.668479565107900263e-03
1.194404216541954762e-03
4.922702365680636967e-03
5.468807567482952131e-03
1.392734247106533658e-03
4.970458719754198597e-03
4.117772760697083895e-03
9.324703090103813241e-04
7.222868526856410405e-03
9.496290429093390707e-04
4.299992681032445592e-03
4.601556398311471181e-03
1.052078045494568093e-03
9.471422963522025361e-04
5.353786097782133220e-03
2.156726559488250736e-03
1.547786064801065552e-03
2.286026261568235417e-03
2.528785213364378223e-03
4.760471798393310291e-03
8.409687740234688975e-04
5.761753622476714805e-03
5.845401023494358438e-03
4.634998060250560166e-03
5.046662493762429751e-03
2.437741386157498118e-03
5.367203698899469626e-03
5.977914841704918408e-03
2.839456367030751896e-03
9.554301299577953443e-04
6.218622692049410872e-03
1.618138906366306095e-03
1.792552820305894599e-03
9.471603442082170013e-04
1.223807282948405090e-03
7.947957466542870594e-03
8.735238658575541311e-04
5.728670547876693608e-03
2.033170965606747281e-03
2.116161233109876104e-03
1.808185867337465435e-03
5.033358090364957634e-03
2.604985475875420866e-03
1.228788926300200144e-03
8.232913265426774216e-04
2.334993713685628441e-03
2.348549126003161153e-03
2.235365011276492769e-03
2.699576469682158156e-03
5.965018532671613298e-03
7.550915670658680558e-03
5.595593074648685071e-03
5.590675772052968243e-03
2.299482187184426641e-03
1.637162898705677751e-03
3.146459361588173353e-03
5.202910053890820452e-03
8.496543809006653182e-04
5.665858744098843484e-03
4.711173409145649575e-03
4.842440133064005933e-03
2.726650939730170149e-03
9.450925497503534457e-04
5.475943810284748629e-03
4.297563583168478689e-03
1.167932211498299774e-03
3.470194193656227569e-03
1.881843751018846735e-03
1.979737103220569321e-03
4.043033651211257358e-03
5.286888614488727267e-03
1.729730452699393449e-03
1.867596859232922889e-03
4.189961192019466159e-03
4.234955363174248803e-03
2.500626611458510711e-03
8.801441105382733264e-04
7.822415433578745053e-03
1.176251639035104032e-03
1.234912876759467230e-03
2.530003482522673146e-03
1.714911471533588170e-03
4.192128831040178340e-03
4.157528325647807076e-03
1.862138831013440948e-03
6.703286574633231763e-03
3.773588242006865098e-03
3.770011136338455044e-03
1.968737822106396331e-03
1.452686242320517509e-03
5.462831117196161219e-03
8.023050867317357360e-04
2.379530562070024131e-03
2.441289419049413358e-03
1.384958619280391443e-03
2.540057188246046000e-03
6.993722443809978311e-03
4.278207392066142589e-03
5.254898939531084910e-03
2.894491993464047043e-03
1.021505117905070498e-03
5.366490614180445887e-03
1.952190311224579009e-03
6.114894164632650453e-03
1.255429654291260241e-03
6.290994517330792193e-03
1.998312100512448109e-03
3.840021673281930094e-03
1.071439218947166806e-03
2.287540801942849165e-03
3.478916447357099581e-03
1.418560271236264918e-03
7.319931869858669476e-03
5.977999155750039935e-03
5.319470482976632400e-03
7.867239815244208775e-03
5.273217743930913581e-03
5.577827574148930267e-03
7.051369700752447428e-03
4.542937935186838923e-03
3.093599571297199913e-03
8.310304722882580529e-04
6.507675587996327067e-03
6.793805835630810190e-03
2.979597470622364491e-03
6.717450470827992723e-03
5.824211032761394437e-03
1.323361063538954158e-03
4.859222262145841340e-03
5.533479703721593153e-03
2.210819406627967561e-03
1.307664321125322779e-03
1.580601203588884087e-03
8.072994938474386747e-03
1.459857883005760909e-03
3.184082168251744106e-03
1.188204025829393308e-03
1.589036985720061615e-03
1.151109986702435455e-03
1.881129667951491474e-03
2.342370738600955005e-03
6.472274909942947463e-03
1.086584611120481074e-03
2.090258938018169001e-03
2.483969512224483683e-03
5.126176705016168358e-03
2.148475352487376477e-03
3.596511927978471562e-03
4.346100922264324248e-03
4.750588238966067453e-03
1.704230656539663068e-03
5.796545135078003640e-03
2.066446226359723061e-03
6.035639225580088224e-03
6.001351774323358292e-03
7.556142315501822651e-03
6.149949992576499332e-03
2.259601117318541571e-03
6.530222614409880201e-03
4.932952833069942887e-03
1.144998992335356834e-03
5.833520881870778683e-03
5.408335023081428487e-03
3.940108161365118641e-03
6.076662882832777404e-03
5.979572401494561394e-03
1.229366961801043288e-03
1.972996278461302058e-03
4.473811620067362320e-03
3.750502646853730911e-03
4.857421655154723662e-03
4.450977877232349320e-03
6.089018860715866496e-03
1.548221903180430417e-03
3.892128937545814762e-03
2.053612881424081091e-03
7.654508650888939073e-03
2.671579619658745203e-03
1.210020907886978289e-03
8.320683641162492398e-04
2.367501412879744437e-03
4.533621715370490975e-03
2.562387775325441173e-03
2.362688307682587682e-03
8.700739407233990972e-04
4.627922391061400735e-03
1.545027134421996786e-03
3.966548218805882563e-03
4.766246190034050152e-03
1.662986569816429479e-03
6.359109388234688263e-03
6.624998800609796339e-03
1.119913521634763537e-03
4.061342608392123910e-03
2.220895622593933947e-03
7.710125830115530966e-03
5.628440880234643166e-03
3.179297375329411413e-03
5.642273202280682388e-03
9.162899989524209273e-04
2.123446128039341036e-03
5.968372597786402410e-03
1.880331846192727059e-03
2.745771145521995645e-03
5.596612082037141778e-03
5.376078674993960312e-03
4.359043425497018641e-03
3.406410956855601170e-03
3.525751644389310720e-03
5.956977639736594880e-03
5.336610880009544713e-03
3.886372593536459048e-03
6.754409368321708483e-03
1.007549227493525481e-03
1.106402820327172330e-03
1.568842511543653119e-03
6.086445525074591668e-03
3.688568562937573000e-03
8.919023652358658294e-04
9.405093926408644462e-04
2.033113264115206723e-03
1.226773849861558527e-03
8.068825627229338736e-04
1.776333333018696552e-03
5.874556718291533419e-03
5.028215941373873760e-03
1.976345646026324461e-03
6.426177387139029099e-03
1.498887230675267695e-03
4.305326076769331288e-03
1.126914036942110739e-03
6.051446179897234517e-03
2.222172187643561402e-03
1.872296840121726817e-03
2.198978900721804304e-03
1.581536139980280978e-03
5.981616512910027314e-03
5.502992898472105696e-03
6.835417196194596909e-03
3.948547571002356676e-03
5.190320631071699241e-03
1.892972314738593405e-03
2.431546045648627381e-03
4.964509930885579320e-03
6.294807055702404848e-03
1.941966344802005138e-03
2.313913927372079644e-03
5.175887588500791177e-03
5.148905455251212224e-03
9.705379617201198225e-04
4.172763518447782441e-03
4.345691206497172276e-03
1.241534837090076376e-03
6.244792494178716923e-03
3.075581342917070582e-03
7.486526504677465908e-03
6.404875608019695334e-03
6.710677760043527208e-03
5.110033772769357989e-03
1.386164489439779823e-02
3.936320762342869484e-03
2.072466391113266145e-03
2.892812284556025692e-03
9.343675564268887979e-04
7.321952525649641497e-03
5.682617654554128830e-03
1.905357069814084519e-03
1.894127596251867331e-03
5.174440843558416464e-03
2.680866090362872631e-03
6.050617620711891062e-03
5.316065146408957900e-03
1.027884936585425060e-03
1.652166405810824665e-03
1.700695565111601292e-03
1.879984531929395188e-03
2.077293191886927376e-03
3.736483666617445350e-03
1.713791910423612033e-03
5.721501608270450866e-03
7.732629269421954776e-03
6.099667146268287869e-03
2.329021864821733453e-03
3.778503285724815666e-03
3.940800059408763878e-03
6.822368579851961247e-03
2.682790070881384097e-03
2.941634809251242669e-03
2.783539957911877662e-03
9.027532034167819620e-04
4.274646558932384752e-03
4.540000598812938236e-03
5.478944408140084578e-03
5.297525151558686585e-03
3.150409677890411621e-03
4.640583317736958480e-03
1.784396914357316366e-03
1.159004035132123059e-03
3.507999910735480013e-03
9.597592793546004574e-04
4.393619331371622500e-03
5.348872425739978169e-03
6.713485143445239132e-03
6.268206048127727623e-03
5.857557435702986058e-03
4.671335334458688593e-03
8.269397811712177237e-04
4.813045888830464261e-03
1.023329459417593500e-03
6.466832969483490498e-03
6.676020371449840896e-03
4.710207137592962306e-03
1.125043818631439813e-03
5.722386544800270314e-03
2.549609326592999162e-03
3.278966537040501825e-03
4.516597560292435511e-03
4.665376117785804272e-03
6.661487853426315518e-03
2.440594311733561630e-03
1.412880319819621346e-03
1.818610501297177398e-03
6.666287069463911093e-03
3.152937574766488497e-03
2.200261931444710654e-03
4.780385622523917674e-03
7.684101804991662343e-03
6.293114446054480504e-03
1.163251054305349192e-03
1.511275043728589184e-03
2.022617303278460930e-03
1.190324458415531646e-03
3.268208900296837825e-03
5.847749348237636820e-03
6.658808140727136109e-03
4.282495841330778361e-03
2.239551814547774498e-03
3.719946804642577411e-03
2.521575139613746637e-03
2.056097032854463293e-03
6.187065757162803215e-03
5.255566027345780732e-03
4.393545929283237603e-03
1.125200134485313105e-03
6.229647485800321460e-03
5.082214515661017187e-03
9.955574504529822021e-04
3.392038228679854564e-03
2.164189181743424086e-03
1.886357611557520084e-03
5.228634881852489702e-03
2.924871254270434897e-03
4.553919896640706150e-03
1.134755421599957081e-03
1.405069977208955141e-03
6.377990243416990605e-03
7.721980319578785126e-03
2.644858387464081584e-03
7.138951828989860415e-03
1.139683709272167099e-03
2.609766575075381321e-03
4.302663790229807779e-03
6.132975204599772599e-03
4.760874093994374792e-03
5.700183460103488454e-03
6.087617742904214736e-03
2.687631443237586178e-03
1.389251811758019078e-03
5.050681847449781797e-03
5.374764507614480588e-03
1.850538418081247669e-03
1.978042025312721705e-03
4.741800534161540528e-03
6.045785770821622378e-03
1.682508251728922523e-03
7.447675940689050048e-03
1.532011168473297168e-03
2.551804463296133193e-03
6.042883856347085886e-03
3.834304649891942529e-03
4.652034872726621209e-03
1.676100193561908067e-03
4.933634861194745834e-03
6.279156265579734567e-03
6.085569089745727217e-03
7.199573378776711295e-03
2.668548185360409934e-03
4.943718404680546609e-03
9.660779621668524582e-04
1.865910939826216338e-03
2.032449379644379276e-03
5.535952994057456375e-03
3.810910195410677475e-03
3.162952286355504104e-03
7.341470658877888127e-03
6.445519730980257475e-03
1.492604196165800423e-03
2.477950767372691897e-03
1.657257635873006030e-03
1.012060310763694898e-03
5.498285312073940799e-03
1.139371254410465051e-03
5.897001243525123483e-03
2.242464065623863117e-03
3.882644734412269479e-03
2.109713552659893149e-03
4.968974258307744252e-03
6.544311047918150055e-03
4.623997511212890946e-03
2.227335007446283599e-03
1.570359952336403218e-03
5.404233664004483816e-03
3.860103810031530712e-03
6.067760820490974809e-03
2.342239349853429946e-03
5.502996162206934966e-03
4.102445432229352706e-03
7.006786084260085978e-03
6.465231687391648913e-03
8.793665217866393101e-04
4.559909657772974988e-03
7.457671366296812245e-03
5.473544364161117386e-03
5.149931524869546216e-03
3.498454779229004906e-03
1.499051973274660894e-03
1.072025908483992566e-03
3.978507616902582020e-03
8.639451657904356026e-04
6.985616413121736520e-03
3.675299195138446561e-03
1.934558084510049417e-03
6.162803164178058853e-03
1.351182351874070063e-03
6.675277722978375378e-03
3.859014914644942271e-03
5.578926053318204563e-03
6.693306885307226395e-03
5.884731423209800354e-03
5.875542091437847836e-03
6.189932441278641652e-03
3.472056404323127770e-03
3.532029750664585077e-03
5.325226666419629294e-03
1.140757636480001355e-03
4.964325680513183466e-03
4.677967953278356315e-03
1.546895047803254148e-03
4.750843459536606937e-03
2.110785680782660285e-03
6.439413308681849780e-03
8.331914928646510544e-04
7.600114439926162167e-03
4.859828506933450143e-03
3.013533208592460242e-03
3.455748170455440367e-03
3.357747759869435505e-03
4.939134458158102141e-03
5.024370484764692155e-03
4.859260323195683552e-03
3.992129461070979650e-03
5.754964361259230429e-03
2.359005844750907636e-03
2.195168698845911207e-03
8.562584037741693055e-04
1.017904465816247802e-03
3.801316736035760882e-03
8.876490521848799100e-04
3.612757437685185698e-03
2.421519700501510979e-03
6.435273855255595546e-03
5.397807711640615486e-03
6.054859420753752261e-03
4.564841510761951868e-03
4.059346315280174498e-03
3.525675716480693601e-03
6.033702693608194480e-03
2.050299797465621535e-03
5.053594212592118183e-03
1.459180448900794600e-03
4.909063178893400929e-03
6.263741294623991623e-03
5.547325049071495651e-03
6.628423405967430286e-03
5.122077967812273085e-03
6.687793141539979426e-03
5.339405905470606672e-03
1.725586281997970638e-03
1.920649548427227861e-03
5.741948109998355233e-03
1.891009564613506258e-03
2.023833189700349668e-03
5.815289015628323684e-03
5.562810472239255143e-03
3.130368224096453326e-03
3.034717866059213204e-03
1.110608074783494626e-03
2.492117008931434442e-03
2.775595881824037461e-03
3.898409939696103731e-03
6.701275078884665753e-03
9.517822798955574443e-04
5.549908415569425324e-03
2.367710093508073980e-03
2.913088556556348626e-03
8.054404021342120162e-03
2.770421258659589749e-03
3.546713455938176052e-03
1.140301640015284508e-03
1.534842723721500067e-03
7.803494478135184452e-03
6.640880435306633668e-03
4.904520677664342063e-03
1.257967025690699377e-03
2.318046052633904435e-03
5.156615418017750432e-03
5.195284310089160612e-03
5.175672831719017528e-03
1.839037994470565322e-03
1.203040288676121257e-03
9.425850291468844660e-04
1.690661454071807268e-03
1.886132827498846788e-03
6.279631054896120564e-03
4.385964176851863891e-03
1.241945318651476457e-03
5.471541444385156182e-03
4.639685100442998700e-03
1.167038881282085779e-02
3.764785816646333983e-03
1.928496857202987658e-03
9.319811604318798239e-04
1.240342524494977795e-03
6.277646932287833312e-03
3.329626059815809884e-03
2.771859120113703487e-03
1.187250802249808015e-02
2.641808441454566742e-03
2.526115448947874320e-03
6.046968900668652294e-03
5.547087511945270923e-03
5.428787607906281759e-03
1.355409213254853140e-03
1.023889617990745432e-03
4.353935729143244664e-03
7.118425977231951016e-03
2.591222261672287367e-03
2.085575977571013390e-03
1.099277386270892075e-03
9.126372512919781084e-04
3.318615283515434240e-03
4.718625473422523135e-03
2.174195195395264065e-03
3.979379139138273722e-03
5.993794268855083367e-03
2.306631749893630658e-03
1.531600102353828036e-03
5.644265004057145985e-03
3.603746286668054431e-03
9.991950532237353459e-04
2.358171730714582644e-03
6.844773416908423759e-03
1.010033800218912859e-03
7.224535164117879688e-03
7.103832104191257213e-03
5.003310055367255448e-03
5.887635349054675359e-03
2.530406143965294782e-03
8.405285371682649472e-04
2.985017201437997758e-03
8.948154698548277646e-04
6.308483061364628802e-03
1.075726953326362452e-03
4.912795113783248631e-03
4.802439719359796050e-03
3.342494984134122826e-03
5.664739056085256463e-03
5.143835473271769244e-03
4.736555068645171077e-03
5.146717029638198451e-03
1.039024794006802085e-03
9.916889260762650534e-04
6.622258950029271188e-03
2.290769253936420294e-03
6.329743610962638642e-03
1.579959952210474887e-03
5.383213240061970710e-03
8.170379528876291035e-04
5.741967413006084792e-03
2.625675845062717343e-03
4.821938962685065784e-03
2.277250074483664222e-03
4.580185295939921512e-03
6.186308180065339980e-03
7.537149994518464909e-03
1.489509644487980317e-03
6.121142775684857915e-03
5.382351241752014737e-03
2.170229341613610311e-03
4.327841216514852728e-03
4.936428172368802908e-03
9.060936620039406657e-04
2.468975605950215774e-03
5.990615806062161812e-03
3.325064319764960141e-03
6.291956123045015607e-03
9.153259716756351715e-04
4.854987698903691709e-03
1.214261089425661003e-03
1.416150429551120285e-03
1.605115580833283654e-03
6.478368288660691678e-03
3.246357627838312217e-03
6.388343504906976791e-03
9.290269233261369075e-04
1.685098750421795992e-03
1.027452403688683923e-03
3.948172765678171700e-03
2.010479868431800342e-03
3.546832204191727959e-03
2.631965623829113799e-03
3.751372525335767288e-03
3.808217338620142368e-03
2.091481073484642919e-03
1.572909090774211004e-03
6.358867147191807172e-03
1.506043996611246966e-03
2.026876763655447843e-03
1.802717940649288834e-03
4.902330760080016170e-03
6.474211297431319706e-03
2.067155631500019151e-03
3.602407083646768076e-03
3.947621249170122151e-03
4.175622987111446763e-03
4.185779673748709316e-03
6.954839051655254713e-03
1.344199985805000696e-03
1.880982382228896981e-03
3.734785690071333857e-03
2.913301347948407585e-03
7.596531389308291450e-03
1.096532641428887541e-03
4.556375167151330632e-03
6.977203857899057747e-03
4.924943330657616074e-03
4.267712179668742452e-03
4.316342675862616662e-03
4.855780032896141185e-03
4.154867016261005151e-03
4.901321665305889523e-03
6.148884924928261012e-03
1.963934438349861263e-03
3.349920208615109717e-03
6.044982632559753669e-03
3.477395406833810876e-03
3.421172558662875611e-03
2.145120195796828329e-03
6.039166396218583442e-03
2.299854164200216405e-03
1.175058996643084342e-03
4.616832673014279256e-03
5.284148586919132883e-03
9.670688980032571139e-04
1.285377488386741512e-03
3.631976539853907972e-03
4.282902062898575994e-03
5.826221259371022407e-03
4.226087656020565894e-03
9.754885791737457961e-04
2.203556680849221797e-03
2.341853556474568325e-03
4.052783232078248019e-03
1.578010753008851153e-03
1.341228085417720288e-03
3.792097500664866686e-03
2.254669755769577507e-03
1.228994732823176670e-03
2.726591606424156114e-03
9.245933255190606293e-04
1.949854477234312178e-03
1.389514834494499657e-03
5.389437030295453172e-03
2.271830243842828598e-03
2.006073682182737093e-03
2.469330064471054846e-03
6.187456954460169786e-03
6.555484223951091489e-03
3.705274374049946119e-03
5.073760762605772009e-03
5.610755995076854505e-03
2.346389749517120184e-03
3.587806952329053098e-03
8.264296028894719051e-04
3.326131113403587268e-03
5.046055827057353838e-03
1.796144312905463211e-03
2.336566340272997703e-03
9.345683432087889585e-04
6.065525282694926926e-03
7.437987603110414979e-03
8.841639827982974813e-04
2.752197787403100684e-03
2.587643009094971452e-03
1.027686081162045278e-03
3.011436695678256902e-03
2.025597455050906319e-03
3.990467384202005426e-03
2.226131627533467581e-03
5.589582815095830298e-03
5.627281186812565020e-03
1.710080603281258389e-03
6.188908960744116117e-03
2.102994136161655692e-03
4.921125293251194313e-03
1.696093838352065149e-03
2.115940167630867268e-03
4.854993843227705698e-03
6.140867509172076404e-03
2.689002634046817886e-03
3.874123149675005179e-03
4.230205581780381585e-03
4.192427740108502568e-03
4.751492035631209310e-03
6.137781462801217627e-03
4.105080185191055733e-03
4.817582036016307932e-03
4.492586370258561460e-03
4.885581553622231343e-03
6.566297447478349099e-03
8.830330847182134291e-04
5.946473062206547935e-03
2.030864074278711500e-03
4.462882962157342995e-03
2.735308299743237706e-03
1.545017413846594021e-03
5.898262583460929347e-03
6.431420914326003990e-03
5.749892418884216747e-03
1.332026096625591686e-03
6.177401926324804088e-03
5.973879017147158341e-03
5.335666728892698996e-03
1.912080763434012651e-03
1.562015743077887564e-03
9.799502523150072607e-04
2.171937274202894851e-03
4.222917695766617574e-03
2.590106884184775315e-03
2.800777714364870597e-03
5.075712416937721780e-03
1.671446154205061523e-03
4.189614903216480266e-03
4.050666759831623477e-03
3.822347269621626485e-03
6.469377307644658126e-03
3.279062913574480511e-03
4.529724731268678153e-03
5.272834911977659737e-03
3.123924182749842314e-03
1.793351790722176424e-03
4.849538411391666852e-03
4.430964500381466206e-03
5.631569960841928055e-03
6.086782798189788353e-03
4.210938143994474338e-03
7.413319242903346554e-03
3.168175619673411613e-03
6.152741707835680460e-03
2.847409335017920921e-03
4.047596263781675849e-03
6.699577389877581571e-03
2.786596631932136952e-03
1.692198528293440470e-03
5.382262154274077524e-03
3.973341731840092893e-03
1.003519561043475592e-03
3.878004639076725133e-03
1.276435242329542526e-03
3.862406766865905498e-03
2.391368803171562731e-03
8.812811788024761152e-04
3.034687857085536546e-03
5.262949390908612177e-03
1.407234549316647987e-03
1.148113075177982631e-03
1.606674813036318601e-03
4.568139316291441529e-03
1.713056203709381088e-03
3.128141410285016112e-03
4.562720424206553708e-03
6.575887622776125686e-03
2.031409726079171692e-03
1.753996286560601057e-03
3.330328501280978987e-03
5.768642604321938885e-03
3.646658306035113154e-03
8.694464664164703975e-04
4.881014055196338311e-03
3.262175539927426957e-03
3.447543094197650076e-03
2.415813668781829123e-03
4.589502615226557711e-03
3.368427757457356179e-03
5.694614801456982997e-03
1.920214707087311177e-03
6.643205998240871157e-03
1.361378950650157880e-03
4.207477342528068674e-03
6.709826315047746036e-03
1.521759918560322772e-03
2.152600234723605743e-03
7.276441298383480930e-03
2.252037465125894099e-03
3.542185151726036027e-03
7.391743707342838914e-03
1.406355144247086689e-03
3.513992575461452432e-03
1.600537037306267417e-03
8.832740037615457356e-04
5.988301279705190126e-03
5.566149473110570955e-03
2.159405078126735641e-03
1.262605896024238941e-03
1.713885223894705354e-03
4.896785571697274443e-03
5.971233685614897591e-03
5.683287935380101040e-03
2.482300112533124097e-03
9.758214500203855196e-04
4.567098387741016716e-03
3.845021011737875978e-03
3.755370877141566473e-03
6.187267993312356613e-03
3.898835569948818844e-03
1.719016486950905673e-03
4.076905251144315873e-03
4.080432508145217033e-03
8.980668116476757086e-04
3.970436376699131020e-03
4.997738002835290863e-03
5.448314628850790126e-03
2.966657035807195031e-03
1.464886076884747796e-03
1.820074049103719005e-03
7.016607586935581092e-03
4.589490312854152196e-03
5.543520072072339981e-03
4.444154578495273893e-03
6.462919565507209765e-03
3.205037874254053690e-03
1.149552097135622328e-03
5.086081114703651200e-03
3.999669864616288255e-03
5.384571166112605764e-03
2.343559714772238192e-03
1.489345840917246852e-03
5.773047894899754028e-03
4.932733497396926507e-03
3.988281288434766293e-03
1.967042920977198593e-03
6.428806566054384372e-03
4.617118128316325364e-03
1.201596761397139435e-03
7.477615886281254072e-03
6.049285236146942010e-03
5.361523406959877239e-03
1.672331835045778826e-03
1.654710213164189416e-03
9.573160460219623307e-04
9.674096391112322734e-04
5.599330216307639788e-03
1.276798987075239032e-03
7.356058923262809475e-03
3.431392261002817572e-03
6.008386556012618868e-03
1.813058118925971489e-03
4.901226588506217563e-03
4.295892582617792492e-03
4.491641768677394515e-03
1.259946158032814552e-03
5.245607347609334767e-03
3.064834845664937604e-03
2.773852813028874521e-03
6.806703132436695176e-03
4.492013865631851351e-03
5.205593408073021233e-03
3.263688883929081238e-03
6.654082334732166863e-03
6.241211323357454509e-03
6.483551792792239567e-03
3.727874589228676646e-03
5.585444076482763871e-03
5.982651969935931340e-03
4.948924223824939864e-03
5.297077225278092050e-03
1.213188817128285201e-03
4.363982885896344754e-03
1.916033100406536963e-03
3.918176956799660979e-03
2.507253128702800239e-03
6.612062547686505670e-03
5.042408684088393531e-03
2.216142175625570015e-03
8.252778011692469586e-04
4.756329836635629811e-03
2.241076007440982124e-03
7.018442051626335755e-03
5.111410316154887251e-03
2.165279728548867057e-03
2.548744764260323786e-03
4.224630546220094381e-03
3.977754613881921870e-03
8.453289687942517521e-04
5.321877886174583398e-03
4.652108639545305888e-03
2.845573474529493937e-03
2.925496355814531570e-03
1.442128755598585206e-03
1.520853631204329435e-03
1.092174198068340167e-03
5.878223733569705109e-03
2.508994689310193628e-03
5.715296945638150168e-03
4.512418713508182903e-03
6.483241251628161714e-03
1.570902556787124107e-03
2.005845169056904350e-03
6.376547316319933559e-03
3.804029059895046826e-03
6.454205760738714395e-03
1.287027630728261119e-03
5.574932375751325345e-03
3.757486150734324747e-03
5.490924461624769118e-03
7.109140334071296571e-03
2.700345065285018106e-03
2.161885430779563605e-03
3.195620394547783912e-03
2.715364757421887421e-03
4.093021942605200129e-03
1.269566196578084507e-03
5.854174899065826311e-03
6.211906814094459058e-03
1.344425614148568810e-03
7.704629658902943656e-03
2.109342195582800551e-03
5.854133141437154603e-03
6.245029894603560533e-03
6.669923573266908247e-03
5.009977675976975443e-03
1.501091591640210101e-03
5.489929719195469834e-03
3.619058322715279497e-03
2.255608170271237306e-03
1.701211115906489050e-03
3.791103767800852072e-03
3.054017171171118962e-03
9.205410213381414125e-04
2.576124937538990401e-03
5.485539535814774707e-03
6.133428532238043365e-03
5.286220584163203381e-03
6.411309127444523269e-03
4.149360183291778831e-03
6.607981941458818641e-03
2.368955104344775721e-03
2.440974322887486982e-03
2.569579936116577271e-03
6.291250903538016075e-03
3.868796066291233654e-03
4.714786419791268043e-03
1.079992567557174323e-03
3.411431202910692947e-03
1.196137925627617201e-03
3.912296746091616442e-03
3.145713431459695730e-03
7.366049872130986734e-03
1.068959317025867115e-03
6.055808901280725597e-03
4.848316973685018981e-03
2.621682665889945793e-03
2.619912247537221905e-03
6.948310790168269434e-03
4.387378666385046908e-03
1.051164059618626707e-03
2.007821065956392169e-03
2.176196958132012131e-03
6.360743187049024139e-03
5.252721363092241295e-03
6.364384943999580602e-03
1.124285943561297713e-03
5.805060485550387998e-03
1.831001573660804259e-03
7.430313818501064690e-03
1.725019169436404955e-03
2.091416742365766104e-03
2.338596502650188910e-03
3.911487601742606214e-03
6.008453516883012491e-03
4.643552649990499367e-03
1.549234816914286245e-03
4.040751351677751568e-03
1.458458979624797014e-03
1.096169842959005252e-03
5.429876160258077789e-03
1.053543713412586269e-03
1.039600193354854162e-03
6.158999822407592618e-03
1.640699493465075029e-03
1.403635819908027188e-03
1.198671497860773552e-03
6.040692481084493706e-03
5.959124260488044868e-03
9.899764245201987754e-04
2.067005559760455233e-03
2.188479833422699895e-03
5.489497248687883954e-03
5.108340460652511204e-03
3.840902690233255305e-03
1.802943970599322479e-03
1.149335544722620336e-03
5.596778457625325824e-03
5.104629538344698098e-03
6.044303485441354651e-03
3.014970325979070623e-03
4.706811378628203424e-03
6.068661617872174799e-03
1.178964458785679379e-03
8.518131138997541959e-04
1.911012973713237771e-03
3.695601732052503433e-03
4.843298972539413806e-03
7.433796708254954144e-03
5.104046600142153091e-03
1.731317886224232900e-03
1.426916810906820286e-03
3.197156871694282337e-03
5.465323238422106940e-03
4.789424461512293250e-03
1.470880962186067948e-03
7.478420799527705706e-03
2.011921379808782363e-03
6.200055427639393837e-03
5.202423334855548094e-03
4.710175181142761854e-03
5.578557029392537496e-03
1.043294403950822827e-03
1.802692659112377143e-03
4.790836037902468196e-03
1.488371142571633370e-03
7.566650718356010379e-03
3.383040567635416888e-03
3.094423084104628002e-03
1.686479967274422944e-03
4.750273455749432286e-03
4.094526822476330340e-03
1.814935197268940491e-03
2.193451492197925554e-03
4.936321370401174601e-03
1.585566417866961144e-03
2.419111945285064031e-03
7.545418188391223545e-03
7.129464032379620106e-03
1.456855063952642399e-03
7.393768284884185901e-03
1.924527319437804211e-03
2.335721464777836681e-03
5.520780240654207804e-03
1.750566463609071113e-03
5.227297904409624989e-03
5.287828805126684566e-03
2.535031501386772468e-03
5.097914597585555090e-03
1.608177504480779547e-03
1.731901902865372843e-03
2.038998404575468378e-03
5.236725149503550399e-03
2.648599855120997194e-03
4.899630603851724137e-03
1.195888342822437091e-03
8.731144578504649277e-04
5.759676020616701086e-03
6.186988430022744880e-03
8.896246054395942843e-04
5.788192514754701701e-03
4.823049423189252130e-03
4.505458236131619845e-03
4.163036350732140546e-03
6.003394961375124912e-03
4.446648723222193164e-03
7.148216580136601724e-03
5.621745374593054533e-03
9.176993474969005141e-04
6.777274238876177317e-03
5.591416706026083178e-03
1.942193424323560274e-03
9.246129233423678456e-04
5.098818863663041878e-03
6.987408497173228442e-03
1.834243127523368542e-03
2.476625689059043425e-03
4.011862270290117265e-03
1.004083249949586001e-03
4.509503334828162367e-03
5.137629725104559189e-03
1.209811753526667585e-03
2.076476539327923743e-03
8.828662313194612530e-04
1.289265042168175361e-03
1.255541477615526981e-03
5.802301747344648999e-03
2.633635196563957007e-03
4.952872375982728982e-03
4.447437225134688935e-03
8.639702139176329938e-04
2.188814319304331537e-03
3.493854756814651543e-03
6.930805446623835957e-03
2.723971405814391584e-03
1.389116443772973799e-03
4.370054081456186366e-03
6.046324119145467420e-03
6.393187151887238726e-03
1.186857580959877574e-03
1.666642203337598792e-03
5.119055164571998350e-03
6.855934632638337710e-03
5.454261324162665639e-03
1.118204851862614549e-03
1.249283703276007863e-03
9.422542207884554519e-04
4.162838812095424196e-03
1.157454019623709810e-03
2.269804712390004892e-03
7.659558427843294118e-03
7.449629645988610840e-03
1.129938294095487582e-03
6.029754917743077730e-03
9.433666096542665845e-04
8.414011188892685233e-04
6.068997765179200837e-03
4.499014009998239180e-03
4.710407430005932559e-03
1.103930776183070870e-03
2.179521854423910332e-03
3.819110198841281674e-03
3.006731215775700159e-03
5.035552965812916185e-03
6.757972011027260813e-03
9.658325950036144312e-04
9.468908333227269401e-04
1.084462151809072053e-03
4.717562673588021963e-03
5.943004394790046135e-03
5.434903151222232262e-03
5.564448273991417712e-03
1.453030654712641860e-03
4.693786176848823918e-03
1.680943807750763476e-03
9.981637896671596150e-04
3.116220429635313278e-03
1.749217372133530547e-03
4.385950636685010708e-03
5.707926208127101809e-03
4.115093752365467893e-03
2.839818002216313534e-03
2.008547559837917194e-03
1.957494394502483793e-03
1.802692694589542403e-03
5.936473204723553485e-03
2.962512177527837961e-03
9.555544088552723981e-04
3.097884415777519586e-03
5.910603927701474185e-03
2.066115363868064030e-03
5.734983862932309731e-03
3.540710635068365815e-03
4.129217959814981964e-03
5.235790227963166288e-03
6.019807010610148459e-03
3.963099187885542503e-03
2.435294872648135784e-03
7.666434592957899544e-03
1.420539704643969002e-03
3.613300100309541768e-03
1.364267702386263471e-03
7.413087015679189345e-03
1.093550640973832595e-03
4.535784804099198854e-03
1.481721054177378375e-03
2.523808690639386173e-03
5.294895311125564531e-03
5.954442392405730200e-03
2.584116902707158173e-03
1.614098027448872394e-03
5.797321889409992948e-03
5.575206353835059428e-03
3.778547662834534811e-03
2.613395780347125587e-03
4.205702904957857313e-03
4.947713817182769654e-03
9.958473573628719416e-04
3.977141557614843198e-03
4.588310701542395315e-03
1.210453977333324519e-03
7.477627586698623423e-03
5.707273870017902893e-03
2.213277719826420731e-03
6.026357354118649749e-03
3.996387911967898450e-03
1.512294274589127876e-03
1.351128892644849148e-03
4.071709083217514222e-03
2.722153498919372121e-03
3.787701471579235386e-03
7.695683045406748711e-03
8.495684920912614920e-04
4.939314283295643225e-03
7.271461655626676977e-03
6.269532637530911279e-03
4.186196174880924513e-03
2.899247812763900214e-03
3.398915493903780470e-03
6.074283913489813072e-03
1.290855850072073971e-03
1.677843985661098790e-03
1.928145336478722521e-03
3.012847421679748332e-03
5.401635826332182484e-03
5.383282025759524372e-03
2.239757144287025242e-03
7.030489863804036989e-03
5.880656951968656412e-03
2.178798027738488175e-03
3.540148238499734624e-03
6.976700589512114213e-03
3.274083460030679897e-03
4.897541527397846796e-03
3.066090379590075132e-03
2.024403109324118474e-03
2.069159926502141169e-03
6.208794946830615766e-03
7.101526759291287329e-03
5.661507091579838849e-03
2.034404615497515875e-03
1.298584440384919049e-03
3.475141567877956632e-03
7.759935637305743691e-03
6.208079390520347858e-03
6.982183682970829509e-03
1.332202462729868090e-03
6.831144655558599524e-03
2.567963620924370010e-03
5.144128519152881690e-03
2.419402128943609447e-03
1.532718433508500552e-03
4.990308092549894554e-03
5.542750430226056103e-03
7.373570290007450644e-03
7.747865871981230758e-03
4.299607709837621403e-03
1.836632399203005223e-03
6.168806625972671903e-03
6.671851224235419639e-03
4.329228286830604476e-03
9.818456312952730716e-04
4.485851377177323129e-03
7.900211804831899776e-03
2.007010349553784399e-03
6.839495492296692250e-03
2.039651999816540287e-03
4.949708730243649116e-03
1.733842780931388111e-03
5.182163251346679628e-03
1.874503666388600571e-03
6.561998026618947807e-03
9.538493174002737017e-04
2.475088775718828869e-03
6.134036152159773325e-03
2.489393737059913438e-03
6.768937504549145563e-03
4.307027810425036705e-03
4.533591137716213443e-03
4.791874608346763376e-03
1.312541796962902541e-03
5.519799324981788588e-03
2.043254336836865682e-03
5.795080175704480675e-03
2.449827909980411677e-03
7.190979180388319854e-03
2.163755448282490834e-03
2.547360219801188784e-03
5.091661054427835433e-03
1.516256467814368087e-03
5.791793473411160909e-03
5.110120322367629232e-03
4.774617920254574897e-03
1.283403692307553750e-03
8.808273357668066532e-04
5.844267850460850393e-03
1.924724126002488227e-03
6.558883240824608246e-03
6.326203967759700363e-03
5.836044307276563002e-03
2.971351232633107770e-03
4.472611870827821780e-03
5.752140295226282861e-03
2.778406412499779318e-03
5.054212689723319024e-03
6.026942268822330258e-03
1.813510197775389764e-03
6.105844921320947513e-03
1.748342042614287484e-03
4.792237522966929716e-03
4.449682578027020288e-03
5.167385497259624136e-03
6.823859614565948306e-03
1.185152250717389421e-03
1.948951985204036173e-03
1.145777007494230447e-03
3.618495781686994432e-03
5.719387508768739199e-03
4.397452670813009785e-03
2.533388625923174101e-03
3.629575550617990774e-03
5.007241016719845943e-03
4.213950522106266368e-03
5.635306398225755839e-03
1.779814037489841315e-03
3.111701887137577512e-03
5.906914194256263073e-03
1.924115690371483835e-03
5.874907542483450047e-03
7.706436760124649524e-03
1.820222263068430133e-03
8.642139250542892059e-04
1.863440081649180751e-03
6.419855568550877738e-03
3.593146505480819715e-03
3.282860633745316933e-03
5.341894298238938563e-03
1.162414748498355813e-03
5.500624113986759232e-03
5.773153920264376474e-03
2.505934022741788513e-03
3.268337946511403174e-03
3.315361138481951343e-03
2.176246952955302513e-03
5.907796735595759532e-03
6.599267618679784293e-03
2.143132854669926261e-03
4.852710233274674413e-03
4.308036697821263777e-03
9.531198645538569922e-04
4.588691186317809916e-03
4.084403227163001422e-03
1.291410210493092788e-03
5.903686544778289323e-03
3.468948470228970255e-03
1.016348599076773466e-03
1.270198890784752545e-03
6.540509585364904892e-03
5.289737887626622462e-03
1.891559448025357821e-03
3.868860502609192988e-03
2.723231082163024216e-03
2.263949953491202569e-03
3.001567512162502636e-03
1.328772634731663045e-03
3.324867933113060357e-03
2.242220710973864047e-03
5.781691634464802138e-03
2.419292454098183505e-03
1.938379382830694936e-03
5.589211739965883018e-03
7.226484602065194607e-03
5.289329055434749405e-03
7.645056028356665007e-03
4.892383172725383624e-03
5.913971677688184721e-03
5.770686667364919968e-03
2.038777827505943406e-03
2.593021500914634465e-03
4.262087467467690766e-03
7.285832879079868693e-03
5.960820573345334238e-03
6.654943353872058362e-03
3.048973071180806002e-03
3.663081903625184984e-03
4.199319184866492742e-03
1.410158441519953525e-03
2.214796066636058429e-03
7.218371395570127337e-03
5.016419534393062180e-03
1.572559697432686756e-03
3.046184291122587800e-03
1.198743150524441163e-03
6.512183279879582565e-03
2.143192206347665444e-03
6.293528689934692333e-03
1.560572229369171530e-03
6.004226485030289030e-03
5.590705034895868814e-03
2.613289808360816629e-03
9.419041574937174217e-04
2.482144237643011103e-03
5.718610634780342712e-03
3.723994099859376412e-03
5.762124066423329055e-03
6.349249413300073371e-03
2.213579092030005385e-03
2.108630573806475218e-03
2.107175907989295924e-03
5.841586894856869334e-03
3.755912991866804974e-03
8.250743981438832817e-04
8.756409019149321822e-04
4.260062025321787425e-03
4.378854001634234147e-03
1.407384864231356640e-03
4.571652430292686732e-03
7.250961398593960133e-03
1.014252210487057333e-02
1.812767289436568747e-03
3.876179298917845767e-03
5.579316789991076858e-03
1.190418071813354470e-03
5.157980685538180420e-03
1.247435368684457176e-03
3.692912983065306694e-03
2.393525431495346044e-03
5.943992609068950161e-03
2.264325465086817774e-03
1.111946372708031263e-03
6.907900554075922100e-03
3.799946198663039804e-03
1.139629075552895396e-03
7.217618118316021340e-03
1.604307378000371150e-03
1.883630943280696461e-03
6.278831830008651561e-03
4.841681088266446692e-03
4.212418964963416355e-03
4.069045304561189937e-03
3.238222798619642441e-03
1.280682073675242774e-03
1.940094646199837843e-03
1.090011608693574599e-03
1.972027437830199941e-03
6.821377307153747745e-03
4.781804789334295584e-03
3.511068478494703497e-03
4.002905715173512603e-03
6.173044727378934789e-03
7.404233529043866523e-03
4.373956180065868490e-03
3.291578011460466555e-03
5.634510079780321798e-03
4.434489374699508192e-03
1.448760625777492650e-03
8.851239108499797800e-04
2.487580162919117953e-03
2.577073851044427676e-03
4.896886229300511338e-03
1.887231164845339267e-03
7.571580141385504496e-03
2.534856335301074928e-03
3.767271485136839543e-03
6.702414319981257924e-03
8.308293062320661233e-04
7.266167186495964096e-03
2.064043036685759246e-03
5.581892216302139151e-03
2.228981266116874301e-03
1.565266574465023347e-03
2.657880641042183363e-03
1.963466952524659057e-03
6.564445735550063915e-03
1.392691876173275363e-03
2.342365248642275938e-03
3.822889558209400466e-03
4.080057094342226520e-03
6.624066972711627893e-03
6.003039536576861880e-03
1.084426756476011052e-03
4.833418013893170384e-03
9.988394697884308768e-04
1.033636757351710095e-03
5.580828783773877748e-03
6.891336313445791534e-03
3.725094181619853246e-03
1.799342925291149472e-03
4.822381177225956717e-03
2.412718155698649180e-03
3.584111828358211085e-03
5.908347367068643267e-03
3.010256755166604813e-03
9.931563339112287753e-04
1.358954156355081768e-03
6.110734841666445351e-03
8.080387668496391996e-04
3.703934701396326308e-03
4.545415576194585666e-03
1.388818921424629519e-03
5.776293507787490927e-03
5.686379058121945711e-03
7.061943544635058620e-03
2.396951301941863902e-03
2.470495924190645957e-03
3.646147946555783163e-03
1.839564286948675671e-03
1.783030365759339167e-03
5.764314309835222132e-03
4.131143915264985644e-03
5.377627366585092418e-03
4.508188300638002119e-03
3.901702901894722915e-03
6.107658786165574664e-03
3.618306547528118717e-03
2.975936526073646223e-03
2.256568804547688482e-03
1.152275157959038341e-03
6.487355157139448360e-03
6.237181379251333958e-03
3.810186913961437043e-03
6.228261491187427230e-03
5.276848276116423778e-03
1.249019621004104127e-03
1.803656738659111794e-03
5.957715549785139002e-03
7.068847293555930930e-03
5.832328228574604895e-03
5.580253136308613131e-03
1.518363563625794261e-03
1.804430242826423562e-03
6.627911236289204568e-03
3.329331173941149722e-03
7.343835639851629092e-03
1.166222801164997587e-03
2.340153167984885749e-03
1.545210356129638786e-03
6.343402266427350389e-03
5.600865510719386930e-03
2.094093407248791977e-03
5.950926866883825619e-03
3.414296634227874470e-03
7.859828324552750253e-03
2.212296296039202147e-03
3.377242418249905547e-03
8.220437145323891519e-04
5.772797063929704063e-03
3.027047629096214082e-03
9.753149142342880124e-04
5.336398790114695034e-03
2.049993420924749003e-03
2.543639905952271418e-03
5.925552357570043616e-03
1.697408075275047340e-03
1.028000589926083945e-03
3.577628472402656287e-03
5.124706426502280247e-03
1.716514978404538958e-03
1.059713123053052444e-03
4.949554581485011290e-03
5.899680370494557805e-03
8.554550528237210658e-04
1.123043036569068738e-03
1.562646606146256452e-03
5.301613422902849183e-03
1.451144699385530741e-03
7.277197613418755900e-03
6.956609352332217971e-03
9.449253734427360413e-04
6.589332269047339791e-03
6.367609229534572542e-03
1.965385301969432581e-03
6.409519078768845420e-03
1.230703333561627196e-03
4.159459257667793251e-03
2.292810358657477142e-03
2.622021163268988594e-03
2.482121107523585415e-03
7.772432190809242664e-03
8.603011683329003009e-04
1.597600061822069617e-03
2.293080699670322405e-03
5.417394920131502964e-03
6.668637713695546934e-03
4.779578520998526911e-03
1.294044751458120392e-03
4.129361762179760073e-03
4.239877692692115875e-03
8.188181181880339237e-04
9.392692859977314198e-04
5.515992014654741774e-03
3.268040140489476657e-03
7.148965258328614757e-03
1.436134108340672306e-03
7.070108740326107137e-03
5.554813858489738958e-03
5.776741988683438238e-03
1.873862072135589179e-03
2.184995449424159686e-03
2.070623389640376556e-03
5.782197662309691670e-03
2.346824698865950312e-03
6.018804148699045259e-03
1.064773283286667106e-03
1.328755554171041344e-03
4.382326783735781758e-03
2.804099156293174584e-03
3.869404557572374021e-03
5.641264765678817225e-03
1.296991139937809763e-03
9.425263683575890684e-04
3.150603239267191647e-03
4.406923781885447970e-03
2.383404125147359047e-03
2.956994158841634406e-03
1.981664030232359753e-03
7.477281379960655505e-03
4.035998560531978314e-03
3.590673576997344390e-03
7.589526383962427042e-03
1.334363472590002373e-03
5.360871013493667681e-03
5.654149062707291423e-03
1.123831093355775849e-03
7.160945066028611555e-03
4.549477396258835328e-03
5.292899310990739452e-03
1.043104213438361379e-03
2.785956253844549570e-03
5.523784363431570761e-03
1.100086599363160568e-03
6.861657440903938532e-03
1.517067384773301093e-03
2.763319168471224576e-03
7.121455339845113482e-03
4.537018961227017554e-03
4.115283519094682131e-03
3.647873592820414113e-03
1.502646370640417289e-03
2.485754518297082945e-03
6.049419550327430652e-03
1.108942366926385674e-03
2.274246400883203102e-03
1.470331676436699908e-03
5.782737996192413750e-03
2.383998454178896768e-03
4.354896555175773003e-03
6.522105132693621979e-03
7.322563138390317250e-03
5.476245836345056822e-03
1.115610562552589750e-03
2.836984157451736838e-03
2.481598421231766705e-03
3.071342989575973157e-03
6.187991482700474534e-03
4.413463078949833931e-03
5.035360551031793988e-03
4.379241567130346020e-03
4.542873850451294680e-03
6.062348157257542447e-03
4.004833885606853654e-03
1.809410583005086927e-03
4.628857647601299953e-03
5.746834672913449064e-03
2.229833314648497003e-03
4.228120117819422763e-03
4.099372631950543543e-03
6.260781201229513940e-03
4.271244471256831730e-03
8.815473344905722791e-04
5.944906336877956755e-03
4.864937797690540092e-03
5.735489365435175041e-03
6.176986664510378776e-03
4.592493391638989911e-03
4.953847583147593520e-03
6.106621048026159015e-03
6.194017369880028094e-03
4.287681461350099400e-03
1.677774268904809376e-03
3.724127211320218088e-03
5.416485164107511831e-03
2.117222110386651843e-03
6.323897527366328757e-03
5.918125848599333806e-03
2.380012885477578773e-03
7.647165970061226697e-03
6.183615590930106876e-03
6.257284304776137597e-03
2.718151782753347630e-03
5.694810079800295514e-03
3.795302220958904349e-03
9.060430878647904611e-04
3.350548734532227645e-03
8.643069263303873031e-04
9.343685769032722063e-04
2.181243700789477474e-03
2.882033348451181094e-03
4.944650793832647273e-03
1.950458800484057261e-03
7.225955215647750576e-03
2.086618387543081113e-03
4.225065825900864262e-03
5.507940494653289915e-03
5.710540188555855018e-03
4.883056763661818879e-03
5.906912603722643332e-03
1.815763365691472082e-03
1.911940658186914036e-03
8.746175406475220366e-04
8.384880473449236350e-04
4.254056299297017708e-03
3.828136438399441094e-03
2.327295344289987637e-03
1.210967837415743813e-03
5.251195375442192260e-03
2.009650341312382849e-03
7.496192353571039246e-03
1.398430646434876967e-03
1.415919497615702842e-03
3.067691971377750799e-03
5.732240143385140992e-03
2.037892445440033732e-03
4.492078619068659226e-03
4.382697119290963894e-03
4.594463582910322461e-03
2.099587044279128956e-03
5.843179952910162664e-03
1.262894187723425645e-03
5.588936986519874549e-03
5.954520692171213180e-03
4.811106324528723228e-03
5.632542975727778886e-03
1.660286926191303089e-03
6.865760820621371469e-03
4.234349055851487596e-03
2.244840320668108503e-03
1.042664103008669957e-03
1.648589562301962155e-03
6.360214532861805346e-03
9.968004735733564711e-04
1.166323916316202094e-03
1.283239148912682266e-02
1.550167940213289901e-03
3.875411135651852645e-03
1.991906786140349318e-03
9.517159188136662144e-04
5.775441525040414005e-03
4.009460638853103512e-03
2.220959670760633015e-03
4.633853530587779719e-03
6.275199186077533992e-03
5.111322064965026155e-03
3.035884249422517774e-03
1.002105958765741158e-03
6.300142915028335983e-03
1.442215308494772209e-03
6.559595497135852979e-03
4.781497050475568174e-03
2.559906568370942572e-03
1.910057266943913099e-03
3.297061055170652771e-03
1.338966263929121207e-03
4.607507878190913488e-03
2.619916193748325021e-03
7.815782165137199339e-03
4.819415114924814093e-03
5.980317633452677216e-03
4.861380489205455006e-03
6.853394852970360641e-03
5.056731015364634117e-03
6.178183523984346649e-03
3.384469682233996485e-03
4.863948931024522117e-03
2.667558467325769223e-03
6.502949526527259348e-03
4.870648917481340025e-03
2.528384998398061547e-03
6.772368024378537348e-03
4.537944747482747926e-03
6.198259543642770791e-03
9.329438266207490523e-04
1.918995121459736095e-03
4.153195422287004994e-03
3.068725274100724768e-03
3.780441625729492362e-03
3.968865840186695630e-03
4.101314386480667783e-03
6.338154261431430680e-03
3.433870493651315896e-03
1.982657291141689832e-03
6.756265515869355927e-03
1.662964322890478526e-03
5.562969369155966286e-03
2.097462127225708725e-03
7.163030429808696364e-03
4.811862985327011039e-03
6.806249736254169069e-03
4.544722225423178559e-03
3.339962000123592682e-03
3.129647360063989199e-03
2.398443085266352241e-03
2.959397097254384129e-03
7.064473234303052587e-03
4.341853925963808786e-03
8.788332014346421665e-04
1.412385535021981522e-03
7.603771666061811228e-03
6.242859668243655631e-03
4.180757706182061835e-03
2.357603916437522873e-03
9.606666472120838768e-03
3.760652151555385174e-03
2.500799467433128826e-03
6.570454234570047292e-03
4.321332819883991205e-03
3.319652071711568300e-03
6.591906414978477603e-03
1.119986820914714576e-03
1.008424633529670733e-03
4.717647777399480886e-03
3.927072042724125654e-03
3.180014629182661805e-03
8.803266908554586295e-04
7.562249404057118547e-03
9.634749271295214553e-04
6.546958381878896852e-03
1.051852401476470163e-03
8.647088895279056008e-04
9.904868660705031316e-04
2.024498340964056044e-03
2.569765576820850096e-03
4.975084466790216133e-03
6.214572697591382901e-03
4.365282417335528825e-03
4.893598896867600891e-03
6.198718902565454429e-03
1.958984911289039441e-03
1.189099704904113481e-03
6.671299265127544377e-03
2.823076628738290482e-03
7.159347089240293040e-03
7.688164084896659083e-03
2.091481810593803954e-03
3.325188038373370642e-03
4.380363007572986474e-03
3.588992127223143962e-03
2.289693999923557780e-03
1.954709928896749670e-03
6.227246282856038588e-03
7.506723494691030195e-03
5.512792457456044265e-03
1.071931697620805233e-03
1.304937821741745767e-03
4.550104648737952374e-03
7.082029059996292758e-03
4.619858588733400696e-03
4.662383870908848489e-03
4.752375651598502240e-03
3.251769927782016418e-03
7.123438891186546600e-03
4.139145161005072446e-03
2.225624411046472732e-03
2.819982508302986898e-03
2.564599100873363787e-03
5.112133022335124677e-03
6.956560199029036828e-03
4.751794692672774330e-03
9.312190712961756177e-04
4.498847660293220536e-03
5.860274423438559775e-03
1.042499245992940327e-03
2.305235742005940728e-03
2.318733128856673934e-03
2.208959542080393950e-03
7.558525457312248799e-03
5.420082183242891025e-03
5.371232118604121406e-03
3.711872075607740296e-03
5.801889726038290430e-03
3.702830541251065071e-03
8.330488187278882982e-04
6.497320793844689642e-03
9.231934816090053841e-04
8.548558780382520912e-04
6.226505209778326888e-03
4.589724175585506091e-03
3.990053246466377171e-03
4.885542294682651207e-03
2.816455140066103941e-03
5.405118481905694591e-03
3.676315124171390496e-03
1.407855628963797885e-03
2.440255521637732690e-03
5.632745458786072267e-03
2.729231282078522364e-03
6.004817283253626251e-03
1.610006108035838502e-03
7.085415177676479721e-03
7.069369669431751178e-03
4.619949750344885982e-03
2.894195941329303582e-03
6.394494205917432977e-03
1.279446829888559404e-03
3.737643270320281912e-03
1.587962871238482020e-03
1.114669401474412515e-03
2.127413559303339627e-03
5.390733925347735919e-03
3.500015722818184197e-03
4.900045635358933442e-03
2.030202657105965175e-03
1.698150406678295256e-03
4.957881591049389906e-03
6.730207322027841228e-03
6.122511520778865964e-03
4.081908993796095307e-03
4.860988571077899494e-03
4.662142203882017368e-03
7.021664804039981674e-03
4.574714087563743273e-03
1.970485762841390869e-03
6.302868560553864276e-03
2.950815401359756923e-03
5.106877369104785916e-03
6.438798397977337634e-03
8.278252642621057112e-04
2.470321699944060326e-03
3.862604889328382588e-03
4.252400580138300176e-03
5.695558696656402575e-03
6.378986562781642153e-03
1.946909269030368652e-03
8.434174344081526303e-04
2.064888855823227790e-03
1.151812523882534247e-03
6.929863664435069980e-03
1.869332545077284115e-03
4.429062597310222220e-03
