8.940994939766824245e-01
5.286408471874892712e-01
7.317977321799844503e-01
7.538252999074757099e-01
7.627865220420062542e-01
9.619150510989129543e-01
7.569103608839213848e-01
6.519151388201862574e-01
7.293361851479858160e-01
6.298582069575786591e-01
7.842316571623086929e-01
6.445007491856813431e-01
5.975172379985451698e-01
7.829811449628323317e-01
5.962406438775360584e-01
8.063659809995442629e-01
7.012090662028640509e-01
7.436914329882711172e-01
7.133263158611953259e-01
7.539371328894048929e-01
9.650719768833369017e-01
6.919900679495185614e-01
6.219602820929139853e-01
7.529758501332253218e-01
6.586743621155619621e-01
6.611324630212038755e-01
6.631569680757820606e-01
6.381312131416052580e-01
5.847282791510224342e-01
6.216792829800397158e-01
6.265246779657900333e-01
6.157251410186290741e-01
5.842876438982784748e-01
5.364481459837406874e-01
6.787439561448991299e-01
5.363374070730060339e-01
6.570936280768364668e-01
7.008007848635315895e-01
6.701241631526499987e-01
5.517859109677374363e-01
5.505010080523788929e-01
5.181772159412503242e-01
4.974920370150357485e-01
4.424703919794410467e-01
5.317540559917688370e-01
5.738894208334386349e-01
5.597033561207354069e-01
5.185474241152405739e-01
4.764123938512057066e-01
5.386607840191572905e-01
6.409777749795466661e-01
6.826878199353814125e-01
4.613247339148074389e-01
6.540233029518276453e-01
6.220189200248569250e-01
5.947076110169291496e-01
4.423215480055660009e-01
5.285937199369072914e-01
4.844236958306282759e-01
5.386396681424230337e-01
3.775468580424785614e-01
5.366286318749189377e-01
6.131785758771002293e-01
4.385028360411524773e-01
4.279255878645926714e-01
4.416892770677804947e-01
6.106928200460970402e-01
4.396281049121171236e-01
5.344854008872061968e-01
4.418057180009782314e-01
6.307282710913568735e-01
5.905915480107069016e-01
5.291633501183241606e-01
5.317563780117779970e-01
6.621365309692919254e-01
4.944938810076564550e-01
5.038578629028052092e-01
4.431867599487304688e-01
4.401766499504446983e-01
5.850565468426793814e-01
5.446998490951955318e-01
4.426332830917090178e-01
5.565976919606328011e-01
5.294317340012639761e-01
4.218987559434026480e-01
4.420847308356314898e-01
6.070367740467190742e-01
5.697081158868968487e-01
5.392694438342005014e-01
6.007199359592050314e-01
6.334519220981746912e-01
6.307277278974652290e-01
6.827870940323919058e-01
7.672071338165551424e-01
6.010203810874372721e-01
6.386920821387320757e-01
5.357755769509822130e-01
4.355202778242528439e-01
5.349997300654649734e-01
5.158305480144917965e-01
5.342864429112523794e-01
3.680272309575229883e-01
5.718941469676792622e-01
5.187037708237767220e-01
5.955580468289554119e-01
4.100367370992898941e-01
6.063443969469517469e-01
4.831722038798034191e-01
7.042467349674552679e-01
6.446065558120608330e-01
6.430089578498154879e-01
5.064285320695489645e-01
6.649068580009043217e-01
5.585592240095138550e-01
5.899981730617582798e-01
4.211754980497062206e-01
5.472770179621875286e-01
4.882921238895505667e-01
5.097929800394922495e-01
4.082441360224038363e-01
4.347307141870260239e-01
5.232606779318302870e-01
5.864109150134027004e-01
5.777055460494011641e-01
6.595200430601835251e-01
5.844182050786912441e-01
4.754813518375158310e-01
7.101383369881659746e-01
6.468048079404979944e-01
5.955699922051280737e-01
4.860582761466503143e-01
5.516084418632090092e-01
5.220268080011010170e-01
5.743564500007778406e-01
5.947197591885924339e-01
4.183296309784054756e-01
3.814299369696527719e-01
6.037312038242816925e-01
6.213942740578204393e-01
4.487835818435996771e-01
4.003158060368150473e-01
6.191012950148433447e-01
7.094088951125741005e-01
6.785346218384802341e-01
7.186718140728771687e-01
6.553765500430017710e-01
6.766390230040997267e-01
5.298975498881191015e-01
5.306762231048196554e-01
5.741959908045828342e-01
4.447435468900948763e-01
5.507986058946698904e-01
4.979020811151713133e-01
5.865138599183410406e-01
5.782809960655868053e-01
6.486681611277163029e-01
5.140468869358301163e-01
5.128721049986779690e-01
6.588450791314244270e-01
6.882178119849413633e-01
6.718705461826175451e-01
6.831692780833691359e-01
6.939418527763336897e-01
6.925776931457221508e-01
6.279276299756020308e-01
3.637089740950614214e-01
6.699661989696323872e-01
5.354698449373245239e-01
5.242052308749407530e-01
4.455094002187252045e-01
5.840103009250015020e-01
5.233170960564166307e-01
4.464751940686255693e-01
6.321394059341400862e-01
5.796125971246510744e-01
5.361574359703809023e-01
6.051058731973171234e-01
4.469858300872147083e-01
6.501976239960640669e-01
5.240056440234184265e-01
6.624552579596638680e-01
6.408970521297305822e-01
6.313649399671703577e-01
6.722359741106629372e-01
5.904125340748578310e-01
4.842188628390431404e-01
5.362550860736519098e-01
4.478194508701562881e-01
3.736537040676921606e-01
4.158137140329927206e-01
5.676924029830843210e-01
4.246219738852232695e-01
4.991888699587434530e-01
5.439268359914422035e-01
4.811689350754022598e-01
5.203246700111776590e-01
4.568456590641289949e-01
6.293552988208830357e-01
6.075178461614996195e-01
6.285446910187602043e-01
6.611115848645567894e-01
7.427745540626347065e-01
5.577903769444674253e-01
6.182333680335432291e-01
5.507193231023848057e-01
4.464382450096309185e-01
5.511781908571720123e-01
3.808503050822764635e-01
5.750468699261546135e-01
4.886182949412614107e-01
5.517242839559912682e-01
5.754680079407989979e-01
6.585228119511157274e-01
4.569618850946426392e-01
5.378720939625054598e-01
4.982595890760421753e-01
7.001080850604921579e-01
4.784895060583949089e-01
6.591242670547217131e-01
4.493538800161331892e-01
4.087481438182294369e-01
5.687394051346927881e-01
5.611733698751777411e-01
5.495634281542152166e-01
5.087511090096086264e-01
4.261534090619534254e-01
6.107891369611024857e-01
6.049754829145967960e-01
5.264340308494865894e-01
6.821191271301358938e-01
7.233896588440984488e-01
6.611931871157139540e-01
6.632926010061055422e-01
5.986887130420655012e-01
7.015569969080388546e-01
5.154980330262333155e-01
5.707110611256211996e-01
4.431237920653074980e-01
5.589970001019537449e-01
5.678198069799691439e-01
4.489551649894565344e-01
5.527082651387900114e-01
4.922894230112433434e-01
5.557350188028067350e-01
4.942897858563810587e-01
5.231721010059118271e-01
7.300536741968244314e-01
6.692024529911577702e-01
6.045396339613944292e-01
5.346925070043653250e-01
6.894470821134746075e-01
6.253354118671268225e-01
6.005238639190793037e-01
6.180345171596854925e-01
5.383941840846091509e-01
4.516464211046695709e-01
3.663056369405239820e-01
5.704273639712482691e-01
5.678783550392836332e-01
4.195241350680589676e-01
5.388124170713126659e-01
5.353719289414584637e-01
4.287940640933811665e-01
4.925004830583930016e-01
6.139095709659159184e-01
5.108610619790852070e-01
7.193846611771732569e-01
6.177661148831248283e-01
6.582381278276443481e-01
4.145984300412237644e-01
6.483487519435584545e-01
5.429302139673382044e-01
4.453341208864003420e-01
4.458581281360238791e-01
5.389207059051841497e-01
5.203797379508614540e-01
5.034312610514461994e-01
3.973822810221463442e-01
5.325034540146589279e-01
5.213813849259167910e-01
5.219334138091653585e-01
4.440141958184540272e-01
5.372954220511019230e-01
6.678770480211824179e-01
6.059145608451217413e-01
5.288530520629137754e-01
5.966059530619531870e-01
6.583304589148610830e-01
6.255826021078974009e-01
6.733544599264860153e-01
5.752099831588566303e-01
5.058353289496153593e-01
3.605079490225762129e-01
4.435590780340135098e-01
5.052987989038228989e-01
3.879119860939681530e-01
5.308688860386610031e-01
4.060490329284220934e-01
5.751430089585483074e-01
4.449389551300555468e-01
3.985929030459374189e-01
5.147074491251260042e-01
4.434038051404058933e-01
6.959730631206184626e-01
6.271083608735352755e-01
5.972352451644837856e-01
5.307430129032582045e-01
6.458812798373401165e-01
5.330924480222165585e-01
5.938058360479772091e-01
5.749850478023290634e-01
5.299602090381085873e-01
5.120435520075261593e-01
4.446453871205449104e-01
5.881186299957334995e-01
4.867787780240178108e-01
4.056113460101187229e-01
4.041401129215955734e-01
5.393601201940327883e-01
5.043374849483370781e-01
5.469275119248777628e-01
3.505455071572214365e-01
5.840918391477316618e-01
5.322953858412802219e-01
5.312586450017988682e-01
5.328725948929786682e-01
6.123725778888911009e-01
6.636707310099154711e-01
6.138487930875271559e-01
5.208326829597353935e-01
4.444653301034122705e-01
5.378659549169242382e-01
4.442026379983872175e-01
3.688400159589946270e-01
3.695597180631011724e-01
5.996463939081877470e-01
5.057798500638455153e-01
5.318452820647507906e-01
5.227361591532826424e-01
5.316856040153652430e-01
6.151839511003345251e-01
5.337760741822421551e-01
6.689075129106640816e-01
6.027944921515882015e-01
5.969577240757644176e-01
4.968790491111576557e-01
6.584882920142263174e-01
5.884907420258969069e-01
5.918052280321717262e-01
6.148358529899269342e-01
6.438592919148504734e-01
5.287078269757330418e-01
5.620879260823130608e-01
4.454044438898563385e-01
3.800308229401707649e-01
3.817361269611865282e-01
6.149037508293986320e-01
5.320253390818834305e-01
6.446011420339345932e-01
5.937417719978839159e-01
6.364608758594840765e-01
5.336814629845321178e-01
6.570846750400960445e-01
5.249486898537725210e-01
3.686244299169629812e-01
3.788524318952113390e-01
6.063699410296976566e-01
4.423076130915433168e-01
5.714508239179849625e-01
5.550808210391551256e-01
4.955316409468650818e-01
4.410670727957040071e-01
5.357180591672658920e-01
5.418516439385712147e-01
6.078216028399765491e-01
6.270088029559701681e-01
6.077690140809863806e-01
5.281726089306175709e-01
6.175982609856873751e-01
4.283642328809946775e-01
5.871659000404179096e-01
4.378626300022006035e-01
5.828442571219056845e-01
5.068886859808117151e-01
5.140081460122019053e-01
5.637985498178750277e-01
5.708299099933356047e-01
4.089600429870188236e-01
5.153089750092476606e-01
4.364357828162610531e-01
5.449202100280672312e-01
5.540695900563150644e-01
3.636595050338655710e-01
5.256694750860333443e-01
6.464583580382168293e-01
7.387881579343229532e-01
5.257281220983713865e-01
5.257494829129427671e-01
6.164445232134312391e-01
6.271344479173421860e-01
5.581988508347421885e-01
5.737753361463546753e-01
4.388573979958891869e-01
6.215400898363441229e-01
3.729974851012229919e-01
4.363444210030138493e-01
4.974948042072355747e-01
5.051000239327549934e-01
4.384051498491317034e-01
4.375129619147628546e-01
5.218855580314993858e-01
5.156280961818993092e-01
5.301055419258773327e-01
5.569392680190503597e-01
6.476334580220282078e-01
6.087607608642429113e-01
5.276724861469119787e-01
5.114884818904101849e-01
6.480440669693052769e-01
4.791875069495290518e-01
5.813781700562685728e-01
3.832374201156198978e-01
4.394493761938065290e-01
4.256618870422244072e-01
5.731637389399111271e-01
3.731050251517444849e-01
5.474819580558687449e-01
5.074782262090593576e-01
5.696446171496063471e-01
4.397089700214564800e-01
5.480367459822446108e-01
5.208284850232303143e-01
5.179614189546555281e-01
6.818565491121262312e-01
6.504281861707568169e-01
6.287429661024361849e-01
5.891572288237512112e-01
5.880601021926850080e-01
6.204274559859186411e-01
5.552447729278355837e-01
5.382955989334732294e-01
5.148702959995716810e-01
4.985531349666416645e-01
4.350474011152982712e-01
4.896410179790109396e-01
5.485309248324483633e-01
4.308458999730646610e-01
5.246221041306853294e-01
5.094172311946749687e-01
5.020127561874687672e-01
6.002293440978974104e-01
6.307471799664199352e-01
6.100328320171684027e-01
5.297629521228373051e-01
5.372827609535306692e-01
6.136670918203890324e-01
6.133678029291331768e-01
3.918145929928869009e-01
5.750259750057011843e-01
4.483370610978454351e-01
3.870538650080561638e-01
3.418823659885674715e-01
4.983484849799424410e-01
4.401684720069169998e-01
5.164785268716514111e-01
5.174161959439516068e-01
4.417512738145887852e-01
4.417416390497237444e-01
5.519507541321218014e-01
4.005710380151867867e-01
6.320494748651981354e-01
6.518773930147290230e-01
6.623976300470530987e-01
6.006608018651604652e-01
6.971432180143892765e-01
5.335976670030504465e-01
6.227075669448822737e-01
5.355498671997338533e-01
6.039072170387953520e-01
5.757347678299993277e-01
4.404613750521093607e-01
5.351609608624130487e-01
4.909305779729038477e-01
5.512094739824533463e-01
5.075389919802546501e-01
4.906563390977680683e-01
5.574730471707880497e-01
5.063017872162163258e-01
7.045824220404028893e-01
6.102733691222965717e-01
6.322845378890633583e-01
6.416724089067429304e-01
4.208180280402302742e-01
5.248869899660348892e-01
6.280144629999995232e-01
5.085002370178699493e-01
5.234512279275804758e-01
4.986335230059921741e-01
4.178789430297911167e-01
5.563687169924378395e-01
5.283771050162613392e-01
5.370160629972815514e-01
5.117618769872933626e-01
5.017308660317212343e-01
5.785507650580257177e-01
6.790578421205282211e-01
6.785591449588537216e-01
6.161566590890288353e-01
6.289772798772901297e-01
5.285053648985922337e-01
6.881426919717341661e-01
6.579400629270821810e-01
4.418028639629483223e-01
5.956762719433754683e-01
5.362979888450354338e-01
5.019333488307893276e-01
4.113543119747191668e-01
5.727556739002466202e-01
5.041702659800648689e-01
4.385511949658393860e-01
4.924943100195378065e-01
4.917085079941898584e-01
4.423706089146435261e-01
5.025944989174604416e-01
4.056240660138428211e-01
5.985848580021411180e-01
4.640412279404699802e-01
6.538800019770860672e-01
6.563586890697479248e-01
6.328120639082044363e-01
6.457050868775695562e-01
6.269904789514839649e-01
6.061294490937143564e-01
4.936107711400836706e-01
5.129980829078704119e-01
4.939203311223536730e-01
4.443581590894609690e-01
4.062605970539152622e-01
4.446645090356469154e-01
4.217513741459697485e-01
5.886833448894321918e-01
4.758415089454501867e-01
5.355087909847497940e-01
4.409316079691052437e-01
4.856240549124777317e-01
5.929916310124099255e-01
4.331847140565514565e-01
5.307231000624597073e-01
7.378044161014258862e-01
6.336743209976702929e-01
5.319727400783449411e-01
6.136542400345206261e-01
5.191421878989785910e-01
5.007130189333111048e-01
4.436060569714754820e-01
4.427582849748432636e-01
5.805372279137372971e-01
3.594833940733224154e-01
5.368659368250519037e-01
5.545753969345241785e-01
4.930355912074446678e-01
5.174184560310095549e-01
6.038497718982398510e-01
6.257096838671714067e-01
6.353934220969676971e-01
5.968185188248753548e-01
5.949175599962472916e-01
6.370203290134668350e-01
4.359808671288192272e-01
5.023311211261898279e-01
5.390956278424710035e-01
4.399356630165129900e-01
5.214838208630681038e-01
5.456979959271848202e-01
4.851928839925676584e-01
5.283940769731998444e-01
5.039201539475470781e-01
5.044718489516526461e-01
4.384646378457546234e-01
3.781359540298581123e-01
3.677727300673723221e-01
4.318533341865986586e-01
6.651820479892194271e-01
5.319887038785964251e-01
5.318439458496868610e-01
6.123715320136398077e-01
6.329966338817030191e-01
5.287854410707950592e-01
6.019918140955269337e-01
3.874645452015101910e-01
6.173445160966366529e-01
5.701077040284872055e-01
5.035707091446965933e-01
4.972223830409348011e-01
4.023561070207506418e-01
4.421495359856635332e-01
4.207282508723437786e-01
3.626475050114095211e-01
5.878115179948508739e-01
6.394812581129372120e-01
5.266967199277132750e-01
6.166965281590819359e-01
5.301604201085865498e-01
4.412802970036864281e-01
6.460958048701286316e-01
4.436048609204590321e-01
5.469359538983553648e-01
5.364497781265527010e-01
4.790286780335009098e-01
3.952540529426187277e-01
3.782076439820230007e-01
4.853269071318209171e-01
5.272459289990365505e-01
5.631422000005841255e-01
5.240477540064603090e-01
4.536545400042086840e-01
5.065909128170460463e-01
5.344600160606205463e-01
4.544902869965881109e-01
4.853849359788000584e-01
6.035172420088201761e-01
6.540978280827403069e-01
6.967210220173001289e-01
3.525964089203625917e-01
4.954223670065402985e-01
4.441385881509631872e-01
4.379807908553630114e-01
5.291226960252970457e-01
4.430810560006648302e-01
4.404197109397500753e-01
4.946189890615642071e-01
5.380990030243992805e-01
5.700982189737260342e-01
5.261418269947171211e-01
6.557244919240474701e-01
5.046328569296747446e-01
6.346368659287691116e-01
5.312719130888581276e-01
6.115031091030687094e-01
6.534069150220602751e-01
5.254640809725970030e-01
4.433229852002114058e-01
4.117011020425707102e-01
4.417144428007304668e-01
3.860112219117581844e-01
4.929201428312808275e-01
5.300946680363267660e-01
4.976156058255583048e-01
4.396500990260392427e-01
4.453686932101845741e-01
4.424829219933599234e-01
5.596491890028119087e-01
4.749993649311363697e-01
6.245444349478930235e-01
6.240935139358043671e-01
5.277882169466465712e-01
5.314934398047626019e-01
4.793344191275537014e-01
5.706692771054804325e-01
5.199478031136095524e-01
5.266220460180193186e-01
3.933454679790884256e-01
4.291967549361288548e-01
4.209583059418946505e-01
4.030495691113173962e-01
3.636429610196501017e-01
5.051054270006716251e-01
5.698191639967262745e-01
5.072869129944592714e-01
3.600343680009245872e-01
5.733745261095464230e-01
4.831121070310473442e-01
6.331881009973585606e-01
6.416917380411177874e-01
5.910122420173138380e-01
5.311548819299787283e-01
6.538128920365124941e-01
3.582937871105968952e-01
5.101431529037654400e-01
3.831696088891476393e-01
4.912453480064868927e-01
5.350998679641634226e-01
4.938021970447152853e-01
5.275550729129463434e-01
4.945499820169061422e-01
3.845184070523828268e-01
5.672647410538047552e-01
5.253764579538255930e-01
4.433700840454548597e-01
4.446264540310949087e-01
4.411976679693907499e-01
6.325880829244852066e-01
5.286522789392620325e-01
5.827304290141910315e-01
6.224043678957968950e-01
6.520776089746505022e-01
5.233210420701652765e-01
4.416717640124261379e-01
4.909013640135526657e-01
5.439346109051257372e-01
4.440432181581854820e-01
5.433675060048699379e-01
4.924160779919475317e-01
5.185439200140535831e-01
5.472430160734802485e-01
5.257316580973565578e-01
4.417048359755426645e-01
4.414828389417380095e-01
5.260959248989820480e-01
4.426137139089405537e-01
6.579727570060640574e-01
5.238806549459695816e-01
6.416049147956073284e-01
6.225601499900221825e-01
5.252394308336079121e-01
5.324802759569138288e-01
6.525655928999185562e-01
4.190533480141311884e-01
3.671253758948296309e-01
4.422298888675868511e-01
4.416871899738907814e-01
5.180815688800066710e-01
4.443722669966518879e-01
5.022676559165120125e-01
4.046896728686988354e-01
5.281692228745669127e-01
4.432447711005806923e-01
5.268181320279836655e-01
3.747861369047313929e-01
4.609327099751681089e-01
5.297302640974521637e-01
6.313366419635713100e-01
5.293032219633460045e-01
5.296940901316702366e-01
5.311391658615320921e-01
5.837459699250757694e-01
5.483622930478304625e-01
5.051622411701828241e-01
5.536289748270064592e-01
5.018697981722652912e-01
5.461684779729694128e-01
5.442369459196925163e-01
4.119818031322211027e-01
4.417672101408243179e-01
5.365193891339004040e-01
3.934066740330308676e-01
5.287132200319319963e-01
4.782283820677548647e-01
6.021379858721047640e-01
6.338037231471389532e-01
4.658236929681152105e-01
6.870426922105252743e-01
6.153825710061937571e-01
5.294564869254827499e-01
4.883040890563279390e-01
5.780739898327738047e-01
4.908375339582562447e-01
5.085762620437890291e-01
4.376342101022601128e-01
5.460973810404539108e-01
4.394312009681016207e-01
4.449319601990282536e-01
4.460461558774113655e-01
5.434109647758305073e-01
6.126171411015093327e-01
4.846493939403444529e-01
6.100517280865460634e-01
4.516456690616905689e-01
5.154492990113794804e-01
5.322233010083436966e-01
6.547474178951233625e-01
4.428219869732856750e-01
4.388583339750766754e-01
3.773629190400242805e-01
5.517573338001966476e-01
5.098836510442197323e-01
4.919227149803191423e-01
5.289216090459376574e-01
5.041451128199696541e-01
5.018577729351818562e-01
4.393146010115742683e-01
4.369596110191196203e-01
4.403729208279401064e-01
4.914379820693284273e-01
5.609944919124245644e-01
5.162236010655760765e-01
6.889091168995946646e-01
5.328467960935086012e-01
6.261125521268695593e-01
4.957935309503227472e-01
6.033342441078275442e-01
5.946289871353656054e-01
3.941599279642105103e-01
4.208112820051610470e-01
5.436769460793584585e-01
5.050896019674837589e-01
4.215538380667567253e-01
5.043273728806525469e-01
3.859159899875521660e-01
5.212220889516174793e-01
4.430851798970252275e-01
5.288494629785418510e-01
4.420886649750173092e-01
4.047977079171687365e-01
5.177659059409052134e-01
4.659108719788491726e-01
6.160712901037186384e-01
4.445211780257523060e-01
4.553645220585167408e-01
6.254690270870923996e-01
5.334345141891390085e-01
5.645728320814669132e-01
4.430376349482685328e-01
5.363645951729267836e-01
5.506154629401862621e-01
5.010360989253968000e-01
4.872374681290239096e-01
5.310657410882413387e-01
4.232252759393304586e-01
4.414601339958608150e-01
5.430859650950878859e-01
3.761346100363880396e-01
6.032850958872586489e-01
5.327412809710949659e-01
6.860363509040325880e-01
6.559838289394974709e-01
6.344106460455805063e-01
4.645063087809830904e-01
6.324661409016698599e-01
4.359817821532487869e-01
3.060371219180524349e-01
4.291580838616937399e-01
4.991774058435112238e-01
5.626873658038675785e-01
5.274316130671650171e-01
3.536777279805392027e-01
4.427566770464181900e-01
5.017364181112498045e-01
4.913176652044057846e-01
6.221910498570650816e-01
5.313571179285645485e-01
6.133900610730051994e-01
5.331549681723117828e-01
4.124240819364786148e-01
6.029047830961644650e-01
4.771260470151901245e-01
4.197474720422178507e-01
5.099361739121377468e-01
4.414546929765492678e-01
5.457723420113325119e-01
5.653353349771350622e-01
4.421624559909105301e-01
5.103312260471284389e-01
4.206893211230635643e-01
4.104337790049612522e-01
4.117897429969161749e-01
5.369255410041660070e-01
5.450427639298141003e-01
3.711359049193561077e-01
4.175233920104801655e-01
4.160202520433813334e-01
6.567686300259083509e-01
4.539941139519214630e-01
5.348019970115274191e-01
6.467381969559937716e-01
4.551228459458798170e-01
4.641916640102863312e-01
5.502895880490541458e-01
5.634323221165686846e-01
4.429537288378924131e-01
5.189300258643925190e-01
4.052163190208375454e-01
4.934603769797831774e-01
3.973724769894033670e-01
5.225920919328927994e-01
5.225260569714009762e-01
4.443336711265146732e-01
5.189139340072870255e-01
4.454019148834049702e-01
6.390137220732867718e-01
6.346135800704360008e-01
6.313260020688176155e-01
6.574362819083034992e-01
6.472727418877184391e-01
6.053992861416190863e-01
5.938278911635279655e-01
5.366119570098817348e-01
5.374867089558392763e-01
4.452992659062147141e-01
4.458303288556635380e-01
5.137425968423485756e-01
4.968973919749259949e-01
5.978111338336020708e-01
4.218775448389351368e-01
3.949255831539630890e-01
5.062851831316947937e-01
6.339977819006890059e-01
6.635599751025438309e-01
5.318204269278794527e-01
5.314475609920918941e-01
5.322356859687715769e-01
6.644092579372227192e-01
5.560717859771102667e-01
4.437744431197643280e-01
5.203895100858062506e-01
4.371600919403135777e-01
5.449245199561119080e-01
4.418593109585344791e-01
3.784158148337155581e-01
5.485550961457192898e-01
5.228757048025727272e-01
4.462301838211715221e-01
4.423823908437043428e-01
4.307376591023057699e-01
6.350487598683685064e-01
4.847167038824409246e-01
5.164389761630445719e-01
5.941766218747943640e-01
6.038653128780424595e-01
5.920326160266995430e-01
6.371263358741998672e-01
3.766961230430752039e-01
5.138936070725321770e-01
5.648838719353079796e-01
5.282516330480575562e-01
5.372006669640541077e-01
4.425532470922917128e-01
5.879009400960057974e-01
4.963726359419524670e-01
5.216598429251462221e-01
4.458284631837159395e-01
6.029730420559644699e-01
6.256950278766453266e-01
5.289345129858702421e-01
6.309855908621102571e-01
5.330797389615327120e-01
6.595358629710972309e-01
5.128849169705063105e-01
3.976017278619110584e-01
4.426977101247757673e-01
3.803895309101790190e-01
4.353691530413925648e-01
3.888490428216755390e-01
3.606132518034428358e-01
4.158852081745862961e-01
3.349827369675040245e-01
5.450088479556143284e-01
4.373051340226083994e-01
5.111068370752036572e-01
5.136017180047929287e-01
4.942275991197675467e-01
4.144013880286365747e-01
6.051113049034029245e-01
4.745611648540943861e-01
5.337176139000803232e-01
5.324504310265183449e-01
6.253768238238990307e-01
4.438856511842459440e-01
5.937514910474419594e-01
4.402002948336303234e-01
5.122409358154982328e-01
4.921577679924666882e-01
4.060526899993419647e-01
4.387007229961454868e-01
5.078330689575523138e-01
3.587261268403381109e-01
5.091844878625124693e-01
5.201063679996877909e-01
6.035984482150524855e-01
4.633451250847429037e-01
6.222267779521644115e-01
5.916084218770265579e-01
5.051964810118079185e-01
5.304717349354177713e-01
5.256515119690448046e-01
4.691029521636664867e-01
5.202965410426259041e-01
4.424542880151420832e-01
4.410697710700333118e-01
5.000529719982296228e-01
3.852793329861015081e-01
4.931221429724246264e-01
5.250902890693396330e-01
4.424503971822559834e-01
4.383370059076696634e-01
4.418653249740600586e-01
5.015099518932402134e-01
4.991791229695081711e-01
5.592328510247170925e-01
5.064308790024369955e-01
3.988320559728890657e-01
5.305661170277744532e-01
5.811962080188095570e-01
5.289806749206036329e-01
5.300923599861562252e-01
5.297374490182846785e-01
5.903897751122713089e-01
5.270790860522538424e-01
3.847854200284928083e-01
5.544436119962483644e-01
5.275732439476996660e-01
5.331313288770616055e-01
4.412111230194568634e-01
4.256970940623432398e-01
3.784505941439419985e-01
5.138931029941886663e-01
5.183507460169494152e-01
5.646874201484024525e-01
5.309887959156185389e-01
6.267194289248436689e-01
5.304058648180216551e-01
5.096544208936393261e-01
5.990704840514808893e-01
5.266771761234849691e-01
4.397975450847297907e-01
4.237259770743548870e-01
3.997646099887788296e-01
3.628525061067193747e-01
4.167687231674790382e-01
3.984034708701074123e-01
5.020826270338147879e-01
3.982878390233963728e-01
5.558235610369592905e-01
5.408049379475414753e-01
4.362116390839219093e-01
4.366466989740729332e-01
3.884772530291229486e-01
4.524487759917974472e-01
5.120806018821895123e-01
5.294655370526015759e-01
5.224157678894698620e-01
6.190777581650763750e-01
6.194775619078427553e-01
4.608391511719673872e-01
6.286319959908723831e-01
3.578289169818162918e-01
4.390707211568951607e-01
5.065655810758471489e-01
4.823437740560621023e-01
4.171339098829776049e-01
3.895842339843511581e-01
5.038973521441221237e-01
4.381169590633362532e-01
4.400427730288356543e-01
5.058938690926879644e-01
5.127098779194056988e-01
3.483484250027686357e-01
5.220005288720130920e-01
4.483924310188740492e-01
6.086297561414539814e-01
5.099622129928320646e-01
5.273096479941159487e-01
4.586060510482639074e-01
6.064533640164881945e-01
4.804306270089000463e-01
4.902592711150646210e-01
4.197232730221003294e-01
3.580015141051262617e-01
3.408782579936087132e-01
4.090383469592779875e-01
5.386857411358505487e-01
4.381582830101251602e-01
4.391701978165656328e-01
3.747620470821857452e-01
4.390837040264159441e-01
4.404820941854268312e-01
5.495876809582114220e-01
5.400782818906009197e-01
5.702031718101352453e-01
6.285051878076046705e-01
5.898929368704557419e-01
5.278641639743000269e-01
6.802286899182945490e-01
4.698805320076644421e-01
6.529998839832842350e-01
4.873404141981154680e-01
5.086184071842581034e-01
4.383568731136620045e-01
4.355432968586683273e-01
3.497301749885082245e-01
3.764715541619807482e-01
4.898630240932106972e-01
5.158022681716829538e-01
3.842313028872013092e-01
5.010660260450094938e-01
2.905717671383172274e-01
5.661598679143935442e-01
5.308575029484927654e-01
6.420957050286233425e-01
5.313131031580269337e-01
4.710079759825021029e-01
5.893827760592103004e-01
4.404824769590049982e-01
5.292103500105440617e-01
4.278247810434550047e-01
4.996050000190734863e-01
4.991639261133968830e-01
5.245840779971331358e-01
5.365151679143309593e-01
4.391081640496850014e-01
4.396637817844748497e-01
5.522075181361287832e-01
5.181610018480569124e-01
5.011759030167013407e-01
3.761393928434699774e-01
5.280225039459764957e-01
5.035889721475541592e-01
6.185817411169409752e-01
5.026170560158789158e-01
4.716124108526855707e-01
5.286683288868516684e-01
5.226673891302198172e-01
5.375195238739252090e-01
5.528511970769613981e-01
4.264523021411150694e-01
5.258334439713507891e-01
4.342101339716464281e-01
4.264833170454949141e-01
3.989941771142184734e-01
5.077642861288040876e-01
4.388519711792469025e-01
4.114846950396895409e-01
4.944465239532291889e-01
5.264719831757247448e-01
5.270205219276249409e-01
5.270505871158093214e-01
4.082873279694467783e-01
4.286879841238260269e-01
5.257946508936583996e-01
5.884602610021829605e-01
5.064907330088317394e-01
4.880902369040995836e-01
4.968246638309210539e-01
5.173187297768890858e-01
5.350952679291367531e-01
5.430508540011942387e-01
4.783135140314698219e-01
4.941548001952469349e-01
5.122392729390412569e-01
4.478642269968986511e-01
6.533483278471976519e-01
5.263753260951489210e-01
4.637965878937393427e-01
6.144705431070178747e-01
4.742234069854021072e-01
6.247538449242711067e-01
6.439679758623242378e-01
5.104207489639520645e-01
4.373440709896385670e-01
5.009909849613904953e-01
5.447940090671181679e-01
4.021723188925534487e-01
4.038475521374493837e-01
5.305301679763942957e-01
4.958088349085301161e-01
4.378127208910882473e-01
3.954258130397647619e-01
5.169240620452910662e-01
5.948717389255762100e-01
5.324740079231560230e-01
5.285910661332309246e-01
4.851080668158829212e-01
4.436515858396887779e-01
4.382150820456445217e-01
4.031238718889653683e-01
4.418169658165425062e-01
4.957910589873790741e-01
4.448739609215408564e-01
4.448956090491265059e-01
5.024002459831535816e-01
4.406647759024053812e-01
4.412249559536576271e-01
4.996588779613375664e-01
5.788278731051832438e-01
5.160997239872813225e-01
5.928092331159859896e-01
4.526887128595262766e-01
4.221405379939824343e-01
5.931476480327546597e-01
4.538496260065585375e-01
5.317314770072698593e-01
5.481066640932112932e-01
5.439953559543937445e-01
4.878690028563141823e-01
4.037936220411211252e-01
4.860372948460280895e-01
3.970843460410833359e-01
4.437986828852444887e-01
4.954482240136712790e-01
4.450304801575839520e-01
4.285061419941484928e-01
5.179308271035552025e-01
5.324904639273881912e-01
5.323799441102892160e-01
6.273539979010820389e-01
4.432134618982672691e-01
6.376833058893680573e-01
5.287138440180569887e-01
5.132672020699828863e-01
5.300139479804784060e-01
3.891131731215864420e-01
4.428241848945617676e-01
4.415896490681916475e-01
4.376327409408986568e-01
3.857315760105848312e-01
4.283404708839952946e-01
4.941926880273967981e-01
3.845276089850813150e-01
3.599951241631060839e-01
5.114399751182645559e-01
6.152152898721396923e-01
4.746117719914764166e-01
4.951259209774434566e-01
5.342295849695801735e-01
6.433811387978494167e-01
6.765904601197689772e-01
5.344354109838604927e-01
4.457525759935379028e-01
5.283933959435671568e-01
4.431929381098598242e-01
4.942809378262609243e-01
4.438453589100390673e-01
3.514940750319510698e-01
4.951016160193830729e-01
5.309645929373800755e-01
5.049995160661637783e-01
5.298959799110889435e-01
4.522765520960092545e-01
4.946616638917475939e-01
4.033413089346140623e-01
5.266735430341213942e-01
6.155824977904558182e-01
6.118507040664553642e-01
5.335496778134256601e-01
5.140034069772809744e-01
5.096847699023783207e-01
4.836119699757546186e-01
4.413605919107794762e-01
3.845549360848963261e-01
4.410676669795066118e-01
3.670852179639041424e-01
4.379436669405549765e-01
4.308003447949886322e-01
4.305837089195847511e-01
4.386054880451411009e-01
4.428558670915663242e-01
5.183397601358592510e-01
5.145585839636623859e-01
6.218355658929795027e-01
5.043445141054689884e-01
5.301612128969281912e-01
5.315099300350993872e-01
5.307553701568394899e-01
4.139312729239463806e-01
5.113153280690312386e-01
5.530907900538295507e-01
5.353201390244066715e-01
4.454259760677814484e-01
3.865870470181107521e-01
3.524309131316840649e-01
4.441662461031228304e-01
4.446009770035743713e-01
4.126097720582038164e-01
4.401144729927182198e-01
3.573859829921275377e-01
5.177580919116735458e-01
5.955543147865682840e-01
5.748671970795840025e-01
5.193693179171532393e-01
6.275344120804220438e-01
4.681342658586800098e-01
4.587507899850606918e-01
4.579258370213210583e-01
5.389770781621336937e-01
4.200659610796719790e-01
3.671369869261980057e-01
4.179985760711133480e-01
3.745839570183306932e-01
4.390449430793523788e-01
5.220400961115956306e-01
5.556092381011694670e-01
5.575192149262875319e-01
5.072553881909698248e-01
5.760584790259599686e-01
6.873958141077309847e-01
4.174271030351519585e-01
4.983064399566501379e-01
5.095525630749762058e-01
6.159753231331706047e-01
4.881441087927669287e-01
4.364145740400999784e-01
4.877214578446000814e-01
4.379976890049874783e-01
3.983052121475338936e-01
4.139358398970216513e-01
4.879114229697734118e-01
3.458147521596401930e-01
4.334115330129861832e-01
4.371714508160948753e-01
5.463030920363962650e-01
3.909745898563414812e-01
4.381195700261741877e-01
4.866078060586005449e-01
4.384206370450556278e-01
5.723985119257122278e-01
4.781893091276288033e-01
5.093614340294152498e-01
5.095040500164031982e-01
5.253770400304347277e-01
5.253361838404089212e-01
4.687671151477843523e-01
4.804911848623305559e-01
5.229149858932942152e-01
4.279314039740711451e-01
5.401091040112078190e-01
4.086539119016379118e-01
4.383343069348484278e-01
5.040226748678833246e-01
5.477321648504585028e-01
4.874900060240179300e-01
4.348198710940778255e-01
4.877290478907525539e-01
5.213712488766759634e-01
6.285014350432902575e-01
4.062777059152722359e-01
5.258344218600541353e-01
6.272529920097440481e-01
6.366495350375771523e-01
6.258622950408607721e-01
4.768244400620460510e-01
4.368493319489061832e-01
5.381966121494770050e-01
4.713707498740404844e-01
5.238959798589348793e-01
5.391758049372583628e-01
4.155038178432732821e-01
4.955755020491778851e-01
4.147976851090788841e-01
4.411171399988234043e-01
5.133941120002418756e-01
5.131274308077991009e-01
6.201425730250775814e-01
6.780908179935067892e-01
5.976363250520080328e-01
6.268710489384829998e-01
6.271571631077677011e-01
5.960640099365264177e-01
5.395774578209966421e-01
4.377712500281631947e-01
3.978964318521320820e-01
3.123984970152378082e-01
3.385914359241724014e-01
4.152053538709878922e-01
4.240764018613845110e-01
4.367351159453392029e-01
3.808408780023455620e-01
3.812382780015468597e-01
4.851086109410971403e-01
4.390536390710622072e-01
4.385356730781495571e-01
6.160538860131055117e-01
6.362362320069223642e-01
4.982015979476273060e-01
5.244487919844686985e-01
5.244698950555175543e-01
4.376299488358199596e-01
6.067602320108562708e-01
6.083424901589751244e-01
4.061042410321533680e-01
5.116193590220063925e-01
3.720666400622576475e-01
5.380353408399969339e-01
3.712605978362262249e-01
4.321946208365261555e-01
4.381198300980031490e-01
5.396744539029896259e-01
5.125008758623152971e-01
4.068123879842460155e-01
5.377017871942371130e-01
4.862291039898991585e-01
5.046976909507066011e-01
3.988732020370662212e-01
5.266062170267105103e-01
5.867769301403313875e-01
5.267651539761573076e-01
5.928867592010647058e-01
5.222046410199254751e-01
5.869645429775118828e-01
5.791868472006171942e-01
4.896776911336928606e-01
4.926060880534350872e-01
4.031338822096586227e-01
4.424079940654337406e-01
5.354212599340826273e-01
5.011000640224665403e-01
5.089796669781208038e-01
4.208576960954815149e-01
4.424977819435298443e-01
3.518529708962887526e-01
4.421942250337451696e-01
4.449969839770346880e-01
4.374930569902062416e-01
6.337881481740623713e-01
4.859885629266500473e-01
4.637036419007927179e-01
5.333549610804766417e-01
5.343507379293441772e-01
5.824274520855396986e-01
5.318595131393522024e-01
4.381400709971785545e-01
4.407013098243623972e-01
4.450966659933328629e-01
4.217421978246420622e-01
4.447848710697144270e-01
4.935874419752508402e-01
5.029984558932483196e-01
3.867391319945454597e-01
3.288636880461126566e-01
4.952755300328135490e-01
4.943497390486299992e-01
5.152992010116577148e-01
6.129332608543336391e-01
5.341908170375972986e-01
5.330349528230726719e-01
5.340103278867900372e-01
5.170985790900886059e-01
5.323801629710942507e-01
6.343173929490149021e-01
4.873099750839173794e-01
4.425652821082621813e-01
5.282568430993705988e-01
4.377922960557043552e-01
4.225536661688238382e-01
3.514626889955252409e-01
4.434549019206315279e-01
5.479345801286399364e-01
3.965016398578882217e-01
4.320866451598703861e-01
4.464050862006843090e-01
4.943875118624418974e-01
4.552723709493875504e-01
6.369684529490768909e-01
6.265537729486823082e-01
5.344692929647862911e-01
6.878390428610146046e-01
5.945299731101840734e-01
4.550003921613097191e-01
4.406390851363539696e-01
5.216054809279739857e-01
3.362633530050516129e-01
5.376158650033175945e-01
5.109987340401858091e-01
5.310718358960002661e-01
4.928962369449436665e-01
3.768309950828552246e-01
5.187545649241656065e-01
4.201058598700910807e-01
4.420837950892746449e-01
3.900317300576716661e-01
4.122032411396503448e-01
6.349007370881736279e-01
5.315161538310348988e-01
5.321235300507396460e-01
6.150181309785693884e-01
5.336009059101343155e-01
4.396059040445834398e-01
5.342888778541237116e-01
5.191080959048122168e-01
5.372793490532785654e-01
5.518948859535157681e-01
4.043417098000645638e-01
5.189337129704654217e-01
5.101214959286153316e-01
4.450734099373221397e-01
5.236713821068406105e-01
5.325112219434231520e-01
5.311193498782813549e-01
4.284954969771206379e-01
3.353621091227978468e-01
4.961080539505928755e-01
5.330894300714135170e-01
5.174982862081378698e-01
5.261584189720451832e-01
4.961815830320119858e-01
3.916154580656439066e-01
5.323042019736021757e-01
4.541921101044863462e-01
5.665035180281847715e-01
5.017749660182744265e-01
3.788250961806625128e-01
4.779626019299030304e-01
5.486287518870085478e-01
4.138092000503093004e-01
4.242817191407084465e-01
4.442138220183551311e-01
5.638258110266178846e-01
5.315166430082172155e-01
4.592091499362140894e-01
4.866428310051560402e-01
7.013247278518974781e-01
6.475324791390448809e-01
5.089148811530321836e-01
4.121704918798059225e-01
4.992460990324616432e-01
4.974338039755821228e-01
4.459359040483832359e-01
5.119137750007212162e-01
3.451081530656665564e-01
4.448123199399560690e-01
3.961475179530680180e-01
5.619419990107417107e-01
4.416149770841002464e-01
4.869216200895607471e-01
5.121683531906455755e-01
4.777106950059533119e-01
6.556574190035462379e-01
4.232148679438978434e-01
5.935987648554146290e-01
6.530116088688373566e-01
6.346274439711123705e-01
4.849923499859869480e-01
4.359790030866861343e-01
4.450374399311840534e-01
4.442683227825909853e-01
4.430258159991353750e-01
4.223042819648981094e-01
4.013934507966041565e-01
3.921525750774890184e-01
5.022445870563387871e-01
4.417269930709153414e-01
3.240826600231230259e-01
5.541018859948962927e-01
5.186160600278526545e-01
5.281634859275072813e-01
6.443501438479870558e-01
6.659898920916020870e-01
4.860495091415941715e-01
4.750415601301938295e-01
5.058480431325733662e-01
4.403998211491852999e-01
5.097188591025769711e-01
4.926466769538819790e-01
4.419116189237684011e-01
5.088084291201084852e-01
5.121848871931433678e-01
4.046277769375592470e-01
4.955370200332254171e-01
5.222333578858524561e-01
5.189432918559759855e-01
4.437550189904868603e-01
5.144336270168423653e-01
5.338986429851502180e-01
5.330287909600883722e-01
5.341089458670467138e-01
6.140025588683784008e-01
6.269056361634284258e-01
6.347429880406707525e-01
5.384444061201065779e-01
5.110112580005079508e-01
4.410921260714530945e-01
3.774668090045452118e-01
4.373829991091042757e-01
3.853317659813910723e-01
5.479577910155057907e-01
4.314782042056322098e-01
4.396113068796694279e-01
4.385772349778562784e-01
4.437286099418997765e-01
4.533051610924303532e-01
6.027154750190675259e-01
6.227541391272097826e-01
6.136036489624530077e-01
5.307601608801633120e-01
5.301107510458678007e-01
6.245990500319749117e-01
4.938805717974901199e-01
4.397678740788251162e-01
4.366605861578136683e-01
5.164184751920402050e-01
3.748748481739312410e-01
4.350016710814088583e-01
4.917661438230425119e-01
4.209115230478346348e-01
3.603456967975944281e-01
5.258816489949822426e-01
4.411783360410481691e-01
4.418483618646860123e-01
4.629482917953282595e-01
5.911240940913558006e-01
5.253671379759907722e-01
5.318296598270535469e-01
5.932411111425608397e-01
6.221103258430957794e-01
6.037378439214080572e-01
5.324130179360508919e-01
4.349157419055700302e-01
4.430107269436120987e-01
4.416717209387570620e-01
3.679417232051491737e-01
5.113656749017536640e-01
4.400189439766108990e-01
4.353473652154207230e-01
3.839847440831363201e-01
5.466665120329707861e-01
6.303042760118842125e-01
5.305825669784098864e-01
5.160024140495806932e-01
5.304014529101550579e-01
5.910998140461742878e-01
6.536216749809682369e-01
4.680995550006628036e-01
4.434286670293658972e-01
4.434942139778286219e-01
5.252986059058457613e-01
4.401873070746660233e-01
3.581939579453319311e-01
3.991019008681178093e-01
5.401169490069150925e-01
4.305115090683102608e-01
5.115402310620993376e-01
5.029075529891997576e-01
6.021796779241412878e-01
5.912618748843669891e-01
4.625080612022429705e-01
6.317535159178078175e-01
5.305690120439976454e-01
6.021583189722150564e-01
5.284248888492584229e-01
5.194186079315841198e-01
4.424018519930541515e-01
4.425878641195595264e-01
4.110418779309839010e-01
3.183458279818296432e-01
4.418275740463286638e-01
4.431682000868022442e-01
3.939733048900961876e-01
4.278916919138282537e-01
5.076542769093066454e-01
5.007848851382732391e-01
5.199111870024353266e-01
4.313532239757478237e-01
6.298372619785368443e-01
6.422439971938729286e-01
5.266620549373328686e-01
5.265953261405229568e-01
4.192420160397887230e-01
6.037303011398762465e-01
4.088109058793634176e-01
4.388212000485509634e-01
4.377554298844188452e-01
5.139430481940507889e-01
4.360605999827384949e-01
4.359327841084450483e-01
5.034190998412668705e-01
4.945577220059931278e-01
5.242679240182042122e-01
4.896377068944275379e-01
4.971814271993935108e-01
5.131329179275780916e-01
4.154564999043941498e-01
4.475753349252045155e-01
6.180242360569536686e-01
5.278174960985779762e-01
4.807894290424883366e-01
5.980326810386031866e-01
5.982913679908961058e-01
4.800048239994794130e-01
5.240245149470865726e-01
4.387046929914504290e-01
5.819783140905201435e-01
5.160663810092955828e-01
4.365438569802790880e-01
4.362728649284690619e-01
4.317362462170422077e-01
3.377181040123105049e-01
3.383786240592598915e-01
4.374910439364612103e-01
4.365069160703569651e-01
4.368005730211734772e-01
5.075557269155979156e-01
4.352328451350331306e-01
4.924554058816283941e-01
6.009340710006654263e-01
4.304624220822006464e-01
4.811307759955525398e-01
6.027404100168496370e-01
5.272282781079411507e-01
5.116376711521297693e-01
5.199959729798138142e-01
3.742769148666411638e-01
5.080880990717560053e-01
3.747292309999465942e-01
4.394879459869116545e-01
5.237032009754329920e-01
5.236308819148689508e-01
4.992130200844258070e-01
4.415660009253770113e-01
4.365403698757290840e-01
3.944618848618119955e-01
4.908134359866380692e-01
5.263256060425192118e-01
4.347167899832129478e-01
3.829250850249081850e-01
4.815237661823630333e-01
5.275511320214718580e-01
6.003757701255381107e-01
5.990517919417470694e-01
4.393327790312469006e-01
6.381886480376124382e-01
5.273822408635169268e-01
5.263333839830011129e-01
4.354858300648629665e-01
3.825039730872958899e-01
5.067775039933621883e-01
5.072696928400546312e-01
3.993073431774973869e-01
4.253201689571142197e-01
5.065580490045249462e-01
5.384411588311195374e-01
4.896517649758607149e-01
4.354050550609827042e-01
4.401226509362459183e-01
5.598593619652092457e-01
4.310851329937577248e-01
5.303238639608025551e-01
6.514009558595716953e-01
4.721636010799556971e-01
4.628969081677496433e-01
5.290949649643152952e-01
6.085782838054001331e-01
4.913240228779613972e-01
3.676725029945373535e-01
4.919328880496323109e-01
3.686982360668480396e-01
4.370439131744205952e-01
5.172617388889193535e-01
4.357828348875045776e-01
4.350546980276703835e-01
4.410511739552021027e-01
3.672858469653874636e-01
4.827960750553756952e-01
4.168018829077482224e-01
5.484239021316170692e-01
4.383591359946876764e-01
5.281700389459729195e-01
6.281817059498280287e-01
5.280533079057931900e-01
6.689072260633111000e-01
6.297580339014530182e-01
5.280053939204663038e-01
5.890552380587905645e-01
5.205732509493827820e-01
5.728632388636469841e-01
4.380286890082061291e-01
4.351123988162726164e-01
5.064805098809301853e-01
4.021673349197953939e-01
3.416965461801737547e-01
3.925818980205804110e-01
5.242758260574191809e-01
4.984227118548005819e-01
5.231143899727612734e-01
5.276596818584948778e-01
4.397117290645837784e-01
6.297659489791840315e-01
5.032463129609823227e-01
6.104425189550966024e-01
5.283457599580287933e-01
4.808820500038564205e-01
5.238653540145605803e-01
3.660787970293313265e-01
4.358561190310865641e-01
4.384296801872551441e-01
5.113211758434772491e-01
4.404801221098750830e-01
4.427042158786207438e-01
4.015106649603694677e-01
5.108870228286832571e-01
3.424193679820746183e-01
5.324494580272585154e-01
5.162175300065428019e-01
5.262858439236879349e-01
5.263232968281954527e-01
5.930360460188239813e-01
4.962044740095734596e-01
6.135951150208711624e-01
5.182280309963971376e-01
4.411554429680109024e-01
4.378554827999323606e-01
5.252393721602857113e-01
4.434337699785828590e-01
4.048487909603863955e-01
5.281267459504306316e-01
5.633017828222364187e-01
4.402291239239275455e-01
4.916466330178081989e-01
3.861385600175708532e-01
4.372945649083703756e-01
4.107386108953505754e-01
3.923084139823913574e-01
6.006964559201151133e-01
5.294211360160261393e-01
5.301842438057065010e-01
5.315024249721318483e-01
6.107749140355736017e-01
6.215898990631103516e-01
6.015943558886647224e-01
4.087809259071946144e-01
4.343540458939969540e-01
4.914616739843040705e-01
4.390317481011152267e-01
5.356059349142014980e-01
4.402304748073220253e-01
4.292640038765966892e-01
3.414461759384721518e-01
3.856470419559627771e-01
4.446314950473606586e-01
4.783542000222951174e-01
4.869162109680473804e-01
4.519292509648948908e-01
5.148337581194937229e-01
5.326872109435498714e-01
6.337976430077105761e-01
5.934759620577096939e-01
5.345962699502706528e-01
6.140682860277593136e-01
4.289004339370876551e-01
4.413805871736258268e-01
5.354626271873712540e-01
4.442530120722949505e-01
4.367432100698351860e-01
5.183177459985017776e-01
4.374600748997181654e-01
3.684043178800493479e-01
4.383691090624779463e-01
5.269746431149542332e-01
3.666336229071021080e-01
4.613527168985456228e-01
5.303217309992760420e-01
4.620054999832063913e-01
6.035474119707942009e-01
5.306774477940052748e-01
5.311544989235699177e-01
4.418459879234433174e-01
4.839384988881647587e-01
5.223418900277465582e-01
5.084507039282470942e-01
5.177496438845992088e-01
4.956892181653529406e-01
4.291140579152852297e-01
4.935816188808530569e-01
5.184275750070810318e-01
3.839504071511328220e-01
4.395997268147766590e-01
4.404568639583885670e-01
5.022602020762860775e-01
3.997132817748934031e-01
6.113908828701823950e-01
5.286431608255952597e-01
5.288089928217232227e-01
5.998882041312754154e-01
4.725277498364448547e-01
5.238456930965185165e-01
5.513262380845844746e-01
4.400603831745684147e-01
5.241791829466819763e-01
4.401020649820566177e-01
5.425551368389278650e-01
4.890496539883315563e-01
3.828239589929580688e-01
4.975943001918494701e-01
4.336026648525148630e-01
4.381596578750759363e-01
4.348044209182262421e-01
5.199906250927597284e-01
4.414096048567444086e-01
4.495657128281891346e-01
6.391621071379631758e-01
5.220574899576604366e-01
5.322844949550926685e-01
4.370209709741175175e-01
4.180722560267895460e-01
5.152974359225481749e-01
4.380422169342637062e-01
3.985484079457819462e-01
3.653501898515969515e-01
4.394138101488351822e-01
5.242488249205052853e-01
4.362093470990657806e-01
4.399687140248715878e-01
4.413666399195790291e-01
5.394454400520771742e-01
6.100410150829702616e-01
6.498608628753572702e-01
5.892181259114295244e-01
5.275261770002543926e-01
4.917282329406589270e-01
4.813788440078496933e-01
4.501017760485410690e-01
4.399258010089397430e-01
3.725280510261654854e-01
3.119314319919794798e-01
4.064977189991623163e-01
4.363474680576473475e-01
4.377159760333597660e-01
5.624068649485707283e-01
5.274541149847209454e-01
4.347742251120507717e-01
5.012887059710919857e-01
4.886558810248970985e-01
6.255968930199742317e-01
5.860258620232343674e-01
6.464292630553245544e-01
5.248873729724436998e-01
5.951000228524208069e-01
5.851443398278206587e-01
4.058209848590195179e-01
3.543942889664322138e-01
3.887653839774429798e-01
4.126001850236207247e-01
5.192858020309358835e-01
4.366970381233841181e-01
4.358456791378557682e-01
4.357808460481464863e-01
4.363179341889917850e-01
5.113233919255435467e-01
4.378805188462138176e-01
4.176018850412219763e-01
5.105007919482886791e-01
5.256784160155802965e-01
5.673977159895002842e-01
6.156104840338230133e-01
4.595650078263133764e-01
4.489796517882496119e-01
5.196287399157881737e-01
6.157873929478228092e-01
4.386932710185647011e-01
3.943749649915844202e-01
5.469392030499875546e-01
4.253219191450625658e-01
4.335794260259717703e-01
4.365968259517103434e-01
3.627557749859988689e-01
5.202354451175779104e-01
4.937523000407963991e-01
4.371935939416289330e-01
5.483697489835321903e-01
5.962364200968295336e-01
6.357466981280595064e-01
5.256955591030418873e-01
5.192759418860077858e-01
5.244147551711648703e-01
6.182137341238558292e-01
5.202151921112090349e-01
4.370643799193203449e-01
5.398406528402119875e-01
4.140146300196647644e-01
3.827161190565675497e-01
4.881125490646809340e-01
5.374216788914054632e-01
3.793059980962425470e-01
4.054409058298915625e-01
4.353111889213323593e-01
4.854569018352776766e-01
4.354791590012609959e-01
3.288340740837156773e-01
5.563950990326702595e-01
5.097664541099220514e-01
5.966153149493038654e-01
5.212328019551932812e-01
5.246088048443198204e-01
5.196402128785848618e-01
5.251103930640965700e-01
4.681611300911754370e-01
4.378891249652951956e-01
5.561390039511024952e-01
3.978396779857575893e-01
4.375244281254708767e-01
3.805280940141528845e-01
4.336508838459849358e-01
3.810586188919842243e-01
3.643031269311904907e-01
5.308834358584135771e-01
3.896975459065288305e-01
4.132621290627866983e-01
4.363718030508607626e-01
4.372941860929131508e-01
5.542197909671813250e-01
5.216718299780040979e-01
5.203595010098069906e-01
4.268295839428901672e-01
6.373162150848656893e-01
3.966442730743438005e-01
5.246363321784883738e-01
6.433440211694687605e-01
4.163113150279968977e-01
4.396713718306273222e-01
4.362975240219384432e-01
5.115366850513964891e-01
4.362630918622016907e-01
