6.141703220782801509e-01
4.391090829158201814e-01
4.571260890224948525e-01
4.833388919942080975e-01
5.154370069503784180e-01
4.950552659574896097e-01
5.749912849860265851e-01
5.865249300841242075e-01
4.810138359898701310e-01
6.103222990641370416e-01
5.018786449218168855e-01
4.915231809718534350e-01
6.305982669582590461e-01
5.936393139418214560e-01
5.362905450165271759e-01
5.702830730006098747e-01
5.637270839652046561e-01
5.906385061098262668e-01
7.652165050385519862e-01
5.860953509109094739e-01
6.840858790092170238e-01
5.329257359262555838e-01
5.601095139281824231e-01
5.308950929902493954e-01
5.820767889963462949e-01
4.572635110234841704e-01
5.140306010143831372e-01
5.151172769255936146e-01
5.425182200269773602e-01
5.226082409499213099e-01
7.416008990257978439e-01
7.953438169788569212e-01
5.736471499549224973e-01
4.810333100613206625e-01
4.174089720472693443e-01
4.801157490583136678e-01
4.142969610402360559e-01
4.157991938991472125e-01
4.954299740493297577e-01
4.531187160173431039e-01
4.047083890764042735e-01
5.243063180241733789e-01
5.874164770357310772e-01
5.177650789264589548e-01
4.620490029919892550e-01
5.883442310150712729e-01
4.159671249799430370e-01
5.508350530872121453e-01
5.820813520113006234e-01
5.522725509945303202e-01
4.124990879790857434e-01
4.898512719664722681e-01
5.420742100104689598e-01
4.113516069483011961e-01
4.713791409740224481e-01
5.394238049630075693e-01
5.651323270285502076e-01
5.655612880364060402e-01
3.808208950795233250e-01
4.694162389496341348e-01
4.725433889543637633e-01
5.546819049632176757e-01
5.191119259689003229e-01
5.646617220481857657e-01
5.224150710273534060e-01
4.647833870258182287e-01
3.738037979928776622e-01
4.168058970244601369e-01
4.287688219919800758e-01
4.717351599829271436e-01
5.578653280390426517e-01
5.806246569845825434e-01
6.060394269879907370e-01
4.032895939890295267e-01
4.107122140703722835e-01
4.722720499848946929e-01
3.932468959828838706e-01
3.867328879423439503e-01
5.847875530598685145e-01
6.087535740807652473e-01
5.914604859426617622e-01
4.653357310453429818e-01
5.553765300428494811e-01
5.846743030706420541e-01
4.654804840683937073e-01
4.660101870540529490e-01
5.299189160577952862e-01
5.208679320057854056e-01
4.661705830367282033e-01
4.654393419623374939e-01
5.426543419016525149e-01
4.730831170454621315e-01
4.609239409910514951e-01
5.483360119396820664e-01
4.711238340241834521e-01
4.424838479608297348e-01
5.278431529877707362e-01
3.879719850374385715e-01
4.589160749455913901e-01
5.421502389945089817e-01
3.888397800037637353e-01
4.153720210306346416e-01
4.697094779694452882e-01
5.415171550121158361e-01
4.659319720230996609e-01
4.432809689315035939e-01
4.092411309247836471e-01
3.728703070664778352e-01
4.344842319842427969e-01
5.545870240312069654e-01
6.508914809674024582e-01
5.637307380093261600e-01
4.663015749538317323e-01
4.062060089781880379e-01
5.536375460214912891e-01
4.334384109824895859e-01
5.904621470253914595e-01
5.706482019741088152e-01
4.065975990379229188e-01
4.676188699668273330e-01
5.298785220365971327e-01
5.972269899211823940e-01
3.958310509333387017e-01
4.933222079416736960e-01
3.250380329554900527e-01
3.397620009491220117e-01
4.328121689613908529e-01
5.432316439691931009e-01
5.425096030812710524e-01
4.148882509907707572e-01
3.931294389767572284e-01
3.968948349356651306e-01
4.063703279243782163e-01
5.107200579950585961e-01
3.489599439781159163e-01
3.893767159897834063e-01
3.921810840256512165e-01
4.868579260073602200e-01
3.799304609419777989e-01
4.288020930252969265e-01
5.322947769891470671e-01
4.659241309855133295e-01
4.666168900439515710e-01
3.514166409149765968e-01
5.087677279952913523e-01
3.957348410040140152e-01
4.642964450176805258e-01
4.297505259746685624e-01
4.686095940414816141e-01
4.663115129806101322e-01
3.858706450555473566e-01
3.871322419727221131e-01
4.085014919983223081e-01
4.903599419631063938e-01
4.902816090034320951e-01
4.025044200243428349e-01
3.989976160228252411e-01
3.781922860071063042e-01
4.409020509338006377e-01
5.270429309457540512e-01
4.675154869910329580e-01
4.726094460347667336e-01
4.177139759995043278e-01
5.870405860478058457e-01
5.348711339756846428e-01
4.642428820952773094e-01
4.652599580585956573e-01
4.337126449681818485e-01
4.651732071070000529e-01
4.632885450264438987e-01
5.395966899814084172e-01
4.230709270341321826e-01
3.388068969361484051e-01
4.463592070387676358e-01
4.046655839774757624e-01
5.073996749706566334e-01
4.022304289974272251e-01
4.092615210684016347e-01
5.148178869858384132e-01
4.138451550388708711e-01
3.893187859794124961e-01
4.323378370609134436e-01
4.868153389543294907e-01
5.047223019646480680e-01
4.219611469889059663e-01
5.459081400185823441e-01
5.432487420039251447e-01
3.691150500671938062e-01
3.897375139640644193e-01
4.290630359901115298e-01
5.587799790082499385e-01
4.474794589914381504e-01
4.134832760319113731e-01
4.576368840644136071e-01
4.245062579866498709e-01
4.686881799716502428e-01
3.753882520832121372e-01
3.752467849990352988e-01
4.239614279940724373e-01
5.106146029429510236e-01
3.612032979726791382e-01
4.767388720065355301e-01
3.852553090546280146e-01
4.689799949992448092e-01
3.883156989468261600e-01
4.414477719692513347e-01
4.974220049334689975e-01
5.190714648924767971e-01
4.681904020253568888e-01
4.653307889821007848e-01
5.278664809884503484e-01
4.684178869938477874e-01
4.669410960050299764e-01
4.232633219799026847e-01
5.295030149864032865e-01
4.925753029529005289e-01
4.760873659979552031e-01
3.613989889854565263e-01
3.854901799932122231e-01
4.731047400273382664e-01
3.407626209082081914e-01
4.245496219955384731e-01
4.201263448921963573e-01
4.224689969560131431e-01
4.798555079614743590e-01
3.819543919526040554e-01
3.765124899800866842e-01
4.706189549760892987e-01
4.247490250272676349e-01
4.457514670211821795e-01
4.653592959512025118e-01
5.096102120587602258e-01
5.258434399729594588e-01
4.240748350275680423e-01
4.420383850811049342e-01
3.698279740056023002e-01
4.649537750519812107e-01
5.280170809710398316e-01
4.929165999637916684e-01
3.882935269502922893e-01
3.890878119273111224e-01
4.736232039285823703e-01
4.986689840443432331e-01
3.259010859765112400e-01
3.843759810552000999e-01
4.306216699769720435e-01
4.119921770179644227e-01
4.677417089696973562e-01
3.889623410068452358e-01
3.918043189914897084e-01
4.311990309506654739e-01
4.757498709950596094e-01
3.515284530585631728e-01
5.476197879761457443e-01
3.861700400011613965e-01
3.965307730250060558e-01
5.615772469900548458e-01
4.711108510382473469e-01
4.654309849720448256e-01
3.906046480406075716e-01
4.270889640320092440e-01
4.145959669258445501e-01
4.065630630357190967e-01
4.903841649647802114e-01
3.891573740402236581e-01
4.165294850245118141e-01
4.749856019625440240e-01
4.141198249999433756e-01
4.677199120633304119e-01
5.383111670380458236e-01
4.134539680089801550e-01
5.095571919810026884e-01
4.725966540863737464e-01
4.271253129700198770e-01
5.244204569607973099e-01
5.192529589403420687e-01
4.299675630172714591e-01
5.072529000462964177e-01
3.367157659959048033e-01
4.188964210916310549e-01
4.111736589111387730e-01
5.126489759422838688e-01
4.725992589956149459e-01
6.366770850727334619e-01
5.654299260349944234e-01
4.432008799631148577e-01
4.283014029497280717e-01
3.895123580005019903e-01
3.798446120927110314e-01
4.652649309718981385e-01
4.727717050118371844e-01
4.264286280376836658e-01
5.335101780947297812e-01
5.378048819256946445e-01
3.560121470363810658e-01
4.758510329993441701e-01
5.214472310617566109e-01
5.800379649735987186e-01
4.457425489090383053e-01
4.712700379313901067e-01
5.300459910649806261e-01
4.661553859477862716e-01
5.212634609779343009e-01
3.847148029599338770e-01
5.578841640381142497e-01
4.738863280508667231e-01
5.238598079886287451e-01
4.599313840735703707e-01
4.664897150360047817e-01
4.881544290110468864e-01
5.189354170579463243e-01
4.685767169576138258e-01
4.655060790246352553e-01
3.556457309750840068e-01
5.369786400115117431e-01
4.624168870504945517e-01
4.612304270267486572e-01
3.834331650286912918e-01
5.724986019777134061e-01
4.633183459518477321e-01
4.648923909990116954e-01
5.342673970153555274e-01
4.652742219623178244e-01
4.653796229977160692e-01
3.969912200700491667e-01
4.681320640956982970e-01
4.467899020528420806e-01
4.676508289994671941e-01
4.594900839729234576e-01
5.422633680282160640e-01
5.103283009957522154e-01
4.494355260394513607e-01
4.614914529956877232e-01
4.667647760361433029e-01
4.644495879765599966e-01
4.418235550401732326e-01
3.858372820541262627e-01
5.130076080095022917e-01
5.382348849670961499e-01
2.821097620762884617e-01
3.663617519196122885e-01
4.614740279503166676e-01
5.048235810827463865e-01
3.848124559735879302e-01
4.238809749949723482e-01
3.905710818944498897e-01
4.124434440163895488e-01
3.629573530051857233e-01
4.103972669690847397e-01
3.274460349930450320e-01
3.687494249315932393e-01
3.974320309935137630e-01
4.048321139998733997e-01
3.479157510446384549e-01
4.108544349437579513e-01
5.310266369488090277e-01
4.681055819382891059e-01
4.647726370021700859e-01
4.557983040576800704e-01
4.422316070413216949e-01
5.351141219725832343e-01
4.679054649313911796e-01
4.613234249409288168e-01
3.894875800469890237e-01
4.529084470123052597e-01
5.080527240643277764e-01
3.325620309915393591e-01
3.798610470257699490e-01
3.870354029349982738e-01
4.183865530649200082e-01
4.777751050423830748e-01
3.697318539489060640e-01
4.178451850311830640e-01
4.306966090807691216e-01
3.374142159009352326e-01
3.356187309836968780e-01
4.678151420084759593e-01
4.211014279862865806e-01
4.535335919354110956e-01
4.540884440066292882e-01
4.669130990514531732e-01
4.259521709755063057e-01
5.478697139769792557e-01
4.482490430818870664e-01
3.786125699989497662e-01
3.691276200115680695e-01
3.678806759417057037e-01
3.676041169092059135e-01
2.854617129778489470e-01
3.171782420249655843e-01
4.279304610099643469e-01
3.668400910682976246e-01
3.905498269014060497e-01
3.895330759696662426e-01
3.783080610446631908e-01
4.031521870056167245e-01
3.842694320483133197e-01
3.797108100261539221e-01
4.682903680950403214e-01
4.636363181052729487e-01
4.329225070541724563e-01
4.220886550610885024e-01
4.223281830782070756e-01
4.611300899414345622e-01
4.611420099390670657e-01
4.462634909432381392e-01
3.974389299983158708e-01
4.115432510152459145e-01
4.062782350229099393e-01
3.909376069204881787e-01
4.020853850524872541e-01
3.567939179483801126e-01
4.196700170869007707e-01
3.750226380070671439e-01
3.951341949868947268e-01
4.644653920549899340e-01
3.225139080313965678e-01
4.074020700063556433e-01
4.001525019994005561e-01
4.074004590511322021e-01
3.022365809883922338e-01
5.189031139016151428e-01
4.656317030312493443e-01
4.641620600596070290e-01
4.666576629970222712e-01
4.420939530245959759e-01
4.658305780030786991e-01
5.897788200527429581e-01
4.081158060580492020e-01
4.270916479872539639e-01
4.021647589979693294e-01
4.434959649806842208e-01
4.768620550166815519e-01
3.685515749966725707e-01
3.875472679501399398e-01
4.012302870396524668e-01
3.750654769828543067e-01
4.700200669467449188e-01
4.574107119115069509e-01
4.250353359384462237e-01
4.660863729659467936e-01
3.879821059526875615e-01
4.123677560128271580e-01
4.683206299087032676e-01
3.704116760054603219e-01
4.668080619303509593e-01
5.645060940878465772e-01
3.211186119588091969e-01
4.588081360561773181e-01
3.122671380406245589e-01
4.500152270775288343e-01
4.161064380314201117e-01
3.809535780455917120e-01
4.079481399385258555e-01
4.689797990722581744e-01
4.040926429443061352e-01
4.694281549891456962e-01
4.011341399746015668e-01
3.795584209728986025e-01
4.736740599619224668e-01
4.633930589770898223e-01
5.876565789803862572e-01
4.928677269490435719e-01
3.979035690426826477e-01
4.092167270136997104e-01
3.910273669753223658e-01
3.688960059080272913e-01
4.198319959687069058e-01
4.119876170298084617e-01
3.620361600769683719e-01
4.208674649707973003e-01
4.236273850547149777e-01
4.645334950182586908e-01
3.917162970174103975e-01
4.433638270711526275e-01
5.275697070173919201e-01
5.728241449687629938e-01
4.134658760158345103e-01
4.614235250046476722e-01
3.633433440700173378e-01
5.544117999961599708e-01
5.158033859916031361e-01
4.053582430351525545e-01
3.478390449890866876e-01
3.857290210435166955e-01
3.532654809532687068e-01
3.591270430479198694e-01
3.983205260010436177e-01
4.811709300847724080e-01
4.250854930141940713e-01
3.847442480036988854e-01
4.104818430496379733e-01
4.063006179640069604e-01
3.620698739541694522e-01
4.477847660891711712e-01
4.021279138978570700e-01
3.683845920022577047e-01
4.994573809672147036e-01
5.354738670866936445e-01
4.867269149981439114e-01
5.186284340452402830e-01
4.665413089096546173e-01
3.684261880116537213e-01
5.195437589427456260e-01
4.648598090279847383e-01
3.803054329473525286e-01
4.532591229071840644e-01
4.039747840724885464e-01
4.410902099916711450e-01
5.152401870582252741e-01
4.634500270476564765e-01
4.730988930677995086e-01
5.419849010650068521e-01
4.583120880415663123e-01
4.433676629560068250e-01
4.928772629937157035e-01
4.664398980094119906e-01
4.684810490580275655e-01
4.431755400728434324e-01
4.737034459831193089e-01
4.503226060187444091e-01
4.779427070170640945e-01
5.378977890359237790e-01
4.321748350048437715e-01
5.186347640119493008e-01
3.902630070224404335e-01
5.201423069229349494e-01
4.434832830447703600e-01
4.061245550401508808e-01
5.287942809518426657e-01
5.310532000148668885e-01
4.608232680475339293e-01
3.273523560492321849e-01
5.480134190293028951e-01
4.917093249969184399e-01
4.057427080115303397e-01
4.418870359659194946e-01
5.484268260188400745e-01
5.190581770148128271e-01
5.178530879784375429e-01
5.269629950635135174e-01
5.471563660539686680e-01
4.652075310004875064e-01
4.156540889525786042e-01
4.694880470633506775e-01
4.338248369749635458e-01
3.370776079827919602e-01
4.652772350236773491e-01
4.240324699785560369e-01
5.104181419592350721e-01
4.511871640570461750e-01
4.326236310880631208e-01
4.612293980317190289e-01
3.828910499578341842e-01
3.870362460147589445e-01
4.597129259491339326e-01
3.693387669045478106e-01
4.064414961030706763e-01
4.561085549648851156e-01
3.842438439605757594e-01
4.233618639409542084e-01
4.652521880343556404e-01
4.415785709861665964e-01
4.710644399747252464e-01
3.513034760253503919e-01
4.338959460146725178e-01
5.434806538978591561e-01
4.426078300457447767e-01
3.978058829670771956e-01
3.579432449769228697e-01
4.059601289918646216e-01
4.277381680440157652e-01
3.551229930017143488e-01
3.476839530048891902e-01
4.339183319825679064e-01
3.767884660046547651e-01
4.768307929625734687e-01
3.909699550131335855e-01
3.075989530188962817e-01
3.337573809549212456e-01
4.133976940065622330e-01
3.749228999949991703e-01
4.132922909921035171e-01
3.871921630343422294e-01
4.248797970358282328e-01
3.801186330383643508e-01
5.426320719998329878e-01
5.363121780101209879e-01
5.172234229976311326e-01
4.432082399725914001e-01
3.789395069470629096e-01
4.605017700232565403e-01
4.147502949927002192e-01
4.502513749757781625e-01
4.014757050899788737e-01
3.292075700592249632e-01
4.447492239996790886e-01
4.188133769202977419e-01
3.897851540241390467e-01
3.716246800031512976e-01
4.665158890420570970e-01
3.885502249468117952e-01
4.190774520393460989e-01
3.302581339376047254e-01
3.699900149367749691e-01
3.988702358910813928e-01
4.259749249322339892e-01
3.885994530282914639e-01
4.453470129519701004e-01
4.204059770563617349e-01
4.584176109638065100e-01
5.525733659742400050e-01
4.659832889446988702e-01
4.122397570172324777e-01
4.664098840439692140e-01
4.510484740603715181e-01
4.600760659668594599e-01
4.328794479370117188e-01
3.984041080111637712e-01
3.240715350257232785e-01
3.392129079438745975e-01
4.687916929833590984e-01
3.793393619125708938e-01
3.858645639847964048e-01
4.228063459740951657e-01
3.804208950605243444e-01
3.893048659665510058e-01
4.682450860273092985e-01
4.194766599684953690e-01
3.400761319790035486e-01
2.676218299893662333e-01
4.675437069963663816e-01
2.929288700688630342e-01
3.454244240419939160e-01
4.744861309882253408e-01
4.504303979920223355e-01
4.644510810030624270e-01
4.900544979609549046e-01
3.089704889571294188e-01
4.447755479486659169e-01
3.276200180407613516e-01
3.981311559909954667e-01
4.769097209209576249e-01
4.035942470654845238e-01
3.709321920759975910e-01
4.086233809357509017e-01
3.598125589778646827e-01
4.220184260047972202e-01
4.119227899936959147e-01
3.964560969034209847e-01
3.802476829150691628e-01
3.993885880336165428e-01
4.772043220000341535e-01
4.040422620018944144e-01
4.433356070658192039e-01
4.059465980390086770e-01
4.630477649625390768e-01
5.736473440192639828e-01
4.529823639895766973e-01
4.657990200212225318e-01
4.667409280082210898e-01
5.101797749521210790e-01
4.704175860388204455e-01
2.973001800710335374e-01
3.569445839384570718e-01
4.166277589974924922e-01
4.549031760543584824e-01
3.997444360284134746e-01
4.659503831062465906e-01
3.617033120244741440e-01
3.709607829805463552e-01
3.963772199349477887e-01
3.596092360094189644e-01
4.022365720011293888e-01
3.519032280892133713e-01
4.650248260004445910e-01
5.467003619996830821e-01
3.682962890015915036e-01
4.652561850380152464e-01
4.515002520056441426e-01
5.183237160090357065e-01
3.702116990461945534e-01
5.273665559943765402e-01
4.546455909730866551e-01
4.253429459640756249e-01
3.232099460437893867e-01
4.487597679253667593e-01
3.079679530346766114e-01
3.146978570148348808e-01
4.062472779769450426e-01
4.662935870001092553e-01
3.927308099810034037e-01
3.883576709777116776e-01
3.009658670052886009e-01
3.208838769933208823e-01
4.124206450069323182e-01
4.522891610395163298e-01
4.646739319432526827e-01
3.978563179261982441e-01
3.877945699496194720e-01
3.807628540089353919e-01
4.081742089474573731e-01
4.717229210073128343e-01
3.763602640246972442e-01
4.196944100549444556e-01
3.025178760290145874e-01
3.971221270039677620e-01
3.485558950342237949e-01
4.129345430992543697e-01
3.928099410841241479e-01
4.052016499917954206e-01
4.235345369670540094e-01
3.945139060961082578e-01
3.764817469054833055e-01
4.065312710590660572e-01
5.539375810185447335e-01
5.092119179898872972e-01
4.338862260337918997e-01
4.575572769390419126e-01
4.416570439934730530e-01
5.086588759440928698e-01
4.641921200091019273e-01
4.207585260737687349e-01
3.078929299954324961e-01
4.144774329615756869e-01
4.147526810411363840e-01
3.423291360959410667e-01
4.622039640089496970e-01
4.662615690613165498e-01
4.604262060020118952e-01
4.511125850258395076e-01
4.063926349626854062e-01
4.737528379773721099e-01
4.643516340292990208e-01
4.394288859330117702e-01
4.642016689758747816e-01
4.639164099935442209e-01
4.232182379346340895e-01
3.592154929647222161e-01
4.719238999532535672e-01
5.333086570026353002e-01
4.638107839273288846e-01
5.519690039800480008e-01
5.452094770735129714e-01
4.634949489263817668e-01
3.839746200246736407e-01
5.813912069424986839e-01
4.527182349702343345e-01
5.199249399593099952e-01
3.947580669773742557e-01
4.630355160916224122e-01
4.362102290615439415e-01
5.168155779829248786e-01
3.489783779950812459e-01
4.231808789772912860e-01
4.666675128974020481e-01
4.652834620792418718e-01
4.839254920370876789e-01
4.569812389090657234e-01
4.676477990578860044e-01
3.861769079230725765e-01
5.254452419467270374e-01
4.614467199426144361e-01
4.468080840306356549e-01
4.453906689304858446e-01
4.508529769955202937e-01
4.643816989846527576e-01
4.525221870280802250e-01
4.510426560882478952e-01
4.530703990021720529e-01
4.321301620220765471e-01
4.615326880011707544e-01
4.736978320870548487e-01
3.690825230441987514e-01
4.735187500482425094e-01
4.999389949953183532e-01
4.268062540795654058e-01
4.656929390039294958e-01
4.575168821029365063e-01
4.659740229835733771e-01
4.807225170079618692e-01
3.897539270110428333e-01
4.260011360747739673e-01
3.314506490714848042e-01
5.233663580147549510e-01
5.186507400358095765e-01
3.772609380539506674e-01
4.030238009290769696e-01
3.879163470119237900e-01
4.055356769822537899e-01
4.213083320064470172e-01
3.555018160259351134e-01
3.706372890155762434e-01
4.395769999828189611e-01
4.585634960094466805e-01
4.065839209361001849e-01
4.082613920327275991e-01
3.669621569570153952e-01
4.506439890246838331e-01
4.245094490470364690e-01
4.237417780095711350e-01
4.584815900307148695e-01
5.448516390752047300e-01
3.875411771005019546e-01
4.716692210640758276e-01
3.706437009386718273e-01
3.621744950069114566e-01
4.121713760541751981e-01
3.114585879957303405e-01
3.784285739529877901e-01
3.928669249871745706e-01
3.762858118861913681e-01
3.303627329878509045e-01
3.770466740243136883e-01
3.124392959289252758e-01
3.145927699515596032e-01
3.868850769940763712e-01
3.891948600066825747e-01
4.147003550315275788e-01
4.648424759507179260e-01
4.509160040179267526e-01
3.786915780510753393e-01
4.661524010589346290e-01
4.641997129656374454e-01
4.643685619812458754e-01
3.736656809924170375e-01
4.260520960669964552e-01
3.936187949730083346e-01
3.892171049956232309e-01
3.061788029735907912e-01
4.192876099841669202e-01
4.142524509225040674e-01
3.268594649853184819e-01
3.361807899782434106e-01
3.859224159969016910e-01
4.229623820865526795e-01
3.961073929676786065e-01
3.707356030354276299e-01
3.672396920155733824e-01
4.457981269806623459e-01
4.134900920325890183e-01
3.064949380932375789e-01
4.193365660030394793e-01
4.644939269637688994e-01
3.858996420167386532e-01
4.349095990182831883e-01
4.656298750778660178e-01
5.379552410449832678e-01
4.345688739558681846e-01
4.653621399775147438e-01
4.666238110512495041e-01
3.654025529976934195e-01
3.866391120245680213e-01
4.533409539144486189e-01
3.653580150566995144e-01
4.628452860051766038e-01
3.270377350272610784e-01
4.645116499159485102e-01
4.295296270865947008e-01
2.846524040214717388e-01
3.953102790983393788e-01
3.885281139519065619e-01
4.802438539918512106e-01
3.902221369789913297e-01
3.431716789491474628e-01
4.637042910326272249e-01
4.331325879320502281e-01
4.238924989476799965e-01
4.429479839745908976e-01
3.753241110825911164e-01
3.986021400196477771e-01
3.562133460072800517e-01
3.876561609795317054e-01
3.963951560435816646e-01
3.576336279511451721e-01
3.949916400015354156e-01
3.452776538906618953e-01
2.924826699309051037e-01
4.540205670055001974e-01
3.625810950761660933e-01
4.000750010600313544e-01
3.900948240188881755e-01
3.249590919585898519e-01
4.021778530441224575e-01
3.762554849963635206e-01
4.085685780737549067e-01
5.183473380748182535e-01
4.512185310013592243e-01
4.681384660070762038e-01
4.440126229310408235e-01
5.299181899754330516e-01
4.634835280012339354e-01
4.378158060135319829e-01
4.035109829856082797e-01
4.123180330498144031e-01
3.887868659803643823e-01
3.797346089268103242e-01
3.891420230502262712e-01
4.016067699994891882e-01
4.070058389334008098e-01
3.678670469671487808e-01
4.018131459597498178e-01
3.965426210779696703e-01
3.986805080203339458e-01
3.945361279183998704e-01
3.927325679687783122e-01
4.073103069094941020e-01
3.618369919713586569e-01
4.012475380441173911e-01
4.142377309035509825e-01
4.642414109548553824e-01
4.658769170055165887e-01
3.773852710146456957e-01
3.896774270106106997e-01
5.174288729904219508e-01
4.640887029236182570e-01
4.320395980030298233e-01
5.448379840236157179e-01
3.830881450558081269e-01
3.664351890329271555e-01
3.371306849876418710e-01
4.831368169980123639e-01
4.131187610328197479e-01
3.614211269887164235e-01
4.111880540149286389e-01
4.240972120314836502e-01
4.113017580239102244e-01
3.819948269519954920e-01
3.511389140039682388e-01
4.027004480594769120e-01
3.887679129838943481e-01
3.681945900898426771e-01
3.851501330500468612e-01
4.985688980668783188e-01
4.624910249840468168e-01
4.509626609506085515e-01
5.268531889887526631e-01
4.641258430201560259e-01
4.638750270241871476e-01
4.515346699627116323e-01
4.406362959416583180e-01
4.768644780851900578e-01
4.287183809792622924e-01
4.065844730939716101e-01
4.544558459892868996e-01
4.628973560174927115e-01
4.763762999791651964e-01
4.531260379590094090e-01
4.587915869196876884e-01
4.414900420233607292e-01
4.723376319743692875e-01
4.474779999582096934e-01
4.826203510165214539e-01
4.653501890134066343e-01
4.093414620729163289e-01
4.625356539618223906e-01
3.583000299986451864e-01
3.793844350147992373e-01
4.658450689166784286e-01
3.606827310286462307e-01
3.354180939495563507e-01
3.913624780252575874e-01
5.294229799183085561e-01
4.495972769800573587e-01
3.693098019575700164e-01
3.787988960975781083e-01
4.693369999295100570e-01
6.607695129932835698e-01
5.359082720242440701e-01
4.408407079754397273e-01
3.862782380310818553e-01
4.509116949047893286e-01
4.224121989682316780e-01
3.757089680293574929e-01
4.496227690251544118e-01
4.491615450242534280e-01
4.616293829167261720e-01
4.518871909240260720e-01
4.251842009834945202e-01
4.506499250419437885e-01
4.085922599770128727e-01
4.042432130081579089e-01
4.325829260051250458e-01
4.660536119481548667e-01
4.431689400225877762e-01
3.694754559546709061e-01
4.669899209402501583e-01
5.234654349042102695e-01
3.682490959763526917e-01
4.665692610433325171e-01
4.295178350294008851e-01
4.760580559959635139e-01
4.144121790304780006e-01
3.681116739753633738e-01
4.400506810052320361e-01
4.436419398989528418e-01
4.707809030078351498e-01
3.693339690798893571e-01
4.099904849426820874e-01
4.747147029265761375e-01
