1.002954839848816837e+00
9.995839284178460460e-01
1.013400439146471710e+00
1.025885299403795248e+00
1.021483250193748971e+00
1.018256179304529052e+00
1.021424126212441053e+00
1.019051904548196053e+00
1.021852972975462848e+00
1.020704395716093060e+00
1.005135871522671920e+00
1.000133721211424742e+00
1.003504570314734501e+00
1.001376304532334727e+00
1.002025262083068968e+00
1.002181798501928123e+00
1.001888064079685892e+00
1.003202462292982489e+00
9.979302335301880600e-01
9.962733628384935480e-01
1.001536129295302890e+00
1.000445513617862936e+00
1.001471510993322545e+00
1.002081572656694952e+00
9.992418307287118662e-01
1.001243061950694235e+00
1.023613430918222544e+00
1.032575468884905145e+00
1.043012785779972029e+00
1.049962153991894187e+00
1.054516988694077284e+00
1.059959048417533856e+00
1.070420233585095193e+00
1.070292732723092222e+00
1.071622945948323746e+00
1.083788563841677322e+00
1.099304179767769618e+00
1.115595450926253784e+00
1.116780727850175126e+00
1.115315254477301066e+00
1.126336218145980395e+00
1.134355216062903793e+00
1.142607919819387696e+00
1.159702417964643351e+00
1.159504882554125205e+00
1.168686117138756808e+00
1.184393465602241458e+00
1.194447746612756545e+00
1.204235377498514170e+00
1.228080315968469227e+00
1.242919761644537546e+00
1.241779568234158360e+00
1.237638105486569495e+00
1.225612054065273293e+00
1.222050402694470961e+00
1.218696364579789915e+00
1.216148528466199474e+00
1.210485837230241390e+00
1.229468151423325883e+00
1.241787928785133444e+00
1.264031676469372201e+00
1.268516952289098665e+00
1.258272111861640452e+00
1.273184818103506144e+00
1.266960216272335238e+00
1.276043384467302255e+00
1.292316756373105280e+00
1.281084654457282479e+00
1.288578745760495359e+00
1.311062405652295482e+00
1.296053130489857264e+00
1.276965744619692034e+00
1.283136729529506637e+00
1.280003372612233070e+00
1.261913554820565553e+00
1.238168873457357710e+00
1.222803913557370059e+00
1.227123396910581921e+00
1.228809650365813244e+00
1.227211311109406955e+00
1.253562990759675477e+00
1.259773249196196820e+00
1.261831592856273998e+00
1.251649692725358420e+00
1.248023242788112608e+00
1.220371813639471892e+00
1.220219624470785025e+00
1.236075864883030118e+00
1.222899055873753138e+00
1.247852846229185797e+00
1.242535943771686080e+00
1.220566876365257736e+00
1.240789986257449851e+00
1.235416865157176414e+00
1.224417631713214494e+00
1.227973439760525309e+00
1.252827587241508889e+00
1.250564974868499046e+00
1.264201489269197287e+00
1.286245872366986509e+00
1.305977833829965906e+00
1.310876974051026211e+00
1.305488533607148893e+00
1.306175810606694965e+00
1.330555779766517954e+00
1.319892029604796235e+00
1.304452899062218396e+00
1.326963569367788365e+00
1.315475968250400474e+00
1.314498936910043714e+00
1.332291208216708212e+00
1.321605339641273025e+00
1.305533079290991827e+00
1.310763470493174987e+00
1.294880699333082363e+00
1.290354560081838020e+00
1.307903478150582499e+00
1.308545526886624843e+00
1.304826335068526966e+00
1.303110835877965945e+00
1.312006034047546565e+00
1.300239818638236677e+00
1.314188627962726175e+00
1.310524224107130875e+00
1.299168146671331403e+00
1.296833534117075581e+00
1.289990684253383924e+00
1.292191209679972808e+00
1.313719492417148471e+00
1.285361164633901598e+00
1.303227315657106589e+00
1.321260716283096714e+00
1.292799302397478645e+00
1.305776862730502197e+00
1.304835155115835921e+00
1.308614606789205048e+00
1.321455991394727914e+00
1.332105961740096323e+00
1.349724784894746676e+00
1.369383805486975358e+00
1.364971736313120632e+00
1.353666912401193079e+00
1.344769631826894685e+00
1.343711202810162764e+00
1.360781853775555161e+00
1.369973544530164400e+00
1.368410961547954496e+00
1.343780973384891109e+00
1.353176164391385328e+00
1.364199789960313103e+00
1.359804035451575244e+00
1.346944064218051906e+00
1.359201569121931241e+00
1.328973767513782711e+00
1.335939208293616121e+00
1.297017741444923100e+00
1.289068840434132390e+00
1.297115539593786560e+00
1.316092523524055702e+00
1.331477613908266910e+00
1.336731211783467099e+00
1.336648207578833736e+00
1.314331636686621563e+00
1.315847102530719681e+00
1.314437032476725165e+00
1.317183114162065793e+00
1.328974697573310326e+00
1.311653306932438090e+00
1.328336314424112041e+00
1.316229208131882711e+00
1.293864395321604244e+00
1.301568684133264986e+00
1.307724106776119166e+00
1.284747018645548744e+00
1.278765034282901336e+00
1.276179464279769471e+00
1.292743168777974461e+00
1.274829033813731138e+00
1.292829080360113903e+00
1.302225669602115499e+00
1.321188650487909566e+00
1.333087587446702749e+00
1.317654450195653082e+00
1.293854354565902032e+00
1.295005956522395252e+00
1.277543796584015956e+00
1.282119564177167437e+00
1.293618281598552633e+00
1.283270587664765205e+00
1.276350538615917296e+00
1.291945456028350092e+00
1.273783484935073984e+00
1.307837225089041322e+00
1.275313815821831120e+00
1.275779954741670386e+00
1.281985081847776042e+00
1.279381531673387640e+00
1.278010045734349287e+00
1.297649112176493258e+00
1.289288394062923615e+00
1.302206855371715433e+00
1.309491014547626841e+00
1.326248718669787330e+00
1.318648828985913291e+00
1.311903217524821752e+00
1.312564733754415514e+00
1.294532275385418485e+00
1.311867523752547893e+00
1.309584761570791178e+00
1.304024633852923110e+00
1.312112668350915001e+00
1.306766781987854786e+00
1.326068739647782380e+00
1.326538342740360310e+00
1.323061325047872439e+00
1.308187515448857807e+00
1.310559039242139567e+00
1.289633052844327166e+00
1.312811748300484638e+00
1.306208066713609339e+00
1.310230256307574725e+00
1.322813051607636403e+00
1.327366167553206244e+00
1.332101165482435956e+00
1.330209819494654333e+00
1.343227560385945818e+00
1.331807444390080697e+00
1.352645943433435471e+00
1.350535452042523676e+00
1.334030737661201282e+00
1.316809221218804948e+00
1.337114318198564522e+00
1.337001546551263464e+00
1.335477625811300140e+00
1.316737150271205525e+00
1.317703712599646915e+00
1.311975285346806963e+00
1.295073683093123762e+00
1.297197225353638572e+00
1.298849654875493087e+00
1.309063136959113027e+00
1.327750409987515923e+00
1.332274438833346952e+00
1.340058278968673910e+00
1.362122672906148635e+00
1.360664631804541225e+00
1.354145083231580449e+00
1.376587322710591366e+00
1.372491372977242552e+00
1.376919001517003860e+00
1.359362604842218936e+00
1.362695122564645089e+00
1.330445897516925990e+00
1.337218863169119087e+00
1.358678142795894939e+00
1.377909431286157727e+00
1.384624370570390672e+00
1.384603772296817636e+00
1.405787807576197146e+00
1.418454313230572472e+00
1.408578574452271637e+00
1.389895277645987415e+00
1.415083565844007074e+00
1.403878394375414507e+00
1.401545768273580350e+00
1.419501167813170817e+00
1.416942747700249194e+00
1.406587697594321895e+00
1.400444756950617764e+00
1.391491298796124987e+00
1.404965711548354479e+00
1.404958774504299290e+00
1.384587166453194351e+00
1.377899182013581081e+00
1.388659212038007240e+00
1.363297056768437931e+00
1.348956938527878568e+00
1.348966709981303636e+00
1.348680484885930175e+00
1.358791135145599682e+00
1.366969512873291048e+00
1.361803302428266971e+00
1.347878705031944513e+00
1.338325434424176397e+00
1.328609212474588297e+00
1.318951873066549263e+00
1.354572173470475871e+00
1.335381259202326421e+00
1.332257261517783231e+00
1.340066602305611143e+00
1.317031055484923607e+00
1.325918707711509992e+00
1.339703739393297122e+00
1.326925199351156603e+00
1.323157174334526953e+00
1.339952446592076019e+00
1.339124727269303428e+00
1.336467300396414704e+00
1.339604046357365297e+00
1.332424920886417841e+00
1.358629203616003256e+00
1.362946320716692750e+00
1.358570281212374331e+00
1.353802782892825185e+00
1.343736135634762130e+00
1.338644814405865358e+00
1.325182916524238586e+00
1.331660200192071208e+00
1.335937202387592393e+00
1.353558096802087496e+00
1.351304501766591892e+00
1.327678190525884538e+00
1.343865089932828605e+00
1.338874883946408856e+00
1.341974446569185186e+00
1.345271230150108632e+00
1.331245329524309629e+00
1.326130787269334643e+00
1.329165197074966276e+00
1.331817594804103999e+00
1.313906351288136154e+00
1.297972141497662824e+00
1.310317279763192122e+00
1.312015040590084114e+00
1.311133592441416695e+00
1.304940457432564482e+00
1.313308907660765579e+00
1.321377159925444467e+00
1.338544637863177345e+00
1.350386816924255884e+00
1.329194461034572505e+00
1.350649357966786424e+00
1.361002194977989355e+00
1.344756811232626914e+00
1.320794191235987514e+00
1.327880585929048118e+00
1.344290779126603663e+00
1.329510953633265213e+00
1.353359082905674304e+00
1.348957573413585687e+00
1.344885807484562434e+00
1.354386111994691833e+00
1.354941777864821395e+00
1.357428314881399700e+00
1.350539800199450191e+00
1.335785335775017790e+00
1.346659791558019403e+00
1.340088584875224420e+00
1.336586421287348614e+00
1.335928277168339395e+00
1.334220701943972687e+00
1.329631151776513587e+00
1.337642217081997487e+00
1.317642004366231800e+00
1.313546518164793175e+00
1.332797301572838711e+00
1.323457096955740875e+00
1.307160626695807570e+00
1.326014195593496536e+00
1.346450742989471649e+00
1.353943124699915623e+00
1.349647926190400415e+00
1.355205267925864598e+00
1.343854073257857662e+00
1.337304632265835513e+00
1.345572028766824024e+00
1.342318769107862630e+00
1.344558947471719224e+00
1.343089141244768525e+00
1.359210831683845377e+00
1.368965059986861244e+00
1.369436554522688754e+00
1.380477722977829114e+00
1.384256664443130669e+00
1.373169134346598597e+00
1.394071344793458289e+00
1.427113644492787659e+00
1.423267128263348669e+00
1.434543300004576416e+00
1.431728442893865028e+00
1.441178656718044238e+00
1.443763738037386446e+00
1.455660769575362945e+00
1.453308827328513964e+00
1.452717755947781297e+00
1.472635444677198091e+00
1.462740517755510394e+00
1.458133443114293604e+00
1.477590831949736172e+00
1.486935159591799671e+00
1.477992536174392635e+00
1.464913338625777994e+00
1.462709550413597182e+00
1.484974319486040084e+00
1.479603644941028140e+00
1.481555300022694865e+00
1.481173017841888484e+00
1.460860765231492220e+00
1.453036498208635230e+00
1.485111298802896052e+00
1.465141212902614676e+00
1.436449608862532479e+00
1.435801045540310295e+00
1.434998581884364244e+00
1.420622441554072024e+00
1.421958042395434330e+00
1.411893232105030815e+00
1.418745412730132660e+00
1.421732063312923344e+00
1.433734507345427067e+00
1.410184866375996382e+00
1.407886315495745722e+00
1.417053857310266674e+00
1.406178704105155441e+00
1.395746583203337554e+00
1.399005905824175944e+00
1.386881699026500492e+00
1.381024507202970986e+00
1.378043604218122109e+00
1.346404595065119558e+00
1.350310077184643687e+00
1.351314003220585480e+00
1.358317977677930166e+00
1.354329147464333749e+00
1.345931731943194709e+00
1.355937999476190425e+00
1.366266845943083785e+00
1.356270735225747703e+00
1.355746124108037964e+00
1.353678917460009679e+00
1.345975295690318818e+00
1.351469558452590425e+00
1.341303712815129279e+00
1.359215952961311258e+00
1.349364241296590494e+00
1.348460209407269517e+00
1.360034174658511619e+00
1.356384379743181157e+00
1.338692241508997682e+00
1.369216548400028266e+00
1.363589680771807977e+00
1.388097094570347467e+00
1.388818269511163050e+00
1.369425942798842000e+00
1.392539927673000166e+00
1.385636962422378105e+00
1.376613515977547664e+00
1.369900872104409695e+00
1.383159968307550169e+00
1.383683375115886349e+00
1.385576047102865527e+00
1.362344681146640868e+00
1.367260280408945095e+00
1.358642918961537882e+00
1.350772173784962282e+00
1.339577800955054521e+00
1.334969554216598464e+00
1.347990085515203385e+00
1.342900189422626456e+00
1.338809096525195530e+00
1.356766627846846873e+00
1.357134248842591928e+00
1.342720937962214922e+00
1.364821426995712406e+00
1.336577359698967626e+00
1.346559022520862792e+00
1.341062340377997764e+00
1.351435721132947076e+00
1.357456420771317784e+00
1.367569296490292130e+00
1.364445476680432590e+00
1.381129471272978027e+00
1.365582147638495281e+00
1.355168282141949510e+00
1.347238418576318431e+00
1.334361828393898719e+00
1.349366904051702676e+00
1.354254903898900020e+00
1.361214051523557123e+00
1.377270622370550868e+00
1.374853495111124202e+00
1.389427146067213625e+00
1.400044409328553341e+00
1.378564285245341026e+00
1.378646194640830602e+00
1.371482595835387785e+00
1.363121652205165013e+00
1.385356153671782220e+00
1.373605915691177959e+00
1.367711097558566902e+00
1.346374633522860798e+00
1.356642881853850291e+00
1.337873101296622513e+00
1.353346185969176441e+00
1.353831409200241698e+00
1.365661652492919487e+00
1.354552220514873673e+00
1.385105467211811936e+00
1.397349644296612903e+00
1.413724059419536161e+00
1.410754282194903064e+00
1.398032029229101525e+00
1.392549627511143973e+00
1.406386263974562345e+00
1.382251101389417869e+00
1.405439626276221876e+00
1.392332763811686691e+00
1.384790556228872926e+00
1.393643374983321248e+00
1.394873815498077763e+00
1.387540665978089116e+00
1.392899759512453706e+00
1.396699582791871563e+00
1.407276598880182084e+00
1.413280286015291543e+00
1.438654352553409232e+00
1.440277477271603823e+00
1.463704907335297900e+00
1.432379338525000989e+00
1.428810481447653880e+00
1.442068685745153012e+00
1.436067084126032123e+00
1.409181876535259281e+00
1.409848834198631717e+00
1.410034550328177927e+00
1.409671117815494146e+00
1.425053287620204223e+00
1.446633725623585276e+00
1.430977291522247619e+00
1.462491626812141066e+00
1.439921163538459448e+00
1.451483581801783052e+00
1.447331595841199192e+00
1.428301990722968151e+00
1.424896703219758365e+00
1.429510764372335707e+00
1.419535567983706281e+00
1.402684236671255080e+00
1.405345282316742495e+00
1.406693618308691551e+00
1.418170439515252346e+00
1.396323340208309727e+00
1.388418511024596125e+00
1.412264320029076092e+00
1.400620775159858722e+00
1.407172900681994188e+00
1.421789753979138871e+00
1.450398361786970680e+00
1.438858368090308648e+00
1.440312449330939826e+00
1.439067841269282777e+00
1.437197063265604813e+00
1.436837465589495100e+00
1.452446566181359922e+00
1.444849370343801676e+00
1.447426117271634505e+00
1.449578815032172008e+00
1.444112844005391194e+00
1.463706973145256329e+00
1.463658127073691029e+00
1.459289589134554532e+00
1.469768771783905859e+00
1.468094683208993390e+00
1.461245436426190869e+00
1.465052085034047380e+00
1.450015747951725054e+00
1.461287207674639044e+00
1.458775346633128578e+00
1.453537520336851907e+00
1.478017387285883055e+00
1.444393970695186491e+00
1.445640869922432792e+00
1.425260013394475056e+00
1.436426710621606206e+00
1.432450871008996041e+00
1.450637711784517725e+00
1.447346617994436757e+00
1.432995846102690818e+00
1.407155166678941471e+00
1.414573267770374176e+00
1.409681681076698112e+00
1.391484706377099867e+00
1.388488484579859294e+00
1.379398666970505172e+00
1.388128124891544912e+00
1.379667443214259714e+00
1.382961000919492811e+00
1.377970546554360132e+00
1.380871690104472416e+00
1.372525522318626567e+00
1.361515255694339732e+00
1.360214219215384324e+00
1.349103423839683069e+00
1.359013475612154354e+00
1.355114620876150200e+00
1.387397342275712209e+00
1.382056035813061357e+00
1.384789976512587950e+00
1.393909153446756699e+00
1.385682758882956112e+00
1.366748810434124106e+00
1.358587152013991828e+00
1.350835675326597984e+00
1.361134236034757139e+00
1.359189563039592485e+00
1.376533632354051795e+00
1.379232576170505320e+00
1.379110299074496560e+00
1.380067845369315371e+00
1.388999868060788900e+00
1.399610837726730672e+00
1.399949307943039623e+00
1.429000134249317711e+00
1.425958950029866834e+00
1.435614831097909549e+00
1.457207217971422386e+00
1.463259753285019560e+00
1.475449336881590856e+00
1.468111551027538209e+00
1.442587557760345085e+00
1.409628220394408604e+00
1.410115049335665116e+00
1.426246997357050850e+00
1.402376439112039463e+00
1.418263097728483801e+00
1.432821387670761837e+00
1.445548398613908603e+00
1.464564924591317707e+00
1.468639272840353671e+00
1.458546267930565188e+00
1.463038797628058774e+00
1.456616345187326633e+00
1.470411421109756311e+00
1.470396829167577524e+00
1.449691595528875832e+00
1.447108401005269496e+00
1.444608500889089875e+00
1.416173645117367208e+00
1.412684671961090599e+00
1.403145909257082158e+00
1.381781021933432774e+00
1.367156790892396945e+00
1.366623258543713915e+00
1.355278077515299939e+00
1.371643474234999438e+00
1.370364553534689556e+00
1.369470670358173825e+00
1.357828788396702846e+00
1.366797827848024394e+00
1.324448522125701633e+00
1.338690846477354812e+00
1.346324514666908945e+00
1.324079207411148484e+00
1.322306371052385243e+00
1.332893982439224967e+00
1.332665216640182893e+00
1.344887232655299636e+00
1.337644275971803687e+00
1.335701777211061980e+00
1.339089868859190791e+00
1.336682216308880511e+00
1.342203285983571970e+00
1.351464611199184374e+00
1.356328034458327725e+00
1.361772845191078884e+00
1.361460097271832925e+00
1.389502330327005764e+00
1.382864194289216142e+00
1.374960179996874254e+00
1.380794792441094820e+00
1.404454995060604672e+00
1.420541312395973810e+00
1.413909380314098740e+00
1.425929246941427531e+00
1.431769039469679816e+00
1.408479037885180363e+00
1.404548467702264158e+00
1.422509072450924394e+00
1.418861939096205615e+00
1.418382420364090679e+00
1.414628053100938310e+00
1.402989850042152709e+00
1.390649026549240608e+00
1.393068470554621685e+00
1.399941264739626101e+00
1.416673738408195327e+00
1.433221029075944619e+00
1.431244307229929902e+00
1.421950727451441798e+00
1.437213620068348296e+00
1.443958119273435425e+00
1.418921911668485247e+00
1.428766674005806037e+00
1.450400410091978953e+00
1.428500684072534721e+00
1.430281019462259939e+00
1.406754823493947981e+00
1.427018170153951715e+00
1.413052909739915375e+00
1.439639714727993347e+00
1.446585193390788948e+00
1.437696206652404385e+00
1.432657438227563418e+00
1.434510024712131848e+00
1.429843464139566533e+00
1.427829997502974235e+00
1.435091831837418175e+00
1.446855492629125273e+00
1.461866456733889708e+00
1.458518834328280001e+00
1.460325235042400971e+00
1.437547484601389813e+00
1.444324192921260686e+00
1.452817343510098169e+00
1.451893313055094170e+00
1.459799621570050610e+00
1.478063769918657178e+00
1.476607428900517771e+00
1.475192833906572965e+00
1.482609955820696879e+00
1.470352245250423184e+00
1.472177290944263417e+00
1.476179946331258375e+00
1.490874053999593274e+00
1.480063747049918721e+00
1.500984309646385517e+00
1.512430859576153308e+00
1.498055750772472328e+00
1.513973453149662918e+00
1.510999858796716611e+00
1.517872561302849421e+00
1.503005940425647946e+00
1.493831881039041853e+00
1.480364493381057800e+00
1.459189412727313950e+00
1.432591493628362356e+00
1.445614723248329625e+00
1.450735811316264279e+00
1.451995673957782840e+00
1.442624299315053094e+00
1.427204654099310632e+00
1.425433385244149864e+00
1.424339661861648842e+00
1.419652238023238144e+00
1.431410709251259128e+00
1.432878228718820424e+00
1.437917747897346166e+00
1.417516773319016599e+00
1.401792008575464044e+00
1.400072214914413360e+00
1.380404696673367404e+00
1.364897509713548507e+00
1.392383152594280027e+00
1.374461383998157649e+00
1.373377465175390943e+00
1.360745373882112474e+00
1.389420573925156610e+00
1.397900438904846387e+00
1.403607746866994521e+00
1.421069365061030432e+00
1.450662828347680344e+00
1.432934192579670585e+00
1.436776648569253911e+00
1.428651833071031607e+00
1.418899073389983556e+00
1.430306908635506247e+00
1.420821327616543561e+00
1.430907081766166433e+00
1.447370556631554894e+00
1.451967013252029037e+00
1.442550007613214724e+00
1.445147424741595410e+00
1.434679996730934048e+00
1.436108565676660342e+00
1.435569094622313635e+00
1.442503094057435709e+00
1.432415391053497356e+00
1.396048560326187626e+00
1.399364559012629794e+00
1.399990485629799553e+00
1.409742420004609365e+00
1.395684135198175246e+00
1.396689220408364740e+00
1.397061336892470251e+00
1.403098319729407573e+00
1.369566040844881538e+00
1.376137149987607389e+00
1.351774339370618527e+00
1.349068614552998868e+00
1.366124181115617064e+00
1.353641203490214995e+00
1.354647268498632373e+00
1.361045658529523195e+00
1.347707365816507519e+00
1.310995452530928418e+00
1.320242498259423636e+00
1.319250155132189128e+00
1.337850261032363930e+00
1.354054454251820472e+00
1.363144399274740959e+00
1.367209990005519460e+00
1.377404671792562540e+00
1.393921810367430680e+00
1.413637890770044869e+00
1.441288681050026055e+00
1.431886852146563749e+00
1.441218156805136763e+00
1.454312865643611064e+00
1.452892687479828027e+00
1.453194731636553438e+00
1.471042685410800965e+00
1.477864929422635143e+00
1.489080285839849971e+00
1.500947468134655072e+00
1.470394389953056269e+00
1.494184811670062007e+00
1.501998911766375233e+00
1.482699974938034293e+00
1.464381800847747606e+00
1.509384034905049576e+00
1.501486296068901494e+00
1.521148419081485237e+00
1.524131588731429510e+00
1.504484116999841303e+00
1.512273399335444024e+00
1.525653926448361730e+00
1.528236734188740620e+00
1.517659569088074534e+00
1.499801423279335744e+00
1.475399364451506434e+00
1.479013505190131639e+00
1.458410183992387532e+00
1.437678803129073701e+00
1.443828163507466789e+00
1.436201905699879822e+00
1.438155439896557697e+00
1.431660301267940971e+00
1.436963926950143300e+00
1.431436428419811335e+00
1.430458308374165322e+00
1.423554528765453631e+00
1.405375811206771797e+00
1.411366748579985009e+00
1.424453361179001121e+00
1.421134880787732868e+00
1.408125531421253962e+00
1.393798515781541125e+00
1.393618517569273241e+00
1.416653702143944926e+00
1.411914837554569369e+00
1.382030673889440564e+00
1.401068998265797561e+00
1.421116809150226423e+00
1.412767037220054478e+00
1.415520607316405055e+00
1.427360506444642185e+00
1.444954380579891451e+00
1.471576540855854986e+00
1.461531423829144583e+00
1.459824415898291594e+00
1.448740377509323052e+00
1.445986391932339243e+00
1.450112502145692650e+00
1.451463734363149793e+00
1.475641236629330333e+00
1.471003066424845018e+00
1.476622491779078894e+00
1.488190926561368865e+00
1.492411200050931308e+00
1.496570343912774215e+00
1.520090673836884898e+00
1.518038980101207969e+00
1.513461210911492882e+00
1.495660389347711394e+00
1.505814810458289132e+00
1.511838472170332848e+00
1.493322006599070884e+00
1.505136724932001568e+00
1.507496492434285296e+00
1.520199790005692719e+00
1.498583733626794201e+00
1.487612957961270688e+00
1.451744537512135391e+00
1.444853876648953150e+00
1.458449626879592786e+00
1.465704271818498050e+00
1.459703630938311791e+00
1.439367164420868539e+00
1.454306259464568374e+00
1.467356419626699271e+00
1.460929048906109751e+00
1.458356875738541225e+00
1.440980762615693855e+00
1.436436766214370664e+00
1.417833067625425825e+00
1.422104372006680384e+00
1.416224406008007808e+00
1.412210717869216037e+00
1.416146700760679167e+00
1.423419809978488715e+00
1.425605680255137786e+00
1.428126829756111160e+00
1.419150554328856284e+00
1.437267103994867234e+00
1.426639147393053975e+00
1.437114550892172105e+00
1.425758937265048099e+00
1.437425776171023184e+00
1.451235411093615202e+00
1.422160970627771137e+00
1.425098763054091888e+00
1.427043207741743647e+00
1.440051330079615610e+00
1.404201043443891850e+00
1.390663328888723127e+00
1.415136374796739593e+00
1.411551398783563060e+00
1.404627349291488247e+00
1.415017796747988221e+00
1.417226060886490835e+00
1.421489678396405054e+00
1.419602948626572658e+00
1.428206844041514101e+00
1.423213686189756855e+00
1.403169516150641227e+00
1.400790343110098091e+00
1.387584144600569447e+00
1.381708764906101727e+00
1.347808807115079111e+00
1.344396376811745064e+00
1.335028315081003836e+00
1.340375611360775876e+00
1.352183025959276641e+00
1.346518704482033923e+00
1.367102829366640959e+00
1.363934890658430321e+00
1.357279262563308775e+00
1.346522615554669677e+00
1.366426592622449032e+00
1.358866890406773553e+00
1.334905007349773687e+00
1.337336984771130721e+00
1.366201917778794739e+00
1.356809702163425557e+00
1.359508467581520552e+00
1.337117694420028702e+00
1.344184188463175111e+00
1.332805859105870905e+00
1.360514393633000862e+00
1.373848483331611803e+00
1.385670160896424363e+00
1.420496118915357764e+00
1.424699843714000824e+00
1.447680016188385377e+00
1.436458972573759540e+00
1.437506610576260613e+00
1.453948393359067781e+00
1.471856048425149943e+00
1.491123329307302292e+00
1.476252992966255784e+00
1.468293947728041893e+00
1.481026232860612746e+00
1.491539291459289318e+00
1.481685556579283469e+00
1.495034332562082513e+00
1.506216962778245572e+00
1.508910782677962859e+00
1.486535318446702725e+00
1.500199618516055100e+00
1.492974483297873523e+00
1.514798735251729811e+00
1.512581203288871912e+00
1.526618197110425346e+00
1.503101352103904276e+00
1.507191796678359452e+00
1.515203904672651092e+00
1.487706401892348484e+00
1.488126925927561794e+00
1.481304052412230510e+00
1.482115884148520912e+00
1.496653747154992997e+00
1.482637179214807865e+00
1.460643002368906540e+00
1.455097900885600870e+00
1.486336218698572909e+00
1.505670478533513768e+00
1.503773665277992500e+00
1.506534068084472544e+00
1.507562643574385408e+00
