9.781299968031340660e-04
9.439367838588995927e-04
9.596530398648813430e-04
9.467238229946611447e-04
9.783021263014119416e-04
9.908017686852839661e-04
9.794036110865099540e-04
9.563528210955685388e-04
9.941310167250493914e-04
9.574737730668345321e-04
9.253430261830098823e-04
9.855291901441334736e-04
9.888521302098211407e-04
9.900193494688108459e-04
9.909142644952081448e-04
9.631627954148359308e-04
9.994757690092918954e-04
9.605109238808236553e-04
9.318963003629023934e-04
9.774734759677673399e-04
9.193067639012452623e-04
9.201427680340720913e-04
9.947969422256304657e-04
9.539073287659246810e-04
8.514683729355433141e-04
8.207760878345159768e-04
8.621852279500275733e-04
9.700704012234191405e-04
9.879823580154377047e-04
9.940711370184278708e-04
9.910009880762093038e-04
9.495531697832637359e-04
9.820991124667309731e-04
9.770935185080260703e-04
9.703851110424453535e-04
9.419287402432161959e-04
9.396996576276317155e-04
9.950561259402025162e-04
9.410917429456892554e-04
9.899881782399696812e-04
9.793796521625876619e-04
9.425314535083684784e-04
9.702085120165704910e-04
9.860870137114940374e-04
9.454414338930804173e-04
9.185704289164786781e-04
9.515091130083750239e-04
9.239179501029130218e-04
9.187912738146677364e-04
9.974479503327576303e-04
9.461525813206451757e-04
9.759298566723486733e-04
9.148878911288789917e-04
9.300283641021296925e-04
9.612129916103783617e-04
9.801348254954713683e-04
9.644991368789882424e-04
9.657126491371517728e-04
8.495063435221927688e-04
9.968393866818920333e-04
9.124198341660097380e-04
9.482359019172039707e-04
9.159428569698843713e-04
9.324703090103813241e-04
9.874397551225030500e-04
9.496290429093390707e-04
9.208505121587286972e-04
9.686430127944833978e-04
9.792517811247592689e-04
9.793335478215081918e-04
9.906567200083666452e-04
9.540803769257640921e-04
9.637726634131441907e-04
9.546202722753221797e-04
9.434814967814978033e-04
9.772877140496705976e-04
9.680555544289171652e-04
9.785345857308992007e-04
9.507158228439101764e-04
9.042847981855081305e-04
9.639125280587659134e-04
9.481915873664275522e-04
9.828097614123175972e-04
9.986775739678731278e-04
9.732621261653299398e-04
9.959645672740304913e-04
9.651716283552966335e-04
8.517067324282597864e-04
9.152432308638228965e-04
9.604809824922674400e-04
9.850982475897093749e-04
9.693649062816858848e-04
9.244645842374460236e-04
9.459409380586400289e-04
9.627093410936081799e-04
9.607011689815003449e-04
9.918454340249246038e-04
9.430665452029805265e-04
9.176527392542063819e-04
9.955914984486318592e-04
9.152580173242310909e-04
9.783095044297110150e-04
9.184845287521101404e-04
9.120546779870388312e-04
9.218372862923694807e-04
9.538740888702551849e-04
9.509171859809683811e-04
9.542436609626082315e-04
9.513669771533079600e-04
9.348802520606555718e-04
9.910521965810904603e-04
9.021621492027225237e-04
9.665664178936005579e-04
9.371067015805620336e-04
9.696394253850646339e-04
9.549503693685621949e-04
9.765126028548827856e-04
8.897174503952799294e-04
9.659402843314280696e-04
9.524430641436815517e-04
9.568326630285946093e-04
9.118014730208216833e-04
9.701942987079544911e-04
9.768655119173777837e-04
9.711305409390170573e-04
9.277669727173992568e-04
9.449531233021017142e-04
9.217289959823181259e-04
9.364123065846444638e-04
9.823696576380415435e-04
9.171717897616863237e-04
9.472996229193620049e-04
9.907971272870923999e-04
9.385626419913929794e-04
9.865294345036944041e-04
9.288072659712475485e-04
9.798564236162790771e-04
9.263228761260002388e-04
9.858946084726938515e-04
9.342600470288056711e-04
9.753373612661668871e-04
9.992959620348351290e-04
9.601076321711979594e-04
9.769037371311533116e-04
9.830862314288309461e-04
9.657574338927182259e-04
9.634531995915778229e-04
8.991727850725472846e-04
9.791394880406391159e-04
8.596047427299496240e-04
9.228927844199364761e-04
9.310544006639119401e-04
9.800061553288210488e-04
9.749673261704292935e-04
9.130707426565071302e-04
9.611152415771943543e-04
9.799924532565543103e-04
9.879470094373470415e-04
9.759727813562227511e-04
9.706344163731729776e-04
9.705651102664710319e-04
9.985497588082085929e-04
9.629405640269417081e-04
9.587211614495820544e-04
9.806104231080618565e-04
8.428358686202593823e-04
9.689608578818839591e-04
9.402782926121786402e-04
9.821318953209421873e-04
9.440433709053949263e-04
9.874594444452336472e-04
9.315996720996824092e-04
8.980949817424258496e-04
9.260868862541487461e-04
9.252974716628338449e-04
9.978496599277707213e-04
9.181905478758126864e-04
9.489054673128739402e-04
9.464122221335596928e-04
9.594569226501628925e-04
9.338439687414997348e-04
9.825767179713806778e-04
9.405711588214552997e-04
9.687422878780668463e-04
7.915661146703756833e-04
9.631213690235119942e-04
9.529494759446702039e-04
9.347487170053805266e-04
9.416749223469770983e-04
9.675122086723432014e-04
9.577494923777980741e-04
9.640950447846957996e-04
9.403956943790896120e-04
9.509031194878783720e-04
9.799319961587037772e-04
9.438152333644589170e-04
9.617809809349817584e-04
9.519472449566086791e-04
9.862277992634747425e-04
9.356650347756572013e-04
9.439395574761634067e-04
9.614488045831756386e-04
9.721944960816774825e-04
9.452940488703731950e-04
9.916907907143006091e-04
9.776789551207624822e-04
9.788849318333747457e-04
9.735790532845871618e-04
9.677182810906555330e-04
9.158932681062593962e-04
9.951081763824832453e-04
9.979437092735206089e-04
9.609999541869904127e-04
9.562034763756692510e-04
9.638048470784657106e-04
9.668983907293457946e-04
9.366911317957178065e-04
9.445495433038263383e-04
9.070865122481543575e-04
8.965873409106101932e-04
9.062716704274764983e-04
9.935776815476258898e-04
9.309314081683326509e-04
9.898152612558095299e-04
9.801647468113655181e-04
9.773719914261248896e-04
9.162776211991248638e-04
9.697329983707318486e-04
9.957504797635625352e-04
9.649863392263624204e-04
9.674816204174586888e-04
9.924401365302532810e-04
9.303368796108569486e-04
9.328383893286431791e-04
9.716657773354235974e-04
9.510853941363005878e-04
9.955929391061229487e-04
9.727423156992296349e-04
9.276865029649056672e-04
9.619302836842417341e-04
9.469588421152900668e-04
9.701077963595473169e-04
9.984452000554508693e-04
9.742259148236365532e-04
8.994745151649597781e-04
9.564874857856464152e-04
9.580242641543673535e-04
9.724472070202301501e-04
9.122104666067571343e-04
9.484534841018856747e-04
9.413417307014615215e-04
9.553427922950578780e-04
9.504015511093796180e-04
9.855544677535286492e-04
9.601462173677716150e-04
9.549001398654908884e-04
9.866367177141931351e-04
9.458130649409475770e-04
9.888957596326996766e-04
9.522969681878870043e-04
9.968837201195914020e-04
9.869960342141716105e-04
9.760095681272095694e-04
9.321487388253999959e-04
8.533366450230255550e-04
9.710989713602863598e-04
9.443130726163301682e-04
9.883196735439767587e-04
9.842588489365775104e-04
9.940006441002118432e-04
9.303952098422719075e-04
9.461902208555662223e-04
9.425041544112001219e-04
9.881987786382352961e-04
9.153402476679554272e-04
9.518340037679061611e-04
9.498699435383846802e-04
9.740830723046415944e-04
9.777309781173568626e-04
9.975158808790476894e-04
9.842861965406999626e-04
9.743248238635195515e-04
9.650222731825426181e-04
9.741828926181152508e-04
9.562344480122312966e-04
9.687038974957736751e-04
9.832952737535306104e-04
9.987482140294884000e-04
9.819836565690830306e-04
9.803779172740966809e-04
9.820918828781202616e-04
9.942341775536188159e-04
9.375258469961041466e-04
9.209212959265359894e-04
9.094122863006945910e-04
9.332843545674930326e-04
9.955179542127789039e-04
9.461186887410892501e-04
9.999496990898053359e-04
9.689186625468573658e-04
9.658950613902195486e-04
9.732948846033656924e-04
9.231043922546176795e-04
9.212646414221044300e-04
9.597236998997254152e-04
9.335828026878145117e-04
9.659443639281924251e-04
9.384731598859532165e-04
9.563708701835814483e-04
9.998912501826206448e-04
9.083883548966436390e-04
9.875819701565056574e-04
9.979511656790201590e-04
9.291568004566181900e-04
9.206537614847266297e-04
8.233733327954152140e-04
9.827473731169661039e-04
9.196984868669326636e-04
9.962516630595556928e-04
9.576539749734992203e-04
9.794722521098949211e-04
9.897645772621360607e-04
9.451059870114359189e-04
9.065690476388812025e-04
9.256362856588817205e-04
9.322596546788803956e-04
9.598884378111624278e-04
9.328989257512769993e-04
8.972847092166065953e-04
9.875209683500424905e-04
9.783177329200259172e-04
9.571010194744355428e-04
9.895319432302455195e-04
9.859650027121517890e-04
9.774656871011011203e-04
9.424553744899260774e-04
8.950082983090137554e-04
9.479357529161945703e-04
9.805613895767914187e-04
9.683158297455097966e-04
8.795531307114031134e-04
9.826206914057859440e-04
9.530438778645441760e-04
9.992651387232198094e-04
9.833801714534554442e-04
9.888282564969358597e-04
9.986433940688641420e-04
9.782776527843815070e-04
9.738153146857104862e-04
9.459534132570198870e-04
9.560868342071997174e-04
9.719127042809646167e-04
8.258465909373845096e-04
9.355659575598527719e-04
9.592961616443202149e-04
9.742145103781522236e-04
9.838255216899570964e-04
9.813799239866216953e-04
9.800826784532759399e-04
9.283848230450152594e-04
9.885844045612818612e-04
9.796819168453830759e-04
9.940782651324921518e-04
9.900776030035466323e-04
9.852184111090352137e-04
9.855575433664694098e-04
9.665390733382805272e-04
8.986214901225367951e-04
9.090087272201580020e-04
9.538260354742366786e-04
9.183319391878839175e-04
9.850921042817619572e-04
9.775819933620631154e-04
9.992220002712798744e-04
9.895804672723491728e-04
9.489713738869133509e-04
9.016808976140282175e-04
9.537895635946025451e-04
9.310120244312871220e-04
9.642938632338231460e-04
9.295625125866511726e-04
8.879413509697953828e-04
9.945061017846671021e-04
8.960728920927407519e-04
9.620060768841291136e-04
9.667997315704183504e-04
9.367762641273420180e-04
9.345303698042187537e-04
9.095913025073126693e-04
9.465464760335337048e-04
9.508409243181510954e-04
9.432304200780173816e-04
9.763320549102988584e-04
9.694037083487374966e-04
9.604840006837116065e-04
9.737277359380098292e-04
9.739634976224436844e-04
9.508710019578808488e-04
9.448125142828974702e-04
9.784902848501695390e-04
9.274453808863291444e-04
9.962820729278482491e-04
9.177193447784918892e-04
9.905805448589711116e-04
9.440979344165282812e-04
9.421856765901792880e-04
9.540817614285329248e-04
9.806442375560543885e-04
9.920599980155434677e-04
9.407739374188364570e-04
9.493846967101529514e-04
9.737931121614679716e-04
9.699787509401832210e-04
9.600782382807219279e-04
9.246997354450989899e-04
9.995856870191903356e-04
9.416644478732899299e-04
9.262853193653919869e-04
9.669748624296615417e-04
9.601726418254853592e-04
9.411228156149066331e-04
9.265573449398097333e-04
9.527575625103434660e-04
9.551417318277371452e-04
9.466688422537632716e-04
9.717539126864531114e-04
9.840314163166662652e-04
9.941237169471858325e-04
9.601950798283150242e-04
9.864462219482293074e-04
9.439003757707991465e-04
9.701729046876928636e-04
9.550073924612215203e-04
9.073786692978115347e-04
9.791945858677489171e-04
9.987990460753831765e-04
8.377568168658042127e-04
9.564834121219388400e-04
9.348155359291683130e-04
9.743141854431366456e-04
9.888691652977933243e-04
9.318705193063596404e-04
9.681740137759577277e-04
9.406555525118445293e-04
9.448989305237134265e-04
9.833310814029616771e-04
9.766740381198563050e-04
9.776513992617635786e-04
9.774959625144159260e-04
9.892080119676632897e-04
9.808941086946374420e-04
9.829653134176997032e-04
9.462825085304452967e-04
9.080297683434197884e-04
9.397604170223771217e-04
9.792305442147583149e-04
9.710062574333134426e-04
9.418963271336751927e-04
9.262999703843712756e-04
9.155532538391582915e-04
9.082684359807904765e-04
9.423769717699716523e-04
9.027362884783974315e-04
8.925169904862124623e-04
9.583592474335610439e-04
9.666528577632753664e-04
9.421029735480790672e-04
9.292429272717259202e-04
9.783516782030869229e-04
9.481514495806460906e-04
9.808772715391123834e-04
9.537962965977995165e-04
9.979458921983020824e-04
9.756111686064514264e-04
9.623307370369197332e-04
9.633904514274591654e-04
9.689812652002631694e-04
9.720330426882066704e-04
9.764324579905170982e-04
9.722110581253626564e-04
9.975838644636894539e-04
9.663854120798579190e-04
8.496097080881938497e-04
9.864826826212892523e-04
9.457276762946171438e-04
9.745466895280103896e-04
8.807361955251998909e-04
9.930268090618857811e-04
9.600739511258902679e-04
9.518632658928712553e-04
9.166131182918909725e-04
9.033030193832242410e-04
9.106790614409857217e-04
8.499514314119380144e-04
9.465088139542204154e-04
9.318060655208155281e-04
9.657478278244675937e-04
9.844406398193746195e-04
9.730704432662811354e-04
9.386310636902541263e-04
9.486092521022789371e-04
9.079914625061436548e-04
9.910894485054052433e-04
9.564682165090723125e-04
9.770249924734002861e-04
8.971158177234938224e-04
9.877784081856137016e-04
9.623082134899667425e-04
9.384803145905543445e-04
9.981175196075461973e-04
9.718108861737407601e-04
9.986478476479044176e-04
9.592903160472125018e-04
9.545411737111934814e-04
9.704634609774050874e-04
9.317710062199423878e-04
9.260154001987399002e-04
9.389729165739379990e-04
9.324159340976709807e-04
8.217698378983370570e-04
9.546785459082282729e-04
9.216763195342938435e-04
8.953934653765672222e-04
9.316207035569017310e-04
9.132489294821592848e-04
9.545736281496437466e-04
9.487833477451300271e-04
9.928414505936994545e-04
9.244387552613320732e-04
9.859841728771102758e-04
9.147415596569610221e-04
9.861495438000030412e-04
8.936945895903993962e-04
9.405493653301611389e-04
9.241226903913599524e-04
9.778238781518748448e-04
8.900498706049496389e-04
9.733388932022982816e-04
9.673047247092548401e-04
9.173043197450931122e-04
9.279647717892326557e-04
9.477975908976789916e-04
9.413278975219819145e-04
9.586359587628604439e-04
9.553930925985465797e-04
9.769730007774149287e-04
9.822331466624336076e-04
9.555625827298679098e-04
9.157034318401066674e-04
9.889712467173194816e-04
9.835556755803857940e-04
9.831294161073977911e-04
9.900630493385172235e-04
9.863711325363412694e-04
9.741809136623216358e-04
9.478661103990755231e-04
9.965806938984568715e-04
9.652644118668872409e-04
9.878148127733168016e-04
9.257810695734739132e-04
8.992659147103221383e-04
9.786869838736608068e-04
9.932424958697496416e-04
9.721544859071310765e-04
9.806107952668485003e-04
9.764736259185594416e-04
9.580940478571600130e-04
9.969596797408254284e-04
9.898851691876407038e-04
8.914034424284472072e-04
9.239336313402520418e-04
9.978751262134260593e-04
9.596432050206622722e-04
9.691447886671887557e-04
9.965070093140811821e-04
9.072708823082536447e-04
9.475420559621109242e-04
9.124211047846651681e-04
9.334602149752414899e-04
9.976860966818929758e-04
9.251346117315492959e-04
9.839043992887843999e-04
9.767476615679929110e-04
9.679428641731272192e-04
9.858439019120443167e-04
9.902819409086510965e-04
9.804325868431325135e-04
9.279071985601452729e-04
9.633642272458521009e-04
9.545015132039187753e-04
9.376184757555215471e-04
9.475949265092786485e-04
9.485827366651502189e-04
9.767903802807304664e-04
9.260682649810664377e-04
9.397434465012676451e-04
9.646929723691472901e-04
9.423805328468855790e-04
9.550797085762820215e-04
9.439916492119133223e-04
9.999573592134186617e-04
9.838115173315255084e-04
9.939832185824029782e-04
9.249969092448098468e-04
9.158181616116568835e-04
9.225319163215861887e-04
9.404456290973897811e-04
9.340987688062269735e-04
9.036414359372697391e-04
9.783205158935526745e-04
9.420858526380978789e-04
9.166855895450908964e-04
9.526272622970191183e-04
9.502130106696798657e-04
9.645334153981153765e-04
9.370649078641777544e-04
9.641414849940413033e-04
9.056594604713469896e-04
9.441648822076848836e-04
9.698776139223630986e-04
9.914272167391244978e-04
9.844814341835835588e-04
9.708165585944889117e-04
9.804489906375256532e-04
9.551108770798146007e-04
9.680903681350602058e-04
9.257938720004041258e-04
9.426176935058155773e-04
9.643925899260096316e-04
9.877018960137481235e-04
9.846213242319971307e-04
9.713005682068630992e-04
9.671500849773059620e-04
9.562339320238626194e-04
9.776643558519007311e-04
9.916485484673341882e-04
9.204872288143059337e-04
9.452696758553357729e-04
9.900728185579454280e-04
9.978142192217007676e-04
9.507823617887202440e-04
9.696482412276302481e-04
9.330599581365076056e-04
9.035108628437936483e-04
9.901426422349204719e-04
9.657752641635996204e-04
9.906710619382761655e-04
9.049245302062646195e-04
9.412313075867042092e-04
8.449795133152213176e-04
9.686610173820711525e-04
9.350457648306603016e-04
9.087996732603251596e-04
9.526566947612143468e-04
9.816892023225283048e-04
9.240449303521140918e-04
9.510204929110379528e-04
9.981858231404351113e-04
9.066879605974828386e-04
9.750842877586674571e-04
9.260579744693272662e-04
9.745457265145159205e-04
9.458933955771320909e-04
9.784715344474501260e-04
9.237187461018344162e-04
9.731717055809905497e-04
9.488838306268652240e-04
9.928135333780228975e-04
9.186913413831442098e-04
9.709542269336837597e-04
9.868064715291714056e-04
9.667925413979840165e-04
9.315717228810244241e-04
9.374021064392216345e-04
9.649871011380326772e-04
9.844114928758999558e-04
9.981090441828111177e-04
9.808817123728628094e-04
9.760285556988353498e-04
9.623893002388249221e-04
9.099921350154384836e-04
9.975351606345155865e-04
9.607065131734894613e-04
9.567773964543232730e-04
9.603559710199304541e-04
9.979939694111734840e-04
9.594198236530872325e-04
9.114434118162673473e-04
9.330638616773566721e-04
9.365669622329036038e-04
9.350209467513776558e-04
9.878120203637937892e-04
9.920687064172610883e-04
9.606122844454334725e-04
9.900895302272501135e-04
9.351492261450662430e-04
9.195491475297421944e-04
9.933729372569157032e-04
8.854837275040472987e-04
9.391335569852242004e-04
8.902437670689078300e-04
8.806559023480796562e-04
9.844770648800996518e-04
9.598957342594126004e-04
9.692384437472417302e-04
9.862753200078453082e-04
9.639156175405236846e-04
9.449446706689106773e-04
9.555034500858279991e-04
9.524174139036408523e-04
9.507664104050855911e-04
9.369328748857873182e-04
9.323098481689136643e-04
9.725931936867681250e-04
9.815866743710874049e-04
9.514503813795089802e-04
9.967757215730435952e-04
9.389131040422409556e-04
9.431159353148915216e-04
9.963625171328890136e-04
9.701072465042895289e-04
9.029588605450251416e-04
9.989303714900354351e-04
9.248231385327251863e-04
9.437773598473151674e-04
9.033828484090729131e-04
9.919089851626735569e-04
9.172852999589720460e-04
9.568311198518169485e-04
9.650313594999253633e-04
8.422430920403680635e-04
9.457348928019913489e-04
9.372262863233675641e-04
9.585664546490319611e-04
9.597548828459820294e-04
8.781317522283297412e-04
8.494140578725914263e-04
9.767690432911720240e-04
9.520805916139246303e-04
9.021470242570355695e-04
9.339915113217801736e-04
9.430873969591574988e-04
9.616040175007067392e-04
9.955382292576053262e-04
9.947664299597119408e-04
9.936962170115138694e-04
9.758683393810531695e-04
9.423628761875761347e-04
9.900099178255085484e-04
9.516097222449693051e-04
9.986085863542444596e-04
9.951225357421962427e-04
9.579722968102585227e-04
9.948843356486229608e-04
8.858492492815255113e-04
9.625488552468101401e-04
9.756767128761887177e-04
8.950337902329755669e-04
9.156433771567611731e-04
9.999966370292021327e-04
9.743758389165558869e-04
9.650088332238981360e-04
8.363941712732882649e-04
9.546789392858442361e-04
9.278868763286678882e-04
9.576078415542493231e-04
9.785107611975853593e-04
9.806224097676106890e-04
9.950829607207880775e-04
9.479007822990859720e-04
9.519682482152437997e-04
9.645524091779154310e-04
9.393621389659267745e-04
9.727249410032438653e-04
9.257650555334291436e-04
9.678814545950110201e-04
9.859945442457769375e-04
9.132117019860956988e-04
9.885457238759654246e-04
9.471813988458660126e-04
9.526819342603541196e-04
9.726767359614475012e-04
9.884345815530512155e-04
9.815266992524911225e-04
9.373950005835667704e-04
9.068255473316836571e-04
9.622284851518468412e-04
9.369864547562481785e-04
9.566299890587185708e-04
9.858735552395923255e-04
9.904743044088857706e-04
9.656084802647555516e-04
9.505767769565498385e-04
9.375070782419578017e-04
9.617027878365582956e-04
9.293138131487527296e-04
9.637861410545376295e-04
9.992222303915757400e-04
9.992630254204136215e-04
8.925016095619017938e-04
9.749482979587276816e-04
9.682817980382257611e-04
9.820519811058467993e-04
9.514463060427524443e-04
9.479246240338934067e-04
9.836147079908944858e-04
9.299744445614268121e-04
9.187371472661904357e-04
9.380361644756405205e-04
9.412984471337887881e-04
9.595018944047879446e-04
9.663000754192067020e-04
9.824609879808170534e-04
9.544931879461306069e-04
9.596028909048654430e-04
9.579753717794371130e-04
9.668076497048896890e-04
9.528434613193861044e-04
9.345429050282582934e-04
9.133049667453868505e-04
9.365641705988180313e-04
9.673002828665514018e-04
9.821713677490545146e-04
9.727599904249582081e-04
9.529923318734210506e-04
9.649929971459403821e-04
9.317582451333205219e-04
9.359420186773537631e-04
8.404416464121529026e-04
9.205380603055541037e-04
9.271243424831365591e-04
9.593217880920839550e-04
9.670879374570654722e-04
9.560358097591393437e-04
9.864900035443065814e-04
9.473385907251163267e-04
9.358322605069079774e-04
9.149617421277404967e-04
9.729903183278079811e-04
9.216129430574468429e-04
9.758252462989325726e-04
9.414276078381101373e-04
9.503227259949107537e-04
9.529048772978659411e-04
9.950864956813139806e-04
9.274691843219545024e-04
9.538761973651668389e-04
9.097284378956122962e-04
9.867524390949084651e-04
8.714530475800135031e-04
9.834210851313641456e-04
9.404232269547912419e-04
9.690622062800622856e-04
9.927225838293172750e-04
9.404335766452369448e-04
9.737812069526778202e-04
9.450865703358466222e-04
8.370524841340123067e-04
9.234646281816201452e-04
9.163105863923481312e-04
9.554013763573535219e-04
9.746173897442929335e-04
9.821914839191086578e-04
9.594064294625970993e-04
9.254609867937113252e-04
9.416848908445862821e-04
9.945705356167501305e-04
9.915843849288539808e-04
9.608096738440133257e-04
9.927205260647214025e-04
9.639616964666504603e-04
9.401040834677085309e-04
9.533535798456091274e-04
9.749844206975925680e-04
9.322872099495411102e-04
9.660822067698310181e-04
9.505609687877987143e-04
8.981551423494120792e-04
8.946534759954936997e-04
9.592671162568804002e-04
9.169575004726661675e-04
9.593702521314910036e-04
9.926162286427878470e-04
9.749222845220632729e-04
9.492590468045030219e-04
9.231540853511904484e-04
9.939283118244781733e-04
9.637445489618032008e-04
9.598206716844982864e-04
9.632348261887652835e-04
8.898229646947852832e-04
9.669487368251659032e-04
9.945756103487903184e-04
9.375941178283089946e-04
9.212532192134318277e-04
9.470202337071218206e-04
9.769340220861383057e-04
9.971302299361481814e-04
9.608651588526318779e-04
9.298370951693054687e-04
9.135682230132351764e-04
9.482831919914858207e-04
9.088649237670624144e-04
9.719506437434837203e-04
9.489352631745598702e-04
9.308761712416863815e-04
9.860973023564198643e-04
9.144505780949485673e-04
9.915602181003217112e-04
8.998327942807032073e-04
9.996463838084685988e-04
9.682949867396989244e-04
9.436596050359258867e-04
9.323016996623124247e-04
9.943567011352196037e-04
9.353182342427204679e-04
9.775909413950545444e-04
9.814964822506659376e-04
9.851541486009666223e-04
9.860178133674149265e-04
9.381377913462071163e-04
9.058834979514718451e-04
9.881430325373251854e-04
9.459557764179566796e-04
9.774202840567673689e-04
9.279215996379559968e-04
9.314273671479911254e-04
9.335409941393605238e-04
9.510335924259592007e-04
9.395327311693934527e-04
9.852513016333874600e-04
9.808091948483158885e-04
9.741350740116595363e-04
9.498560731460439169e-04
9.657038364721293481e-04
9.684977154374749091e-04
9.610470131046017434e-04
9.899392975380729657e-04
9.407054522522114966e-04
9.674761814884477425e-04
9.645074743141007724e-04
9.626111452229852653e-04
9.622576545767993388e-04
9.406278748549126668e-04
9.950265132792866785e-04
9.502854779791604150e-04
9.305499480268916062e-04
9.551293529894383343e-04
9.925936965188134932e-04
9.804072263406655909e-04
9.476057218390964354e-04
9.183861753882341947e-04
9.874919337053474772e-04
9.522578247651289959e-04
9.819155449687221471e-04
9.173042367387072762e-04
9.744231082716011891e-04
9.142184092092812140e-04
9.316169763514621548e-04
9.833820826062530940e-04
9.604840792468923071e-04
9.689939775779242339e-04
9.354778111815466183e-04
9.140985455481485554e-04
9.632957584130153036e-04
9.205610297886481896e-04
9.707933284543355211e-04
9.624912639449718877e-04
9.069242494820996172e-04
9.748202352557036382e-04
9.983156320241897645e-04
9.605684268367268479e-04
9.433655477849227193e-04
9.301580353873540111e-04
9.329174737265597287e-04
9.019843379820439251e-04
9.675040627925929554e-04
9.331576904110357390e-04
9.162699281082724648e-04
9.532844458575099721e-04
9.930619560043290293e-04
9.928657890635652489e-04
9.036160834704610014e-04
9.773266511416277454e-04
9.944729797121845769e-04
9.392896761585624614e-04
9.772843296223876833e-04
9.223045721866527519e-04
9.606415331651909587e-04
9.696932312905038806e-04
9.827268742961165794e-04
9.982701043296442027e-04
9.911115749240406985e-04
9.394381231442027478e-04
9.204243087422218743e-04
9.815627487825076287e-04
9.673648716855007615e-04
9.797523409819006678e-04
9.636711977683885084e-04
9.474603680987745639e-04
9.702201529942718105e-04
9.970516309215689960e-04
9.384838862667836418e-04
9.485785330152681502e-04
9.885315846977985998e-04
9.546313058672388193e-04
9.731053033047203571e-04
9.637390906848401946e-04
9.190837461037989781e-04
9.791392685501655764e-04
9.635717197673534466e-04
9.306586456115737566e-04
9.820507862050552057e-04
9.403421876963786660e-04
9.256895254952006782e-04
9.674170781659992106e-04
9.516397751462838577e-04
9.689296636580269637e-04
9.245429883635354227e-04
9.847163895812444979e-04
9.346373476246585404e-04
9.664821068179083128e-04
9.292682865253413431e-04
9.643998023174940246e-04
9.752432655675146887e-04
9.511969036149347948e-04
9.433290009285724524e-04
9.641643375676418014e-04
9.218890039167701835e-04
9.950849610725444935e-04
9.615406825585951335e-04
8.602796284872692070e-04
9.844158221604269645e-04
9.836779001230568954e-04
9.562296455978724257e-04
9.873918672038514872e-04
9.457727746785018997e-04
9.814205600172808044e-04
9.843540880731652988e-04
9.728631129941118149e-04
9.710213599837176114e-04
9.838567175061876773e-04
9.815766430537726205e-04
9.660332448286317996e-04
9.217824704457282768e-04
9.509104020183615407e-04
9.693857641228032429e-04
9.151484310674670546e-04
9.587074507464225489e-04
8.462238274326323991e-04
9.252020022370254209e-04
9.844518719530756176e-04
9.504729003159698370e-04
9.630559182162173491e-04
9.302772997360508368e-04
9.415004245902222017e-04
9.264811711395911547e-04
9.765757454681890572e-04
9.741828686754119620e-04
9.572231054874205496e-04
9.151252510583678113e-04
9.835778228124900362e-04
9.822055131498469340e-04
9.625310229275014541e-04
9.842432679764445171e-04
9.156845566341481136e-04
9.906742916675876330e-04
9.330663499709663513e-04
9.836598756954037862e-04
9.834432058807181503e-04
9.338683548286544388e-04
9.789313127972093000e-04
9.270346464637435136e-04
9.145501299040829099e-04
9.731159482514850200e-04
9.586799913507032837e-04
9.682627532245620481e-04
9.204001055558220417e-04
9.683786197992931511e-04
9.239091270545295425e-04
9.471733608809172105e-04
9.326968555377851498e-04
9.596120471239185778e-04
9.950051478544909983e-04
9.507999073380990788e-04
9.713954529244687693e-04
9.265732099438106885e-04
9.409165369715534596e-04
9.256019677300996850e-04
9.269117484360482606e-04
8.846124778626573287e-04
9.528921041000352294e-04
9.374093847713880871e-04
9.731288694087613170e-04
9.088095399815415828e-04
9.928565073680166008e-04
9.935203745041511214e-04
9.621828382713498067e-04
9.883058739580145510e-04
9.484011643792060768e-04
9.789166172423377846e-04
9.856119562787525341e-04
9.444193839983368701e-04
9.404003868964077965e-04
9.701384328853584734e-04
9.301110593017468484e-04
8.995261394387170763e-04
9.849735518696034996e-04
9.706797297063262959e-04
9.890673255857813668e-04
9.221207916990623336e-04
9.731641879764298814e-04
9.314834687277563554e-04
8.896811764149869161e-04
9.970961896547485531e-04
8.987926197230724839e-04
9.698353067927175872e-04
9.656090101960468916e-04
9.559857117357688618e-04
9.462746736990421776e-04
9.614996692625253812e-04
9.686589853807119847e-04
9.920619586701305039e-04
8.503029656259294142e-04
9.311981814547194659e-04
9.574995848763701023e-04
9.789336416853092453e-04
9.275762350657246408e-04
9.553340023305740593e-04
9.782046981879730270e-04
9.473898495406305300e-04
9.966717398311327435e-04
9.679143496194451057e-04
9.525409983502822024e-04
9.278448257169100372e-04
9.558509593809905083e-04
9.930165187879225544e-04
9.393323673732112498e-04
9.793577541533247856e-04
9.694130503981339322e-04
9.673810846514991485e-04
9.404933652472574970e-04
9.732157813105651130e-04
9.200728638867401070e-04
9.933794957984612775e-04
8.942487678832944332e-04
9.647876058679103568e-04
9.340219489190414821e-04
9.324616633316110906e-04
9.427538902139224932e-04
9.472104802525912548e-04
9.909470728774205130e-04
9.369576506823074948e-04
9.736967417456572150e-04
9.848916179687470292e-04
9.833386603679253237e-04
9.694825877685352578e-04
9.909162593047236324e-04
8.877828540666669356e-04
9.740972597011401989e-04
9.656032573893386746e-04
9.696939616199686451e-04
9.311270615015342436e-04
9.533640212147919150e-04
9.611131226556717368e-04
9.303984798508950537e-04
9.496952084891976606e-04
9.257290392163077452e-04
9.841916832752275589e-04
9.855608551661192498e-04
9.720620194661807201e-04
9.309581834274491870e-04
9.741748581756343563e-04
9.871040753567322888e-04
9.636989062337026919e-04
9.732940624423023959e-04
9.711641972408441553e-04
9.913960672576133983e-04
9.874365647579361194e-04
9.551481343500941570e-04
9.422936849622816358e-04
9.418324956883322632e-04
9.473615974132301850e-04
9.547706824986159670e-04
9.257778552145504592e-04
9.702766506361088514e-04
9.637487902774356709e-04
9.461190515919926537e-04
9.798781464223354099e-04
9.948317873886378549e-04
9.819002911734449075e-04
9.939717593219275608e-04
9.312621107313070199e-04
9.855578920529405994e-04
9.382384286972941193e-04
9.738955914631089710e-04
9.632216820880161673e-04
9.325908019748040166e-04
9.846808258097243527e-04
9.906910572882435175e-04
9.590712632353755882e-04
8.887048678785122550e-04
9.720592061612028534e-04
9.533964177639401042e-04
9.647710477101469322e-04
9.342081333979847810e-04
9.546281383749743565e-04
9.262738158385477871e-04
9.783823138220062218e-04
9.365530802687999784e-04
9.258460597023421626e-04
9.637796994336911977e-04
9.118367574203233624e-04
9.262944398647567383e-04
9.568765700155122808e-04
9.901295211555813294e-04
9.663518082338666115e-04
9.670477037636154849e-04
9.582585130779523296e-04
9.266508021240069722e-04
9.725685797854770505e-04
9.390085469737105388e-04
9.763150446460671771e-04
9.057590119663571715e-04
9.503534971794599549e-04
9.405276647876939988e-04
9.885363816466092093e-04
9.897716901398779382e-04
9.702839009426389135e-04
9.649743270297388544e-04
9.327684294398139479e-04
9.622330221844342495e-04
9.661252755089137214e-04
9.097759039065555445e-04
9.701431513213301661e-04
9.702408648784884146e-04
9.449192927362294733e-04
8.277766820761938218e-04
9.589128647415280822e-04
9.708324512352286845e-04
9.492176356444684054e-04
9.665854157059291553e-04
9.854421689020247468e-04
9.904547989608904895e-04
9.768466064343662297e-04
9.774870776037207325e-04
9.068700991983959670e-04
9.835789508646245946e-04
8.502073743286415021e-04
9.220084922360625513e-04
9.931863841335401497e-04
9.671987971540251406e-04
9.102787147771801944e-04
9.864660452346008662e-04
8.318226036752337897e-04
9.950914650064014710e-04
9.549834055216128862e-04
9.565342630827466551e-04
9.621151322474594432e-04
9.113797382042571928e-04
9.191546005622317156e-04
9.585507502491191940e-04
9.482784317136562415e-04
9.171825722631985270e-04
9.439748202357350036e-04
9.749379125891456839e-04
9.802629750114714904e-04
8.983396479256875551e-04
9.697397382662668658e-04
9.215239276114206655e-04
9.421464442681845661e-04
9.219168840196770688e-04
9.756941706428413691e-04
9.147759896907759966e-04
9.689117037714856757e-04
9.841141474406405517e-04
9.831431076291145127e-04
9.503369655121995723e-04
9.096889739577964339e-04
9.294641502626181748e-04
9.678962069508194278e-04
9.793574352389045230e-04
9.015131416878456464e-04
9.737678913473169764e-04
9.512162599679133612e-04
9.353203709953558653e-04
9.934705374457137878e-04
9.752735525354481929e-04
9.626951774756286597e-04
9.400468147782464366e-04
8.846171356694709689e-04
9.044209803901457657e-04
9.666310826930884018e-04
9.318931160040679409e-04
9.446503085083129752e-04
9.030132528885461861e-04
9.967463478468328950e-04
9.711712803760471973e-04
9.579849956458390443e-04
9.505634121671061899e-04
9.847956523012643335e-04
9.790741287822942070e-04
9.772192315775831556e-04
9.865186003563341209e-04
9.996829563748870547e-04
9.228604149127742334e-04
9.411899000306583364e-04
9.501785012380099555e-04
9.763390732300868211e-04
9.864021484838635979e-04
9.547422260675116762e-04
9.571295225873266335e-04
9.974566545860347622e-04
9.018086861994861585e-04
9.720385276767750434e-04
9.414647555136251150e-04
9.494217379980039511e-04
9.548328770644660523e-04
9.521764384903466790e-04
8.969907823529140768e-04
9.450852987059156019e-04
9.718688230732738971e-04
9.178575361689029002e-04
9.957190433922008012e-04
8.871458953906600445e-04
9.754828476509699864e-04
8.307425593955707543e-04
9.233992190817234521e-04
9.919381310923430783e-04
9.371130296785482993e-04
9.157720348486670563e-04
9.670989271068769488e-04
9.934547673344955917e-04
8.917626368599706208e-04
9.184610728010597505e-04
9.398515965980541731e-04
9.876247801073052401e-04
9.299389202562341169e-04
9.468425451787511413e-04
9.916871207752311727e-04
9.361664583246424474e-04
9.447631738523103086e-04
9.624769450365385859e-04
9.735534385888460623e-04
9.888251885002957015e-04
9.669696139026933606e-04
9.628274484802310093e-04
9.511018001515529662e-04
9.434827453190536978e-04
9.575936659194668856e-04
9.494389435682642521e-04
9.133222794791969953e-04
9.627980092391691695e-04
9.523085961980176217e-04
9.379762452750983878e-04
9.660413223009871710e-04
9.711741429650933184e-04
9.454904718443818195e-04
9.055893144987516323e-04
9.763116138441895603e-04
9.804784274056669701e-04
9.444592093546221034e-04
8.442693515562241582e-04
9.112601248250636965e-04
9.668867465617015907e-04
9.821170459166533081e-04
9.478405576470653841e-04
9.779468110888891313e-04
9.595562665353353331e-04
9.689054214684504661e-04
8.477664936909555353e-04
9.863166353115044617e-04
9.737266338837934987e-04
9.480902902555854743e-04
9.212210774269584618e-04
9.449146276261184349e-04
9.454656062008782742e-04
9.766619612382430610e-04
9.599352043184181723e-04
9.586554064175235390e-04
9.649772975180609695e-04
9.641836795302460589e-04
9.749819498361884159e-04
9.477743759076456918e-04
9.619535075058358422e-04
9.769311922013012087e-04
9.584875569609369516e-04
9.051704022449059582e-04
9.873860013803325165e-04
9.725338653617437773e-04
9.726618164492291775e-04
9.244669091727760000e-04
9.965414254628161134e-04
9.501095858168466177e-04
9.272100375440914602e-04
9.040816289734772979e-04
9.734289776108755307e-04
9.668362128023967952e-04
9.161847451841525656e-04
9.273837797698316525e-04
9.725755388665302190e-04
9.856274752678970737e-04
9.309461220702222985e-04
7.861066958693164455e-04
9.703861639319455489e-04
9.914923991886745881e-04
8.369330931764022404e-04
9.956688205028393999e-04
9.894441839580813206e-04
9.550916653420737880e-04
9.508066220815475193e-04
9.829546607121552020e-04
9.615162503048324582e-04
9.420579020934539147e-04
9.106604980613866064e-04
9.566093816754618270e-04
9.600451319181442424e-04
9.215666357863948506e-04
9.428622680299045180e-04
9.445836136830248943e-04
9.063595428690178870e-04
9.663520501693949718e-04
9.200460045817617210e-04
9.548471587491068379e-04
9.860974623796976962e-04
9.484691889136964964e-04
9.356129028690050907e-04
9.015651785740988727e-04
9.481892776100763094e-04
8.754799389774048065e-04
9.261223449394915012e-04
9.818818013469026666e-04
9.851467413529416042e-04
9.835069460632811945e-04
9.321728369952261579e-04
9.166337362299038956e-04
9.766920315273904321e-04
9.429184658004421092e-04
9.346449927599344721e-04
9.506029908542593630e-04
9.740920717054728012e-04
9.925533737853463930e-04
9.912619825074471536e-04
9.395590486971439406e-04
9.878809569270972490e-04
9.824419504147370585e-04
9.601332218556641067e-04
9.764790526553553769e-04
9.364267952365550691e-04
8.635784650513874186e-04
9.527830541436595147e-04
9.997949003087383980e-04
9.910880649044774039e-04
9.692966850374896493e-04
9.983061502771206283e-04
9.342271561669978838e-04
9.721136820476601386e-04
9.818518121206402157e-04
9.528525198298659106e-04
9.945246459661001570e-04
9.691159755706547441e-04
9.500645210567450899e-04
9.659942627567098036e-04
9.394235355817346636e-04
8.169709470438094555e-04
9.452192730960000963e-04
9.958461370371085412e-04
9.500277378110904246e-04
9.404278111514596675e-04
9.495749272035765168e-04
9.239098291533617401e-04
9.482947958768803750e-04
9.409623555383965152e-04
9.535740587848487351e-04
9.773161317086804124e-04
9.363017327085436381e-04
9.814545055013921410e-04
9.728497546356982455e-04
9.216503223602923092e-04
9.908160302692032087e-04
9.246455671376234116e-04
9.935978368239210649e-04
9.388738875685752848e-04
9.289972202424309376e-04
9.473022490280593681e-04
9.353632187089493165e-04
9.299906145124176276e-04
9.077542566474794015e-04
9.414683285272107448e-04
9.293626954701777413e-04
9.265105912017995021e-04
9.874747092794798880e-04
9.653744982445883454e-04
9.435777578978386945e-04
9.398091482921854976e-04
9.673036776170622656e-04
9.718683300212267902e-04
9.857456932351625276e-04
9.479025985134986688e-04
9.955701700615552079e-04
9.204349220031588560e-04
9.036841052466749579e-04
9.740516249180676805e-04
9.896412181830736930e-04
9.597770418662426601e-04
9.928086257778455295e-04
9.427067996730216720e-04
9.972429603006306448e-04
9.498758877533617978e-04
9.336361875570701931e-04
9.374276757400120232e-04
9.879282250959211826e-04
9.072656143389314868e-04
9.357129880401552280e-04
9.620578629410025040e-04
9.633618344656838701e-04
9.227693345512575068e-04
9.581175609396826989e-04
9.926899774503120371e-04
9.739029064416986244e-04
9.524890892875488655e-04
9.581585881578227621e-04
9.557659051786950412e-04
9.602734317747823635e-04
9.663926140320375094e-04
9.242375752146320643e-04
9.804070543459986013e-04
9.540225543608883653e-04
9.512401539425484939e-04
9.454677592485354271e-04
9.834939333113784828e-04
9.874271355018412240e-04
9.862703636160669723e-04
9.102229558324909835e-04
9.115478265257110106e-04
9.879447443678394340e-04
9.055998792032658425e-04
8.827844057515965570e-04
8.982521086617895186e-04
9.382967860534557544e-04
9.971545061280228349e-04
9.665275613535866724e-04
9.707324694246115705e-04
9.755432644829438405e-04
9.894613661277913523e-04
9.590984802194672983e-04
9.552660232392484957e-04
9.276743844227940215e-04
8.955656527139789708e-04
9.809011147481287024e-04
9.078459968895443355e-04
9.785123802638294975e-04
9.183881599223047993e-04
9.927538829375452071e-04
9.533403928731861354e-04
9.368084914109795283e-04
9.841637381123413512e-04
9.405045453309486851e-04
9.606805796538119262e-04
9.928396590603654447e-04
9.292733145732737796e-04
9.396771638811271836e-04
9.763556765071932948e-04
9.728473861110325692e-04
9.736640247518059182e-04
9.624823543546108312e-04
9.856160453246053197e-04
9.459789458149040322e-04
9.615322557117778925e-04
9.669698951927018990e-04
9.700672682415071527e-04
9.548583480366803653e-04
9.656214330478732257e-04
9.247063443907267309e-04
7.812063098066140661e-04
9.036253979207899828e-04
8.893151896801317416e-04
9.413138394786377998e-04
9.392461034495334709e-04
9.256657634636169737e-04
9.429822854024984876e-04
9.982529331762077848e-04
9.851232220969932153e-04
9.541813800004550570e-04
9.770752171642264807e-04
9.693614985758863779e-04
9.756071087170112765e-04
9.419791761704935729e-04
9.329753698520921535e-04
8.286659322384563745e-04
9.560880231516891278e-04
9.747319809170751619e-04
9.648544264181835479e-04
9.430621629965420900e-04
9.625931157386171267e-04
9.066036374453924438e-04
9.366745315689420457e-04
9.785657550214995649e-04
9.913724211713993185e-04
9.684294469513402307e-04
9.457797739746659320e-04
9.944363492017074986e-04
9.150618438326030757e-04
9.984598582323252029e-04
9.681307871924274425e-04
9.518619687781521271e-04
9.552608101747612481e-04
9.950404792209266002e-04
9.645861183806020032e-04
9.139460947771368840e-04
9.833421877817364546e-04
9.755478646749318099e-04
9.532890163513907953e-04
9.560874253519494048e-04
9.992470998673359545e-04
9.215334862289275512e-04
9.689390425415383675e-04
9.888429451849671623e-04
9.682476737791340365e-04
9.666049718785728762e-04
9.334216549430521910e-04
9.680195908725552868e-04
9.664176475953341425e-04
9.420550080680722711e-04
9.988086419159011940e-04
9.571638881448471872e-04
9.468186321395328717e-04
9.998214035734744650e-04
9.765624229743675999e-04
9.400929918471311302e-04
9.768863345341394829e-04
9.746241460367211255e-04
9.458236002770772184e-04
9.939797416583739074e-04
9.863257599356358221e-04
9.936957754274032290e-04
9.659917592412128971e-04
9.847136049542016580e-04
9.288839385698962042e-04
9.755196878376889286e-04
9.484934496309571552e-04
9.699127956365972622e-04
9.869340955720273638e-04
9.394713099277594457e-04
9.171983405202604632e-04
9.031561890398586475e-04
9.707663009889510707e-04
9.773022776011419319e-04
8.829366046163851338e-04
9.606764635313924574e-04
9.908677389538177172e-04
9.649880139512515692e-04
9.565816041175982535e-04
9.361387181490084556e-04
9.599785202815926599e-04
9.618157089193218792e-04
9.759895102859005803e-04
9.922354349665971941e-04
9.664052517750202536e-04
9.717660575338619988e-04
9.587613300948014594e-04
9.803198964547651332e-04
9.203317208145459991e-04
9.612721067167442684e-04
9.308119239454527285e-04
9.412150293878619560e-04
9.355516483416660136e-04
9.877729250939272856e-04
9.260947967730086012e-04
9.717870353677993990e-04
9.784364762607522525e-04
8.935105770460406455e-04
9.469959299955042807e-04
9.446988680669776749e-04
9.987143423129862720e-04
9.773225478846585181e-04
9.862156519131407961e-04
9.210296768768357978e-04
9.885870736113849724e-04
9.959896360437492119e-04
9.631794575793382321e-04
9.941715541022862635e-04
9.529313111416861607e-04
9.423685934108996971e-04
9.717355735697890415e-04
9.915726013387791450e-04
9.331373982497217275e-04
9.303114037411030135e-04
9.205422750682186331e-04
9.251699944634112415e-04
9.522012220845253163e-04
9.836201770372721490e-04
9.735189886176772367e-04
9.733608356988594432e-04
9.884571002013169561e-04
9.364848448223029491e-04
9.675589573495449978e-04
9.268056134165447192e-04
8.548133069496658288e-04
9.201123466897864192e-04
9.717921431281265066e-04
9.577427091566879415e-04
9.866572199411834804e-04
9.643832425356609062e-04
8.957034395752691688e-04
8.991047010481446281e-04
9.402593528230305956e-04
9.893522200665702017e-04
9.534549634789474043e-04
9.921922542987038698e-04
9.273595864894946606e-04
9.871600465380164433e-04
9.969083639835489390e-04
9.213833139994348628e-04
9.421380716317313874e-04
9.655783426041020202e-04
9.650398260635471024e-04
9.893010068032655722e-04
9.973340103358891567e-04
9.532586703943426998e-04
9.688131325540852304e-04
9.492916989148457050e-04
9.517690050016192234e-04
8.948322390214171612e-04
9.393998754943379921e-04
9.601239269647649389e-04
9.515911993806991289e-04
9.965269476420435778e-04
9.964376099575657664e-04
9.879654712022750522e-04
8.879598557970843622e-04
9.214180018804005862e-04
9.687856458981734895e-04
9.547586521901702461e-04
9.797257482333154507e-04
9.737521338378785345e-04
9.229584401959963890e-04
9.003194225654817485e-04
9.191878109458270036e-04
9.547574641351540096e-04
9.560869428670895056e-04
8.648303918519685421e-04
9.361888713434778552e-04
9.916730558246380882e-04
9.603550457110207736e-04
9.389952450748973107e-04
9.279833709007190550e-04
9.560371210097706393e-04
9.935456981066386611e-04
9.730034271789463583e-04
9.920465969281940573e-04
9.209378098463622073e-04
9.570119060051105776e-04
9.466684184836770839e-04
9.291756430635565809e-04
9.729851031409069437e-04
9.848860466932106341e-04
9.420502013389401436e-04
9.701294460469160044e-04
9.058608392042757093e-04
9.738363841679281057e-04
9.922195240261953968e-04
9.463149544873669314e-04
9.774406278747493643e-04
9.667499641229230275e-04
9.973646177082302021e-04
9.699840482070992437e-04
9.888826522626453265e-04
9.400382992603698766e-04
9.739892275670308406e-04
9.303637909223621324e-04
9.577447578042914966e-04
9.296817996710803490e-04
9.332193574887036758e-04
9.770691790346442123e-04
9.746005969973987274e-04
9.433813174930347645e-04
9.478876855392440919e-04
9.384298326676714227e-04
9.484418933130016501e-04
9.761784319201721174e-04
9.737809972347658384e-04
9.330806802383895737e-04
9.610243550520626132e-04
9.777578058426700421e-04
9.352492219601661518e-04
9.473773511243739403e-04
9.993113265439139935e-04
9.463242359603655195e-04
9.947854880548673371e-04
9.867889998475523530e-04
9.484374301331769059e-04
9.756982055710924787e-04
9.289514545016042298e-04
9.551619481021418785e-04
9.446362788359960678e-04
9.905052703106465104e-04
9.532895309511972472e-04
9.722004862241002575e-04
9.786424388072408140e-04
9.912382957151101397e-04
9.671937036460036404e-04
9.985932588375810194e-04
9.978544662594805194e-04
9.778062268176318517e-04
9.890715442162972479e-04
9.464250588634536953e-04
9.441675290344781054e-04
9.674042919611629786e-04
9.349674321169118953e-04
9.885485509141269354e-04
8.775737502298775524e-04
9.433185842139375993e-04
9.141888142430976659e-04
9.802622858288191372e-04
9.942673629594945585e-04
9.704901323678222832e-04
9.613720776903125678e-04
9.331704207841116407e-04
9.647476856567447712e-04
8.349883885746319390e-04
9.792930136727103201e-04
9.502490583450821449e-04
9.173655562356511362e-04
9.679163595295593161e-04
9.936672920625203801e-04
9.491707902710430980e-04
9.788974139341754047e-04
9.350712389370586077e-04
9.609530135816099711e-04
9.606549473415833479e-04
9.599796620653490691e-04
9.527024026089506679e-04
9.418636999271079490e-04
9.113208565451200649e-04
9.665668924147256423e-04
9.736325093481191205e-04
9.660035402692546819e-04
9.195826490231405210e-04
8.863684561986976415e-04
9.239705458368196230e-04
9.220293431273665716e-04
9.575450473456010398e-04
9.033228873860253607e-04
9.494639313035729963e-04
9.718593257562666270e-04
9.894452705142282433e-04
9.140068300771059858e-04
9.515371914704504096e-04
9.345541249492664120e-04
9.947353850187148905e-04
9.251564939050184498e-04
9.736352590827853206e-04
9.174074079518569408e-04
9.909176778546237904e-04
9.517441870282699603e-04
9.502909094124916117e-04
9.229931386566226324e-04
9.593364465954948295e-04
9.892822207746949318e-04
9.966447461534316647e-04
9.982604006675496484e-04
9.432770277771926164e-04
9.387021662630142330e-04
9.905628835742740293e-04
9.616196016851730763e-04
9.282688129665949729e-04
9.296005538716460743e-04
9.223425122826937363e-04
9.283790974742902593e-04
9.876778201846337073e-04
9.560493697965220111e-04
9.510849176703830860e-04
9.587595887906070905e-04
9.546490377483127362e-04
9.911720433407635034e-04
9.295351452102405300e-04
9.138868681498485977e-04
9.569061944082731062e-04
9.950039072033349703e-04
9.867909495322895776e-04
9.825719266690587702e-04
9.576206402950075084e-04
9.625343388208918317e-04
9.487070954885680300e-04
9.266529989776203834e-04
9.567253140994458468e-04
9.760717292512323309e-04
9.803419284784666617e-04
9.948831705588901536e-04
9.423517815501098035e-04
9.064288502188522743e-04
9.919333453211429553e-04
9.426582978509506902e-04
9.865036783777015716e-04
9.830027452183923847e-04
9.577180960914513999e-04
9.419625726712031744e-04
8.901497177736442503e-04
9.944250146747771885e-04
9.373809367803679314e-04
9.031383522934056550e-04
9.275493217901572976e-04
9.947508284614953438e-04
9.368059808142738471e-04
9.452300654988858575e-04
9.185827201880788053e-04
9.480014449333278850e-04
9.600687018370580991e-04
8.180245567791425256e-04
9.992061512536418687e-04
9.817133419160997600e-04
9.885009605773015240e-04
9.397569065538344214e-04
9.818996004803438871e-04
9.220999320981396749e-04
9.670131276352627843e-04
9.923730133852867556e-04
9.925646843231658752e-04
9.638743134922738960e-04
9.330880466603619838e-04
9.892765958364774671e-04
9.859899925880077128e-04
9.395578407938766233e-04
9.504657789016969938e-04
9.953156034632018069e-04
9.429840855392880106e-04
9.938159011849282201e-04
9.628606957369702669e-04
9.814298689997326582e-04
9.210917939381730929e-04
9.761049703437427389e-04
9.744520147139635550e-04
9.163545362820119371e-04
9.674314439450008114e-04
9.529957479924191892e-04
9.689461730268351990e-04
9.345923693761415841e-04
9.155201252941820014e-04
9.603854151005680826e-04
9.442270614235703970e-04
9.402102371600765422e-04
9.954881070942135906e-04
9.489790607446085303e-04
9.387492999578649772e-04
9.150049919945427938e-04
9.696889727287866419e-04
9.896588212936850010e-04
9.683762743328723499e-04
9.420716606678314776e-04
9.269603609362211255e-04
9.728862774080887510e-04
9.618121564369384218e-04
9.926921123839041461e-04
9.261278178507645472e-04
9.480556465271483893e-04
9.531082539104335141e-04
9.782120811530118330e-04
9.553309645968824067e-04
8.634877544686646485e-04
9.757010315619474338e-04
9.724721586113760363e-04
8.761468801248104444e-04
9.640611276226030216e-04
9.548307351693693283e-04
9.246155328143552954e-04
9.284372650982586133e-04
9.553310260272461323e-04
9.331703077243473990e-04
9.688660080669690526e-04
9.350456420741175235e-04
9.721391890107764422e-04
9.555087478422318124e-04
9.574701948578180112e-04
9.779352520817680920e-04
9.535342078519920420e-04
9.146770019153250197e-04
9.761796315073265539e-04
9.906805786908359952e-04
9.101239648056279547e-04
9.875908735826456706e-04
9.942973718758253785e-04
9.354892705634163582e-04
9.910906286287914091e-04
9.097755696069050827e-04
9.046653827556894742e-04
9.635242432533434659e-04
9.336418895896526210e-04
9.729494883106544695e-04
9.660171953209609067e-04
9.890090522258648039e-04
9.995902288660446760e-04
9.707419843737667524e-04
9.291857242970025981e-04
9.748563571276569473e-04
9.130110052562219209e-04
9.829760740197458335e-04
9.528221044361124062e-04
9.328449771386298313e-04
9.940953211651896732e-04
