7.634460909757763147e-01
5.106923009734600782e-01
7.239931058138608932e-01
7.397855068556964397e-01
7.501508679706603289e-01
9.421068918891251087e-01
8.446420240215957165e-01
7.282003979198634624e-01
7.599215030204504728e-01
6.500030830502510071e-01
8.191130510531365871e-01
6.669240400660783052e-01
6.217117449268698692e-01
8.204929120838642120e-01
6.136950398795306683e-01
8.397706560790538788e-01
6.124105399940162897e-01
7.281496389769017696e-01
6.993742350023239851e-01
7.391831330023705959e-01
9.458346730098128319e-01
6.782293890137225389e-01
6.196290620137006044e-01
8.594659920781850815e-01
6.892061738763004541e-01
6.809490351006388664e-01
6.889616139233112335e-01
6.662001670338213444e-01
6.051501659676432610e-01
6.412220769561827183e-01
6.475753670092672110e-01
6.409902670420706272e-01
6.996361799538135529e-01
7.196569507941603661e-01
8.455347970593720675e-01
8.062361518386751413e-01
8.055592488963156939e-01
7.813584778923541307e-01
8.027788889594376087e-01
6.098614810034632683e-01
6.991494691465049982e-01
6.920581420417875051e-01
6.518157939426600933e-01
6.700786990113556385e-01
9.587512821890413761e-01
9.622248988598585129e-01
6.931825210340321064e-01
7.402492121327668428e-01
6.791552368085831404e-01
6.908856120426207781e-01
7.757290620356798172e-01
6.047406019642949104e-01
6.706247581169009209e-01
6.626756691839545965e-01
7.603436079807579517e-01
6.233152518980205059e-01
6.260071902070194483e-01
7.782201990485191345e-01
6.892874080222100019e-01
6.306922459043562412e-01
5.568070199806243181e-01
6.223075177986174822e-01
6.856767570134252310e-01
7.747691760305315256e-01
7.517889360897243023e-01
7.753614010289311409e-01
7.100913971662521362e-01
6.686631140764802694e-01
9.367535300552845001e-01
6.731671569868922234e-01
4.512357600033283234e-01
6.611053340602666140e-01
6.401563279796391726e-01
6.239950919989496469e-01
5.949441092088818550e-01
6.248341999016702175e-01
7.845415971241891384e-01
7.881956088822335005e-01
6.686460629571229219e-01
7.708087100181728601e-01
7.763123961631208658e-01
9.617519518360495567e-01
7.411404200829565525e-01
7.798800810705870390e-01
7.319290980231016874e-01
8.608217879664152861e-01
6.826806690078228712e-01
6.066782330162823200e-01
6.494255319703370333e-01
6.321634948253631592e-01
6.174357191193848848e-01
6.457566758617758751e-01
6.606244528666138649e-01
8.453498701564967632e-01
6.590211018919944763e-01
7.759997041430324316e-01
6.584369759075343609e-01
6.262233890593051910e-01
6.986565061379224062e-01
8.973094068933278322e-01
7.099575190804898739e-01
7.336209928616881371e-01
7.410737939644604921e-01
7.322612998541444540e-01
6.882560299709439278e-01
6.437524268403649330e-01
8.550814089830964804e-01
6.439646480139344931e-01
8.332963029388338327e-01
7.740025559905916452e-01
6.503723028581589460e-01
6.622159690596163273e-01
6.300558110233396292e-01
8.219677230808883905e-01
5.518740648403763771e-01
6.479087690822780132e-01
7.809732989408075809e-01
7.117684029508382082e-01
7.618339539039880037e-01
7.009426560252904892e-01
7.025444051250815392e-01
6.829444479662925005e-01
7.794854778330773115e-01
7.538366559892892838e-01
8.435480999760329723e-01
4.066786610055714846e-01
6.352926499675959349e-01
6.921816531103104353e-01
6.902801240794360638e-01
5.961747991386801004e-01
6.242882611695677042e-01
6.598190229851752520e-01
6.684389980509877205e-01
6.596088781952857971e-01
7.900400978978723288e-01
6.406925760675221682e-01
7.433546290267258883e-01
7.629033681005239487e-01
7.003217348828911781e-01
9.383287390228360891e-01
7.335113829467445612e-01
7.220739428885281086e-01
5.518869089428335428e-01
8.423386900685727596e-01
6.497380589134991169e-01
6.270386429969221354e-01
8.168233940377831459e-01
6.278276981320232153e-01
8.163396208547055721e-01
6.001505451276898384e-01
6.405565589666366577e-01
7.780639908742159605e-01
7.642824321519583464e-01
7.637813459150493145e-01
7.333299028687179089e-01
6.498762550763785839e-01
7.319836490787565708e-01
7.508647518698126078e-01
7.443936790805310011e-01
6.611750209704041481e-01
6.701554390601813793e-01
6.651787490118294954e-01
6.410952198784798384e-01
6.956759451422840357e-01
6.614842519629746675e-01
6.578326330054551363e-01
6.139262330252677202e-01
8.336116930004209280e-01
5.994132109917700291e-01
8.352998229674994946e-01
7.210045359097421169e-01
9.300053829792886972e-01
9.589127998333424330e-01
7.200426599010825157e-01
6.995862501207739115e-01
6.906703161075711250e-01
7.433700920082628727e-01
6.394839610438793898e-01
8.293723568785935640e-01
6.616644619498401880e-01
6.684502668213099241e-01
6.688649829011410475e-01
6.418186789378523827e-01
6.816692680586129427e-01
6.801713421009480953e-01
8.293114169500768185e-01
7.080701151862740517e-01
9.170492300763726234e-01
6.693157679401338100e-01
7.216843080241233110e-01
8.796917980071157217e-01
7.330214460380375385e-01
6.918979990296065807e-01
8.462088229134678841e-01
8.243983751162886620e-01
5.726656978949904442e-01
6.327389739453792572e-01
8.289773801807314157e-01
6.140731861814856529e-01
6.448966900352388620e-01
6.368623829912394285e-01
6.599650417920202017e-01
6.416600449010729790e-01
8.448011451400816441e-01
5.747481361031532288e-01
8.202362819574773312e-01
7.540755448862910271e-01
7.532452298328280449e-01
9.197210059501230717e-01
7.405992681160569191e-01
7.515182041097432375e-01
9.595247469842433929e-01
7.237805360928177834e-01
8.170500549022108316e-01
6.564735770225524902e-01
7.788656488992273808e-01
6.471116861794143915e-01
6.525665831286460161e-01
7.976956670172512531e-01
7.746241460554301739e-01
8.006492019630968571e-01
6.356984479352831841e-01
8.425006449688225985e-01
8.483073399402201176e-01
6.609002589248120785e-01
8.970562468748539686e-01
7.210117292124778032e-01
6.890365849249064922e-01
7.513939910568296909e-01
7.218674458563327789e-01
6.881037671118974686e-01
6.222352487966418266e-01
6.637156149372458458e-01
8.172721499577164650e-01
6.741045517846941948e-01
6.295135850086808205e-01
5.756950411014258862e-01
6.553851319476962090e-01
6.624347730539739132e-01
6.943689379841089249e-01
6.047981441952288151e-01
4.623634431045502424e-01
6.580935330130159855e-01
9.555519788991659880e-01
6.836689100600779057e-01
6.969206221401691437e-01
6.819366221316158772e-01
9.563805500511080027e-01
9.363808659836649895e-01
7.443367720115929842e-01
6.937733339145779610e-01
6.340690569486469030e-01
6.365241359453648329e-01
8.249071650207042694e-01
8.461308418773114681e-01
6.360824510920792818e-01
8.172400421462953091e-01
5.919303300324827433e-01
7.550808500964194536e-01
6.202078689821064472e-01
6.839806470088660717e-01
6.895415799226611853e-01
8.762011011131107807e-01
7.407606909982860088e-01
7.538969388697296381e-01
7.401142509188503027e-01
7.425179828424006701e-01
7.729948130436241627e-01
6.659846529364585876e-01
6.839418490417301655e-01
8.332773961592465639e-01
6.383561340626329184e-01
6.438160468824207783e-01
6.238202399108558893e-01
6.631959758233278990e-01
8.530575891491025686e-01
8.542961790226399899e-01
6.763970509637147188e-01
6.636131680570542812e-01
9.079884330276399851e-01
7.021215988788753748e-01
7.336104800924658775e-01
9.409654221963137388e-01
7.113417549990117550e-01
6.805397048592567444e-01
9.301668531261384487e-01
6.565947991330176592e-01
6.652827949728816748e-01
5.984623259864747524e-01
6.755810012109577656e-01
7.707036919891834259e-01
6.235798059497028589e-01
6.480255210772156715e-01
6.252305400557816029e-01
6.404689529445022345e-01
7.793222400359809399e-01
6.972504190634936094e-01
8.469995481427758932e-01
8.646845740731805563e-01
8.810819298960268497e-01
7.464609891176223755e-01
7.647823500446975231e-01
8.613815170247107744e-01
6.824241960421204567e-01
7.420622259378433228e-01
8.521005050279200077e-01
8.716961049940437078e-01
7.101665509399026632e-01
6.268826159648597240e-01
6.441567568108439445e-01
7.845722269266843796e-01
5.588179258629679680e-01
6.529346448369324207e-01
6.107417920138686895e-01
8.419875858817249537e-01
8.542003161273896694e-01
8.817629599943757057e-01
7.469311489257961512e-01
7.453494309447705746e-01
7.792627990711480379e-01
6.936981661710888147e-01
6.840523690916597843e-01
6.488933041691780090e-01
6.106109670363366604e-01
8.608337740879505873e-01
8.552625488955527544e-01
6.310836130287498236e-01
8.414868370164185762e-01
6.198578260373324156e-01
6.746193231083452702e-01
8.154722938779741526e-01
6.307473659981042147e-01
7.308393460698425770e-01
7.144629000686109066e-01
9.368227319791913033e-01
7.128779201302677393e-01
6.915957441087812185e-01
7.232894459739327431e-01
9.093849719502031803e-01
6.946357749402523041e-01
6.838491649832576513e-01
6.719764620065689087e-01
8.354168101213872433e-01
6.088001499883830547e-01
6.446748978924006224e-01
6.396391890011727810e-01
6.824344811029732227e-01
8.335017720237374306e-01
6.227006220724433661e-01
6.024340130388736725e-01
9.492293479852378368e-01
7.116550751961767673e-01
7.310731601901352406e-01
9.704521920066326857e-01
9.198470958508551121e-01
7.200553731527179480e-01
6.961222721729427576e-01
6.029349619057029486e-01
6.902279180940240622e-01
6.497015180066227913e-01
8.114780769683420658e-01
7.977871950715780258e-01
6.458838609978556633e-01
6.292577411513775587e-01
8.027462959289550781e-01
6.739740269258618355e-01
6.410825599450618029e-01
6.859278071206063032e-01
5.778600969351828098e-01
9.246822120621800423e-01
6.891522300429642200e-01
7.461639880202710629e-01
7.046239799819886684e-01
7.795074528548866510e-01
7.145680189132690430e-01
6.907674400135874748e-01
6.319724388886243105e-01
5.760697310324758291e-01
7.685755139682441950e-01
6.411545400042086840e-01
5.748072150163352489e-01
8.180188960395753384e-01
7.599490489810705185e-01
6.612245989963412285e-01
6.868374040350317955e-01
8.352348839398473501e-01
7.699044330511242151e-01
7.308212451171129942e-01
7.724453299306333065e-01
7.407906691078096628e-01
7.141517819836735725e-01
6.991385731380432844e-01
7.398739869240671396e-01
7.503428861964493990e-01
6.496544340625405312e-01
8.130621360614895821e-01
8.389876170549541712e-01
6.146793360821902752e-01
8.437522738240659237e-01
6.231884439475834370e-01
8.625499519985169172e-01
6.540934210643172264e-01
8.110943560022860765e-01
7.708037591073662043e-01
6.242549328599125147e-01
8.340011429972946644e-01
9.170533188153058290e-01
7.423731558956205845e-01
7.777461579535156488e-01
9.097299599088728428e-01
6.701944100204855204e-01
7.786839699838310480e-01
8.392282708082348108e-01
5.553991738706827164e-01
7.818534378893673420e-01
8.374885979574173689e-01
7.837731160689145327e-01
8.063078131526708603e-01
6.743077537976205349e-01
8.193849560339003801e-01
6.916181559208780527e-01
6.329940049909055233e-01
6.155593190342187881e-01
6.243118608836084604e-01
5.884719800669699907e-01
7.758441260084509850e-01
7.042276458814740181e-01
7.799316300079226494e-01
7.132690839935094118e-01
7.725801041815429926e-01
7.032091750297695398e-01
6.941619031131267548e-01
6.556154580321162939e-01
6.922258159611374140e-01
8.162562970537692308e-01
6.832876529078930616e-01
6.873412372078746557e-01
6.310548749752342701e-01
6.922573249321430922e-01
6.631132790353149176e-01
6.457648850046098232e-01
8.263041579630225897e-01
6.539319879375398159e-01
6.737428088672459126e-01
7.338279769755899906e-01
6.541010299697518349e-01
7.650657470803707838e-01
7.793064911384135485e-01
7.133602369576692581e-01
5.710241030901670456e-01
6.733479069080203772e-01
6.961952040437608957e-01
6.247528630774468184e-01
8.093217830173671246e-01
6.651862009894102812e-01
5.395762501284480095e-01
6.763804408255964518e-01
6.440909460652619600e-01
8.386466710362583399e-01
7.694548270665109158e-01
6.129089819733053446e-01
7.296468981076031923e-01
7.631814309861510992e-01
7.320350860245525837e-01
6.905902058351784945e-01
7.248699651099741459e-01
6.823441910091787577e-01
7.523188840132206678e-01
7.143113310448825359e-01
6.898945278953760862e-01
5.742897649761289358e-01
6.908604199998080730e-01
7.904078301507979631e-01
6.261825989931821823e-01
6.681978458072990179e-01
6.123056830838322639e-01
8.387236699927598238e-01
6.697793859057128429e-01
6.521477799396961927e-01
6.872306088916957378e-01
7.007817940320819616e-01
9.269764411728829145e-01
6.709236640017479658e-01
9.299617060460150242e-01
8.983892928808927536e-01
7.406503041274845600e-01
6.908484189771115780e-01
6.612829421646893024e-01
6.421744278632104397e-01
8.250842418055981398e-01
6.237434749491512775e-01
5.920198280364274979e-01
6.164082239847630262e-01
6.232206712011247873e-01
6.544577679596841335e-01
8.134142779745161533e-01
6.484603360295295715e-01
6.706305958796292543e-01
6.164937361609190702e-01
6.495803359430283308e-01
7.626631490420550108e-01
7.395763942040503025e-01
8.894195128232240677e-01
8.790979650802910328e-01
7.770783179439604282e-01
7.486480451188981533e-01
6.328325180802494287e-01
6.590041979216039181e-01
6.293270480819046497e-01
6.877704998478293419e-01
6.426918520592153072e-01
6.857646319549530745e-01
6.031038048677146435e-01
6.801138750743120909e-01
6.503588969353586435e-01
5.684825358912348747e-01
7.214065201114863157e-01
7.397567389998584986e-01
7.108199859503656626e-01
6.984427610877901316e-01
7.086223710794001818e-01
7.074178548064082861e-01
7.717841060366481543e-01
9.194031709339469671e-01
6.094824210740625858e-01
6.865687340032309294e-01
5.939323098864406347e-01
6.582509269937872887e-01
6.198063648771494627e-01
7.566995960660278797e-01
8.238299551885575056e-01
4.170888110529631376e-01
6.876615239307284355e-01
6.556837537791579962e-01
6.223263400606811047e-01
5.955451622139662504e-01
8.757508751004934311e-01
7.589936321601271629e-01
7.387201208621263504e-01
7.774663991294801235e-01
6.997468990739434958e-01
8.766297399997711182e-01
7.317597239743918180e-01
8.948379401117563248e-01
6.472883978858590126e-01
6.483496711589396000e-01
6.325038410723209381e-01
7.774311499670147896e-01
6.343205468729138374e-01
6.422435808926820755e-01
6.138889060821384192e-01
6.509894458577036858e-01
6.131308639887720346e-01
6.901705558411777020e-01
6.432471890002489090e-01
7.285950549412518740e-01
4.833629010245203972e-01
8.852843041531741619e-01
7.403537509962916374e-01
4.523264188319444656e-01
7.292523570358753204e-01
7.009596489369869232e-01
6.467490908689796925e-01
8.184353900142014027e-01
7.947727430146187544e-01
8.456012171227484941e-01
6.286362379323691130e-01
8.348886359017342329e-01
6.779865878634154797e-01
6.486701481044292450e-01
6.698424341157078743e-01
6.934500499628484249e-01
7.530500581488013268e-01
8.245346611365675926e-01
8.413190410938113928e-01
7.097861270885914564e-01
7.508362228982150555e-01
9.466513551305979490e-01
7.646342390216886997e-01
7.191441438626497984e-01
6.699979649856686592e-01
7.211756180040538311e-01
8.533169880975037813e-01
5.971893288660794497e-01
6.057368367910385132e-01
8.517434790264815092e-01
6.947527900338172913e-01
6.272780678700655699e-01
7.980699730105698109e-01
5.713204308412969112e-01
6.343761959578841925e-01
6.050893981009721756e-01
6.492918978910893202e-01
8.970754970796406269e-01
7.779090669937431812e-01
8.687162979040294886e-01
6.927423088345676661e-01
7.025958220474421978e-01
7.430167938582599163e-01
7.584147618617862463e-01
6.153589570894837379e-01
6.689333070535212755e-01
6.767958030104637146e-01
6.380322629120200872e-01
8.485764928627759218e-01
6.668596339877694845e-01
6.678640497848391533e-01
6.757309418171644211e-01
6.199941509403288364e-01
5.680360749829560518e-01
6.279226839542388916e-01
6.590870670042932034e-01
7.032163669355213642e-01
7.609612108208239079e-01
7.013814297970384359e-01
7.218773369677364826e-01
7.535093780606985092e-01
9.257357250899076462e-01
7.369282119907438755e-01
6.805945960804820061e-01
8.412391850724816322e-01
6.625026031397283077e-01
6.336824269965291023e-01
8.165683769620954990e-01
8.226920550223439932e-01
6.291374620050191879e-01
7.549821811262518167e-01
6.891749280039221048e-01
8.407498111482709646e-01
8.601673201192170382e-01
8.182206219062209129e-01
9.465605150908231735e-01
6.707689710892736912e-01
9.157853280194103718e-01
7.328845828305929899e-01
7.612061379477381706e-01
7.621505421120673418e-01
6.563624199479818344e-01
6.695651998743414879e-01
6.792913870885968208e-01
6.338868241291493177e-01
6.130809509195387363e-01
6.501170890405774117e-01
6.229732120409607887e-01
6.487671390641480684e-01
6.869749219622462988e-01
6.399230379611253738e-01
6.582954458426684141e-01
6.908311059232801199e-01
6.806592990178614855e-01
7.518815149087458849e-01
7.332122370135039091e-01
7.431405719835311174e-01
9.532401941251009703e-01
6.793989590369164944e-01
6.882827000226825476e-01
8.312385289464145899e-01
8.222824679687619209e-01
6.158303939737379551e-01
6.661988580599427223e-01
6.663560860324651003e-01
6.046193721704185009e-01
6.196828871034085751e-01
5.874431040138006210e-01
6.588652541395276785e-01
8.369688040111213923e-01
6.238802310544997454e-01
6.496857861056923866e-01
8.961216940078884363e-01
9.351050888653844595e-01
7.415327078197151423e-01
7.710528161842375994e-01
6.903841479215770960e-01
8.645462950225919485e-01
6.866714088246226311e-01
8.156103799119591713e-01
6.579339101444929838e-01
8.485262680333107710e-01
6.221929648891091347e-01
5.856226419564336538e-01
7.964452980086207390e-01
6.424570619128644466e-01
6.393655450083315372e-01
6.076472769491374493e-01
8.842071350663900375e-01
7.333341850899159908e-01
7.629936810117214918e-01
7.429443669971078634e-01
7.010535639710724354e-01
6.930574311409145594e-01
6.923688550014048815e-01
7.640443220734596252e-01
6.570664199534803629e-01
7.837325958535075188e-01
8.166975271888077259e-01
6.347439510282129049e-01
6.396276620216667652e-01
8.320764880627393723e-01
6.969822451937943697e-01
7.604893879033625126e-01
6.226196337956935167e-01
5.921812299638986588e-01
7.517198021523654461e-01
5.668102039489895105e-01
6.820026109926402569e-01
4.821788759436458349e-01
8.794401669874787331e-01
7.744295960292220116e-01
7.140175078529864550e-01
9.177781019825488329e-01
9.599685019347816706e-01
6.240108830388635397e-01
6.781773508992046118e-01
8.014098419807851315e-01
6.021900121122598648e-01
6.556389888282865286e-01
7.881528350990265608e-01
5.894662160426378250e-01
6.430355359334498644e-01
6.050337478518486023e-01
8.047551549971103668e-01
7.737664249725639820e-01
9.620152469724416733e-01
7.208138450514525175e-01
6.936729610897600651e-01
6.935956859961152077e-01
7.743260620627552271e-01
9.294518958777189255e-01
6.713130760472267866e-01
6.900168738793581724e-01
6.237826831638813019e-01
6.699052189942449331e-01
6.924406939651817083e-01
6.625785669311881065e-01
6.530321508180350065e-01
6.572324598673731089e-01
6.779090401250869036e-01
7.644453810062259436e-01
7.917586218100041151e-01
8.016285800840705633e-01
8.297204920090734959e-01
9.136562349740415812e-01
7.542097570840269327e-01
7.229660858865827322e-01
7.114747941959649324e-01
8.700255469884723425e-01
6.292081179562956095e-01
6.553527410142123699e-01
6.578546632081270218e-01
6.207017598208039999e-01
6.377236768603324890e-01
6.195896759163588285e-01
8.567039838526397943e-01
6.932803809177130461e-01
6.524455710314214230e-01
6.591716159600764513e-01
8.302649040706455708e-01
6.649951359722763300e-01
7.526616090908646584e-01
7.823376818560063839e-01
6.815439080819487572e-01
6.923230208922177553e-01
7.324448379222303629e-01
8.467140030115842819e-01
6.716237240470945835e-01
8.917030901648104191e-01
6.279607717879116535e-01
6.300284010358154774e-01
8.105708430521190166e-01
6.857172572053968906e-01
6.058770690578967333e-01
8.441109929699450731e-01
6.926882660482078791e-01
6.316535680089145899e-01
6.498659930657595396e-01
6.860426259227097034e-01
6.774878599680960178e-01
6.732135908678174019e-01
8.883624339941889048e-01
6.793670500628650188e-01
7.525531551800668240e-01
7.743704381864517927e-01
9.509441100526601076e-01
9.191633858717978001e-01
7.414707699790596962e-01
5.827324441634118557e-01
6.922464889939874411e-01
8.560100181493908167e-01
6.079161530360579491e-01
6.799151829909533262e-01
8.200841969810426235e-01
6.196093319449573755e-01
6.482387240976095200e-01
6.781538468785583973e-01
7.408987798262387514e-01
7.351991171017289162e-01
9.095016920473426580e-01
9.517393701244145632e-01
9.402240219060331583e-01
9.185502568725496531e-01
6.839328270871192217e-01
6.963121129665523767e-01
8.470824831165373325e-01
6.553788960445672274e-01
6.640890680719166994e-01
6.081697251647710800e-01
6.360611850395798683e-01
5.933883308898657560e-01
6.151463340502232313e-01
6.711639531422406435e-01
8.423834200948476791e-01
6.118353900965303183e-01
6.656043510884046555e-01
6.363995268475264311e-01
6.837884101551026106e-01
7.105896598659455776e-01
7.303749409038573503e-01
7.412815769203007221e-01
9.298938198480755091e-01
7.209041230380535126e-01
6.907952229958027601e-01
6.931088240817189217e-01
6.813211641274392605e-01
6.755518959835171700e-01
6.249136468395590782e-01
8.424765309318900108e-01
7.998182380106300116e-01
6.949231249745935202e-01
7.813724610023200512e-01
6.513487589545547962e-01
8.650669939815998077e-01
8.378147277981042862e-01
7.492866681423038244e-01
6.699975540395826101e-01
9.445809619501233101e-01
9.395630639046430588e-01
9.461877997964620590e-01
9.055554799269884825e-01
7.252287280280143023e-01
6.762987291440367699e-01
6.244828309863805771e-01
8.156478879973292351e-01
6.768025620840489864e-01
6.479791118763387203e-01
6.460041610989719629e-01
5.964245218783617020e-01
8.277043220587074757e-01
8.000222258269786835e-01
7.472229991108179092e-01
6.785290860570967197e-01
7.639985650312155485e-01
7.508606950286775827e-01
7.107496650423854589e-01
9.332080518361181021e-01
7.316728760488331318e-01
8.425446639303117990e-01
8.465024409815669060e-01
6.536885329987853765e-01
8.025368950329720974e-01
7.938142868224531412e-01
8.454589941538870335e-01
6.470789238810539246e-01
6.895007840357720852e-01
6.128678850363940001e-01
8.410578540060669184e-01
6.506163019221276045e-01
6.421970471274107695e-01
7.102995249442756176e-01
8.991982971783727407e-01
9.499836810864508152e-01
7.116161750163882971e-01
7.433212730102241039e-01
6.695059388875961304e-01
7.398064848966896534e-01
6.172009629663079977e-01
6.476311460137367249e-01
8.099539000540971756e-01
6.909922359045594931e-01
6.717748460359871387e-01
6.743975761346518993e-01
6.573536640498787165e-01
6.272563580423593521e-01
6.955983571242541075e-01
7.744725500233471394e-01
6.597660561092197895e-01
9.583555508870631456e-01
7.195951081812381744e-01
6.993261161260306835e-01
7.762212899979203939e-01
9.485726819839328527e-01
7.607094789855182171e-01
7.959980829618871212e-01
8.191740298643708229e-01
6.966530019417405128e-01
6.435906430706381798e-01
6.454194441903382540e-01
6.360934150870889425e-01
8.135147849097847939e-01
5.843062610365450382e-01
6.119824768975377083e-01
6.355038471519947052e-01
6.705628680065274239e-01
6.773024869617074728e-01
9.146037090104073286e-01
6.992543230298906565e-01
8.950816418509930372e-01
7.098587751388549805e-01
9.450903178658336401e-01
7.113795189652591944e-01
7.390588410198688507e-01
7.583464179188013077e-01
8.645444179419428110e-01
6.936249320860952139e-01
6.220225458964705467e-01
6.033549159765243530e-01
5.959844489116221666e-01
8.170451729092746973e-01
8.196426639333367348e-01
6.532539008185267448e-01
6.243165540508925915e-01
8.521001480985432863e-01
6.928710320498794317e-01
8.885753040667623281e-01
6.911037580575793982e-01
7.816290049813687801e-01
7.536147148348391056e-01
6.989894199650734663e-01
7.496551850344985723e-01
6.291517168283462524e-01
8.116945989895612001e-01
6.681250769179314375e-01
6.247329700272530317e-01
7.679812549613416195e-01
6.845457369927316904e-01
6.762951179407536983e-01
6.177478427998721600e-01
8.521863380447030067e-01
6.564126890152692795e-01
8.300789229106158018e-01
6.179684831295162439e-01
7.732733429875224829e-01
7.006773191969841719e-01
7.221708088181912899e-01
7.740633750800043344e-01
7.009696951135993004e-01
9.386932789348065853e-01
8.337666681036353111e-01
6.955723899882286787e-01
6.779784499667584896e-01
6.234115730039775372e-01
6.753165000118315220e-01
6.046547151636332273e-01
8.474323379341512918e-01
6.719653140753507614e-01
6.662296361755579710e-01
6.754983239807188511e-01
6.175053399056196213e-01
6.726581170223653316e-01
6.798342599067837000e-01
8.453887319192290306e-01
7.102470889221876860e-01
7.328748269937932491e-01
6.911802550312131643e-01
7.780673720408231020e-01
7.774746499489992857e-01
6.589035850483924150e-01
8.421921262051910162e-01
6.347473210189491510e-01
8.209154270589351654e-01
6.380685281474143267e-01
8.237381658982485533e-01
7.793346929829567671e-01
6.799496121238917112e-01
6.654306540731340647e-01
8.033594361040741205e-01
8.650357830338180065e-01
6.666099950671195984e-01
6.952087930403649807e-01
6.924769978504627943e-01
9.312616370152682066e-01
7.310525900684297085e-01
7.445899390149861574e-01
7.421050190459936857e-01
6.919986279681324959e-01
7.983890569303184748e-01
8.318512081168591976e-01
8.438551949802786112e-01
8.315586920361965895e-01
6.210677709896117449e-01
6.465661178808659315e-01
7.999733509495854378e-01
6.008207760751247406e-01
6.313230339437723160e-01
6.371844918467104435e-01
8.618344780988991261e-01
7.324781699571758509e-01
6.804812550544738770e-01
7.337336631026118994e-01
7.770103081129491329e-01
6.922119560185819864e-01
8.921336201019585133e-01
6.981113478541374207e-01
8.362307399511337280e-01
6.477112791035324335e-01
8.415183541364967823e-01
6.098028090782463551e-01
6.538092109840363264e-01
6.589414649643003941e-01
6.253459970466792583e-01
5.973958768881857395e-01
6.050974160898476839e-01
6.578952239360660315e-01
5.968341880943626165e-01
7.136210158932954073e-01
7.308690610807389021e-01
7.757274957839399576e-01
8.362869969569146633e-01
7.115994777996093035e-01
8.983332661446183920e-01
9.601589550729840994e-01
6.560503479558974504e-01
6.561491959728300571e-01
6.730753839947283268e-01
8.243500441312789917e-01
8.179570860229432583e-01
6.365575909148901701e-01
8.153393401298671961e-01
6.914239558391273022e-01
6.015404339414089918e-01
6.456906269304454327e-01
6.351407831534743309e-01
8.273086568806320429e-01
7.512150770053267479e-01
9.414379741065204144e-01
9.495235558133572340e-01
6.994490490760654211e-01
9.488631810527294874e-01
7.775066900067031384e-01
7.011410379782319069e-01
6.076119840145111084e-01
8.193625449202954769e-01
6.008060171734541655e-01
6.457474699709564447e-01
6.500200100708752871e-01
7.756129619665443897e-01
8.398179879877716303e-01
6.192118399776518345e-01
6.361895690206438303e-01
8.423545809928327799e-01
6.825857989024370909e-01
6.612368850037455559e-01
7.618351129349321127e-01
7.321285249199718237e-01
7.010857290588319302e-01
9.177262631710618734e-01
7.427236950024962425e-01
7.303683850914239883e-01
7.227117628790438175e-01
6.708841600921005011e-01
8.287225340027362108e-01
6.537179150618612766e-01
7.963528179097920656e-01
6.255652490071952343e-01
5.911115871276706457e-01
6.707197409123182297e-01
6.285654669627547264e-01
6.207032550591975451e-01
6.016336560714989901e-01
7.915805829688906670e-01
8.641994339413940907e-01
6.999149410985410213e-01
6.284529089462012053e-01
6.512149230111390352e-01
8.471309011802077293e-01
6.903196580242365599e-01
7.424526640679687262e-01
9.443421098403632641e-01
6.637966418638825417e-01
6.635507568717002869e-01
6.540968529880046844e-01
8.104881232138723135e-01
6.431723530404269695e-01
8.449035270605236292e-01
8.094273360911756754e-01
6.651043870951980352e-01
6.423608870245516300e-01
6.206595799885690212e-01
6.679975059814751148e-01
9.460552670061588287e-01
8.956549358554184437e-01
7.414179558400064707e-01
7.019453239627182484e-01
6.813424590509384871e-01
7.407155809924006462e-01
6.921482759062200785e-01
5.742235220968723297e-01
6.305213780142366886e-01
6.890189289115369320e-01
6.686969890724867582e-01
6.456572611350566149e-01
6.639027509372681379e-01
6.602042631711810827e-01
6.287654079496860504e-01
6.341816859785467386e-01
7.600573438685387373e-01
6.801508141215890646e-01
6.068739839829504490e-01
6.591788539662957191e-01
9.594716958235949278e-01
6.898525299038738012e-01
9.489134300965815783e-01
7.411289988085627556e-01
9.583002908620983362e-01
6.606467529200017452e-01
6.867487619165331125e-01
6.851980849169194698e-01
6.711512799374759197e-01
6.201436500996351242e-01
6.761829119641333818e-01
8.158352680038660765e-01
7.812675668392330408e-01
7.002698150463402271e-01
6.835318100638687611e-01
8.428066668566316366e-01
9.238210290204733610e-01
9.644849700853228569e-01
9.359448770992457867e-01
7.795531069859862328e-01
6.929443341214209795e-01
7.118584441486746073e-01
8.419442560989409685e-01
6.860950971022248268e-01
6.867663380689918995e-01
6.661827359348535538e-01
6.048736600205302238e-01
6.761968638747930527e-01
6.676814211532473564e-01
8.443841638509184122e-01
6.774114880245178938e-01
6.864979390520602465e-01
6.214186591096222401e-01
7.532549190800637007e-01
6.114626249764114618e-01
9.500478319823741913e-01
9.417906380258500576e-01
7.687498040031641722e-01
9.493158280383795500e-01
7.602626539301127195e-01
6.489289461169391870e-01
6.213309660088270903e-01
5.751804600004106760e-01
6.467944111209362745e-01
7.639408109243959188e-01
6.046131420880556107e-01
5.918762350920587778e-01
6.187385660596191883e-01
6.886180960573256016e-01
8.125657879281789064e-01
6.239234211388975382e-01
8.489116970449686050e-01
6.824335288256406784e-01
7.737221398856490850e-01
7.410305941011756659e-01
7.118383268825709820e-01
7.345234190579503775e-01
7.213425519876182079e-01
7.249601979274302721e-01
5.807613797951489687e-01
8.295840627979487181e-01
8.300896929576992989e-01
8.229971579276025295e-01
6.876962459646165371e-01
6.698259871918708086e-01
7.845408648718148470e-01
8.204632389824837446e-01
6.919843370560556650e-01
8.632125579752027988e-01
8.446399399545043707e-01
6.363799890968948603e-01
6.879202460404485464e-01
6.933074970729649067e-01
7.330943068955093622e-01
7.441365660633891821e-01
9.293668898753821850e-01
6.440539439208805561e-01
9.516150038689374924e-01
6.426268420182168484e-01
6.899685540702193975e-01
5.662099418696016073e-01
6.892122440040111542e-01
6.258759030606597662e-01
8.269281070679426193e-01
6.090929829515516758e-01
8.532226220704615116e-01
6.385669088922441006e-01
6.252784179523587227e-01
8.155412450432777405e-01
8.902685469947755337e-01
7.823534749913960695e-01
9.319290518760681152e-01
7.560754669830203056e-01
9.288547330070286989e-01
6.815160741098225117e-01
9.418277679942548275e-01
7.909271379467099905e-01
6.511865230277180672e-01
6.629658341407775879e-01
6.835508239455521107e-01
8.454143269918859005e-01
6.932583898305892944e-01
6.244583111256361008e-01
4.659663389902561903e-01
7.644293741323053837e-01
6.563775141257792711e-01
6.337652930524200201e-01
6.556174969300627708e-01
6.805950889829546213e-01
7.304524031933397055e-01
9.095011728350073099e-01
7.207836820743978024e-01
7.519027590751647949e-01
6.490107560530304909e-01
7.027391300071030855e-01
6.961781349964439869e-01
6.540842568501830101e-01
6.282525248825550079e-01
6.525060301646590233e-01
6.287171489093452692e-01
6.209931399207562208e-01
6.130067910999059677e-01
6.592512510251253843e-01
6.619057420175522566e-01
8.537924741394817829e-01
5.856064420659095049e-01
8.106330449227243662e-01
6.170939789153635502e-01
9.175227540545165539e-01
7.629055860452353954e-01
7.317765059415251017e-01
8.472053830046206713e-01
7.337697120383381844e-01
9.081423231400549412e-01
6.829530091490596533e-01
6.150330919772386551e-01
6.520390890073031187e-01
6.056613600812852383e-01
6.189271721523255110e-01
6.020441700238734484e-01
8.094586641527712345e-01
6.105542560108006001e-01
6.115362378768622875e-01
8.092422839254140854e-01
6.621378629934042692e-01
6.192186279222369194e-01
6.911618199665099382e-01
7.016092019621282816e-01
7.218099490273743868e-01
7.130861750338226557e-01
9.168154471553862095e-01
6.723197919782251120e-01
7.523436660412698984e-01
6.649798729922622442e-01
5.978757701814174652e-01
6.734818408731371164e-01
6.832118351012468338e-01
8.567219849210232496e-01
6.389975198544561863e-01
6.532969630789011717e-01
8.191811221186071634e-01
6.737108530942350626e-01
8.267884338274598122e-01
8.381326338276267052e-01
6.183371429797261953e-01
7.006529900245368481e-01
7.406720640137791634e-01
7.341584640089422464e-01
6.920053779613226652e-01
7.330646538175642490e-01
7.098372450564056635e-01
7.566180678550153971e-01
7.625307291746139526e-01
6.649985478725284338e-01
6.557175540365278721e-01
6.763391939457505941e-01
6.185472840443253517e-01
8.316367419902235270e-01
8.201301628723740578e-01
5.983826210722327232e-01
6.594649741891771555e-01
6.106419127900153399e-01
6.725168421398848295e-01
7.406020602211356163e-01
9.498337418772280216e-01
9.383935451041907072e-01
7.021336108446121216e-01
7.325981319881975651e-01
6.717406779062002897e-01
6.684021118562668562e-01
8.346465211361646652e-01
6.559135620482265949e-01
8.418250558897852898e-01
6.818996209185570478e-01
6.602085449267178774e-01
6.406317760702222586e-01
6.513404841534793377e-01
8.250149118248373270e-01
8.468760519754141569e-01
6.567376111634075642e-01
6.076649951282888651e-01
6.199195771478116512e-01
8.343662437982857227e-01
9.302349500358104706e-01
6.703996900469064713e-01
6.994404788129031658e-01
7.597908300813287497e-01
6.801268218550831079e-01
9.282769719138741493e-01
7.553311290685087442e-01
6.589510801713913679e-01
4.568816390819847584e-01
5.882570790126919746e-01
6.276927010621875525e-01
6.588602298870682716e-01
8.268416160717606544e-01
6.315256990492343903e-01
6.507538980804383755e-01
6.077999251428991556e-01
8.095346689224243164e-01
8.650259010028094053e-01
7.241675630211830139e-01
7.298417121637612581e-01
9.535207189619541168e-01
7.113775499165058136e-01
7.249463577754795551e-01
7.795392801053822041e-01
8.539693781640380621e-01
6.260538029018789530e-01
7.568401910830289125e-01
6.573344611097127199e-01
6.943498509936034679e-01
7.928901251871138811e-01
8.155540321022272110e-01
8.047313950955867767e-01
6.611314769834280014e-01
6.203501189593225718e-01
6.637907652184367180e-01
6.965200181584805250e-01
5.964003931730985641e-01
9.413249550852924585e-01
7.234690058976411819e-01
8.786305501125752926e-01
6.187500429805368185e-01
7.320171541068702936e-01
7.449588850140571594e-01
9.229512070305645466e-01
7.089640281628817320e-01
6.018015651497989893e-01
6.456905731465667486e-01
7.859183929394930601e-01
8.060463469009846449e-01
6.705264430493116379e-01
6.473840409889817238e-01
6.827196578960865736e-01
5.918870158493518829e-01
7.942479569464921951e-01
8.348657230380922556e-01
8.541722488589584827e-01
7.808980399277061224e-01
7.026925540994852781e-01
9.628744039218872786e-01
7.040981869213283062e-01
9.191909858491271734e-01
7.452471528667956591e-01
6.937250581104308367e-01
6.750150560401380062e-01
6.439620519522577524e-01
8.124718770850449800e-01
6.771580709610134363e-01
6.823286979924887419e-01
8.367131890263408422e-01
7.823112921323627234e-01
6.292614929843693972e-01
6.534681471530348063e-01
6.415482910815626383e-01
6.298464969731867313e-01
7.026516820769757032e-01
9.090728550218045712e-01
7.308440848719328642e-01
7.428477020002901554e-01
7.355854259803891182e-01
7.202098509296774864e-01
7.563026510179042816e-01
8.615595721639692783e-01
6.636237548664212227e-01
6.721760740038007498e-01
6.315573130268603563e-01
5.931451339274644852e-01
6.104289409704506397e-01
8.081102669239044189e-01
6.205381280742585659e-01
8.398100838530808687e-01
8.365674370434135199e-01
8.445984690915793180e-01
6.797159390989691019e-01
8.501716051250696182e-01
7.527924580499529839e-01
7.107532790396362543e-01
9.304379750974476337e-01
8.452411380130797625e-01
8.784449992235749960e-01
9.082514389883726835e-01
8.472584639675915241e-01
6.874981850851327181e-01
6.223333431407809258e-01
8.274625060148537159e-01
6.070425149518996477e-01
6.344849548768252134e-01
6.930642498191446066e-01
6.963757881894707680e-01
6.622387547977268696e-01
8.417836581356823444e-01
6.450050070416182280e-01
5.903694739099591970e-01
6.813463279977440834e-01
7.779802849981933832e-01
7.777664528694003820e-01
7.512538880109786987e-01
7.324690711684525013e-01
7.664456141646951437e-01
7.417695380281656981e-01
7.446346560027450323e-01
6.821024289820343256e-01
6.889105800073593855e-01
6.247319530230015516e-01
6.163082751445472240e-01
6.874864639248698950e-01
6.728903339244425297e-01
6.847715789917856455e-01
7.982339600566774607e-01
6.290941259358078241e-01
6.698777750134468079e-01
6.573402888607233763e-01
9.225078870076686144e-01
7.414661860093474388e-01
9.402880428824573755e-01
7.807599741499871016e-01
7.784114701207727194e-01
9.120749379508197308e-01
7.136953680310398340e-01
6.667148880660533905e-01
8.343705399893224239e-01
6.128765551839023829e-01
6.215969449840486050e-01
6.315710900817066431e-01
6.113942400552332401e-01
6.935409170109778643e-01
6.153811470139771700e-01
6.916954249609261751e-01
6.313496991060674191e-01
6.913083679974079132e-01
7.101170630194246769e-01
7.134303578641265631e-01
7.838004310615360737e-01
9.397237880621105433e-01
7.065957309678196907e-01
6.995798770803958178e-01
7.775783350225538015e-01
7.139948080293834209e-01
6.283652968704700470e-01
8.162405919283628464e-01
6.501780471298843622e-01
6.170815050136297941e-01
6.698097060434520245e-01
6.534474438522011042e-01
8.562206591013818979e-01
6.040240761358290911e-01
7.996214490849524736e-01
8.113850101362913847e-01
8.269325878936797380e-01
8.122188879642635584e-01
7.525817831046879292e-01
9.478526809252798557e-01
7.023404010105878115e-01
8.925193229224532843e-01
7.149850439745932817e-01
9.052932960912585258e-01
6.869609279092401266e-01
6.416175160557031631e-01
6.288274698890745640e-01
8.046599989756941795e-01
8.364252429455518723e-01
6.395122061949223280e-01
6.902097640559077263e-01
6.374946448486298323e-01
6.345540471374988556e-01
6.453454890288412571e-01
6.478816079907119274e-01
6.887282619718462229e-01
7.056142129004001617e-01
7.635707589797675610e-01
8.879810438957065344e-01
7.787808878347277641e-01
7.435654520522803068e-01
8.929823150392621756e-01
8.080645510926842690e-01
6.020041389856487513e-01
6.748319368343800306e-01
6.705073879566043615e-01
8.118662741035223007e-01
6.389581549447029829e-01
6.481463930103927851e-01
5.876645829994231462e-01
8.218251999933272600e-01
5.848800409585237503e-01
6.532848051283508539e-01
8.349018839653581381e-01
6.791857278440147638e-01
8.818747128825634718e-01
6.831708839163184166e-01
9.241969231516122818e-01
8.515699380077421665e-01
9.447257081046700478e-01
9.222100188490003347e-01
6.304596359841525555e-01
8.488953390624374151e-01
6.602188928518444300e-01
6.311277330387383699e-01
5.786375438328832388e-01
8.268491190392524004e-01
6.808798981364816427e-01
6.122580249793827534e-01
6.596140628680586815e-01
8.734247838146984577e-01
6.881049540825188160e-01
7.476628688164055347e-01
7.234366158954799175e-01
9.283603548537939787e-01
7.745621991343796253e-01
7.247495038900524378e-01
9.095493650529533625e-01
8.500265090260654688e-01
6.856001398991793394e-01
7.809572389815002680e-01
6.697002660948783159e-01
6.565632990095764399e-01
6.185804831329733133e-01
6.482835351489484310e-01
8.082002960145473480e-01
6.233267770148813725e-01
8.413011671509593725e-01
6.332650559488683939e-01
8.334843490738421679e-01
6.982242991216480732e-01
6.913608298636972904e-01
7.607861061114817858e-01
7.769146428909152746e-01
9.092427808791399002e-01
5.064209268894046545e-01
7.513041740749031305e-01
6.286636921577155590e-01
8.372155788820236921e-01
6.266427559312433004e-01
6.323038998525589705e-01
7.632798380218446255e-01
8.391013250220566988e-01
7.601899039000272751e-01
6.252111450303345919e-01
6.330335999373346567e-01
6.356523439753800631e-01
6.353240609169006348e-01
9.120069039054214954e-01
7.013302959967404604e-01
6.948758410289883614e-01
7.642884920351207256e-01
7.322893450036644936e-01
7.553481908980756998e-01
9.082050060387700796e-01
6.695170151069760323e-01
6.356143699958920479e-01
8.516837719362229109e-01
5.039398379158228636e-01
7.810516858007758856e-01
6.161511109676212072e-01
6.519568020012229681e-01
8.200658590067178011e-01
6.411627049092203379e-01
6.057916760910302401e-01
6.358663861174136400e-01
6.311595579609274864e-01
6.152962199412286282e-01
6.247008598875254393e-01
7.388948560692369938e-01
6.781542811077088118e-01
9.468691369984298944e-01
6.988901309669017792e-01
6.901360070332884789e-01
7.495906511321663857e-01
7.100497079081833363e-01
6.931673048529773951e-01
6.270499329548329115e-01
8.162864109035581350e-01
6.789842799771577120e-01
6.298550621140748262e-01
6.856489449273794889e-01
6.907237910199910402e-01
6.317145379725843668e-01
6.258811720181256533e-01
6.356894951313734055e-01
7.173121538944542408e-01
6.807991040404886007e-01
6.919348509982228279e-01
9.281155860517174006e-01
7.099946900270879269e-01
7.111447360366582870e-01
9.281983359251171350e-01
6.776582750026136637e-01
8.171325270086526871e-01
6.341309261042624712e-01
7.800769209861755371e-01
6.180068440735340118e-01
6.722450361121445894e-01
6.188491671346127987e-01
6.347834130283445120e-01
8.394347731955349445e-01
5.298740970902144909e-01
6.677894259337335825e-01
6.691300980746746063e-01
6.582870818674564362e-01
6.123094649519771338e-01
7.516428132075816393e-01
8.893564119935035706e-01
8.888364110607653856e-01
7.774008780252188444e-01
9.195507490076124668e-01
7.302416560705751181e-01
7.800920708104968071e-01
8.517150380648672581e-01
6.514102648943662643e-01
6.638720009941607714e-01
7.898945158813148737e-01
6.639714809134602547e-01
8.362802139017730951e-01
8.016808540560305119e-01
8.272528778761625290e-01
6.206248628441244364e-01
8.384290591347962618e-01
7.035451510455459356e-01
9.128149200696498156e-01
7.090790921356528997e-01
8.868570341728627682e-01
6.885175299830734730e-01
9.091120988596230745e-01
7.425118118990212679e-01
8.182398870121687651e-01
5.990245509892702103e-01
6.357761269900947809e-01
5.996825390029698610e-01
8.416668218560516834e-01
6.722033990081399679e-01
6.841002290602773428e-01
6.275920600164681673e-01
6.236972261685878038e-01
8.496360441204160452e-01
8.509547060821205378e-01
8.944410709664225578e-01
7.790682320483028889e-01
7.414131169207394123e-01
9.020042431075125933e-01
7.109608619939535856e-01
7.209295430220663548e-01
7.717017671093344688e-01
8.168089669197797775e-01
6.525533120147883892e-01
6.505880539771169424e-01
6.619433758314698935e-01
5.997349519748240709e-01
6.898914338089525700e-01
8.322917730547487736e-01
5.992213308345526457e-01
6.916407269891351461e-01
6.096109889913350344e-01
6.595979311969131231e-01
4.681935890112072229e-01
6.912803598679602146e-01
7.113298759795725346e-01
8.809905939269810915e-01
8.670193350408226252e-01
7.653011342044919729e-01
7.644752210471779108e-01
7.219473700970411301e-01
6.714421079959720373e-01
8.664696009363979101e-01
6.812772781122475863e-01
6.366879749111831188e-01
6.510976711288094521e-01
7.895876290276646614e-01
6.829086011275649071e-01
6.984229038935154676e-01
8.572436978574842215e-01
7.243317510001361370e-01
9.563563289120793343e-01
7.144460200797766447e-01
6.431764869485050440e-01
8.676388198509812355e-01
7.331578528974205256e-01
7.540145360399037600e-01
7.547247849870473146e-01
6.341677161399275064e-01
6.955776710528880358e-01
7.958598760887980461e-01
6.624004039913415909e-01
6.809660999570041895e-01
6.953296109568327665e-01
6.179851389024406672e-01
6.574437390081584454e-01
7.864511110819876194e-01
6.464311711024492979e-01
6.637546631973236799e-01
6.678358451463282108e-01
7.430514830630272627e-01
7.569514601491391659e-01
9.186305829789489508e-01
7.164102629758417606e-01
9.005239449907094240e-01
9.335069810040295124e-01
7.721365899778902531e-01
6.342719509266316891e-01
6.231848341412842274e-01
6.601174650713801384e-01
8.280039641540497541e-01
5.688310540281236172e-01
6.441103811375796795e-01
7.769915228709578514e-01
8.442686509806662798e-01
6.423217041883617640e-01
6.259079219307750463e-01
6.741439190227538347e-01
9.093103690538555384e-01
6.665932079777121544e-01
8.909963481128215790e-01
7.209417971316725016e-01
7.783683759626001120e-01
7.133320188149809837e-01
6.750092059373855591e-01
6.857519408222287893e-01
5.922515320125967264e-01
6.353316768072545528e-01
8.179332339204847813e-01
6.584211108274757862e-01
6.895626478362828493e-01
6.700106819625943899e-01
6.636651798617094755e-01
6.575105600059032440e-01
8.506847189273685217e-01
6.434411702211946249e-01
6.914776498451828957e-01
7.740332810208201408e-01
7.001381299924105406e-01
6.708443718962371349e-01
6.845609971787780523e-01
7.342564160935580730e-01
8.898706808686256409e-01
7.732201409526169300e-01
6.866306569427251816e-01
6.525453319773077965e-01
6.746460720896720886e-01
6.698069521225988865e-01
7.880453080870211124e-01
6.609883029013872147e-01
5.903893669601529837e-01
8.438479830510914326e-01
6.867223219014704227e-01
6.426285710185766220e-01
6.395771100651472807e-01
6.961818989366292953e-01
6.443350310437381268e-01
7.768111519981175661e-01
7.568221141118556261e-01
7.807634118944406509e-01
8.943312189076095819e-01
8.807032189797610044e-01
7.482934121508151293e-01
6.471384880132973194e-01
6.894090641289949417e-01
6.003908419515937567e-01
6.757613290101289749e-01
8.077689688652753830e-01
6.089647840708494186e-01
6.457044880371540785e-01
7.895269929431378841e-01
6.285317100118845701e-01
6.815746237989515066e-01
6.171762470621615648e-01
6.321547369007021189e-01
7.730871939565986395e-01
7.114116379525512457e-01
7.230679099448025227e-01
6.808779358398169279e-01
7.616412229835987091e-01
7.522903080098330975e-01
7.297337921336293221e-01
6.445115341339260340e-01
6.446761870756745338e-01
8.620135239325463772e-01
6.789320840034633875e-01
6.253621170762926340e-01
6.530633461661636829e-01
6.233128111343830824e-01
6.918397638946771622e-01
6.087647029198706150e-01
6.754816002212464809e-01
7.414178210310637951e-01
7.717100789304822683e-01
7.275245361961424351e-01
7.008598439861088991e-01
6.897030740510672331e-01
7.622159961611032486e-01
8.371666381135582924e-01
6.685583151411265135e-01
8.106486808974295855e-01
6.831152539234608412e-01
8.479288769885897636e-01
6.787542100064456463e-01
6.537706649396568537e-01
6.366732751484960318e-01
8.132041441276669502e-01
6.794742129277437925e-01
6.243842311669141054e-01
6.907845130190253258e-01
7.724835698027163744e-01
8.808225679676979780e-01
6.995263081043958664e-01
7.408847829792648554e-01
9.357549459673464298e-01
9.486026759259402752e-01
7.447538501583039761e-01
9.671768031548708677e-01
8.369704741053283215e-01
6.653841040097177029e-01
6.396894720382988453e-01
6.271518110297620296e-01
6.840322881471365690e-01
6.134134021122008562e-01
4.432495180517435074e-01
6.509714541025459766e-01
6.928535709157586098e-01
6.885382528416812420e-01
8.106613319832831621e-01
6.890106119681149721e-01
6.916386769153177738e-01
9.269866379909217358e-01
6.916585420258343220e-01
7.432252299040555954e-01
7.655520529951900244e-01
8.809927289839833975e-01
8.491034389007836580e-01
6.546726480592042208e-01
6.464203349314630032e-01
6.173477300908416510e-01
8.024604620877653360e-01
6.609539862256497145e-01
8.539498909376561642e-01
6.467426598537713289e-01
6.378381280228495598e-01
6.751408309210091829e-01
5.993859008885920048e-01
6.702161689754575491e-01
6.893571158871054649e-01
7.794455830007791519e-01
7.573205339722335339e-01
7.410410030279308558e-01
7.780858608894050121e-01
7.499843758996576071e-01
6.900081189814954996e-01
6.680555969942361116e-01
5.564858859870582819e-01
6.625967458821833134e-01
6.235696009825915098e-01
6.365263748448342085e-01
6.475145220756530762e-01
6.511129778809845448e-01
8.113862019963562489e-01
6.383848688565194607e-01
8.179422768298536539e-01
6.663054360542446375e-01
7.573058740235865116e-01
4.324121179524809122e-01
8.322325081098824739e-01
8.930956108961254358e-01
7.495422570500522852e-01
7.802158959675580263e-01
7.267486511263996363e-01
9.504723048303276300e-01
7.362985420040786266e-01
6.673564978409558535e-01
6.037520058453083038e-01
6.239857259206473827e-01
6.880449750460684299e-01
6.229667922016233206e-01
6.896852829959243536e-01
4.976284019649028778e-01
7.180204379837960005e-01
6.997704659588634968e-01
7.560574258677661419e-01
9.093981608748435974e-01
8.024691049940884113e-01
8.106123302131891251e-01
7.654644961003214121e-01
8.532164420466870070e-01
7.974937558174133301e-01
8.337626729626208544e-01
1.038252932950854301e+00
8.614803319796919823e-01
7.431068769656121731e-01
6.894525669049471617e-01
9.386482930276542902e-01
9.124115309678018093e-01
8.873213960323482752e-01
8.933521239086985588e-01
7.256584621500223875e-01
6.699919588863849640e-01
7.981803761795163155e-01
7.601812258362770081e-01
8.230179529637098312e-01
9.835100180935114622e-01
8.454084629192948341e-01
8.231901400722563267e-01
1.012215144000947475e+00
7.252685371786355972e-01
7.156087260227650404e-01
6.981173099484294653e-01
7.054146700538694859e-01
6.612204329576343298e-01
7.442271611653268337e-01
7.153988790232688189e-01
9.055483990814536810e-01
8.291893349960446358e-01
7.338832949753850698e-01
7.535344818606972694e-01
1.039548194967210293e+00
8.244130450766533613e-01
9.726166769396513700e-01
7.550469050183892250e-01
7.597718539182096720e-01
8.350323759950697422e-01
9.182672200258821249e-01
7.050462120678275824e-01
7.568515171296894550e-01
8.351937839761376381e-01
6.445934469811618328e-01
9.202404920943081379e-01
6.945305389817804098e-01
5.764327801298350096e-01
4.771075290627777576e-01
7.403328570071607828e-01
8.785691810771822929e-01
7.148046949878334999e-01
9.817836848087608814e-01
8.535997020080685616e-01
8.384708899538964033e-01
8.354812080506235361e-01
8.083278161939233541e-01
8.024629871360957623e-01
9.195124108809977770e-01
7.139149268623441458e-01
7.350309288594871759e-01
7.702805730514228344e-01
7.144464030861854553e-01
9.279795910697430372e-01
8.001697740983217955e-01
7.690993808209896088e-01
6.927899890579283237e-01
8.124139949213713408e-01
1.011134508997201920e+00
9.653915951494127512e-01
1.065512971021234989e+00
7.866897478234022856e-01
6.956559708341956139e-01
8.186170989647507668e-01
6.174736670218408108e-01
8.183805330190807581e-01
6.496036399621516466e-01
8.565364719834178686e-01
6.825025049038231373e-01
6.023005431052297354e-01
8.353235721588134766e-01
8.467902990523725748e-01
6.966477080713957548e-01
7.171646470669656992e-01
7.368958999868482351e-01
6.787087919656187296e-01
9.222119618207216263e-01
7.049891550559550524e-01
9.301978428848087788e-01
7.802649750374257565e-01
7.156022689305245876e-01
6.513563969638198614e-01
6.908142878673970699e-01
8.529384608846157789e-01
6.848667149897664785e-01
