9.248708649538457394e-01
5.489573790691792965e-01
7.649141910951584578e-01
7.888166841585189104e-01
7.997548959683626890e-01
9.954668660648167133e-01
8.172712351661175489e-01
7.408624719828367233e-01
8.223088248632848263e-01
7.099275609944015741e-01
8.877973409835249186e-01
7.325054889079183340e-01
6.802307111211121082e-01
9.190676219295710325e-01
7.124063989613205194e-01
1.001106835901737213e+00
7.395085310563445091e-01
7.726859189569950104e-01
7.386547341011464596e-01
7.814062621910125017e-01
1.006222680909559131e+00
6.554959597997367382e-01
6.209063900168985128e-01
9.039024810772389174e-01
7.723407871089875698e-01
7.478460459969937801e-01
7.351721799932420254e-01
7.303440859541296959e-01
6.603903858922421932e-01
7.734304780606180429e-01
7.698175341356545687e-01
7.610513570252805948e-01
7.264967998489737511e-01
4.979966799728572369e-01
6.407479639165103436e-01
4.087621849030256271e-01
6.094266769941896200e-01
6.626678491011261940e-01
5.981253569480031729e-01
6.027280581183731556e-01
5.911213150247931480e-01
5.718770800158381462e-01
5.360368080437183380e-01
4.388478670734912157e-01
6.165357839781790972e-01
6.265677032060921192e-01
4.730155339930206537e-01
6.210288389120250940e-01
6.523229591548442841e-01
4.942616568878293037e-01
6.775971110910177231e-01
7.160841338336467743e-01
5.818534269928932190e-01
5.838723729830235243e-01
6.276560320984572172e-01
4.250580400694161654e-01
5.913365671876817942e-01
5.995564230252057314e-01
4.581436580047011375e-01
5.057952979113906622e-01
4.211987950839102268e-01
5.126092769205570221e-01
7.454352928325533867e-01
6.938868160359561443e-01
7.050187750719487667e-01
5.559082450345158577e-01
7.044266699813306332e-01
6.968856349121779203e-01
4.963775600772351027e-01
5.765428300946950912e-01
5.595210848841816187e-01
4.430520120076835155e-01
5.018441651482135057e-01
6.285231111105531454e-01
6.029407400637865067e-01
5.561153299640864134e-01
5.367273711599409580e-01
5.883205889258533716e-01
6.478712859097868204e-01
6.435157109517604113e-01
5.475525090005248785e-01
5.985223129391670227e-01
7.056054209824651480e-01
6.813023439608514309e-01
6.141081829555332661e-01
6.245477269403636456e-01
6.787472900468856096e-01
6.034900869708508253e-01
5.733860568143427372e-01
5.979368060361593962e-01
5.021892129443585873e-01
5.603960601147264242e-01
6.726477129850536585e-01
5.020484679844230413e-01
5.856603130232542753e-01
4.235030859708786011e-01
6.413147319108247757e-01
6.344413768965750933e-01
5.489267800003290176e-01
6.864680119324475527e-01
7.325133199337869883e-01
6.223189870361238718e-01
5.022743749432265759e-01
4.492750160861760378e-01
4.858580520376563072e-01
4.949638880789279938e-01
5.345285739749670029e-01
4.926600151229649782e-01
4.912794469855725765e-01
4.655295859556645155e-01
6.647093980573117733e-01
6.745070428587496281e-01
4.920882189180701971e-01
6.605697730556130409e-01
6.163799120113253593e-01
5.523473429493606091e-01
4.936458510346710682e-01
5.554573999252170324e-01
5.663485471159219742e-01
5.980861231219023466e-01
6.207141571212559938e-01
5.982439471408724785e-01
4.970727390609681606e-01
6.201287421863526106e-01
4.998214370571076870e-01
5.996434330008924007e-01
4.310820251703262329e-01
5.883346369955688715e-01
4.204214918427169323e-01
6.450608968734741211e-01
6.384335928596556187e-01
5.484097949229180813e-01
6.531642021145671606e-01
4.381130901165306568e-01
4.933673939667642117e-01
4.260687539353966713e-01
6.279545121360570192e-01
3.573935199528932571e-01
6.296237881761044264e-01
6.176005268935114145e-01
4.858903440181165934e-01
4.975432551000267267e-01
6.636522430926561356e-01
5.571131948381662369e-01
6.259992020204663277e-01
4.674896870274096727e-01
5.461004190146923065e-01
5.485360200982540846e-01
6.107737929560244083e-01
5.905141357798129320e-01
5.204084478318691254e-01
6.187450878787785769e-01
4.939308951143175364e-01
4.130231919698417187e-01
6.387041341513395309e-01
4.421196719631552696e-01
5.895077460445463657e-01
4.122394968289881945e-01
3.854648701380938292e-01
6.034781569615006447e-01
5.020763950888067484e-01
4.906394351273775101e-01
6.195171282161027193e-01
6.844538289587944746e-01
5.906581268645823002e-01
5.194885290693491697e-01
5.480553938541561365e-01
5.486770519055426121e-01
6.519325540866702795e-01
6.559923058375716209e-01
5.920236981473863125e-01
4.967580570373684168e-01
5.537487850524485111e-01
3.996002820786088705e-01
6.479122689925134182e-01
4.991203749086707830e-01
5.986849281471222639e-01
4.800022139679640532e-01
6.363355070352554321e-01
6.276946919970214367e-01
6.841754040215164423e-01
6.454879280645400286e-01
5.999403679743409157e-01
6.797633459791541100e-01
4.118505329824984074e-01
4.526195370126515627e-01
5.624377250205725431e-01
5.803259159438312054e-01
4.609526779968291521e-01
4.949963078834116459e-01
5.942669180221855640e-01
6.588433820288628340e-01
5.548101649619638920e-01
4.961782540194690228e-01
5.559127170126885176e-01
5.905181020498275757e-01
4.995897260960191488e-01
6.432813138235360384e-01
4.678171379491686821e-01
5.542544359341263771e-01
6.322898978833109140e-01
5.514978179708123207e-01
6.101202680729329586e-01
4.755117550957947969e-01
6.004042532294988632e-01
6.213209801353514194e-01
5.601889230310916901e-01
4.404395099263638258e-01
4.479642000515013933e-01
4.976940168999135494e-01
5.771130200009793043e-01
4.996959909331053495e-01
5.064674371387809515e-01
6.618198878131806850e-01
4.421802659053355455e-01
5.470688599161803722e-01
5.071956561878323555e-01
4.998461459763348103e-01
6.374815870076417923e-01
4.265659649390727282e-01
4.110046110581606627e-01
4.199131920468062162e-01
5.703694610856473446e-01
4.978331299498677254e-01
6.197553670499473810e-01
5.890509430319070816e-01
5.418573950883001089e-01
5.044303839094936848e-01
4.959434720221906900e-01
5.542599530890583992e-01
5.019966228865087032e-01
5.500462509226053953e-01
6.755903209559619427e-01
6.894357141572982073e-01
6.443226670380681753e-01
5.007488930132240057e-01
4.915276381652802229e-01
5.174719269853085279e-01
4.965501010883599520e-01
5.631445839535444975e-01
5.848358150105923414e-01
6.022769659757614136e-01
4.840385469142347574e-01
5.915530568454414606e-01
5.490125208161771297e-01
5.343373939394950867e-01
6.397408859338611364e-01
5.922957169823348522e-01
4.929620730690658092e-01
6.064436521846801043e-01
6.750034769065678120e-01
7.174194040708243847e-01
6.537617940921336412e-01
6.846651609521359205e-01
6.153665140736848116e-01
4.346553301438689232e-01
4.015267139766365290e-01
4.469689989928156137e-01
4.845889429561793804e-01
4.977438009809702635e-01
5.832841338124126196e-01
6.523209339939057827e-01
5.937121571041643620e-01
4.952102270908653736e-01
4.944026658777147532e-01
6.344923169817775488e-01
6.610477811191231012e-01
5.505503199528902769e-01
6.807654241565614939e-01
6.353288318496197462e-01
6.748479979578405619e-01
4.226279661525040865e-01
4.405133610125631094e-01
4.930765281897038221e-01
5.835523679852485657e-01
5.916606821119785309e-01
5.872505959123373032e-01
4.258684648666530848e-01
4.968594419769942760e-01
5.556394120212644339e-01
6.070306501351296902e-01
6.087085921317338943e-01
5.171903909649699926e-01
5.354942139238119125e-01
5.484058910515159369e-01
5.562495877966284752e-01
6.317998049780726433e-01
6.533250201027840376e-01
5.490035971160978079e-01
4.970160089433193207e-01
5.538479769602417946e-01
4.020607720594853163e-01
4.794315979816019535e-01
4.714505670126527548e-01
5.945620478596538305e-01
5.511435607913881540e-01
4.985502918716520071e-01
6.317007250618189573e-01
6.005486650392413139e-01
4.775217291899025440e-01
5.418996270745992661e-01
5.082770760636776686e-01
5.427356669679284096e-01
5.470073388423770666e-01
6.421007979661226273e-01
5.993063207715749741e-01
4.980893027968704700e-01
5.734252219554036856e-01
5.011994950473308563e-01
4.411174380220472813e-01
4.967983490787446499e-01
5.796607010997831821e-01
4.883918219711631536e-01
4.692674509715288877e-01
6.679913569241762161e-01
5.728925419971346855e-01
5.588154389988631010e-01
4.201805321499705315e-01
5.527271910104900599e-01
6.095807040110230446e-01
6.203673039563000202e-01
6.670473951380699873e-01
6.133321609813719988e-01
5.564867970533668995e-01
5.783266609068959951e-01
5.543780699372291565e-01
5.830204549711197615e-01
5.506941750645637512e-01
4.308617440983653069e-01
4.826670968905091286e-01
4.731919220648705959e-01
6.285746491048485041e-01
5.320267181377857924e-01
6.428609162103384733e-01
6.830554869957268238e-01
5.450972050894051790e-01
5.555355558171868324e-01
4.167465900536626577e-01
5.906906560994684696e-01
3.831280039157718420e-01
4.945395439863204956e-01
4.728724830783903599e-01
6.221661800518631935e-01
6.376786709297448397e-01
4.562901349272578955e-01
6.852037329226732254e-01
5.485580421518534422e-01
5.419306051917374134e-01
6.774802261497825384e-01
6.105575228575617075e-01
5.451121081132441759e-01
5.330079661216586828e-01
4.751891240011900663e-01
4.713162751868367195e-01
5.507105160504579544e-01
4.913001940585672855e-01
5.532682349439710379e-01
4.603742039762437344e-01
4.314559418708086014e-01
5.443482890259474516e-01
5.823819020297378302e-01
4.924690029583871365e-01
6.552752449642866850e-01
4.965273200068622828e-01
4.992873950395733118e-01
5.495276390574872494e-01
4.870849568396806717e-01
5.424967180006206036e-01
5.550200589932501316e-01
6.732654850929975510e-01
6.462537229526787996e-01
5.262384309899061918e-01
5.425829980522394180e-01
4.735633551608771086e-01
5.694934530183672905e-01
5.601528601255267859e-01
5.927756170276552439e-01
4.980066630523651838e-01
4.688522059004753828e-01
4.587233199272304773e-01
5.926394639536738396e-01
5.693414139095693827e-01
4.611585778184235096e-01
5.572545100003480911e-01
5.569701758213341236e-01
5.013844231143593788e-01
5.626668289769440889e-01
5.554361362010240555e-01
6.954943800810724497e-01
5.988871019799262285e-01
4.046625718474388123e-01
5.646604120265692472e-01
4.601699551567435265e-01
4.085524489637464285e-01
5.525053259916603565e-01
4.958443581126630306e-01
4.813749119639396667e-01
5.814689819235354662e-01
4.925426382105797529e-01
4.422500319778919220e-01
5.036342381499707699e-01
4.794666431844234467e-01
6.040201939176768064e-01
6.131142948288470507e-01
6.125962371006608009e-01
5.511209887918084860e-01
5.480743958614766598e-01
5.497245700098574162e-01
3.830524941440671682e-01
4.988974859006702900e-01
4.820274920202791691e-01
4.945151568390429020e-01
5.681130650918930769e-01
4.956823121756315231e-01
4.981766860000789165e-01
5.075325060170143843e-01
4.951768619939684868e-01
5.882637619506567717e-01
5.443807269912213087e-01
6.750758499838411808e-01
5.054837618954479694e-01
5.554493530653417110e-01
4.352862348314374685e-01
4.820036939345300198e-01
6.900969590060412884e-01
4.639797450508922338e-01
5.508493469096720219e-01
4.908055339474231005e-01
4.941702019423246384e-01
6.116400859318673611e-01
6.506395631004124880e-01
5.003261237870901823e-01
4.995798398740589619e-01
5.320276559796184301e-01
6.536549108568578959e-01
6.365273650735616684e-01
5.452498679514974356e-01
5.551177940797060728e-01
5.865818539168685675e-01
3.927782031241804361e-01
4.955552939791232347e-01
5.597861879505217075e-01
5.657132999040186405e-01
3.548230940941721201e-01
5.008237799629569054e-01
4.544285619631409645e-01
5.002804470714181662e-01
4.951031950768083334e-01
5.538627950008958578e-01
5.669700601138174534e-01
5.431548980996012688e-01
6.740178540349006653e-01
5.507626179605722427e-01
5.348751419223845005e-01
4.913376460317522287e-01
5.123969379346817732e-01
4.999330549035221338e-01
5.422286018729209900e-01
4.797343448735773563e-01
4.844473591074347496e-01
4.846736108884215355e-01
4.736574199050664902e-01
4.600986221339553595e-01
5.681753859389573336e-01
5.408850910607725382e-01
4.341346269939094782e-01
5.451242630369961262e-01
6.503094851505011320e-01
4.980474519543349743e-01
4.776691428851336241e-01
5.188527090940624475e-01
4.458633230533450842e-01
5.628033459652215242e-01
4.504620048683136702e-01
4.209984110202640295e-01
4.787877700291574001e-01
5.786885048728436232e-01
6.078494559042155743e-01
4.875360638834536076e-01
5.822873960714787245e-01
4.560647050384432077e-01
4.877558778971433640e-01
5.554954048711806536e-01
4.361835720483213663e-01
5.472683180123567581e-01
4.659285258967429399e-01
3.692191941663622856e-01
5.421709860675036907e-01
5.457435168791562319e-01
4.869499257765710354e-01
5.455798218026757240e-01
4.948281720280647278e-01
4.286326619330793619e-01
5.623560359235852957e-01
5.530719219241291285e-01
5.579946090001612902e-01
4.934010819997638464e-01
5.004322410095483065e-01
5.902139749377965927e-01
4.076181650161743164e-01
6.945117788854986429e-01
6.321052368730306625e-01
5.426250740420073271e-01
5.496206411626189947e-01
5.495750238187611103e-01
5.472306420560926199e-01
4.565288592129945755e-01
5.820086230523884296e-01
4.919539080001413822e-01
4.967416489962488413e-01
5.714084189385175705e-01
4.849780730437487364e-01
4.458407592028379440e-01
5.798307349905371666e-01
4.909441261552274227e-01
4.028574270196259022e-01
5.376818249933421612e-01
4.410946820862591267e-01
4.936066810041666031e-01
5.427469178102910519e-01
4.766047378070652485e-01
5.215658501256257296e-01
5.092307610902935266e-01
4.668784260284155607e-01
6.413450471591204405e-01
4.552961490117013454e-01
5.681025360245257616e-01
4.217663989402353764e-01
4.794110842049121857e-01
4.003928918391466141e-01
4.831301181111484766e-01
5.700363828800618649e-01
4.876715878490358591e-01
6.352611791808158159e-01
6.325704250484704971e-01
6.718564699403941631e-01
6.213901410810649395e-01
5.268214540556073189e-01
5.493543378543108702e-01
4.952463060617446899e-01
4.914996630977839231e-01
5.811004468705505133e-01
4.231330999173223972e-01
4.208104880526661873e-01
4.285195849370211363e-01
3.974452598486095667e-01
5.469181630760431290e-01
5.616462789475917816e-01
4.927262908313423395e-01
5.644359348807483912e-01
5.516356129664927721e-01
4.961593460757285357e-01
4.978368659503757954e-01
6.204470121301710606e-01
6.407883169595152140e-01
5.429393260274082422e-01
4.863920970819890499e-01
5.462489568162709475e-01
4.778508208692073822e-01
5.769666680134832859e-01
4.549399958923459053e-01
5.415568589232861996e-01
4.947498838882893324e-01
5.517334770411252975e-01
5.886486631352454424e-01
4.337094780057668686e-01
4.608821638394147158e-01
4.501186108682304621e-01
4.573048669844865799e-01
5.897696700412780046e-01
4.118147301487624645e-01
4.828281460795551538e-01
3.933306580875068903e-01
4.986605960875749588e-01
5.404659209307283163e-01
6.316268390510231256e-01
4.766648320946842432e-01
5.324044700246304274e-01
5.485259038396179676e-01
3.783021708950400352e-01
4.673261148855090141e-01
5.460403009783476591e-01
6.121888170018792152e-01
4.898748921696096659e-01
5.701121641322970390e-01
4.480435498990118504e-01
4.932302460074424744e-01
4.741995749063789845e-01
5.413705790415406227e-01
5.370723928790539503e-01
6.382617969065904617e-01
5.158262301702052355e-01
4.972471769433468580e-01
5.471614489797502756e-01
5.854308349080383778e-01
4.429197730496525764e-01
5.177129770163446665e-01
5.574872980359941721e-01
5.029422559309750795e-01
4.729849018622189760e-01
4.287285071332007647e-01
4.696072931401431561e-01
4.383389882277697325e-01
4.956471000332385302e-01
5.641675998922437429e-01
4.082157858647406101e-01
5.487825421150773764e-01
4.953509399201720953e-01
5.462471430655568838e-01
6.474602059461176395e-01
4.553567960392683744e-01
5.480775679461658001e-01
5.493664711248129606e-01
4.922084121499210596e-01
5.699099968187510967e-01
4.037117781117558479e-01
4.986129349563270807e-01
4.026255179196596146e-01
4.225440460722893476e-01
4.197194119915366173e-01
4.010589800309389830e-01
5.855624279938638210e-01
4.328332329168915749e-01
6.117700811009854078e-01
4.929496110416948795e-01
6.424869149923324585e-01
5.543324560858309269e-01
4.685579049400985241e-01
6.138892658054828644e-01
4.951945771463215351e-01
5.974179469048976898e-01
6.134917419403791428e-01
4.934284230694174767e-01
5.582325521390885115e-01
5.839354190975427628e-01
4.854757669381797314e-01
4.756406941451132298e-01
4.245497889351099730e-01
4.558277758769690990e-01
5.649530410300940275e-01
4.998055580072104931e-01
4.688308739569038153e-01
4.773292809259146452e-01
4.886408559978008270e-01
5.355743400286883116e-01
4.958560240920633078e-01
6.645328050944954157e-01
5.480270399712026119e-01
5.485609888564795256e-01
5.510118480306118727e-01
5.454913210123777390e-01
5.726449070498347282e-01
4.825301771052181721e-01
3.932504130061715841e-01
5.750461479183286428e-01
4.837123649194836617e-01
4.976390691008418798e-01
4.903335389681160450e-01
3.905913820490241051e-01
5.469510369002819061e-01
5.452972808852791786e-01
4.558299719356000423e-01
4.770068051293492317e-01
6.458280149381607771e-01
4.536482030525803566e-01
6.514478740282356739e-01
4.940201109275221825e-01
4.885544970165938139e-01
4.500966521445661783e-01
5.731014930643141270e-01
5.943184639327228069e-01
4.672220021020621061e-01
4.317311770282685757e-01
5.680576970335096121e-01
4.956524840090423822e-01
3.959292341023683548e-01
4.979881781619042158e-01
5.204171929508447647e-01
5.408308720216155052e-01
6.070920589845627546e-01
5.167179370764642954e-01
4.113070848397910595e-01
6.100087300874292850e-01
5.967857490759342909e-01
4.908983479253947735e-01
5.517764810938388109e-01
5.884457149077206850e-01
4.779677218757569790e-01
4.590365630574524403e-01
5.613052891567349434e-01
5.603642400819808245e-01
4.925386691465973854e-01
3.259406939614564180e-01
4.971029669977724552e-01
5.481934591662138700e-01
5.464949579909443855e-01
4.671425309497863054e-01
5.469063718337565660e-01
5.479251458309590816e-01
4.986121589317917824e-01
4.929849591571837664e-01
4.019385299179702997e-01
4.719541431404650211e-01
4.617449929937720299e-01
4.521609449293464422e-01
4.485638779588043690e-01
5.503034109715372324e-01
5.035320920869708061e-01
4.531744909472763538e-01
5.643087129574269056e-01
5.609879919793456793e-01
5.761480920482426882e-01
4.764203520026057959e-01
6.016054910141974688e-01
5.194558908697217703e-01
5.506242827977985144e-01
5.481818760745227337e-01
5.414768729824572802e-01
5.921668601222336292e-01
4.946422739885747433e-01
4.134732398670166731e-01
4.977026109118014574e-01
4.942973710130900145e-01
4.644356919452548027e-01
5.507950191386044025e-01
4.960104369092732668e-01
4.832603810355067253e-01
6.327721499837934971e-01
6.120860511437058449e-01
5.468086190521717072e-01
6.020863871090114117e-01
5.990345319733023643e-01
4.378412959631532431e-01
4.904093660879880190e-01
4.157437540125101805e-01
4.234805018641054630e-01
5.651618291158229113e-01
5.950349529739469290e-01
4.919682811014354229e-01
4.258756390772759914e-01
4.934414918534457684e-01
4.031357681378722191e-01
5.715172248892486095e-01
4.171059180516749620e-01
6.017427728511393070e-01
4.951731481123715639e-01
3.957707181107252836e-01
5.534921060316264629e-01
4.456872460432350636e-01
5.519297909922897816e-01
4.468685649335384369e-01
5.479328311048448086e-01
6.110529778525233269e-01
5.127441040240228176e-01
4.576220898889005184e-01
4.959617240820080042e-01
4.928984320722520351e-01
4.981372470501810312e-01
5.507163940928876400e-01
5.519624419976025820e-01
4.968689829111099243e-01
5.004783309996128082e-01
3.833651130553334951e-01
4.791025838349014521e-01
4.990625069476664066e-01
4.960346268489956856e-01
6.092157410457730293e-01
6.126736199948936701e-01
4.965668460354208946e-01
4.743435881100594997e-01
5.477184290066361427e-01
5.989202230703085661e-01
4.217977048829197884e-01
4.664878549519926310e-01
4.963877059053629637e-01
3.901009918190538883e-01
4.993015981744974852e-01
4.921080998610705137e-01
5.519731319509446621e-01
5.785599090158939362e-01
6.391143719665706158e-01
6.459014760330319405e-01
5.439730039797723293e-01
4.589038379490375519e-01
6.502600039821118116e-01
5.060074129141867161e-01
5.452346859965473413e-01
4.956163519527763128e-01
5.421588770113885403e-01
4.375185230746865273e-01
4.910217970609664917e-01
4.518448330927640200e-01
3.837806880474090576e-01
4.728629328310489655e-01
4.317281160037964582e-01
4.810715748462826014e-01
3.813104559667408466e-01
4.881814799737185240e-01
5.573385921306908131e-01
4.798708800226449966e-01
6.042515907902270555e-01
5.057334699667990208e-01
5.464243809692561626e-01
6.496414260473102331e-01
4.443032641429454088e-01
5.062374819535762072e-01
6.290799041744321585e-01
4.473888929933309555e-01
5.877283511217683554e-01
3.915221269708126783e-01
4.108543901238590479e-01
4.202574770897626877e-01
3.947986769489943981e-01
4.718864047899842262e-01
4.872997400816529989e-01
4.795451469253748655e-01
6.251190567854791880e-01
5.478338999673724174e-01
4.802293549291789532e-01
4.726408121641725302e-01
6.251507441047579050e-01
5.287341200746595860e-01
6.156805788632482290e-01
4.754629759117960930e-01
3.711620860267430544e-01
4.869030669797211885e-01
4.702915849629789591e-01
5.776629361789673567e-01
5.579976120498031378e-01
3.991957250982522964e-01
4.958936879411339760e-01
4.897675008978694677e-01
4.995604639407247305e-01
4.469054390210658312e-01
4.768294170498847961e-01
4.613980781286954880e-01
4.543458120897412300e-01
6.051883851177990437e-01
6.181266941130161285e-01
5.408619309309870005e-01
4.306051169987767935e-01
5.444434441160410643e-01
5.430470369756221771e-01
4.854547719005495310e-01
4.860816660802811384e-01
4.592693259473890066e-01
4.994732779450714588e-01
4.923014021478593349e-01
4.876920569222420454e-01
5.684390550013631582e-01
4.871777500957250595e-01
4.916471920441836119e-01
5.650300420820713043e-01
4.907769230194389820e-01
4.326079939492046833e-01
5.283176261000335217e-01
6.358506320975720882e-01
6.254915699828416109e-01
4.499777150340378284e-01
5.429114468861371279e-01
4.624895919114351273e-01
5.911241380963474512e-01
4.928657340351492167e-01
5.475406129844486713e-01
3.887612260878086090e-01
5.767866577953100204e-01
4.961931928992271423e-01
3.839581189677119255e-01
3.941427948884665966e-01
5.679405119735747576e-01
4.878217249643057585e-01
5.283552729524672031e-01
5.031224279664456844e-01
5.283911060541868210e-01
5.432211661245673895e-01
5.308319630566984415e-01
5.422278181649744511e-01
4.834054298698902130e-01
4.889802138786762953e-01
4.360717521049082279e-01
4.465137340594083071e-01
5.654067441355437040e-01
5.483363829553127289e-01
5.552767280023545027e-01
4.086999150458723307e-01
5.892020100727677345e-01
5.420242899563163519e-01
6.595359570346772671e-01
4.756930570583790541e-01
4.820769219659268856e-01
4.741684680338948965e-01
5.527954150456935167e-01
4.486423099879175425e-01
4.657275429926812649e-01
4.899259009398519993e-01
4.029880329035222530e-01
5.682484339922666550e-01
4.474689259659498930e-01
4.901664960198104382e-01
3.912015908863395452e-01
5.385325020179152489e-01
4.693591601680964231e-01
4.205220651347190142e-01
6.066059069707989693e-01
5.664345039986073971e-01
3.719137459993362427e-01
4.119044118560850620e-01
4.537617058958858252e-01
4.636238289531320333e-01
4.732176519464701414e-01
5.164013258181512356e-01
6.392615160439163446e-01
5.379917509853839874e-01
4.591571739874780178e-01
4.919940789695829153e-01
3.951661428436636925e-01
4.012095672078430653e-01
4.660147500690072775e-01
5.402203318662941456e-01
4.964674378279596567e-01
3.941163457930088043e-01
4.960512369871139526e-01
4.299647021107375622e-01
6.069279189687222242e-01
5.467236649710685015e-01
5.296806059777736664e-01
5.466666200663894415e-01
5.467806621454656124e-01
4.031605620402842760e-01
3.899863660335540771e-01
5.936178239062428474e-01
4.297847819980233908e-01
4.816280559170991182e-01
4.606493639294058084e-01
4.029529681429266930e-01
5.486334310844540596e-01
4.922229249496012926e-01
4.898728220723569393e-01
4.931962960399687290e-01
4.930296530947089195e-01
4.746921979822218418e-01
5.454592991154640913e-01
4.221734188031405210e-01
5.190813189838081598e-01
5.443920060060918331e-01
4.212421050760895014e-01
6.054077390581369400e-01
4.631234959233552217e-01
4.646792591083794832e-01
4.936389669310301542e-01
5.396695109084248543e-01
4.091980068478733301e-01
4.519113369751721621e-01
4.197599058970808983e-01
4.896135809831321239e-01
5.778852088842540979e-01
4.692943878471851349e-01
4.932327531278133392e-01
4.930203680414706469e-01
3.830616511404514313e-01
4.450689130462706089e-01
4.770109578967094421e-01
5.442656278610229492e-01
5.478606389369815588e-01
4.326065338682383299e-01
4.758638078346848488e-01
4.988480301108211279e-01
3.911523390561342239e-01
5.289672950748354197e-01
6.138069359585642815e-01
4.570045301225036383e-01
4.897307599894702435e-01
3.710608491674065590e-01
4.931313658598810434e-01
6.112611310090869665e-01
5.451836471911519766e-01
5.284520301502197981e-01
4.355256329290568829e-01
4.835899460595101118e-01
5.424215598031878471e-01
4.144169189967215061e-01
4.842163331340998411e-01
6.455329610034823418e-01
5.270411719102412462e-01
5.837788749486207962e-01
4.510855148546397686e-01
3.801965301390737295e-01
4.563471269793808460e-01
3.812772319652140141e-01
5.485708238556981087e-01
4.197907629422843456e-01
4.852059609256684780e-01
3.478596191853284836e-01
4.666795148514211178e-01
4.902065559290349483e-01
4.489246699959039688e-01
4.976370329968631268e-01
5.461184610612690449e-01
5.182205520104616880e-01
4.502318110316991806e-01
5.383444000035524368e-01
5.361154428683221340e-01
4.430809160694479942e-01
4.946212859358638525e-01
5.439602560363709927e-01
4.446978440973907709e-01
4.925183570012450218e-01
5.646661149803549051e-01
4.969351689796894789e-01
4.794144011102616787e-01
4.698229301720857620e-01
5.886605908162891865e-01
5.799513240344822407e-01
5.470422420185059309e-01
4.689961769618093967e-01
5.509223639965057373e-01
5.165012369398027658e-01
5.447195169981569052e-01
6.473736739717423916e-01
4.307088861241936684e-01
4.213052578270435333e-01
3.622677910607308149e-01
5.485769449733197689e-01
4.194500138983130455e-01
4.891080141533166170e-01
4.955022060312330723e-01
4.936122340150177479e-01
5.495257768779993057e-01
5.763848549686372280e-01
4.738394222222268581e-01
3.891368969343602657e-01
4.772237748838961124e-01
4.931139759719371796e-01
4.745130001101642847e-01
4.092264429200440645e-01
5.044471260625869036e-01
6.371762230992317200e-01
5.433158178348094225e-01
6.505815570708364248e-01
5.437230619136244059e-01
6.692632590420544147e-01
5.053239690605551004e-01
5.007759521249681711e-01
4.481826380360871553e-01
4.911844229791313410e-01
4.915716690011322498e-01
5.513216550461947918e-01
4.929937329143285751e-01
4.912823319900780916e-01
5.390113960020244122e-01
4.966897109989076853e-01
4.217847981490194798e-01
4.975180190522223711e-01
5.175399919971823692e-01
4.410954529885202646e-01
4.860792481340467930e-01
4.658451310824602842e-01
4.692908541765064001e-01
4.927491119597107172e-01
4.774620078969746828e-01
4.706912529654800892e-01
4.974655429832637310e-01
5.087310210801661015e-01
4.790317181032150984e-01
4.933154541067779064e-01
4.289317668881267309e-01
4.985789358615875244e-01
5.449053330812603235e-01
4.818490080069750547e-01
4.483624480199068785e-01
5.304643549025058746e-01
5.290458549279719591e-01
5.433336568530648947e-01
4.808479628991335630e-01
5.450348819140344858e-01
5.289682489819824696e-01
5.493906151968985796e-01
4.180290589574724436e-01
3.818017560988664627e-01
4.183673961088061333e-01
4.875811128877103329e-01
4.920687458943575621e-01
4.252953750547021627e-01
4.330443018116056919e-01
3.757798629812896252e-01
4.331832739990204573e-01
4.991419680882245302e-01
5.494722730945795774e-01
5.190205269027501345e-01
5.324248380493372679e-01
5.478556070011109114e-01
6.527984489221125841e-01
6.210286789573729038e-01
4.840234869625419378e-01
5.927889831364154816e-01
4.273564729373902082e-01
4.565744630526751280e-01
4.930205801501870155e-01
4.803848851006478071e-01
5.885120369493961334e-01
5.693802060559391975e-01
4.465828449465334415e-01
4.236523020081222057e-01
4.920235658064484596e-01
4.386124170850962400e-01
4.508634419180452824e-01
4.818341520149260759e-01
4.976654609199613333e-01
5.525669220369309187e-01
5.411269490141421556e-01
5.277839580085128546e-01
4.985111160203814507e-01
3.885180030483752489e-01
4.973272788338363171e-01
4.931284231133759022e-01
4.750677049160003662e-01
5.509549500420689583e-01
4.979560310021042824e-01
4.056247409898787737e-01
4.297174490056931973e-01
4.922750489786267281e-01
4.917361431289464235e-01
4.915249769110232592e-01
5.164481250103563070e-01
5.177205409854650497e-01
6.070407428778707981e-01
6.472430971916764975e-01
4.538056110031902790e-01
6.165819631423801184e-01
5.274820460472255945e-01
4.473457629792392254e-01
4.914634481538087130e-01
4.950251909904181957e-01
3.428586360532790422e-01
5.572880781255662441e-01
5.011428371071815491e-01
4.857770120725035667e-01
4.553927420638501644e-01
5.647532409057021141e-01
3.893605081830173731e-01
4.495074870064854622e-01
5.029181579593569040e-01
5.048306130338460207e-01
5.487726540304720402e-01
5.382670159451663494e-01
5.485619218088686466e-01
4.847600399516522884e-01
4.805388839449733496e-01
5.035696711856871843e-01
4.180636319797486067e-01
4.883904398884624243e-01
4.917219730559736490e-01
4.498616370838135481e-01
4.960176509339362383e-01
4.544361110311001539e-01
4.776029388885945082e-01
4.865081121679395437e-01
4.804707060102373362e-01
4.956320549827069044e-01
4.905007409397512674e-01
4.902429480571299791e-01
4.535758581478148699e-01
5.453312820754945278e-01
5.404665111564099789e-01
3.798283971846103668e-01
5.077087630052119493e-01
4.296421129256486893e-01
5.381190560292452574e-01
4.970261929556727409e-01
4.231157519388943911e-01
4.583191999699920416e-01
4.915542171802371740e-01
4.850878971628844738e-01
4.840880429837852716e-01
4.895585831254720688e-01
4.928891540039330721e-01
4.892894420772790909e-01
3.863827809691429138e-01
5.363616128452122211e-01
5.456827459856867790e-01
5.411647330038249493e-01
5.165600129403173923e-01
4.525611479766666889e-01
5.386060960590839386e-01
4.744315890129655600e-01
5.287947959732264280e-01
4.898429701570421457e-01
5.700934228952974081e-01
4.892454480286687613e-01
5.577960240188986063e-01
5.669864302035421133e-01
4.878462769556790590e-01
4.425793311093002558e-01
4.051177278161048889e-01
4.381735720671713352e-01
4.643669859506189823e-01
4.072272679768502712e-01
4.918574308976531029e-01
4.466480268165469170e-01
4.827231860253959894e-01
5.405911738052964211e-01
4.428244000300765038e-01
5.439298769924789667e-01
5.497223199345171452e-01
5.257706008851528168e-01
4.885082978289574385e-01
4.880722868256270885e-01
4.747676269616931677e-01
5.611407770775258541e-01
4.529287950135767460e-01
4.955607759766280651e-01
4.896457060240209103e-01
4.920831120107322931e-01
4.590768050402402878e-01
5.243201998528093100e-01
5.455765221267938614e-01
5.081937599461525679e-01
4.636697801761329174e-01
5.405132719315588474e-01
5.388356170151382685e-01
5.076546310447156429e-01
4.977793919388204813e-01
4.811109080910682678e-01
4.936699671670794487e-01
3.894719739910215139e-01
5.459845028817653656e-01
4.910080099944025278e-01
3.905733481515198946e-01
4.768275688402354717e-01
4.710942672099918127e-01
4.583502868190407753e-01
4.849849969614297152e-01
4.554919959045946598e-01
4.909917619079351425e-01
4.088349058292806149e-01
4.979698238894343376e-01
5.272034059744328260e-01
5.438157110475003719e-01
5.286317979916930199e-01
4.761157638859003782e-01
4.849282808136194944e-01
4.949908030685037374e-01
3.919401650782674551e-01
4.899237221106886864e-01
4.493421700317412615e-01
4.746734369546175003e-01
4.374600870069116354e-01
4.871808609459549189e-01
4.889482860453426838e-01
4.489273640792816877e-01
4.909516968764364719e-01
4.751307279802858829e-01
4.757514789234846830e-01
5.444474308751523495e-01
6.051741400733590126e-01
5.384852751158177853e-01
5.401893719099462032e-01
5.270948840770870447e-01
5.647009471431374550e-01
3.910336750559508801e-01
4.486813112162053585e-01
3.906758869998157024e-01
4.805443100631237030e-01
4.246569820679724216e-01
3.994494748767465353e-01
4.086513419169932604e-01
4.784542419947683811e-01
5.689463019371032715e-01
4.326412491500377655e-01
4.893555589951574802e-01
6.200692749116569757e-01
5.161220659501850605e-01
5.450105890631675720e-01
5.074237969238311052e-01
4.112155169714242220e-01
6.375638211611658335e-01
4.622030931059271097e-01
3.844376308843493462e-01
4.126343270763754845e-01
4.689504250418394804e-01
3.413594169542193413e-01
4.027305131312459707e-01
4.790378629695624113e-01
5.602126300800591707e-01
4.409568270202726126e-01
4.092626229394227266e-01
4.790769279934465885e-01
5.319899360183626413e-01
5.405122928787022829e-01
5.284689881373196840e-01
5.397971179336309433e-01
5.427368448581546545e-01
5.535997869446873665e-01
4.402388690505176783e-01
4.972490691579878330e-01
4.046400419902056456e-01
3.082144069485366344e-01
4.420545639004558325e-01
4.973686588928103447e-01
4.819507519714534283e-01
4.928348949179053307e-01
5.751379670109599829e-01
4.863808320369571447e-01
4.948553659487515688e-01
5.583841199986636639e-01
3.889627500902861357e-01
4.764924079645425081e-01
4.116028510034084320e-01
5.976481169927865267e-01
4.737991217989474535e-01
5.441937921568751335e-01
5.382397139910608530e-01
4.659178999718278646e-01
5.455369381234049797e-01
3.917075020726770163e-01
4.971615490503609180e-01
4.122759921010583639e-01
4.512376289349049330e-01
4.888989520259201527e-01
4.851991001050919294e-01
4.282227321527898312e-01
4.927518761251121759e-01
4.836331859696656466e-01
5.420589630957692862e-01
5.392121188342571259e-01
5.419185999780893326e-01
5.449474139604717493e-01
5.423436888959258795e-01
4.669470121152698994e-01
5.441709989681839943e-01
4.880799450911581516e-01
4.759728580247610807e-01
3.711547348648309708e-01
4.956657839938998222e-01
4.891356739681214094e-01
5.662649411242455244e-01
3.952949538361281157e-01
4.970421921461820602e-01
3.729590889997780323e-01
5.622504630591720343e-01
4.335472239181399345e-01
4.934224451426416636e-01
5.371847611386328936e-01
4.975086150225251913e-01
5.436330249067395926e-01
5.444930109661072493e-01
4.934589338954538107e-01
4.958487141411751509e-01
4.854966951534152031e-01
4.030914199538528919e-01
4.889640510082244873e-01
3.960272769909352064e-01
4.516377861145883799e-01
4.675091120880097151e-01
4.947063049767166376e-01
4.943699119612574577e-01
4.135904281865805387e-01
3.856912481132894754e-01
4.430171649437397718e-01
4.097386309877038002e-01
4.926645259838551283e-01
4.933138201013207436e-01
3.847670780960470438e-01
6.206361788790673018e-01
5.300524709746241570e-01
4.963644789531826973e-01
5.513618381228297949e-01
5.449741890188306570e-01
5.425438988022506237e-01
6.349608118180185556e-01
4.924637018702924252e-01
4.706947419326752424e-01
4.721999790053814650e-01
4.346336489543318748e-01
4.038442280143499374e-01
5.861040540039539337e-01
4.774806720670312643e-01
4.480080199427902699e-01
5.030480071436613798e-01
5.081240539439022541e-01
6.269327518530189991e-01
4.980502701364457607e-01
5.445195869542658329e-01
4.966332898475229740e-01
4.348436591681092978e-01
4.890737340319901705e-01
3.738059098832309246e-01
4.917922590393573046e-01
4.801005241461098194e-01
5.640079148579388857e-01
5.674666289705783129e-01
4.557211899664252996e-01
4.909048038534820080e-01
4.327255389653146267e-01
4.887137240730226040e-01
4.910798999480903149e-01
5.401569721288979053e-01
4.816333530470728874e-01
5.266090990044176579e-01
5.432598688639700413e-01
4.427677199710160494e-01
5.443928129971027374e-01
6.141719759907573462e-01
5.292401690967381001e-01
5.054879540111869574e-01
4.514456330798566341e-01
4.966418989934027195e-01
4.031831291504204273e-01
5.619967579841613770e-01
4.555462568532675505e-01
4.878431069664657116e-01
4.805309551302343607e-01
4.502663891762495041e-01
4.356212401762604713e-01
5.335430740378797054e-01
5.048542418517172337e-01
5.290226980578154325e-01
5.165472400840371847e-01
5.438126209191977978e-01
6.076608859002590179e-01
5.437914689537137747e-01
4.497165619395673275e-01
3.949490981176495552e-01
5.403398969210684299e-01
5.955006899312138557e-01
4.931157310493290424e-01
4.790444020181894302e-01
4.928784379735589027e-01
4.383530621416866779e-01
3.778901370242238045e-01
4.341988770756870508e-01
4.078998870681971312e-01
4.877845169976353645e-01
4.080350920557975769e-01
4.958843388594686985e-01
4.957716758362948895e-01
5.254888890776783228e-01
5.437871059402823448e-01
4.954955668654292822e-01
4.508617308456450701e-01
6.361598309595137835e-01
4.305701800622045994e-01
4.972506090998649597e-01
5.465027589816600084e-01
4.075851170346140862e-01
3.608719410840421915e-01
4.294014771003276110e-01
4.815589771606028080e-01
4.730058731511235237e-01
4.892741469666361809e-01
4.885940230451524258e-01
5.603984890040010214e-01
4.913122840225696564e-01
5.505806480068713427e-01
5.445214961655437946e-01
6.585774410050362349e-01
4.216914169955998659e-01
5.360070019960403442e-01
4.229367990046739578e-01
4.646140199620276690e-01
4.792643180117011070e-01
4.151308890432119370e-01
4.979222950059920549e-01
4.377330311108380556e-01
4.913956481032073498e-01
3.607103379908949137e-01
4.279728578403592110e-01
4.779995211865752935e-01
4.952748829964548349e-01
5.120246009901165962e-01
4.722155078779906034e-01
5.446671021636575460e-01
5.437651299871504307e-01
5.455863261595368385e-01
5.387481458019465208e-01
5.428972558584064245e-01
5.451652209740132093e-01
3.939797931816428900e-01
5.767488949932157993e-01
4.740447190124541521e-01
4.889226309023797512e-01
5.512062679044902325e-01
4.034977320116013288e-01
4.882794760633260012e-01
4.004285701084882021e-01
4.785559950396418571e-01
4.608137151226401329e-01
5.357486931607127190e-01
5.473721860907971859e-01
6.057493439875543118e-01
5.370176860596984625e-01
5.475999820046126842e-01
5.143918560352176428e-01
5.947421588934957981e-01
4.310231208801269531e-01
4.309095761273056269e-01
4.913694451097398996e-01
4.904715360607951880e-01
4.670433560386300087e-01
5.903859180398285389e-01
4.955477989278733730e-01
4.965415969491004944e-01
4.891249770298600197e-01
5.592116541229188442e-01
4.895993128884583712e-01
3.930015158839523792e-01
4.125852989964187145e-01
5.449965270236134529e-01
3.805240900255739689e-01
6.142899880651384592e-01
5.467697510030120611e-01
5.265629549976438284e-01
4.206511538941413164e-01
5.119819499086588621e-01
4.886637299787253141e-01
5.667012711055576801e-01
4.233290439005941153e-01
4.710546999704092741e-01
3.976050079800188541e-01
4.750751119572669268e-01
4.889242709614336491e-01
4.959222320467233658e-01
5.269661580678075552e-01
4.667169209569692612e-01
4.509414141066372395e-01
5.438977330923080444e-01
4.723897040821611881e-01
4.468722958117723465e-01
4.178693429566919804e-01
4.701861769426614046e-01
4.959792010486125946e-01
4.983570170588791370e-01
4.292216438334435225e-01
4.915298640262335539e-01
4.886718920897692442e-01
3.775390200316905975e-01
4.771363020408898592e-01
3.614868868608027697e-01
5.600185890216380358e-01
4.482897969428449869e-01
4.828172649722546339e-01
5.922906850464642048e-01
5.431696909945458174e-01
5.370862190611660480e-01
5.449873420875519514e-01
6.056257318705320358e-01
6.002187649719417095e-01
5.426695679780095816e-01
4.410354499705135822e-01
4.899950420949608088e-01
4.888416330795735121e-01
4.491874151863157749e-01
4.948741460684686899e-01
4.935096509288996458e-01
4.934780579060316086e-01
4.679554731119424105e-01
4.845335818827152252e-01
4.938134478870779276e-01
4.259630029555410147e-01
4.377852899488061666e-01
5.563644089270383120e-01
4.732772621791809797e-01
5.453430160414427519e-01
5.039296830072999001e-01
5.281813698820769787e-01
5.164457031060010195e-01
6.397400139831006527e-01
5.394457189831882715e-01
6.112729730084538460e-01
5.815874140243977308e-01
4.862061268649995327e-01
4.087632559239864349e-01
4.899070879910141230e-01
4.912040811032056808e-01
5.710934870876371861e-01
4.533377680927515030e-01
4.090326258447021246e-01
5.543769458308815956e-01
5.451455169823020697e-01
4.301947220228612423e-01
5.376941440626978874e-01
5.423766809981316328e-01
5.156309010926634073e-01
5.258283989969640970e-01
5.160170830786228180e-01
4.940222757868468761e-01
4.167529710102826357e-01
4.765263160225003958e-01
4.965902538970112801e-01
4.854681540746241808e-01
4.728470679838210344e-01
4.447260689921677113e-01
4.548927738796919584e-01
4.850177790503948927e-01
4.189557530917227268e-01
4.027634121011942625e-01
5.483928890898823738e-01
4.226406950037926435e-01
5.531213069334626198e-01
5.385757819749414921e-01
4.209304929245263338e-01
4.403335449751466513e-01
4.936986439861357212e-01
4.720740420743823051e-01
5.423392599914222956e-01
6.028994428925216198e-01
3.883864940144121647e-01
4.360957171302288771e-01
4.480344220064580441e-01
3.924979718867689371e-01
4.066036269068717957e-01
4.881631580647081137e-01
3.821193331386893988e-01
4.304563570767641068e-01
4.229926019906997681e-01
4.943673599045723677e-01
5.272421869449317455e-01
4.776364809367805719e-01
5.270972750149667263e-01
5.383306171279400587e-01
4.870374100282788277e-01
6.275972090661525726e-01
3.982633438427001238e-01
4.873194741085171700e-01
4.706883549224585295e-01
5.747654580045491457e-01
4.780738339759409428e-01
3.491778778843581676e-01
4.857546261046081781e-01
4.938922359142452478e-01
4.907990430947393179e-01
4.951792240608483553e-01
4.281298238784074783e-01
4.863202399574220181e-01
4.259664840064942837e-01
4.196882580872625113e-01
5.946042749565094709e-01
5.341774169355630875e-01
4.299170840531587601e-01
5.353063328657299280e-01
4.026321088895201683e-01
4.746094760484993458e-01
4.432987649925053120e-01
4.751590639352798462e-01
4.171816650778055191e-01
4.422070230357348919e-01
4.969273568131029606e-01
4.913094700314104557e-01
4.870691162068396807e-01
3.969111139886081219e-01
5.598790380172431469e-01
4.286743178963661194e-01
3.759152148850262165e-01
4.206584459170699120e-01
5.253611048683524132e-01
5.148677129764109850e-01
5.545257630292326212e-01
5.448985039256513119e-01
5.109092879574745893e-01
4.888464959803968668e-01
3.939107051119208336e-01
4.798902620095759630e-01
4.856435279361903667e-01
4.675539259333163500e-01
4.618956169579178095e-01
4.940692409873008728e-01
5.917374729178845882e-01
4.754270690027624369e-01
3.813294868450611830e-01
4.914397569373250008e-01
5.367559860460460186e-01
5.435721690300852060e-01
4.961003500502556562e-01
4.351936259772628546e-01
5.283818719908595085e-01
5.070828329771757126e-01
4.757363819517195225e-01
4.887539669871330261e-01
4.551340511534363031e-01
4.695567649323493242e-01
4.860238491091877222e-01
5.632973189931362867e-01
4.426910670008510351e-01
4.887842349708080292e-01
5.660113911144435406e-01
4.942287560552358627e-01
4.479202451184391975e-01
5.417545130476355553e-01
5.270484860520809889e-01
4.515439250972121954e-01
5.458421621005982161e-01
4.177336571738123894e-01
4.873364730738103390e-01
4.906820380128920078e-01
4.120377388317137957e-01
6.004807648714631796e-01
4.082142519764602184e-01
3.964919729623943567e-01
4.828838850371539593e-01
4.207165550906211138e-01
5.713105648756027222e-01
5.397066501900553703e-01
4.637363119982182980e-01
4.458032778929919004e-01
4.879478539805859327e-01
4.972304429393261671e-01
5.178283369168639183e-01
5.455540688708424568e-01
4.856522521004080772e-01
5.329390079714357853e-01
5.281480911653488874e-01
4.486832059919834137e-01
4.868175380397588015e-01
4.856277641374617815e-01
4.806891370099037886e-01
4.909762970637530088e-01
4.630528409034013748e-01
4.842320198658853769e-01
5.463740031700581312e-01
4.726013948675245047e-01
5.393918980844318867e-01
4.746372071094810963e-01
4.543802440166473389e-01
5.056575250346213579e-01
5.433725249022245407e-01
5.184910129755735397e-01
4.884419778827577829e-01
5.106085420120507479e-01
4.808358140289783478e-01
4.342277359683066607e-01
3.998624309897422791e-01
4.817235160153359175e-01
4.905645290855318308e-01
4.880578441079705954e-01
5.543383741751313210e-01
4.756272418890148401e-01
4.675267881248146296e-01
4.880538559518754482e-01
3.968151090666651726e-01
4.917465590406209230e-01
4.946562969125807285e-01
6.190192580688744783e-01
4.637461109086871147e-01
4.326730319298803806e-01
6.376224609557539225e-01
5.068397759459912777e-01
5.385395700577646494e-01
5.079971449449658394e-01
4.597840970382094383e-01
4.920719570945948362e-01
4.810518189333379269e-01
4.872483510989695787e-01
4.914833700750023127e-01
5.486779429484158754e-01
4.921788719948381186e-01
4.748618688900023699e-01
4.748575959820300341e-01
4.908173570875078440e-01
4.482633860316127539e-01
4.962368628475815058e-01
5.423463161569088697e-01
5.407332740724086761e-01
5.394697790034115314e-01
6.305320740211755037e-01
4.954386460594832897e-01
5.076872408390045166e-01
3.473106790333986282e-01
5.274917951319366693e-01
4.951764179859310389e-01
4.833589470945298672e-01
4.858939361292868853e-01
4.808873678557574749e-01
4.895077010150998831e-01
4.108242078218609095e-01
4.277895910199731588e-01
3.996246170718222857e-01
3.931423330213874578e-01
4.491463759914040565e-01
4.443933030124753714e-01
4.126186592038720846e-01
4.539617479313164949e-01
4.865580811165273190e-01
5.393422208726406097e-01
4.709187902044504881e-01
5.701757220085710287e-01
4.754224088974297047e-01
4.771495091263204813e-01
4.902670418377965689e-01
5.866755850147455931e-01
4.910578781273216009e-01
4.920892559457570314e-01
4.101735420990735292e-01
4.234995660372078419e-01
4.260786629747599363e-01
4.983957370277494192e-01
4.134095481131225824e-01
5.421756939031183720e-01
5.360925500281155109e-01
5.458604041486978531e-01
4.626158818136900663e-01
4.332306059077382088e-01
4.414090840145945549e-01
6.628521590027958155e-01
4.202497429214417934e-01
5.527154309675097466e-01
4.859180559869855642e-01
4.769200561568140984e-01
4.583438450936228037e-01
4.951266020070761442e-01
4.257181019056588411e-01
4.953910640906542540e-01
5.672231861390173435e-01
4.635323928669095039e-01
4.906372299883514643e-01
5.168225278612226248e-01
5.267083139624446630e-01
4.639789748471230268e-01
6.055118590593338013e-01
5.299375092145055532e-01
5.408300620038062334e-01
5.437367581762373447e-01
4.103020948823541403e-01
4.805619411636143923e-01
4.101573887746781111e-01
4.753217720426619053e-01
4.917824389412999153e-01
4.582109290640801191e-01
4.826287820469588041e-01
4.185462368186563253e-01
3.727441499941051006e-01
3.491776911541819572e-01
4.293752908706665039e-01
5.647222490515559912e-01
4.931804179213941097e-01
5.387524690013378859e-01
5.279537911992520094e-01
5.258033671416342258e-01
4.414243798237293959e-01
4.514744880143553019e-01
4.530554711818695068e-01
5.087984409183263779e-01
4.252521710004657507e-01
5.692011490464210510e-01
3.702784311026334763e-01
4.775895739439874887e-01
4.772304119542241096e-01
4.976144798565655947e-01
5.382345500402152538e-01
5.810711691156029701e-01
4.878837869036942720e-01
4.916314890142530203e-01
5.366903559770435095e-01
5.318226441740989685e-01
5.520249239634722471e-01
4.118930560071021318e-01
6.045049529056996107e-01
4.019834320060908794e-01
4.994626820553094149e-01
3.896749790292233229e-01
4.972480121068656445e-01
3.838482899591326714e-01
5.014760759659111500e-01
4.926246129907667637e-01
4.716203960124403238e-01
3.699776949360966682e-01
4.959408130962401628e-01
4.964332669042050838e-01
4.095748530235141516e-01
4.653290989808738232e-01
5.282600871287286282e-01
4.976938720792531967e-01
6.301681951154023409e-01
4.139834798406809568e-01
5.198318909388035536e-01
4.956327639520168304e-01
4.773788629099726677e-01
4.930017481092363596e-01
4.722166419960558414e-01
4.887159741483628750e-01
4.761734751518815756e-01
4.009013278409838676e-01
4.122669829521328211e-01
5.513590048067271709e-01
5.365584969986230135e-01
5.957524550613015890e-01
5.266636628657579422e-01
5.267889930400997400e-01
4.846460300032049417e-01
5.370281459763646126e-01
4.227728550322353840e-01
3.998125370126217604e-01
4.903301829472184181e-01
4.871184979565441608e-01
4.465365139767527580e-01
5.463304200675338507e-01
4.946577390655875206e-01
5.786204468458890915e-01
4.789653720799833536e-01
4.875072059221565723e-01
4.677142850123345852e-01
4.958813660778105259e-01
4.968353000003844500e-01
6.469653851818293333e-01
4.983288419898599386e-01
5.532601720187813044e-01
6.108858450315892696e-01
5.470928240101784468e-01
6.186026609502732754e-01
6.120636030100286007e-01
4.425178158562630415e-01
5.498445620760321617e-01
4.945425728801637888e-01
4.714966020546853542e-01
4.934142578858882189e-01
4.626961168833076954e-01
4.060398540459573269e-01
4.904571401420980692e-01
4.103200931567698717e-01
5.223624811042100191e-01
6.121953830588608980e-01
5.451744340825825930e-01
6.436210561078041792e-01
5.401229788549244404e-01
5.428742470685392618e-01
4.348666409496217966e-01
4.406511629931628704e-01
4.635497301351279020e-01
4.932254031300544739e-01
4.098165431059896946e-01
5.329778869636356831e-01
5.502020199783146381e-01
5.350202338304370642e-01
5.524747348390519619e-01
5.445692858193069696e-01
4.473914648406207561e-01
4.964431070256978273e-01
3.527816748246550560e-01
5.058592718560248613e-01
5.030998389702290297e-01
3.977573718875646591e-01
4.703522149939090014e-01
4.255136300344020128e-01
4.789817410055547953e-01
4.896369839552789927e-01
4.756142420228570700e-01
4.932063149753957987e-01
3.973712630104273558e-01
3.719998700544238091e-01
4.855064819566905499e-01
4.756230511702597141e-01
4.270987138152122498e-01
4.447976229712367058e-01
3.980648901779204607e-01
4.906586848665028811e-01
4.874971969984471798e-01
4.907114431262016296e-01
4.906148258596658707e-01
4.876849690917879343e-01
4.890756329987198114e-01
3.969217429403215647e-01
4.931662851013243198e-01
4.660479051526635885e-01
4.846632990520447493e-01
4.349974079523235559e-01
3.941256830003112555e-01
5.656201669480651617e-01
5.482809129171073437e-01
4.105901098810136318e-01
3.716241060756146908e-01
5.459805140271782875e-01
4.666631901636719704e-01
4.505933381151407957e-01
4.773763879202306271e-01
4.286674279719591141e-01
4.571861240547150373e-01
3.592816900927573442e-01
4.905557858292013407e-01
4.818502911366522312e-01
4.360254048369824886e-01
4.609949071891605854e-01
4.850034399423748255e-01
4.709164190571755171e-01
4.394608570728451014e-01
4.332958019804209471e-01
4.831380371470004320e-01
4.430527179501950741e-01
4.046794909518212080e-01
3.981737860012799501e-01
3.926412181463092566e-01
4.786601208616048098e-01
4.039067979902029037e-01
3.790705739520490170e-01
4.752067981753498316e-01
4.800330020952969790e-01
3.982895950321108103e-01
4.509736441541463137e-01
4.041006180923432112e-01
4.642224051058292389e-01
4.530609319917857647e-01
4.131790529936552048e-01
