9.781299968031340660e-04
9.439367838588995927e-04
9.596530398648813430e-04
9.467238229946611447e-04
9.783021263014119416e-04
9.908017686852839661e-04
9.794036110865099540e-04
9.563528210955685388e-04
9.941310167250493914e-04
9.574737730668345321e-04
9.253430261830098823e-04
9.855291901441334736e-04
9.888521302098211407e-04
9.900193494688108459e-04
9.909142644952081448e-04
9.631627954148359308e-04
9.994757690092918954e-04
9.605109238808236553e-04
9.318963003629023934e-04
9.774734759677673399e-04
9.193067639012452623e-04
9.201427680340720913e-04
9.947969422256304657e-04
9.539073287659246810e-04
8.514683729355433141e-04
8.207760878345159768e-04
8.621852279500275733e-04
9.700704012234191405e-04
9.879823580154377047e-04
9.940711370184278708e-04
9.910009880762093038e-04
9.495531697832637359e-04
9.820991124667309731e-04
9.232549753420623033e-04
9.190472718001158189e-04
9.731950094810851290e-04
9.230131780461923530e-04
9.138872860328522973e-04
9.336963433925859861e-04
9.578838639578529353e-04
9.757225438279024630e-04
9.795601849971421506e-04
9.835850633712357044e-04
9.138993729685391089e-04
9.086351726681370349e-04
9.251897704190183841e-04
9.309567748736838084e-04
9.809953717294787098e-04
8.911519718852964908e-04
9.283166727439900665e-04
9.315964483134887928e-04
8.559382150940752446e-04
9.608042255611357399e-04
9.746068145677472781e-04
8.694834122824221740e-04
9.534105020710836225e-04
9.810711941696211632e-04
9.415070004253047126e-04
9.364212064643667602e-04
9.676963333839277634e-04
9.741782457123111978e-04
9.850690633408105534e-04
9.801890411392896914e-04
9.806637934127906530e-04
8.772396346693171363e-04
8.046740072003124092e-04
9.107117719303830334e-04
9.567079346962272099e-04
8.806825184689383908e-04
9.381969616049588281e-04
9.656600348759505643e-04
8.222480299590053613e-04
9.783037742563543710e-04
9.240723339606057634e-04
9.171243239338977820e-04
9.324339738604662088e-04
9.953216389926452211e-04
9.527024438494899718e-04
8.888192846274531192e-04
8.806672094622072528e-04
8.707272318895932072e-04
9.864324813268511832e-04
8.713308165392366373e-04
8.464874817128005503e-04
9.518930394051234667e-04
9.691523132934472089e-04
9.412610638689352998e-04
9.518491218787264582e-04
9.236004339915674082e-04
9.680372741178585542e-04
9.960484156130060621e-04
9.348983436600085241e-04
9.822206981591852064e-04
8.358522852054452992e-04
9.518331302888657615e-04
9.796377643232583293e-04
9.635090624998647471e-04
9.237049640445081948e-04
7.123703053135753503e-04
9.846064755839485910e-04
9.977156876671759538e-04
9.551576213701847874e-04
7.573647321501539341e-04
9.972659992505221709e-04
9.401186812757043485e-04
7.787114612237964247e-04
9.713809587053853561e-04
7.261390211520611085e-04
9.218368797821184556e-04
9.802754046452592102e-04
9.418156779626396221e-04
9.383504700181297901e-04
8.693271975232134225e-04
9.431093059791395127e-04
9.746247606016622718e-04
7.956778577921087793e-04
9.656592319796653001e-04
7.116109172523381017e-04
9.472962300526471032e-04
9.961903120529159387e-04
8.261595807362590244e-04
9.949717304921178434e-04
9.169762373067365550e-04
9.394888631147515871e-04
9.331666703848917263e-04
9.648487577690582516e-04
9.829934668482156156e-04
9.726579105254050004e-04
9.497924135080948200e-04
9.342930485637844984e-04
9.244519764895679868e-04
7.683337706367719027e-04
9.582311497141018279e-04
9.854511797485240431e-04
9.067252524515170917e-04
9.316201795422592892e-04
9.453699778392228364e-04
9.001923074545573273e-04
9.652847093586273486e-04
9.034924971832754411e-04
8.449806413684666411e-04
8.338280453647004941e-04
9.707009227539385937e-04
9.853173062223208149e-04
9.669081727872528686e-04
9.605028369848064547e-04
9.981114449271694198e-04
8.383517718468392471e-04
9.941437230542543406e-04
9.455540814070685120e-04
9.613025941266614216e-04
8.736621163080006500e-04
8.378259190896100240e-04
9.679977329369985912e-04
9.506992971940768020e-04
9.287328833735061101e-04
9.702547775616119242e-04
9.464813129778958719e-04
9.628665814060726391e-04
9.876001285210550627e-04
8.699077944190596740e-04
9.417179149573584769e-04
8.666872699853693388e-04
9.664154380496868925e-04
9.808091283170735676e-04
8.824620572529949698e-04
7.544255390132010176e-04
8.037462576955923350e-04
9.172862033603981953e-04
9.068674641627591211e-04
8.814187404742369631e-04
8.605893539114966087e-04
9.475952388324241846e-04
9.775583368096384552e-04
9.202433201422183500e-04
9.054439448281721052e-04
8.974190659531395371e-04
9.969035681323280135e-04
9.787701997164529114e-04
9.806298409214763388e-04
8.447607412965540442e-04
9.914081309534154753e-04
9.487623148776385242e-04
9.831800094214073957e-04
9.411727381019385037e-04
9.260830894807641238e-04
9.805070412308210942e-04
9.320755232514728403e-04
9.792780864858298753e-04
9.366897961004255887e-04
9.502822775653838646e-04
9.109479299487629111e-04
9.712379291274815616e-04
9.713694954926485690e-04
9.369237653352744180e-04
9.907653658964051934e-04
8.628797409816420282e-04
9.820938983071769799e-04
9.657017649958914108e-04
9.756860957747181488e-04
9.482595790081227135e-04
8.727180883667135522e-04
9.588171192675565974e-04
9.048679925863435843e-04
9.664389765620648486e-04
9.368071787511411718e-04
8.972376658084259184e-04
9.679760913146268162e-04
8.965557091859603341e-04
8.905178632704022776e-04
9.115279372837474439e-04
8.905972384823617046e-04
9.222001765910336525e-04
9.741672872879295151e-04
9.254094503331658072e-04
8.332599842152443913e-04
9.536314623855521875e-04
9.764713118808785678e-04
8.896393702129627278e-04
9.924637652697456455e-04
8.590637345492451848e-04
8.472317950204528384e-04
9.426633206110168446e-04
9.445833032138767826e-04
9.922535655987950280e-04
9.897324633846469547e-04
9.170159792446598351e-04
8.800549759439481746e-04
9.991276927486865845e-04
9.611564194413953644e-04
8.812772092787379743e-04
8.115388051726135817e-04
9.150441746442973447e-04
9.265026010322232860e-04
9.619306492332636675e-04
8.928615711757814785e-04
9.943917849926965646e-04
8.736447594180799881e-04
9.188578461880234343e-04
9.359681193157251815e-04
9.961225985323984497e-04
9.835318490963942690e-04
8.995842306107497193e-04
9.447280199128855072e-04
9.673975122752785606e-04
9.989665123148207780e-04
9.310869267386029813e-04
9.426882104803239364e-04
9.110525684883269198e-04
9.892345479166745649e-04
9.861364248607267652e-04
9.617082025051398560e-04
9.390133102250545647e-04
9.383350176691010935e-04
8.229475676427993897e-04
9.990158244546753358e-04
9.509263383525397208e-04
8.903239535355376858e-04
9.674412876442664610e-04
9.410472325133470949e-04
9.255297790407512014e-04
8.995619971002951276e-04
9.698353761939551652e-04
9.621936935696293221e-04
7.648371588263252292e-04
9.229601228270478078e-04
9.982361336174985778e-04
7.619744334849751352e-04
9.082212292159249582e-04
9.903171276617835951e-04
9.444153291009029861e-04
9.390898491772310761e-04
9.777376896414797808e-04
7.512061900170465076e-04
9.126002903546352567e-04
8.576676632804408791e-04
9.917669493995911068e-04
9.070126170076672984e-04
8.042927540195798095e-04
9.780034579185328120e-04
9.646644459151802742e-04
9.979686720267696379e-04
8.291410198335070515e-04
9.287276356129851645e-04
8.869598842117997969e-04
7.486424474953996691e-04
8.730918293474687316e-04
9.302179864749868764e-04
9.872515610695692476e-04
8.660342997472270489e-04
9.992461781829493732e-04
9.259535893137468658e-04
8.384598017829589852e-04
9.850457156185077421e-04
9.356043432005367111e-04
9.580145404499147265e-04
8.134055381097093614e-04
9.337432639041852965e-04
8.767811010771892413e-04
8.845029120501000583e-04
9.678121394669660484e-04
9.468143637038847499e-04
9.821810298761826305e-04
8.271851387006809615e-04
9.753161291076569090e-04
9.191269755442424286e-04
9.913318751908347607e-04
8.509305630704977388e-04
9.718518666515523104e-04
9.560745442480574367e-04
8.992134861900876993e-04
9.507041108100683932e-04
9.399491366632995283e-04
9.880181627657008865e-04
9.082432864040975795e-04
9.302051118871946340e-04
9.663130720251244740e-04
9.712666090183832849e-04
8.734522606103983181e-04
9.872827712712540279e-04
9.995564592040022660e-04
9.172341770892560812e-04
9.421850058696278150e-04
9.517068476635052229e-04
9.239653745960616426e-04
9.849301402712936759e-04
9.992573894587661581e-04
9.350171056396162049e-04
8.174453506924511843e-04
9.704843206390076143e-04
9.733933170502534786e-04
9.659764813715533043e-04
9.054996279383121724e-04
9.924079730836963577e-04
8.528881668768163987e-04
9.788764747253263752e-04
9.967007357453308656e-04
9.114958979802314197e-04
9.909313814212650316e-04
9.933318320805477677e-04
9.369966119815982628e-04
9.964413729047214615e-04
9.527422177953957794e-04
9.775813023286321173e-04
8.723810919136728344e-04
9.120434217786548307e-04
8.347880264030915634e-04
9.887473111894983218e-04
9.694253080471798827e-04
9.853158992079015608e-04
9.874684659496768720e-04
9.648841106388328934e-04
9.844066801215358656e-04
9.704419260048670250e-04
9.639844302058054194e-04
9.275633742530177460e-04
9.258059017634781562e-04
9.733681016756554798e-04
9.088729661658989352e-04
9.913340455467479790e-04
9.727972542664392467e-04
7.420927586038138495e-04
9.478618031960412901e-04
7.494183263111785578e-04
7.663677815394090388e-04
8.771112007362063829e-04
9.693735032371579357e-04
9.641240919247483178e-04
7.300485778977952242e-04
9.153052900533021697e-04
9.679277361020726788e-04
9.343652366088060508e-04
9.601453334145494721e-04
9.881663081331784355e-04
9.370795338464574416e-04
9.744572326646613793e-04
9.138434888942435688e-04
7.305801172771298358e-04
9.782403130573942562e-04
9.452556977025531638e-04
9.618753695541417932e-04
9.618827032322644710e-04
9.487912058108819444e-04
7.700063428141985236e-04
7.494123294149097111e-04
9.232794433408662372e-04
7.563809070201362632e-04
8.773643525219495089e-04
9.623824074983061650e-04
8.669943101319360287e-04
9.678075500666181216e-04
9.675130853864831806e-04
9.924336012382597300e-04
9.228316217195743024e-04
9.543116221922234204e-04
9.764272636612188151e-04
9.306801672666396939e-04
9.145734775528040639e-04
9.200751141899228330e-04
9.256652081416277345e-04
8.197276759816336453e-04
9.699811980409975233e-04
9.341199799454641493e-04
8.674632622143875309e-04
9.635714075642606413e-04
8.761253038907603798e-04
9.985879650681883397e-04
8.692564108684768280e-04
9.870747142700392763e-04
9.698052831949633724e-04
9.812770105664528949e-04
7.954956195543096695e-04
9.371678886573601899e-04
8.728329453272041377e-04
8.724294994923927375e-04
9.046310702350584708e-04
7.821540149714660897e-04
9.172878944861879470e-04
8.754918055580661589e-04
9.696886147684691129e-04
9.111302240321651194e-04
7.678669278922779567e-04
9.345656579418239011e-04
8.966998246562852496e-04
9.532819643573254903e-04
9.792099749956644818e-04
9.520468607373434996e-04
9.907856785795197182e-04
9.118064149343198992e-04
8.901069193902766841e-04
9.958301648165517484e-04
7.705945204928844579e-04
8.490981666699788785e-04
9.746986087577749541e-04
8.831256584551766802e-04
9.427015156825188213e-04
9.156326769663583956e-04
8.685858062744329124e-04
9.467580625745603516e-04
9.225768296213120081e-04
9.378059816722978097e-04
9.725258775075151275e-04
9.712592856844025997e-04
9.700462560826943453e-04
8.772018403769267720e-04
9.353708330618085934e-04
8.571942666324552972e-04
7.193413155040387710e-04
9.499583439933354315e-04
9.905395026466644413e-04
9.587115281508384965e-04
9.006776416613775788e-04
8.741868753602271159e-04
9.592846101112063742e-04
9.742198681085203083e-04
9.038787952947537670e-04
8.058051242727672482e-04
9.765276210475103309e-04
9.709160768794374398e-04
9.306073199714412318e-04
9.832032034759901652e-04
9.011284792213654533e-04
9.855032746059536313e-04
9.553460985014492228e-04
8.457027897773385138e-04
8.991042634070871200e-04
7.792416168339343693e-04
9.013482768010177117e-04
9.708022028318602416e-04
9.295010419439658821e-04
9.590155657827929229e-04
9.334046167803630939e-04
9.143959043467758804e-04
8.724680090677286058e-04
9.805753097355057128e-04
9.245999733689035062e-04
8.888991054464734538e-04
9.379004212680467885e-04
9.059973704150761815e-04
9.753334305482324771e-04
9.953518725613567236e-04
9.459131314524624624e-04
9.662096730662589686e-04
9.572576603411825456e-04
9.061105452691099304e-04
9.994251536113443139e-04
9.868611460113647926e-04
9.442614158692759236e-04
9.087216541367629068e-04
9.833032970554310762e-04
7.661027834477233131e-04
6.736223036144878490e-04
9.660145185508913108e-04
9.811915333024614008e-04
9.085921215520416025e-04
9.567272393096576920e-04
9.186263421439779409e-04
8.332897144176591156e-04
9.469160268946659768e-04
9.625382999553423356e-04
9.467297649603411596e-04
8.816301909660033192e-04
8.473319134900403338e-04
8.421645193157513811e-04
8.371463515614891056e-04
9.128775427966932072e-04
9.338490286539513326e-04
8.972113380230279430e-04
9.878755554790889792e-04
7.555520069748199652e-04
9.093984556338646861e-04
9.808074896626439720e-04
9.312981523352357885e-04
9.294127740597280017e-04
8.936124867655524618e-04
9.584112653349029709e-04
9.074014180626675547e-04
9.716918676910143125e-04
8.124546679347438615e-04
9.872513298779469777e-04
9.538883555844006410e-04
9.688444118198397950e-04
9.983460543180682715e-04
9.202287721033370347e-04
9.936261192645342872e-04
9.337642608915414566e-04
9.732283917208182445e-04
8.477957377898988735e-04
9.517976366989063745e-04
8.844474463842372019e-04
9.306969930079024220e-04
9.195144419423205949e-04
9.548943283590747080e-04
9.647110303528926576e-04
9.460846780069294935e-04
9.738419056839452961e-04
9.529158538637315986e-04
9.922277850658058063e-04
8.332244694350171479e-04
9.815441318206754619e-04
9.911388657856919689e-04
8.662813127785296344e-04
9.433939084718838191e-04
9.752629299416101143e-04
9.976280206449562003e-04
9.455951047950697866e-04
9.234659539399236311e-04
9.601952437969912260e-04
9.536192278749781696e-04
9.064412505349320106e-04
9.168972476775212469e-04
8.175907312843255044e-04
9.355740762589265800e-04
9.849638701880784365e-04
9.911634093562656650e-04
9.642778785559094840e-04
9.914670946358412635e-04
9.703013224383197702e-04
9.304922225897072942e-04
9.431281446797635040e-04
9.026258769837930927e-04
9.947748254313997993e-04
7.338738288637271234e-04
9.719950837073865289e-04
9.702717626212742710e-04
9.940967601688710780e-04
8.794486228370133147e-04
9.296755134465476810e-04
9.807283314666619990e-04
9.677097266474074750e-04
8.524803620857047048e-04
9.641278554467121176e-04
9.939468984139587879e-04
9.152022714046348199e-04
9.758135615827189836e-04
9.563555557013337857e-04
8.799449362225936081e-04
9.846589529514347943e-04
9.465950979740205516e-04
9.876303337022782416e-04
9.865935911385805956e-04
9.740588554357750353e-04
9.714091768126009198e-04
9.781174964817213220e-04
9.599614208232258280e-04
9.722522682680069311e-04
9.005145957933296478e-04
9.947583703389262927e-04
8.733296021250230726e-04
8.813525095520837556e-04
9.195123907315588038e-04
8.266577202242968245e-04
9.865951005147621453e-04
8.934720783693666330e-04
9.288182610529522416e-04
9.584697549324005432e-04
8.233110074479610494e-04
9.873008507143160323e-04
8.903263365959412099e-04
9.941856990073429708e-04
9.942870159937737453e-04
9.405875920580564426e-04
9.937976340740305170e-04
8.102463471348002148e-04
9.478870788117977047e-04
9.549102001005282730e-04
9.894026693718807434e-04
8.582812947297967926e-04
8.080995490644594286e-04
8.942663598025660026e-04
9.820953964171444395e-04
8.293139660671015661e-04
9.469377250934323626e-04
7.004034138877651477e-04
9.686935364682271177e-04
8.866158767830997853e-04
8.017672875221643850e-04
9.571037342579265424e-04
9.029270493506279509e-04
9.847958455292732307e-04
9.017024207609600304e-04
9.336583699141940817e-04
8.665100767342043004e-04
9.989222998856579338e-04
9.702434232773172497e-04
9.781709675633712148e-04
9.769121143628795457e-04
8.847619542452211114e-04
9.244803176615345400e-04
7.385017629410184359e-04
8.681503829363987779e-04
9.277611387717739485e-04
9.568513586665030636e-04
9.910999589264836342e-04
9.418648318933793171e-04
9.344711503147584480e-04
9.893556255824514315e-04
9.747807022459251082e-04
9.708709940705846165e-04
9.720477384198902013e-04
7.682439997180049362e-04
9.285832151983573670e-04
9.060881724231319677e-04
9.605175685772572493e-04
8.220453097810338132e-04
8.967368309363652618e-04
9.335696519395506087e-04
6.794672445741576977e-04
8.892195524914342335e-04
9.750781540051198454e-04
9.885394993730985125e-04
9.978268823573150856e-04
7.984422636362589927e-04
9.271376949699116667e-04
9.262366416723208417e-04
9.769569228156441739e-04
8.112202027761624811e-04
7.564841618256283942e-04
9.032434441186714975e-04
8.764770372679550701e-04
8.912560257226248691e-04
9.111393812019332383e-04
9.768824551245915404e-04
9.286486991332840515e-04
8.593827131763996695e-04
9.319208665628040799e-04
7.904751857336176236e-04
9.974032348419681424e-04
9.550974762536274844e-04
9.742730660795279182e-04
9.204656635537154232e-04
9.602634436434895034e-04
8.997211747627948666e-04
9.851213876133696132e-04
9.118920011371085040e-04
9.763567776219528880e-04
7.732270434178763110e-04
9.776233532657854948e-04
9.335260087339219580e-04
9.748187157793593034e-04
9.612029296494914790e-04
9.857673894109980454e-04
9.024261836870359687e-04
9.761471570157210804e-04
9.675737196523888969e-04
9.482896092695143435e-04
9.778947716439878417e-04
9.271694754549732837e-04
9.180733597926361584e-04
9.610443399221776277e-04
9.398766409400099130e-04
9.272463094293917829e-04
9.552476717455172812e-04
9.814870346549994275e-04
7.770345572144975394e-04
9.326902345490055597e-04
8.994912848834159952e-04
8.240411734078359083e-04
8.483453044481091077e-04
9.323104636474987541e-04
9.117305466691870506e-04
9.414200877350083815e-04
9.159845266984817077e-04
9.780492181816883603e-04
9.302705397372495457e-04
9.073611171486220496e-04
9.254689147043742388e-04
7.751753626924518274e-04
9.402673077455662824e-04
9.968648051213613737e-04
9.458073710466727768e-04
9.518950555860779695e-04
9.717525225010549984e-04
9.958873834877354780e-04
9.442067686473680369e-04
9.290511687230671670e-04
8.369562083406780709e-04
9.304309177267445271e-04
9.655221898902503503e-04
9.712503291567080744e-04
9.847403756312786936e-04
9.560714496593195055e-04
9.733485815243600979e-04
9.900264759729749797e-04
9.335341538638033954e-04
8.381279418560282080e-04
9.680241588760594984e-04
9.955254354793822980e-04
9.645177481263668678e-04
9.841817599276997484e-04
9.396165467517211519e-04
9.940656040108384467e-04
9.305787997990439897e-04
9.190890546136557156e-04
9.479139401210768959e-04
9.959882984155526368e-04
9.880713967205334656e-04
9.494424493725429686e-04
9.591608796512673257e-04
9.583211100275188226e-04
8.001203196282103769e-04
9.586456328033735519e-04
9.025888414922481279e-04
9.609320155793949327e-04
9.097494353864187108e-04
9.626047226122129473e-04
9.329680760286624807e-04
8.232136157824863562e-04
9.215636689349159492e-04
9.865783655472846071e-04
9.393943546843441491e-04
8.501538748322552252e-04
9.659266023569125937e-04
9.475067974013699551e-04
9.741096193773022887e-04
8.269932180144611272e-04
7.302008938897113508e-04
8.770803667725016097e-04
9.607342779498564706e-04
9.334820956161754774e-04
8.352645099625556407e-04
7.356613859153946682e-04
9.697533721678615890e-04
9.632497019042744009e-04
9.089703543796684524e-04
8.438729010599224905e-04
9.410911722234403896e-04
9.328989811459103242e-04
9.298600136826749114e-04
9.522353433891065982e-04
8.910662623187854368e-04
9.271724175364307562e-04
9.272132649557900293e-04
9.205435860519308464e-04
9.688082424266405415e-04
9.914523726530207262e-04
8.754166993419143028e-04
8.616448890131000668e-04
9.951293187682838833e-04
9.668007790604425406e-04
9.357930779056055541e-04
9.917933942909023734e-04
7.662122115641252160e-04
9.597330144294704711e-04
9.870312323293670923e-04
9.734796235665478656e-04
7.502413679358487962e-04
8.757906247807315881e-04
9.946933260630570327e-04
9.672478409532309519e-04
7.798993495254520061e-04
9.271868758833410988e-04
9.405689950259162871e-04
8.994064367032608481e-04
9.464815655047874136e-04
8.969448218080543298e-04
9.181635114942812270e-04
9.739407455470527669e-04
9.671499947279320157e-04
9.242280140552898383e-04
9.316728341635243131e-04
9.091526629683478484e-04
9.662694313336525663e-04
9.760157160951958349e-04
9.590176054372249277e-04
9.916622238482972456e-04
8.906233278704723090e-04
9.944882389721664603e-04
9.114720033431497354e-04
9.543242158621451001e-04
9.190563740924937624e-04
9.884341851875929653e-04
9.793814340494865454e-04
9.538450574752055161e-04
9.348359296750893702e-04
9.245441858681705894e-04
9.444271656075958494e-04
9.139802848619335215e-04
9.644878614320803820e-04
9.743639644410594667e-04
9.778022930584915912e-04
9.288820859017632567e-04
9.197723440957772780e-04
9.889217939521687938e-04
9.924823689452084118e-04
9.946964701710336084e-04
9.025845003672189077e-04
9.432407577683952615e-04
9.142089820449430995e-04
8.986718568793279930e-04
8.993734348646388425e-04
9.526588233034106882e-04
8.917219779659333288e-04
9.358261742023897718e-04
9.236745063951785906e-04
7.654892069247067011e-04
9.937312144436927057e-04
9.849051074606928000e-04
9.982682176501813699e-04
9.461425893458387006e-04
9.538526066597824557e-04
8.510327877239892745e-04
9.312574913059222742e-04
9.641285534683147673e-04
9.356140722579224956e-04
9.798671261156978972e-04
8.494227134286978049e-04
8.059265633464340580e-04
8.213603140852871127e-04
9.001974994597803249e-04
9.370873661931332929e-04
8.096807308312141361e-04
9.633533406425149725e-04
9.754730727541963608e-04
8.920276272052368467e-04
9.978691233282245554e-04
9.337734447810246662e-04
9.465159834797246203e-04
9.725472843596350524e-04
8.041974824774738651e-04
9.740593851460095870e-04
9.385160527937617915e-04
8.133605834470661105e-04
9.718511869590051649e-04
9.913971208927040320e-04
9.951072539116231300e-04
8.558469434823515491e-04
9.096301460724294649e-04
8.137497807131154710e-04
8.968728555376201872e-04
9.182239042672442212e-04
9.148168698019577176e-04
9.943984284895368911e-04
9.017085894456095983e-04
8.838205555724531733e-04
9.544246512019318373e-04
8.212056687108436250e-04
9.226159990471558773e-04
9.109885042289888029e-04
9.933535461729946225e-04
9.543040901631070182e-04
9.749368846944289667e-04
9.568018884300980064e-04
9.509076361071754730e-04
9.532986192859844651e-04
9.461753309759173003e-04
7.376668885770397421e-04
9.037492894249525609e-04
9.262766757201974267e-04
9.566091471869385019e-04
9.474736536309872259e-04
6.839650261173152619e-04
9.854365268595769237e-04
9.595704680714701226e-04
9.780975935893383103e-04
9.850381532177728168e-04
8.572465810180188378e-04
9.332456195126037331e-04
9.801346054275205267e-04
8.553521324424799219e-04
9.553230399626627374e-04
9.060011279667269787e-04
9.563186905958775226e-04
9.108962262189844233e-04
9.654536549819989905e-04
9.592796797266833070e-04
9.920024715928202081e-04
9.942537439280990912e-04
9.824521932816862070e-04
9.665021514159553460e-04
9.676977368257782359e-04
9.749135597678757099e-04
9.532768086998645325e-04
9.224872212455682450e-04
7.287981307811569652e-04
8.815246652555231528e-04
9.492370425593301027e-04
9.603597362695813662e-04
9.935388767499827006e-04
8.151866962119897224e-04
8.881113640669368843e-04
8.444239420333402935e-04
9.983387528192926713e-04
9.610498206980913616e-04
8.282606948990488271e-04
8.144498320498063000e-04
8.768168269058706967e-04
6.402217679183867111e-04
9.700882496199232825e-04
8.669214085524658275e-04
9.112001650781559282e-04
9.792196054068352633e-04
7.835067895772189310e-04
9.565369978830203738e-04
8.945945665021313043e-04
9.729473686090490394e-04
7.957424878174893098e-04
9.757127167723230257e-04
8.577918773162022167e-04
8.805586572044523525e-04
7.520697338566431633e-04
9.073092016238100107e-04
9.709255994332506275e-04
9.967057974391536294e-04
8.077622181785337882e-04
9.717393334741568182e-04
9.396121238370489480e-04
9.406039177396523189e-04
9.204081158097629847e-04
7.299768806464417481e-04
9.899652581553267452e-04
9.231978623923233016e-04
9.577565353163987761e-04
8.829991134674631615e-04
9.321195510731486184e-04
9.912886010160592946e-04
9.668526593692035841e-04
7.136753434943608710e-04
9.798091046177470793e-04
9.824051013627250681e-04
9.732644318247955914e-04
8.413548007652316791e-04
7.340150865011074634e-04
9.640163389247041054e-04
9.976979709422682894e-04
9.456694531534177864e-04
9.642773123005617510e-04
9.505756710215451308e-04
9.105268251841842648e-04
9.485814951708998249e-04
9.708636402514527440e-04
9.331727642658677307e-04
9.590167243159799506e-04
9.598168080882229104e-04
9.372315616993436797e-04
9.734565171099965721e-04
9.995219144963911166e-04
9.775576240352050125e-04
9.604264118353107640e-04
9.312605732863514941e-04
9.827442177729025976e-04
9.719342024227180547e-04
9.638662902625919201e-04
8.943213304618217573e-04
9.732909154470667035e-04
9.160703814591658525e-04
9.334707758154656273e-04
9.571993841223879178e-04
9.950807716901555362e-04
9.748329188842651391e-04
8.233835701654943677e-04
9.863602958934717616e-04
9.928862995271792169e-04
9.783150218859299179e-04
7.014169661404808312e-04
9.857549681506630815e-04
9.721176209351910583e-04
9.169934171246885840e-04
9.924862080073050628e-04
8.095920766526612522e-04
9.086239952091198710e-04
8.209624623926533053e-04
9.279423933961579484e-04
9.161480267673166459e-04
8.132551159466420770e-04
9.697833350178517798e-04
9.799277808728939186e-04
9.907786207708525750e-04
9.680894340206275912e-04
8.480245885512983656e-04
9.866036544289183505e-04
8.822398274907205249e-04
9.640014713759629227e-04
9.753889657482164161e-04
9.982128075465726384e-04
9.305027718750417910e-04
9.908904120641214529e-04
9.446707859386130118e-04
9.839883725139509860e-04
9.790778840909604517e-04
8.883454294657478151e-04
9.927991392144094700e-04
9.677984093794918599e-04
8.581167089824617367e-04
7.923637623980775337e-04
9.107796057623244318e-04
6.998387008783351227e-04
9.661647415320449026e-04
9.387800171329169999e-04
9.937040476828936427e-04
8.770413236368775588e-04
9.929094304386295537e-04
7.537909600559768337e-04
9.140666266938518147e-04
9.263826460671377308e-04
9.576860890344430317e-04
9.786092975001571808e-04
8.749025157906516106e-04
8.966501317942848250e-04
9.557808304273098573e-04
9.560225108691575808e-04
7.750109069798874831e-04
9.704655067558954924e-04
9.902800040925692319e-04
8.272953508358980119e-04
7.369649763783557702e-04
9.191486471034242874e-04
7.881501764894410572e-04
6.795162414674797095e-04
9.856861744332848143e-04
9.719458295559448707e-04
9.585910008293918507e-04
8.916040179161525536e-04
9.891612880771382191e-04
9.125976801819671910e-04
9.837918671929588542e-04
9.474584341983536846e-04
8.880467921683869595e-04
9.298076248040655243e-04
9.366591142782428525e-04
9.972057053745145803e-04
8.535983998077531021e-04
9.435823314853939228e-04
9.804588390280701352e-04
8.165429786850192731e-04
9.877036754317402006e-04
8.686584479966005540e-04
9.752093568598414752e-04
9.204152222992297537e-04
9.428066262132092428e-04
8.238538091549028452e-04
9.658709204134069155e-04
8.899751821417530582e-04
9.931537631054847097e-04
9.315745200160783840e-04
8.664222139368896267e-04
7.966204347469679715e-04
8.618567736507044092e-04
9.730011619988353840e-04
8.368181234854777262e-04
8.910142290611063227e-04
8.289026878530185351e-04
9.934009309207477920e-04
9.091175890263199916e-04
9.445921653942520712e-04
9.882038730057499370e-04
8.627464505359050883e-04
8.078629478588414490e-04
9.117749050976991154e-04
9.093189541376083289e-04
7.990938050867853930e-04
9.810453833660787333e-04
8.729822899572743482e-04
9.950257986983302057e-04
9.415287681740792123e-04
8.565248933506562547e-04
9.487533733761952925e-04
7.654433911364596837e-04
9.752889975419787522e-04
9.337840270055604427e-04
9.215448170407382865e-04
9.162766625993872980e-04
8.958718777668392636e-04
8.404699313324966300e-04
9.739649437693172684e-04
8.557995392245859589e-04
9.429313169253096061e-04
9.951320904358878627e-04
9.899667043286415266e-04
9.337766241812719753e-04
8.990793540133993266e-04
9.153680331975714906e-04
9.601362687243197034e-04
9.785468099707853810e-04
8.433580405839160004e-04
9.748744270797819441e-04
9.783038860096124941e-04
8.787510937100492586e-04
9.370096458791432863e-04
9.311394890562377713e-04
8.510207459236114732e-04
8.522820288428209230e-04
7.832826862268325733e-04
9.743608451401335104e-04
8.700955536315857627e-04
9.031225890312657295e-04
9.017002636996912773e-04
9.574406446194209334e-04
9.726632846643198070e-04
8.930137281092123637e-04
9.880811446447629928e-04
7.955375940175052384e-04
7.866263787195996397e-04
9.085505715065197822e-04
9.510783222506988396e-04
9.219251012244412437e-04
9.925515772256311622e-04
9.048218409272691058e-04
9.285685290615122147e-04
9.819370116072615937e-04
8.688478681942117922e-04
7.406884971772956239e-04
9.489872383896670420e-04
9.799886927725238051e-04
9.656360418651425059e-04
7.156619277280069696e-04
9.727222086498254735e-04
9.122887995885042714e-04
9.921997607972034804e-04
9.629090091972197741e-04
7.382572514507567850e-04
8.215696927906185679e-04
8.854138483858401375e-04
9.033598079880087025e-04
9.370011932027164352e-04
9.010693024437822600e-04
9.914337250049366258e-04
9.079282816383305076e-04
7.751325298571618266e-04
8.754114240152049845e-04
9.394890279858813566e-04
8.646901956691183761e-04
7.651123318368558204e-04
8.993607033593637888e-04
9.238375558535608231e-04
9.789939942578321491e-04
9.423208207811562204e-04
9.673689034199425048e-04
9.028833914879372778e-04
8.848959796113034428e-04
9.645897872414592672e-04
9.866995042055273259e-04
9.721823592487163160e-04
9.247289011020313034e-04
8.828719386422851246e-04
8.400884059409810360e-04
7.338249380118814927e-04
9.785844631051098235e-04
9.444166776439857436e-04
8.154296343127778691e-04
8.124997062391077236e-04
9.548083214419756000e-04
9.479940809473318087e-04
9.405083109217146457e-04
9.065470402915799201e-04
9.341300966482477030e-04
6.956353675807923050e-04
9.245950848993513905e-04
8.586213875239964580e-04
9.938926297987046334e-04
9.810405612329115704e-04
9.511094550610180599e-04
9.680507281547141808e-04
9.844998018712042102e-04
9.074672391787805313e-04
9.912422448192428209e-04
9.434505634485475592e-04
8.784209204870784687e-04
9.296522328742692345e-04
9.656455523899907384e-04
7.211684232860502038e-04
9.769919734192718079e-04
9.403167126727226622e-04
9.682500682991227944e-04
8.810667561572143279e-04
9.847626174237142892e-04
8.877311986998424973e-04
9.624007950769787297e-04
9.943687209023267977e-04
8.474061840588154818e-04
8.434160144850726907e-04
7.325639721442559231e-04
9.315985629769513599e-04
9.487206989832067203e-04
9.972418084635420454e-04
9.333558844666875768e-04
9.367620928466833044e-04
9.667789850972066668e-04
9.871521578693753796e-04
7.751528575826807394e-04
9.602941971802067241e-04
9.972605038306122435e-04
8.712156379715868537e-04
8.063690697190147721e-04
9.128522953452546758e-04
9.675173291980608331e-04
7.716670358628355654e-04
9.512919864329507811e-04
9.504257395762739967e-04
9.800699761905585887e-04
9.500595790373087208e-04
8.218025487366501436e-04
9.371733319644079147e-04
8.492775144172137487e-04
9.778011397362405214e-04
9.274402243597526432e-04
9.502116033042522182e-04
8.423736921539936185e-04
9.138880564971431884e-04
9.749050146568994778e-04
8.984821527954887531e-04
9.968507378891318209e-04
9.951663543605602288e-04
8.875780443572153615e-04
9.332504062430734123e-04
9.351151457111249498e-04
9.847560661918970584e-04
9.940059223730263269e-04
8.841697942992798572e-04
9.647384447904080963e-04
9.852021026311055633e-04
8.491412750404246602e-04
9.494318055875652267e-04
8.163004949094695810e-04
9.949283874692957559e-04
8.809157554890473165e-04
9.753734203966229772e-04
9.258438700674330099e-04
9.608841491877766726e-04
9.004323545783287763e-04
9.654436910836746268e-04
8.055379513016866716e-04
8.448008680960358537e-04
9.543992227355835387e-04
9.971704365186379905e-04
8.343415038810137905e-04
9.534645256987668571e-04
9.466287675067258482e-04
9.616057769649615861e-04
9.197368643871717481e-04
9.762722150328674142e-04
9.304365737827856959e-04
7.022748054419306182e-04
9.980093267887826716e-04
8.946700689606217971e-04
9.893470296212134810e-04
9.681051160659668708e-04
9.639921492968618697e-04
8.997267677334837722e-04
8.954818447316405944e-04
9.913794429930638044e-04
9.520938705550389654e-04
8.401805108594317386e-04
9.876293947120111903e-04
8.671396981952566620e-04
9.067980482482059955e-04
7.985815480832539424e-04
9.947382423281790099e-04
9.967751730088358648e-04
9.954613228165048663e-04
9.283223703236822893e-04
9.245906140597575599e-04
9.375067192312464513e-04
9.690779926949916840e-04
7.978580303018530714e-04
9.370508620805053247e-04
9.543088276700431366e-04
9.434968794513097848e-04
7.686549446355395122e-04
9.780513127789732582e-04
9.090549480832050026e-04
9.149254559055362227e-04
8.300809965322656367e-04
8.893230434103145373e-04
9.721736833511518188e-04
9.080063026997545238e-04
8.651552299838792103e-04
9.941059117121386294e-04
9.908455167379590263e-04
9.837313395719064595e-04
8.969304877893185873e-04
8.038241961614955421e-04
9.228929968760432199e-04
9.611635475219181164e-04
9.870029858941426447e-04
8.907918529033355664e-04
8.579586639402648823e-04
9.950287718979587605e-04
8.045985146700095287e-04
9.758785059230890230e-04
9.931472683427707438e-04
9.574858944246835129e-04
9.364003011151030053e-04
9.729336548413652051e-04
8.971489126521370880e-04
9.904047729838200316e-04
7.650386247227826224e-04
9.343605963137549585e-04
9.544575162438887015e-04
8.039935577336366438e-04
8.927662497476074929e-04
9.726392168577616430e-04
9.003619343546159434e-04
7.820425200974484440e-04
9.372267112438576343e-04
9.327250035409730957e-04
9.953618805443472349e-04
9.051525908381729798e-04
9.259750965725732858e-04
9.796167115108706143e-04
8.848408944877965681e-04
8.004025691498588323e-04
9.503367970019249364e-04
9.412199977514723462e-04
8.636221854580782356e-04
7.741670504311435035e-04
8.627207532749502084e-04
9.553150869809180030e-04
9.227760960599664481e-04
8.523769790921749152e-04
8.106535834874427620e-04
9.644923008162284341e-04
9.732710485198659131e-04
9.545152480225997096e-04
7.963678415993702452e-04
7.885609005062775090e-04
9.872979027826008901e-04
9.827003852077174830e-04
9.943097579989067757e-04
8.853261071556166014e-04
8.164101140605335314e-04
7.924713465185319631e-04
9.636158377102065639e-04
9.523670390590107705e-04
9.815357375090605092e-04
8.113289140641782382e-04
8.417931098234163884e-04
8.993699761114101396e-04
9.198681694039972413e-04
9.453409364940065004e-04
6.432928833433760457e-04
9.718716124867467785e-04
9.579151851974204886e-04
9.974008841568849249e-04
9.636050229022898473e-04
9.871123498573972348e-04
9.879626458433328050e-04
9.416631849624926146e-04
9.950767807193363051e-04
8.888179007522544394e-04
9.022791839029817903e-04
8.553134090359305755e-04
7.314997146298484994e-04
9.161757123693471888e-04
8.801963293095881437e-04
9.900114799632783822e-04
9.604252264015023573e-04
8.799548011675937045e-04
9.458451639338304401e-04
9.999265524847310814e-04
9.702743045044693020e-04
9.302530991643381169e-04
8.210592010073624073e-04
9.687690348854563612e-04
9.012683576582097887e-04
9.011613839300958726e-04
9.886434923507313524e-04
9.399575383636004982e-04
9.815123260145032936e-04
8.446509477566501367e-04
9.972696919993736652e-04
7.474916287650663557e-04
8.844608964830874163e-04
9.799607585585809553e-04
9.886353848457549512e-04
9.964992762070698853e-04
7.284068719183795296e-04
8.812522425637170625e-04
9.827069758994119199e-04
9.872380841529002343e-04
8.680389576472302996e-04
9.886526748912138982e-04
9.756458342789339419e-04
9.592986438840489733e-04
7.611063296786000666e-04
9.407953349820439692e-04
8.347511849290806252e-04
9.341463253038562913e-04
8.613484174713671076e-04
9.926216682736774526e-04
8.199646023217879980e-04
9.614369278527204118e-04
8.904613671651073975e-04
9.968609088446913659e-04
8.841431621090526305e-04
9.618779600225934104e-04
9.203544701586877704e-04
8.154312578908063996e-04
8.588944119594994113e-04
9.480247768411838305e-04
9.514534650023820849e-04
8.834116675742054040e-04
8.248563742095254593e-04
7.921490183607893644e-04
7.708067273903107097e-04
9.606108558093067558e-04
8.881493571901595812e-04
7.643571145185775774e-04
9.002798293862734500e-04
9.410151088910575362e-04
9.968779216604070278e-04
9.759032136649820532e-04
8.476865817847375204e-04
9.731119979916344562e-04
9.241487099447841290e-04
8.889774468902607958e-04
9.591858714514360637e-04
9.396245079859246070e-04
9.183588234426112761e-04
9.235047389899326284e-04
8.893573357255144625e-04
9.025721984025448586e-04
9.716580896741828198e-04
9.064337502794942401e-04
9.269126373389108189e-04
9.256809293249634602e-04
9.088102464187663813e-04
8.971262901980011977e-04
8.729328315175183435e-04
9.366317867431316318e-04
9.710504395791961715e-04
8.883851526505414037e-04
8.009749161315839845e-04
9.575550918244296952e-04
9.055076398518737985e-04
9.260024936052875999e-04
8.282350135147927743e-04
8.621340048619648578e-04
8.263666716145145813e-04
9.450088163361097153e-04
9.425328609453191000e-04
8.873457453609391978e-04
9.360089474106749775e-04
9.626033060735266845e-04
9.580265371104561061e-04
8.765512316769545750e-04
7.649620137509958919e-04
9.359605227877726029e-04
9.910073281456782939e-04
9.829311189520936569e-04
8.297599552089934003e-04
9.830010333183153946e-04
9.587863244614995431e-04
9.470411455086035673e-04
9.667041097089185782e-04
9.215939714011220406e-04
9.091514821282284777e-04
9.034461070549588881e-04
7.602861663593724496e-04
8.991987123892759663e-04
9.062119365968038850e-04
7.852042583277654957e-04
9.327861563418053973e-04
9.850313435836284895e-04
9.400300505902864194e-04
9.832553636278298231e-04
9.521364580640938368e-04
8.140001917938339063e-04
9.401496383322284793e-04
9.659876952937293494e-04
7.735378529808422396e-04
8.539490821360873254e-04
7.748143384628204591e-04
9.735479130007042899e-04
9.997959965650138250e-04
9.581590986271562322e-04
9.413235807684825537e-04
9.348650973506929382e-04
9.015431635333497149e-04
9.962319274799554501e-04
9.605946183803104436e-04
9.132747361470852903e-04
9.464151593479962080e-04
9.865316342909545219e-04
8.023752545008979234e-04
9.546382873547605953e-04
9.871184675948520976e-04
9.590751807689051498e-04
9.393569755574598164e-04
9.938258272859344655e-04
9.754617056284346473e-04
9.392604966519691465e-04
8.993825612560883741e-04
9.608504910646034408e-04
9.412107507574418329e-04
9.182750877666860352e-04
9.140676734049059090e-04
9.111802946528838390e-04
9.769050875167270727e-04
9.968046389765164526e-04
9.558191263307180266e-04
8.972869053130958254e-04
9.320206802167265705e-04
8.723556079407065707e-04
9.259804104749438242e-04
9.128535545940794646e-04
9.596795299102227556e-04
9.390218408734555622e-04
9.863686710657986866e-04
9.466130410365878765e-04
9.838648932579221497e-04
9.523119384181612766e-04
9.080392493467614708e-04
9.905199456110972724e-04
7.456520948483695782e-04
8.649656841770302258e-04
8.428118245725306490e-04
9.535214653068763970e-04
9.610746920405073860e-04
7.687251873390987117e-04
8.481806978372977406e-04
9.507323471763485731e-04
8.996997854765276855e-04
7.917338200894200690e-04
7.636490812957645331e-04
9.084060361197673905e-04
9.780995538759022431e-04
9.031070770833404685e-04
9.948308695545146976e-04
9.123769455572080600e-04
9.445535240597002519e-04
8.893039261337121800e-04
7.600864116951683942e-04
9.042910272081631238e-04
9.052527063430353300e-04
8.872339888475393004e-04
9.187052500866983327e-04
9.041047909234807643e-04
9.566463748507512575e-04
9.671870805717983598e-04
8.668571963393997739e-04
9.722907220497644916e-04
8.465605981579316054e-04
9.551406743656962531e-04
8.917483396969176634e-04
9.687963803678545762e-04
8.650722619619716875e-04
9.094155940136896968e-04
7.661166192256702598e-04
9.403599820730305231e-04
9.842686670512191139e-04
7.885113268888432371e-04
8.372892019703824344e-04
8.752829838599182448e-04
9.902019097627902909e-04
7.644442756430354976e-04
8.842127640891029672e-04
9.315588076364033666e-04
8.915614941229664178e-04
9.182531251921129210e-04
8.781613189292786269e-04
9.359945027655092349e-04
9.877392039911554126e-04
9.316252976291256082e-04
9.926076832898235447e-04
9.532808651219267133e-04
9.257779519716466095e-04
9.344174122609233109e-04
9.322888804833771555e-04
8.825808241627763244e-04
9.828710227160317083e-04
9.062238121308252093e-04
9.401459740354088396e-04
9.238744183049082742e-04
8.611463157677347931e-04
9.058888039854322500e-04
9.711585329068903429e-04
9.338232942886980862e-04
9.725939652950888739e-04
9.526486238343482779e-04
9.484658232212923564e-04
8.567543321064828750e-04
9.408672613407325453e-04
9.629195853165464390e-04
9.037169591713230341e-04
9.210962012256440493e-04
7.936567062599483163e-04
9.551156012974527801e-04
9.730573057539907474e-04
8.719312031289663898e-04
9.819746613231655416e-04
9.936268828979210634e-04
9.600056402797145505e-04
9.623586945616971824e-04
9.611208553448946168e-04
9.383593469479989142e-04
9.599247499404669516e-04
9.783922289489154021e-04
9.929490592312120809e-04
9.304947526234055724e-04
7.819775774564082091e-04
8.317114229958851241e-04
8.293012152266000586e-04
9.529249197277611400e-04
9.715597270905761010e-04
9.627724555038713605e-04
9.900918334526901277e-04
9.377617249154445757e-04
9.809174960122709567e-04
8.709940910256705514e-04
9.782699834162372592e-04
9.237816071712759685e-04
9.915258762483324020e-04
9.106479917321507172e-04
9.643780116467424914e-04
9.892159245065935622e-04
8.240461659243613181e-04
9.138310508189157388e-04
9.186194269675770387e-04
8.974571580579646622e-04
9.994767106843984936e-04
8.585758843233692915e-04
9.985215540540140836e-04
9.449223202156590597e-04
9.568265056191844640e-04
9.688273255110332882e-04
8.799706419648715538e-04
8.154819713014829904e-04
9.699626763767751122e-04
9.355556558822324467e-04
9.721872175955658139e-04
8.928962177361307855e-04
9.228653067245268888e-04
9.956046885586586348e-04
9.139787928388023921e-04
8.833704608897856130e-04
9.534422157639739449e-04
9.707324695303426411e-04
9.029053041607248888e-04
9.365522659321035958e-04
9.234635188857801729e-04
7.854340630459894380e-04
9.051583928922644949e-04
9.034938634238477229e-04
9.997766103656243256e-04
9.524469565854491119e-04
9.774467369738873857e-04
9.540841810503592835e-04
9.538835728053982619e-04
9.914764749266251863e-04
8.869157974825514056e-04
9.439761681007024282e-04
9.641939507654832863e-04
9.573142471454201396e-04
9.819417996097090217e-04
9.915322593003999922e-04
9.702510930497903032e-04
9.580081384174081709e-04
8.771018971826357235e-04
7.882823228822764296e-04
8.015274290269428902e-04
9.776309701415829018e-04
9.854079440055993778e-04
9.797779631110538345e-04
9.189603281279777212e-04
9.650738335698398835e-04
8.771614363868379064e-04
9.864333806427038730e-04
9.209946356482621738e-04
9.834122466468517287e-04
9.253019371620762505e-04
9.854115041640113763e-04
8.933084693105932013e-04
9.234199170234582300e-04
9.447445672054742864e-04
9.277549851233130376e-04
8.632507066527457355e-04
9.052517694521867910e-04
9.539591329992251232e-04
9.558869220362786832e-04
9.368964594013365213e-04
9.283697177260741718e-04
8.605945214542674686e-04
8.954256571132541498e-04
9.405729392758889256e-04
9.572875364122879855e-04
9.339561095064740932e-04
9.845980119868849492e-04
9.231730006747964875e-04
9.756378838016619651e-04
9.966951661923991682e-04
9.108854678379319728e-04
9.525575363140264271e-04
9.752089445782746247e-04
9.017194846309196411e-04
9.822600606981780284e-04
9.671330875171297312e-04
9.370266878851984385e-04
8.794229919972018682e-04
9.446910952247524525e-04
9.946856237191417996e-04
9.404877140893050987e-04
9.181774906743407324e-04
7.904637075626034896e-04
9.424486268520014315e-04
9.842869640410011230e-04
8.537582195226092177e-04
9.718470876949402521e-04
9.517270301214380895e-04
8.385984163413395202e-04
8.708729693237433076e-04
9.294680171471839808e-04
9.032405525951214950e-04
9.846163496427604977e-04
9.334463706272002562e-04
9.619540801842035686e-04
9.559283106543869663e-04
9.302663402167255739e-04
9.295142884755055188e-04
9.819345326478993736e-04
9.161209767808697066e-04
9.661232205734482251e-04
9.123954632042465332e-04
9.669270229974906514e-04
9.918913802713644808e-04
9.418401307434443861e-04
9.355134973330368536e-04
9.002532833419661564e-04
9.346120554820537682e-04
8.400641363982467138e-04
9.393957958065972565e-04
9.966587225274227500e-04
8.928825412278058524e-04
9.330008014113807440e-04
9.194967209917988228e-04
8.524207205996508054e-04
9.805776315527899370e-04
9.638278770824304465e-04
9.417120723555902004e-04
8.400562502864602262e-04
9.715759870090494906e-04
8.487486409218155921e-04
9.732699237446082799e-04
9.057160818369076796e-04
9.970893919664109827e-04
9.503424906621099708e-04
9.964292110508884189e-04
9.537690624857069659e-04
8.659481455446827076e-04
9.771989221333177069e-04
9.644924141759901159e-04
9.232162874146795451e-04
9.228804956112365669e-04
9.008538352444957079e-04
9.765817541455797720e-04
8.878076845959495967e-04
7.512756054531340589e-04
9.989223573241287971e-04
9.803434603730648133e-04
9.491491915826793429e-04
9.864011433532219025e-04
9.075521156782586935e-04
7.795475506682341110e-04
9.198547564242153711e-04
7.039470844258435009e-04
9.421098325923520523e-04
9.539591470456311971e-04
9.203163516506744158e-04
7.368049353570661894e-04
9.597097278582175954e-04
9.484285428441910056e-04
9.527615743674268780e-04
9.945182767371989196e-04
9.438032975207144484e-04
8.365443136603717021e-04
9.789651625654971316e-04
9.629301430453923423e-04
9.990774674469276445e-04
9.669075609621962135e-04
9.527354333637266500e-04
9.373091419193330500e-04
9.090079364061906314e-04
9.715011950276487016e-04
9.391297021695270853e-04
9.794429872044629979e-04
9.407710357843216548e-04
9.602109789753532267e-04
8.949310789200454804e-04
9.303896370216499468e-04
8.962635744793690309e-04
9.920302351472246906e-04
9.377151512653795519e-04
8.955926128206477023e-04
8.322414893078757415e-04
7.973860850012576317e-04
8.402409684391906218e-04
9.780400839739121412e-04
9.701960241293902101e-04
9.744487063268131646e-04
9.597174875040898447e-04
9.491402928672943362e-04
8.601779132903959475e-04
9.868470374385361100e-04
9.460382581044124743e-04
8.622726409168781367e-04
9.578346694201090444e-04
8.552463217901123960e-04
9.154019257264008492e-04
9.184409287881629925e-04
9.214567929101827922e-04
8.132314620826162910e-04
8.773534193880144294e-04
9.837886575666278648e-04
9.801799446389836482e-04
9.999193842076608500e-04
9.360708890028273006e-04
9.722425690906220724e-04
9.681492753540928966e-04
8.730916252180492007e-04
9.960728618494687180e-04
8.331578153915212897e-04
9.786569440495803199e-04
9.684124551629278398e-04
7.999283918477047717e-04
9.478009727957320421e-04
9.941511243925285884e-04
9.938215780216780315e-04
9.094180870206100640e-04
8.568155985803131659e-04
9.194157857066044114e-04
9.087060572562666869e-04
8.271745527309294589e-04
9.936517063188540083e-04
9.326764526068534846e-04
9.748106731084034329e-04
7.534522441085085218e-04
7.564165154972282267e-04
8.661371883201923446e-04
9.899665790969994130e-04
9.039800645181350581e-04
9.070519451473083722e-04
9.874904272096092072e-04
9.917521088526573981e-04
9.993831303213344085e-04
8.239362651913126421e-04
8.384889426533233183e-04
7.892062190975244985e-04
9.773207827943361341e-04
8.484630680801890940e-04
9.330360510740001072e-04
9.349972171792761020e-04
8.950604016455798988e-04
9.992161686268538363e-04
9.940782932962753064e-04
9.958329435537300375e-04
9.161755773867564373e-04
9.061615814369635173e-04
9.847882850684682929e-04
9.239361949967890997e-04
9.566490196943178538e-04
9.196748650578862082e-04
8.651442301232383728e-04
9.801374964367502805e-04
9.408696312148691039e-04
9.459694286435756669e-04
8.037903699443877054e-04
9.471428445049018740e-04
9.785129644656310154e-04
8.309611359293968226e-04
9.715994544057425996e-04
8.816656115690017217e-04
7.298303295679759882e-04
9.428569858764057404e-04
9.907661529614140636e-04
8.257839754195933678e-04
9.138262519213053922e-04
8.043876568617631647e-04
9.559741204270264837e-04
9.427292602148880547e-04
9.704301444150351509e-04
9.977006474096708141e-04
8.038521110062547262e-04
9.941057828321421107e-04
8.486683114783343494e-04
9.798610051380163711e-04
8.846452908540827732e-04
8.654364283820976163e-04
9.947745362844640209e-04
9.787074563672336011e-04
9.886166046689701635e-04
7.677913133216088737e-04
9.119897502863064847e-04
9.746417069446543409e-04
9.567985983868844456e-04
8.568337858695487851e-04
9.325330837247484180e-04
8.879080388628038953e-04
8.305410733793378323e-04
9.576848304503857460e-04
9.391895833474466241e-04
7.628882312288390050e-04
7.759176871657675299e-04
9.918098615956016852e-04
8.974400635739215176e-04
9.996460500373185575e-04
9.794039983126699451e-04
8.933675804871552516e-04
8.715824566313101068e-04
9.359034362731877971e-04
9.804499444719377149e-04
9.120192984902166173e-04
9.498884271340718964e-04
9.995055448879786291e-04
7.686598199393022057e-04
9.716664651942529549e-04
9.122593787570058019e-04
9.647844959831502728e-04
8.637568001836183965e-04
8.702037428737121466e-04
8.828302072143356721e-04
9.212708503536407674e-04
9.861249608101951922e-04
9.845239639805628603e-04
9.051947989843062408e-04
9.033998004009494457e-04
7.754043146568086837e-04
8.342414360349868687e-04
8.006937186509800871e-04
8.418327906760255611e-04
9.137396243295744765e-04
8.944615521264629712e-04
9.541140874013371914e-04
9.003492873572047040e-04
8.864001189035924542e-04
9.743603780668582716e-04
9.954211708426837727e-04
9.997274872818599951e-04
9.939099400480728725e-04
8.517284946827271283e-04
9.482128529440926688e-04
9.173208089960039821e-04
9.612794454442160144e-04
9.448886133044595830e-04
8.605714122631139169e-04
9.673198929510642323e-04
9.759960786154484860e-04
9.116567644911477419e-04
8.811875153827062029e-04
9.857681534064305015e-04
9.297028687007697625e-04
9.233223813020526157e-04
8.696550928026841511e-04
9.620975576368667780e-04
9.554392255221147478e-04
9.980607382678956512e-04
9.857778592807285665e-04
9.181835028935668918e-04
9.166714805496595057e-04
9.636078586299423251e-04
8.324202688565178346e-04
9.716804538647831526e-04
9.559511032508755373e-04
9.326984239096470022e-04
8.391792003755244511e-04
9.516636820486153387e-04
9.999354731922349346e-04
9.620715067092264422e-04
9.885692724165655570e-04
9.123616976838814672e-04
9.788079210143487124e-04
