9.781299968031340660e-04
9.439367838588995927e-04
9.596530398648813430e-04
9.467238229946611447e-04
9.783021263014119416e-04
9.908017686852839661e-04
9.794036110865099540e-04
9.563528210955685388e-04
9.941310167250493914e-04
9.574737730668345321e-04
9.253430261830098823e-04
9.855291901441334736e-04
9.888521302098211407e-04
9.900193494688108459e-04
9.909142644952081448e-04
9.631627954148359308e-04
9.994757690092918954e-04
9.605109238808236553e-04
9.318963003629023934e-04
9.774734759677673399e-04
9.193067639012452623e-04
9.201427680340720913e-04
9.947969422256304657e-04
9.539073287659246810e-04
8.514683729355433141e-04
8.207760878345159768e-04
8.621852279500275733e-04
9.700704012234191405e-04
9.879823580154377047e-04
9.940711370184278708e-04
9.910009880762093038e-04
9.495531697832637359e-04
9.820991124667309731e-04
9.770935185080260703e-04
9.703851110424453535e-04
9.419287402432161959e-04
9.396996576276317155e-04
9.950561259402025162e-04
9.407122266195953918e-04
9.970176602524397427e-04
9.498858077752551357e-04
9.842126612205426631e-04
9.839431973997626955e-04
8.889654753673877302e-04
9.689055552901112501e-04
9.828413032381040377e-04
9.977986043619728376e-04
9.957435351408152301e-04
8.306358517253273430e-04
8.690355900418260436e-04
9.433075715735145380e-04
9.837981757512572183e-04
9.876687143240598949e-04
9.833062297543984295e-04
9.768965037341085633e-04
9.506538604721826357e-04
8.911295548029020235e-04
9.418204673847165465e-04
9.865389555168959865e-04
8.890878041368194089e-04
9.196292413784050435e-04
9.894845441279854006e-04
9.643536216516738644e-04
9.295810413293001872e-04
9.393611599259227589e-04
9.604306205027871371e-04
9.318637101355634229e-04
9.067045555790427709e-04
9.510366957725100746e-04
9.910271625859607639e-04
9.750162609506002028e-04
9.145176195259741405e-04
8.003521459353916435e-04
9.976996249038542521e-04
9.531330580861111131e-04
9.897024971420767103e-04
9.209080527628593074e-04
9.445897450576396263e-04
9.502736256863731149e-04
9.911510857877191705e-04
9.479523946362695790e-04
9.905973998104557546e-04
9.573801663458421287e-04
9.660783908048971129e-04
9.621982167552950741e-04
9.510684521068039346e-04
9.649508940317304924e-04
9.438213809597218460e-04
9.825366444698624586e-04
9.851643740961307707e-04
9.861208811691828113e-04
9.530251172709789829e-04
9.629346424567445219e-04
9.652314961243494904e-04
9.411388406928924717e-04
9.747951518543458097e-04
9.904729177891869341e-04
9.914464366847807776e-04
9.627824208430498876e-04
9.558084388492117927e-04
9.823952835772992859e-04
9.715437861587322482e-04
9.668611530966469709e-04
9.895024395123507358e-04
9.257596146633802637e-04
9.410330718890593492e-04
9.951551901689191949e-04
9.834608251696773992e-04
9.539088723339129517e-04
9.757776704555808566e-04
9.868503555940126223e-04
9.469491838899591306e-04
9.523534843216253064e-04
9.752709499870988383e-04
9.704510976891175334e-04
9.370721236508306254e-04
9.996464028525521833e-04
9.979218756387344021e-04
9.651962941722941423e-04
9.725520343169813398e-04
9.935242223690996660e-04
9.372909533330659381e-04
9.598434983373054950e-04
9.918009916995498831e-04
9.462094056480856987e-04
9.708168340149048777e-04
9.809829453858080837e-04
9.723792263807849896e-04
9.803303033180850185e-04
9.601903351995986352e-04
9.501754318681620431e-04
9.836275738013627000e-04
9.417065787862824097e-04
9.974206109986049566e-04
9.580797894909605893e-04
9.054454723747052715e-04
9.074558738188698466e-04
9.798875346481274520e-04
9.942481754655523377e-04
9.702105749127524917e-04
9.773823757578882932e-04
9.927193046087416390e-04
9.430936311857524186e-04
9.843422121433161812e-04
9.881319009258195726e-04
9.591274500465904289e-04
9.897276237925539937e-04
9.802928206501144992e-04
9.360133305127740213e-04
9.938678280405981690e-04
9.570691841308367250e-04
9.544295109696998396e-04
9.110138411008685466e-04
9.408371781467202806e-04
9.750039076905904446e-04
9.761854602041348562e-04
9.753040828635204870e-04
8.889821406996705226e-04
9.364687062214356941e-04
9.713653999543744909e-04
9.852386378447494999e-04
9.763582051733213450e-04
9.999379399641575121e-04
8.593731147614383893e-04
9.432083024253099055e-04
9.639913553083465265e-04
9.559678627825032686e-04
9.045774544692854972e-04
9.609398049079893910e-04
9.486357169358125563e-04
9.619059069219047494e-04
9.834507071795159806e-04
9.174612028835651490e-04
9.999393972384886670e-04
9.721323783742866643e-04
9.707311498227529046e-04
9.437875591446621797e-04
9.585039143776343537e-04
9.717273732433643046e-04
9.622421193300522216e-04
9.159747931879123331e-04
9.065047596884348059e-04
9.116763859146805732e-04
9.575033947392681388e-04
9.582044194459122914e-04
9.247233106724717057e-04
9.913375855998894474e-04
9.872106579897677904e-04
9.124205133372794178e-04
9.463105854048490650e-04
9.575260951720935068e-04
9.729185662092881392e-04
9.429339835904227253e-04
9.604241700772256102e-04
9.693962988499966972e-04
9.712837582527939721e-04
9.481656446500140879e-04
9.915501989512652981e-04
9.762418746802236291e-04
9.817083579137420198e-04
9.923283656084226634e-04
9.181389341702078611e-04
9.402008508807121112e-04
8.990065800340142459e-04
9.978653080283288786e-04
9.518266589944463776e-04
9.729212967101981500e-04
9.577199164334101664e-04
9.022849549901466914e-04
9.701834163459659545e-04
9.346226834875822568e-04
9.702284903073883941e-04
9.534546699748138636e-04
9.221353586055831960e-04
9.961533720843453784e-04
9.591297902800484040e-04
9.523359908343252949e-04
9.666735872801696236e-04
9.394702076322491513e-04
9.748771056335618721e-04
9.498729841049927429e-04
9.623600456672361551e-04
9.553446148399999914e-04
9.973752827031200259e-04
9.859866030074808645e-04
9.332191809181286744e-04
9.214093758665421957e-04
9.063332280424567147e-04
9.975216334925966159e-04
9.558692501008342812e-04
9.909007852564549832e-04
9.323361355350457238e-04
9.834420699534472850e-04
9.337158546382421211e-04
9.176672974814213809e-04
9.669909714472743308e-04
9.395167065056944915e-04
9.369331504424718848e-04
9.398117644058769527e-04
9.808343159791947218e-04
9.819021107716652697e-04
9.833393282075394461e-04
9.495219919994495354e-04
9.334760111763963208e-04
7.668404128105619621e-04
9.986763722439947338e-04
9.934415909114684834e-04
9.605883966179655335e-04
9.833577045840638606e-04
9.841794554536599862e-04
9.563261591913053928e-04
9.692626322876665918e-04
9.303079033450873270e-04
9.772514354526686594e-04
9.470537874437771767e-04
9.936876673527844043e-04
9.524866069186108553e-04
9.733441360092041266e-04
9.557825593815453885e-04
9.579036514042459398e-04
9.510918306910522320e-04
9.915919506628782798e-04
9.906855083539683419e-04
9.462691997996584966e-04
9.284281403750989370e-04
8.232036330360681170e-04
9.752642110285113892e-04
9.287850744370351004e-04
9.591637175580653395e-04
9.673708913099811737e-04
9.247531767760143462e-04
8.958905242076346462e-04
9.532868056936864842e-04
9.913826639454739742e-04
9.578077981084306622e-04
9.543799482999540699e-04
9.439072518574021355e-04
9.458238584197154516e-04
9.935676174278368269e-04
9.264846460526720683e-04
9.833392984648528339e-04
9.937170731211600327e-04
9.773218705204159140e-04
9.433153347628964571e-04
9.289686850466608503e-04
9.932183125924598684e-04
9.871400326488914689e-04
8.930254576040504459e-04
9.862038638976996369e-04
9.948507440772625093e-04
9.292605655098002326e-04
9.997837509582226546e-04
9.896188655314555865e-04
9.342150296354967062e-04
9.394805378555860483e-04
9.215635852994353552e-04
9.363246301182182258e-04
9.769203643465859330e-04
9.363589842664610686e-04
9.084676863591928300e-04
9.320157196670735607e-04
9.592607086440373045e-04
9.916900572124274366e-04
8.734116523946893135e-04
9.389462993378871244e-04
8.882673659014661202e-04
9.206316913572676472e-04
9.940861679202928330e-04
9.309886071889529775e-04
9.648709421284597156e-04
9.842632485187120979e-04
9.743967567899242252e-04
8.870293493917476377e-04
9.644014771044523383e-04
9.778681255771309519e-04
9.593338432975302612e-04
9.597718348400485419e-04
9.405039863329790273e-04
9.697468938811911344e-04
8.969517521569774334e-04
9.536224196532108342e-04
9.894445966684517566e-04
9.692333434263158227e-04
9.775479888919271637e-04
9.796947397953451302e-04
9.618285305370347354e-04
9.995669660056054947e-04
9.568190119631593332e-04
9.563114365241303727e-04
9.295806608528377852e-04
9.003655442614559752e-04
9.866168297818361799e-04
9.854129087260975889e-04
9.658352480906285103e-04
9.643982365418411187e-04
9.511319377236257706e-04
9.565491964495098772e-04
9.706147582976877315e-04
9.635944782956066971e-04
9.854598521828387796e-04
8.873700407295071792e-04
9.558237976850079585e-04
9.456981948759951399e-04
9.524016526128443712e-04
9.161939932851557739e-04
9.307483045070816729e-04
9.905648850651166664e-04
9.568254389457517229e-04
9.914501497109481226e-04
9.503300771383633950e-04
9.314544722459154038e-04
9.416086607930755593e-04
9.362017947193874154e-04
9.858023836105684733e-04
9.804883978236963570e-04
9.743688203151791528e-04
9.904049508495309066e-04
9.309953641382568736e-04
9.930285122682392957e-04
9.681763576255752665e-04
9.319104772735274352e-04
9.625124894080122747e-04
9.621280045098263515e-04
9.636060884945523873e-04
9.735925882820610977e-04
9.592178031892167975e-04
9.892493101936652294e-04
9.063537584719552056e-04
9.169111025916621251e-04
9.829431897320349987e-04
9.339612937987721740e-04
9.341907367969509235e-04
9.569121317405742625e-04
9.455859521899569620e-04
9.890973580419914341e-04
8.630804420987096479e-04
9.944956763550849739e-04
9.992525943316222809e-04
9.871332815605442582e-04
9.387252723557427308e-04
9.841229371251303520e-04
9.807520755137960535e-04
9.723012132985554270e-04
9.977523948170238799e-04
9.953633311780333247e-04
9.867503638214026890e-04
9.814888600975808092e-04
9.736779166181234665e-04
9.702585735709166664e-04
9.810352607508903908e-04
9.972281031220479701e-04
9.345371912163135493e-04
9.995948902624921147e-04
9.658646599742626120e-04
9.881845809015330634e-04
9.348866901550865159e-04
9.818376649147018010e-04
9.856343936105434536e-04
9.094758781601745444e-04
9.666913458121883379e-04
9.832123788114219189e-04
9.556229656949852876e-04
9.010238590065253444e-04
9.483901276050477492e-04
9.930190208135294353e-04
9.422056899895164730e-04
9.303045395589222425e-04
9.078970037370712653e-04
9.351151641210521783e-04
9.595417553954407050e-04
8.331623335047404558e-04
9.909992249561238274e-04
9.403176436152834404e-04
9.970563307714985866e-04
9.150136868344323215e-04
9.423195636514793876e-04
9.915114405079747568e-04
9.504328628262932385e-04
9.927313968202645337e-04
9.561962866056670195e-04
9.379636517508958653e-04
9.550687678248329007e-04
9.503085780585949919e-04
9.712274757857220896e-04
8.416458670406646572e-04
9.083728476498423082e-04
9.780240144990470091e-04
9.996325976250879531e-04
9.676254072286348800e-04
9.506618511194924815e-04
9.545510718185580340e-04
9.714055048310908311e-04
9.554409790825445312e-04
9.942923538549695503e-04
9.988326013218116334e-04
9.342836974163646214e-04
9.599008317919377042e-04
9.551750570324271227e-04
9.200359878269074405e-04
9.581228342943563098e-04
9.606827206937784474e-04
9.511460418007028090e-04
9.397838832966762777e-04
9.506487531665987591e-04
9.751677301481142613e-04
9.801303952854246819e-04
9.344898247029389052e-04
9.977832956148248531e-04
9.823113896330378913e-04
9.938860163703254827e-04
9.368683921479066925e-04
9.574423942344590689e-04
9.579432684905900578e-04
9.222651649549088023e-04
9.941215427253064733e-04
9.742907918518297098e-04
9.791992012551573293e-04
9.593633271865914828e-04
9.078003745197463269e-04
9.390022053958345426e-04
9.494062420196285913e-04
8.837899673010311081e-04
9.637889645792775987e-04
7.658892357717601461e-04
9.379817601650673438e-04
9.850376918688547642e-04
9.883250845310839229e-04
9.537293516291075069e-04
9.808594675967678873e-04
8.301253580212235869e-04
9.220473640023848236e-04
9.310310236405593695e-04
9.659427809787909849e-04
9.603732812660978032e-04
9.128176386321823054e-04
9.450664423554043080e-04
9.886625142049654605e-04
9.874173160179012827e-04
9.826421635407323225e-04
8.924254659076225624e-04
9.383391539504761219e-04
9.802312093165625913e-04
9.583281432036424565e-04
9.594271119329006664e-04
9.862543179546517502e-04
9.933808750247905602e-04
9.587725372926804955e-04
9.130492277892016508e-04
9.502316568113675045e-04
9.672141102539483183e-04
9.924821245593578797e-04
8.887128479286523662e-04
9.679056610232063566e-04
9.224977937389806709e-04
9.663228708264636011e-04
9.544387520527796960e-04
9.483570207031952757e-04
9.548978929566823539e-04
9.936647336662479853e-04
8.405479410726337478e-04
9.804238807653664709e-04
9.969756386125348032e-04
9.222621820932189489e-04
8.872269538346545630e-04
9.734660740898904525e-04
9.371097372891682917e-04
9.509859602676368944e-04
9.751378924746604161e-04
9.506745616034279183e-04
9.866222210388640116e-04
9.363302837201721140e-04
9.811106848834161374e-04
9.713072699970874344e-04
9.993328181678660504e-04
9.518510869447765511e-04
9.544772507486603500e-04
9.780591218677859178e-04
9.351906218598482522e-04
9.408943364076056103e-04
8.881296384500405369e-04
8.380728031557087504e-04
9.735170490871885478e-04
9.387361418256666814e-04
9.483867894442293443e-04
9.806606880906185066e-04
9.875967004936642493e-04
9.672188385433028775e-04
9.021366342620283120e-04
9.248841493490516296e-04
9.896523656092604676e-04
9.212764228261173874e-04
9.413869451223154817e-04
9.696347176633706051e-04
9.246093757958946842e-04
9.095350746242969204e-04
9.608076190211747511e-04
9.495687208075988565e-04
9.975531168924401532e-04
9.850013622099533257e-04
9.824308691173534551e-04
9.525293131533667636e-04
9.287841024298535428e-04
9.873904577636272335e-04
9.509737640265786881e-04
9.383552866697937892e-04
9.719460504911111914e-04
9.423267856311487358e-04
9.817226766907344564e-04
9.284357793994333632e-04
9.669599243243582470e-04
8.879302690260902414e-04
9.272127647715359879e-04
9.992920574497558221e-04
9.213846909017470816e-04
8.398192624233235268e-04
9.851566384369682752e-04
9.253685305758151429e-04
9.753547343544560419e-04
9.157999281002021782e-04
9.219385434953516643e-04
9.690809349194796007e-04
9.759359401096790549e-04
9.351787842415538012e-04
9.647209676605545152e-04
9.808563182528509412e-04
9.985035796174683651e-04
9.737089237199650967e-04
9.413969803999624368e-04
9.442475701840068354e-04
9.533561961194311719e-04
9.357269425306916294e-04
9.466180237104318204e-04
8.878932778422610845e-04
9.542288882250133959e-04
9.963208465202536088e-04
9.605846516360946972e-04
9.912086034425903174e-04
9.990644166241915546e-04
9.993824431046825513e-04
9.511833435456482858e-04
8.375222553533847539e-04
9.472911465878073841e-04
9.765276003738049618e-04
9.335548710544301501e-04
9.778273034146839088e-04
9.714639859073083677e-04
9.671547423683365258e-04
8.955408710185939558e-04
9.984257262236984152e-04
9.845964473131504045e-04
9.677162935334759301e-04
9.072762785433417581e-04
9.535624423277890092e-04
9.420021273656273200e-04
9.646327631415101524e-04
9.738809944275427996e-04
9.421165593012828087e-04
9.946114517714907226e-04
9.482843407436642716e-04
9.779362693459001804e-04
9.865834639402827535e-04
9.383566321970811426e-04
9.888951503628947131e-04
9.270998741234433554e-04
9.781481190705033218e-04
9.639061177469797521e-04
9.935056644243265341e-04
9.844802506312284786e-04
9.866275048655717781e-04
9.398209704261341552e-04
9.638227639978088398e-04
9.312402711186038668e-04
9.767349612583720985e-04
9.967172749773135342e-04
9.966339021783678434e-04
9.503566722537343074e-04
9.461922526439757236e-04
9.698583476126156500e-04
9.210233773375037800e-04
9.468601625111069996e-04
9.702844480906431179e-04
9.704177718288459556e-04
8.978954334393419350e-04
9.141435941362530734e-04
9.682904471751262610e-04
9.363578351366239928e-04
9.551638039422905360e-04
8.815514295305353293e-04
9.942949768982020393e-04
9.484998350770416963e-04
8.974703492349159813e-04
9.720236263315465506e-04
9.385921892462112870e-04
9.902941066841548529e-04
9.141395685529795550e-04
9.048114921835615334e-04
9.733599538861651811e-04
9.599751204816789514e-04
9.735994122750861544e-04
9.424244620021379098e-04
9.507308135081233864e-04
9.318801261834437416e-04
9.692097515486127954e-04
9.448002072241210893e-04
8.983788704300620358e-04
9.711234301910191520e-04
9.864213700854574177e-04
9.728518152652129236e-04
9.286514514893574662e-04
9.265321814517931374e-04
9.399209258086277993e-04
9.990912331964043724e-04
9.832588579815186060e-04
9.293866657572539408e-04
9.903996254299748340e-04
9.698337849037612585e-04
9.988099981255837284e-04
8.958750306565289347e-04
9.281302286348754559e-04
9.880336960121564698e-04
9.777853508665718032e-04
9.364149434945014897e-04
9.424514484520326359e-04
9.788520171174306273e-04
9.664361293271133508e-04
9.854871994477995903e-04
9.428635272606610777e-04
9.957757768802905259e-04
8.875470615954205280e-04
9.554927870666220062e-04
9.937843306057736036e-04
9.263547289710481313e-04
9.470191237537749218e-04
9.398441546149785986e-04
9.627488448909623468e-04
9.796936709374716098e-04
9.369081066410668221e-04
9.850456885564570081e-04
8.944632406941319070e-04
9.568719110646573987e-04
9.833238047155287275e-04
9.056183594623911292e-04
9.824042539302725151e-04
9.536636704051117347e-04
9.593305997690068036e-04
9.606054998324752231e-04
9.289989434954118962e-04
9.237442917757801835e-04
9.224729714721158864e-04
9.465643496170859320e-04
9.818748620000800238e-04
9.749140798635211888e-04
9.503755623947384660e-04
9.481621876222803488e-04
9.401963977923381540e-04
9.656938441704278949e-04
9.203363022567040462e-04
9.485761844262451288e-04
9.442891600338942969e-04
9.073235475621586194e-04
9.888682002705483608e-04
9.928082249381793827e-04
9.531381354444327632e-04
9.550162827657439173e-04
9.618260758608374039e-04
9.359557444317811179e-04
9.201261998648970451e-04
9.560399144059622979e-04
9.619265564013188908e-04
9.584459528515016291e-04
9.787496838082952559e-04
9.707805575428538709e-04
9.524371992542682384e-04
9.972135776410272906e-04
8.894053163014651762e-04
9.217200058314880748e-04
9.786984742934138563e-04
9.866531982988084593e-04
9.765789306236962418e-04
9.555040075127371009e-04
9.781673966059174340e-04
9.084792978118173216e-04
9.924568041632653419e-04
9.199171126479370074e-04
9.822073801422697911e-04
9.198442008871926881e-04
9.621942912455008984e-04
9.241615713757706484e-04
9.749462475796539076e-04
8.412174359507661615e-04
9.478038553498507272e-04
9.715206423883737457e-04
9.927885183464897362e-04
9.179162042719385146e-04
9.278212922010148009e-04
9.955270457960405280e-04
9.646990690027902040e-04
9.481166309901864660e-04
9.310047355129616583e-04
9.913595247339115207e-04
9.288541960040223736e-04
9.685261820698967466e-04
9.624156165662297062e-04
9.369168273142627641e-04
9.388191791536517911e-04
9.854233057835007619e-04
9.608571747301300698e-04
9.502407569740258702e-04
9.560876756732509607e-04
9.854671669052648530e-04
9.678092752893609988e-04
9.640731591251278662e-04
9.969593677400636136e-04
9.650148931667687762e-04
9.507765995138676594e-04
9.349794924782827170e-04
9.340629982852227588e-04
9.603408088227968894e-04
9.909899032108562128e-04
9.507907105406818160e-04
9.850642294484074444e-04
8.523361534813307053e-04
9.253586387553302444e-04
9.027001657225995840e-04
9.924254358966229546e-04
9.349239750046118170e-04
9.645985490341680603e-04
9.766224593957505140e-04
9.432863168023714398e-04
9.809005555842542114e-04
9.430153896364428575e-04
8.872022996435219300e-04
9.668983213482168059e-04
9.068301806640464025e-04
9.905722411231391439e-04
9.669481937126703881e-04
9.967863185833555992e-04
9.621986285333350170e-04
9.883478840367022292e-04
9.495143678351764243e-04
9.558564731596184104e-04
9.787568161936949923e-04
8.267030700844045640e-04
9.990033238688189599e-04
9.663128925234454368e-04
9.885296449452778828e-04
9.709932726751593262e-04
9.678471008128054559e-04
9.612175363921981238e-04
9.823427391540599882e-04
9.536859741600940774e-04
9.911054517028968121e-04
9.589831159248806466e-04
9.174393335279926957e-04
9.626651632699514049e-04
9.558589607859485984e-04
9.579808656486201541e-04
9.559973251332599302e-04
9.711860819597387682e-04
9.297610103738159328e-04
9.814539688703426482e-04
9.915873609258752785e-04
9.318917227924137158e-04
9.092370611193083133e-04
9.816731494080486141e-04
9.830550794968551023e-04
9.656249326447169856e-04
9.917358760149277974e-04
9.863011517268938273e-04
9.738610050234985634e-04
9.293287023833554606e-04
9.768544603095034948e-04
9.308210206345952399e-04
9.823908749647743306e-04
9.615813859600362643e-04
9.428438075379071614e-04
8.777091315033318328e-04
9.628613936914708852e-04
9.581052991400095323e-04
9.666480833400932548e-04
9.156946783302121959e-04
8.210093297679520261e-04
9.688490320288544290e-04
9.931133710699040825e-04
9.260150430895590238e-04
9.823095269086128817e-04
9.856963400405331557e-04
9.700243658684715815e-04
9.179175885482432091e-04
9.797325650369584967e-04
9.461624334056851051e-04
9.826813992905162384e-04
9.842151809743542989e-04
9.401207297579038634e-04
9.465094677607292393e-04
9.665457091490697308e-04
9.635410160813993917e-04
9.536595236524842605e-04
8.875896572120005757e-04
9.436609824084069313e-04
9.752839662160289183e-04
9.052668259874731369e-04
9.637828661265948659e-04
9.948396624983389235e-04
9.325340954805018141e-04
9.651912885033570640e-04
9.746884183120831362e-04
8.814113855047388301e-04
9.487313770922905197e-04
9.709945885788694338e-04
9.922262121016748974e-04
8.724910126375438760e-04
9.791210446341734250e-04
9.855238529489344403e-04
9.454346974225723722e-04
9.748106662472371753e-04
9.897362584880464633e-04
9.700329071778287463e-04
9.724069335977467317e-04
8.954093514098830772e-04
9.749492816609136876e-04
9.972504867206944366e-04
9.918888616403151014e-04
9.589763495058317754e-04
9.951984722946659225e-04
9.360568122408967177e-04
9.910980688884014293e-04
9.583039368061922747e-04
9.947168930637137821e-04
9.680656592418479013e-04
9.536490217552271668e-04
9.492683270570537136e-04
9.650224027753071974e-04
9.684595641565205094e-04
9.443441144602436480e-04
9.566828880387006663e-04
9.440058613831166755e-04
9.482904196280407191e-04
9.651600292130067512e-04
9.410873373947778713e-04
9.893860633555706576e-04
9.345189575413587711e-04
9.030956107102427110e-04
9.368011886077027162e-04
9.390110969874408773e-04
9.448351241274871408e-04
9.645376888869716756e-04
9.521274430777093827e-04
9.992088634742653068e-04
9.619473635269637371e-04
9.215551769872787910e-04
9.788762552891960844e-04
9.737663291476476553e-04
9.442459275819982140e-04
9.833040229960383991e-04
9.669398729870725979e-04
9.655761498493319441e-04
9.689997899960317096e-04
9.767489182209341224e-04
9.926252830068239396e-04
9.724274504511587871e-04
9.266552603803804213e-04
9.733493464262264446e-04
9.903104736476450818e-04
9.633267725993430348e-04
9.603998986360203242e-04
9.117777138463124733e-04
9.715393403838686569e-04
9.674937250392819099e-04
9.783397023338451064e-04
9.836094344246077044e-04
9.542853669104057329e-04
9.273515194516978883e-04
9.373017316767815301e-04
9.972869004880582575e-04
9.619486470961092399e-04
9.650111923105003089e-04
9.969560973507865173e-04
9.398140461214319480e-04
9.615024599767217888e-04
9.448294083638290831e-04
9.479519188520247859e-04
9.977040809419496226e-04
9.708415967107243000e-04
8.429965584892158562e-04
9.529336013563103345e-04
9.879405151779164715e-04
9.634627551028828894e-04
9.945575262393932872e-04
9.660133511184370008e-04
9.949683120572629970e-04
9.157464051745468512e-04
9.636739017676703703e-04
8.213282273837876554e-04
9.859195863895701788e-04
9.517243798847091225e-04
9.792771950168418366e-04
9.800398694437084755e-04
9.005003674685680944e-04
9.865621965636055257e-04
9.987508628378320708e-04
9.746617002423499290e-04
9.441263684505435058e-04
9.766964215856162312e-04
9.330408832508450736e-04
9.624618095880068357e-04
9.038015292841847063e-04
9.752284009342017130e-04
9.384027056518046399e-04
9.137729612153047036e-04
9.446307257288670978e-04
9.651893605126593079e-04
9.594375204595920323e-04
9.490897575000855181e-04
9.286411059119675793e-04
9.585540546887209162e-04
9.308261854080559280e-04
9.466687846597509216e-04
9.570146589523000156e-04
9.906053819575351329e-04
9.571855668432600927e-04
9.777636427540999271e-04
9.934352767622133852e-04
9.837479076959794542e-04
9.944349133226616268e-04
9.357029306653535461e-04
9.334093828642759348e-04
9.420779941192985313e-04
9.299339314336467661e-04
9.459289099388901471e-04
9.539246415341580279e-04
9.142293392511210287e-04
9.819561548964686731e-04
9.200065114242108287e-04
9.862284906541724742e-04
9.529481895405105766e-04
9.815642455570435399e-04
9.651129394180798507e-04
9.819316957249421898e-04
9.398724505461411019e-04
9.614372284067761220e-04
9.449978918177276768e-04
9.626040432562389107e-04
9.868675820181530695e-04
9.594636992134976741e-04
9.710567898350441372e-04
9.712785384227583165e-04
9.336871326976745652e-04
9.868153316378097065e-04
9.571906804160688811e-04
9.241003857170475679e-04
9.149006600241298181e-04
9.967996579446003133e-04
9.740023803290841610e-04
9.003342185689935549e-04
9.896734352537828270e-04
9.699873687004400332e-04
9.004236198882249742e-04
9.623620717595446220e-04
9.418890202949617907e-04
9.777940520350014535e-04
9.531321409859125956e-04
9.492486304507277315e-04
9.920103529682826240e-04
9.772858953850792774e-04
9.084555276076301811e-04
9.436613518404577457e-04
9.317950504877140720e-04
9.921326269360867655e-04
9.454371120867113669e-04
8.682114195181489785e-04
9.202901205972428443e-04
9.597122356419919651e-04
9.024352700598730530e-04
9.810669611643235352e-04
9.916045082690358968e-04
9.837034872960130540e-04
9.795216084226034386e-04
9.750661523623113712e-04
9.868340946589473656e-04
9.247381075023992708e-04
9.934091006983485333e-04
9.651078096664894405e-04
9.658321218784268573e-04
9.824450792928539431e-04
9.531281517998603601e-04
9.767456810088387311e-04
9.169726575329355993e-04
9.007073715043451305e-04
9.317851111229945651e-04
9.721476394101978861e-04
9.898771649186784410e-04
9.666642849949123265e-04
9.484605626159703417e-04
9.816416591295570350e-04
9.350308001658292094e-04
9.857034931883409609e-04
9.835952628755913890e-04
8.830605509922250093e-04
9.408009877516770999e-04
9.744341547194789160e-04
9.884943135003816054e-04
9.980022036633420541e-04
9.234546603200468901e-04
9.693317529027536310e-04
9.436783288388247547e-04
9.495017893277898175e-04
9.709260424604706802e-04
9.392423224111849525e-04
9.037538579821069971e-04
9.439569400427636012e-04
9.949199326514833117e-04
9.588617264398246152e-04
9.510811373297267972e-04
9.162444505635829487e-04
9.453043948369650989e-04
9.835348346082482818e-04
9.500763245374317613e-04
9.365557808517354244e-04
9.162044249887783256e-04
9.378254883548781161e-04
9.808567364675633681e-04
9.658715665693180276e-04
9.508070984547024179e-04
9.683205973276782586e-04
9.565673978995313216e-04
9.873904223372568460e-04
9.949592991218604316e-04
8.273603339764273173e-04
9.630682671770663620e-04
9.248188592494307157e-04
9.497881566208714581e-04
9.446774190562997470e-04
9.795553645875608884e-04
9.419090269316074404e-04
9.038818326527795583e-04
9.316321828489725629e-04
9.243433054713569730e-04
9.771795319756051718e-04
9.831538753040187841e-04
9.466131309830439758e-04
9.325008615592837204e-04
9.495904985845342750e-04
8.479333998065238668e-04
9.779966268333071221e-04
9.992833781562169594e-04
9.923441069540177295e-04
9.916701031650798290e-04
9.825992874295654076e-04
9.816901380016787842e-04
9.508673368295055732e-04
9.360248264763305513e-04
8.442891391997095051e-04
9.562349113068132483e-04
9.655109992144526518e-04
9.654345729597746091e-04
9.493057135546383420e-04
9.099297224967007811e-04
8.894057072232894930e-04
9.201742034836444878e-04
9.971858921810202933e-04
9.644744990168897629e-04
9.996913546488257491e-04
9.756878389726261107e-04
9.809223662571614922e-04
9.604366110450586859e-04
9.733805796416415777e-04
9.806813200309032110e-04
9.670807114318483730e-04
9.337029885070637601e-04
9.836343373158598635e-04
9.539929232009998830e-04
9.732315165476155194e-04
9.448888847882414357e-04
9.914838907732744042e-04
9.135209234151185891e-04
9.917650909835123117e-04
9.445207459805228132e-04
9.813919481701429554e-04
9.770192213907594354e-04
9.889467166765268137e-04
9.589356362039236966e-04
9.912128621901419769e-04
9.537928347851885305e-04
9.454136512126604932e-04
9.766094492466822000e-04
9.334058665779205316e-04
9.535418227834639975e-04
9.831321113054952623e-04
9.750834920891773101e-04
9.987243385571810839e-04
9.167237211365563245e-04
9.971451608745227502e-04
9.840439827133215089e-04
9.873509018997965025e-04
9.347148683833831143e-04
9.634191522465298087e-04
9.641690328627285610e-04
9.788955288261764510e-04
9.179780784550130605e-04
9.603264494304693559e-04
9.836060640432213974e-04
9.456368901856633796e-04
9.864909306683544710e-04
9.830522688740221064e-04
9.431156612420147148e-04
9.703707121148082235e-04
9.351570570150028990e-04
9.838940703547486340e-04
9.324830553950128054e-04
9.743293512530465210e-04
9.564535612800602023e-04
9.878344904130172046e-04
9.725504342311114400e-04
9.492319851471943230e-04
9.219451290460402076e-04
9.300882609393681250e-04
9.478176353721300129e-04
9.263696368094931789e-04
9.965821888222468807e-04
9.394712473651632830e-04
9.391782749346212246e-04
9.738240949481376555e-04
9.273898891482642735e-04
9.701415493214659127e-04
9.892655150674847797e-04
9.513302161387396242e-04
9.525813031119471962e-04
9.855980947495522441e-04
9.465291621889461828e-04
9.984721290657173464e-04
9.355451286636501298e-04
9.589375941378669270e-04
9.088117463286986405e-04
9.829169674108921909e-04
9.469941380171615491e-04
9.635637467974125011e-04
9.640115803966591967e-04
9.732928152534009794e-04
9.585768202794774182e-04
9.767781061484881976e-04
9.762180142054443805e-04
9.888058175614665955e-04
9.554291963592546379e-04
9.416963457096937324e-04
9.507230429978441068e-04
9.847501605264714040e-04
9.564875817635682060e-04
9.843781954258152330e-04
8.978911924768902741e-04
9.346161170671363509e-04
9.427244107374533081e-04
9.277808418266480063e-04
9.522473672182376215e-04
9.816019474125205289e-04
9.833471327054157506e-04
9.730242750902204189e-04
9.313493668563015658e-04
9.781684104827675311e-04
9.827361945140354171e-04
8.673641958337920252e-04
9.955761374414661639e-04
9.114974041546045763e-04
9.950816701183758106e-04
9.113060165980759603e-04
9.875417011823749494e-04
9.506103458807086846e-04
9.553832658211649630e-04
9.469649263451538051e-04
9.324019286806377272e-04
9.161343457702375093e-04
9.728749095673601063e-04
8.894706256503166633e-04
9.767748032057368621e-04
9.951778555740517940e-04
9.543648081820674646e-04
9.262873131638749624e-04
8.925389784428316509e-04
9.369872366347211691e-04
9.935281084536542930e-04
9.708466365267923561e-04
9.769419566825405295e-04
9.415291884487373862e-04
9.588523456064900960e-04
9.978262711168388831e-04
9.476317201423077596e-04
8.894736542303306086e-04
9.512415593388286400e-04
9.858964643293687859e-04
9.811210042409484675e-04
9.983050031644883152e-04
9.854557587863908060e-04
9.266317386866264327e-04
9.618628533511798268e-04
9.120783700059170501e-04
9.522598231785070260e-04
9.295503317457109961e-04
9.346059540013071246e-04
9.859794740911973984e-04
9.170004626198333467e-04
9.777623518834007484e-04
8.331172584381701419e-04
9.621019889991159297e-04
9.105638936104312872e-04
9.397437626493650381e-04
9.607858302304679490e-04
9.451220514670457488e-04
9.160961328296582211e-04
9.725728382124345728e-04
9.875133134374055634e-04
9.864483496132240171e-04
9.657654872120506996e-04
9.604237612795144333e-04
9.205144215378103980e-04
9.448179020737862508e-04
9.818475404616627215e-04
9.396444513436481155e-04
9.188311691660002714e-04
9.575842800387505830e-04
9.550095732391973655e-04
9.214487925512926652e-04
9.658613212003141092e-04
9.464464991913616254e-04
9.405750828168504092e-04
8.453046234226066795e-04
9.529627258430256728e-04
9.603196064225062376e-04
9.644580352606595868e-04
9.788971343136073852e-04
9.825404499922425327e-04
9.895227782106569975e-04
9.669040041465320600e-04
9.919144650287591968e-04
9.504814321864843906e-04
9.427945022738630715e-04
9.896353205986782413e-04
9.456362401688259318e-04
9.729145934135555607e-04
9.750756367692129311e-04
9.555410707272642872e-04
9.225547748539146640e-04
9.401376646934015173e-04
9.777272096161953446e-04
9.567652071538065243e-04
9.907846284971299697e-04
9.154293230405513874e-04
9.951739130726309796e-04
9.144361425776989126e-04
9.784343048047502642e-04
9.451946834184073729e-04
9.863122960355626394e-04
9.429487706901088298e-04
9.210264536120551723e-04
9.569316345463813175e-04
9.956089008268604115e-04
9.346330757170589597e-04
9.670664938936217878e-04
9.883762176695089479e-04
9.977492917708540368e-04
9.182635307491147968e-04
9.848864516192722823e-04
9.444202875598572879e-04
9.420602121979014922e-04
9.751999443446826912e-04
9.153888943924489352e-04
9.488680180214441014e-04
9.530534733980599400e-04
9.766845706513246038e-04
9.423310895972832881e-04
9.725890820234364860e-04
9.860718050713397111e-04
9.565034763730141014e-04
9.892310693058628361e-04
9.094159194797705407e-04
9.246750069024650557e-04
9.915304013046963034e-04
9.941485545258341421e-04
9.358233977819368533e-04
9.610356800014355346e-04
9.152238585551026109e-04
9.484327495592234213e-04
9.992636879766149307e-04
9.623739110476513649e-04
9.663966417893895449e-04
9.714685213986619470e-04
8.921020012877952602e-04
9.501054406814119597e-04
9.461976662578816229e-04
9.751982963799760455e-04
9.609138884397946945e-04
9.117858829695169726e-04
9.352178499691133360e-04
9.931274692067471391e-04
9.776968365878384044e-04
9.942639014840287063e-04
9.738497942036173066e-04
9.827759267886340862e-04
9.745477922755358454e-04
9.722105094277595696e-04
9.907826076067586911e-04
9.571556473078171633e-04
9.575117775767259636e-04
9.712943443528753579e-04
9.724140402400419884e-04
9.548157905191607909e-04
9.119016897297090116e-04
9.554530664389806072e-04
9.990556024143328225e-04
9.792429708198357226e-04
9.446522043372533161e-04
9.472939526977700508e-04
9.294326542953883783e-04
9.496749937031629014e-04
9.949937050499171095e-04
9.194493495465557885e-04
9.663742228555910647e-04
9.265650081458281584e-04
9.797932146609696254e-04
9.420966638551155330e-04
9.083126939056115597e-04
9.353127229571558303e-04
9.746580430911610561e-04
9.539133785558472859e-04
9.215384196782430704e-04
9.304129801130320027e-04
9.952400891333396983e-04
9.926550467104439460e-04
9.589711997644021543e-04
9.876132690450247897e-04
9.614318347113308752e-04
9.738804136172234723e-04
9.129441626793041156e-04
9.025276069036570776e-04
9.906607863701972355e-04
9.957417031639613763e-04
9.556098659243626552e-04
9.939630891576641588e-04
9.661041321885302686e-04
9.382055775619399041e-04
9.594606641308869822e-04
9.732878438365758986e-04
9.596855848045325425e-04
9.955502733491154721e-04
9.419623143084939094e-04
9.623205992375305972e-04
9.376607565150873276e-04
9.923002497937859125e-04
9.871598852254643685e-04
9.965440175078118558e-04
9.302908044848117331e-04
9.255592963403179050e-04
9.913982440943440184e-04
9.556147291480902427e-04
9.835317486023456394e-04
9.452847551533013386e-04
9.495562444838682092e-04
9.900540100779484359e-04
9.886835252186781942e-04
9.640225432654506718e-04
9.744434749659468568e-04
9.123658977354363875e-04
9.765016214137194799e-04
9.444766501547678878e-04
9.386897349126431490e-04
9.800115128363626020e-04
9.534816325599442585e-04
9.215534860133405524e-04
9.788122136481624408e-04
9.725754671160083539e-04
9.293630346899148936e-04
9.641832859664736669e-04
9.708505667921812129e-04
9.617496964862340533e-04
9.956601906536647218e-04
9.906116766112179738e-04
9.376494392363186837e-04
9.215013485629029591e-04
9.921184224326916410e-04
9.949417564969888043e-04
9.602847738839340912e-04
9.649995338931313324e-04
9.423150703352864161e-04
9.999113838637745631e-04
9.581455813881256667e-04
9.365966864953704672e-04
9.984979231568121612e-04
9.949153245846094860e-04
9.293582352531377455e-04
9.571235430263472406e-04
9.052800172064154978e-04
9.698668122490799537e-04
9.369816990650723558e-04
9.534367829525593370e-04
9.877556135868127522e-04
9.889523132027603584e-04
9.978177313224548695e-04
9.633638929738378440e-04
9.580483520742239141e-04
9.822184068686719803e-04
9.301425116006125813e-04
9.589120247860136517e-04
9.570745309544996917e-04
9.793026093001210280e-04
9.645937732405455121e-04
8.427528006181222520e-04
9.306919439106908038e-04
9.887225757633205225e-04
9.797846262604105374e-04
9.319563251982710414e-04
9.552721187269280941e-04
9.002092672569410921e-04
9.717376728638973818e-04
9.978172542192060342e-04
9.493944728740508947e-04
9.443766543957971254e-04
9.435747540830532456e-04
9.754197885633707904e-04
9.149524312248736441e-04
7.923729284347562222e-04
9.953403397670729236e-04
9.719212850713834307e-04
9.926327563849913355e-04
9.281705464574797155e-04
9.495191920082016700e-04
9.900239764378776335e-04
9.617848445372476768e-04
9.811567684338137144e-04
9.560658790738197884e-04
9.588612057787632582e-04
9.541035582761969551e-04
9.799946104523198608e-04
9.722332817033692634e-04
9.861503319116516827e-04
9.320728352445745027e-04
9.421021590393671794e-04
9.868995338853795481e-04
9.602149236814532971e-04
9.924439630109840784e-04
9.180569700591523566e-04
9.131396195385205151e-04
9.572000215522309848e-04
9.979505655966513806e-04
9.665419311621077213e-04
9.288058506740319705e-04
9.597338596390481450e-04
9.693076216352650544e-04
9.719756694298759296e-04
9.633663755391628147e-04
9.966131685127154263e-04
9.113951835299383825e-04
9.810371388166560114e-04
9.924022640261228809e-04
9.709422381767807359e-04
9.338170100911786327e-04
9.547144202723866152e-04
9.797673592087682935e-04
9.517934208039358990e-04
9.659164766882857812e-04
9.259319507698903981e-04
9.538708872283613088e-04
9.556010010632028442e-04
9.762773308248657699e-04
9.395768965035019866e-04
9.838614759608336167e-04
9.484366179292123399e-04
9.617638693234667555e-04
9.506064095559338704e-04
9.171966268938176780e-04
9.957508116870167521e-04
9.613040727475757148e-04
9.780322362983920846e-04
9.653792923805632701e-04
9.469319468032416339e-04
9.705431412673489822e-04
9.963668349355311350e-04
9.742203581104923573e-04
9.369629796360522426e-04
9.361438494564638946e-04
9.898956195926447363e-04
9.291620259750520573e-04
9.827730793029981326e-04
9.971603312784167814e-04
9.859817277226450884e-04
9.195440776501417456e-04
9.873733447818375687e-04
9.784622865814983708e-04
9.518326839784405123e-04
9.408812748158585119e-04
9.359473363438635838e-04
9.907581602732059515e-04
9.406214276448346834e-04
9.971088805854791230e-04
9.618067966260364582e-04
9.658986149348411940e-04
9.473622931418033532e-04
9.993350318932606689e-04
9.258065645267284701e-04
9.589409219428078265e-04
9.627049387036706657e-04
9.954183564738349095e-04
9.666674601123050742e-04
9.538691880263663794e-04
9.764593328719552026e-04
9.477614548203724260e-04
9.564397586949880282e-04
9.686734432487624285e-04
8.366369454698574385e-04
9.511049599769525647e-04
9.770731225160044636e-04
9.591838398913244117e-04
9.067702638665529500e-04
8.846614181484303971e-04
9.124189897153862699e-04
9.870439905825042094e-04
9.574895224179756940e-04
9.871812653146775154e-04
9.895366910158578770e-04
9.745871986292743358e-04
8.412381986156181046e-04
9.949334114371097878e-04
9.468908919515220098e-04
9.705487508746620407e-04
9.694699910646465118e-04
9.968585191360967296e-04
9.712970701361041534e-04
9.350190616465334052e-04
9.924913891183038440e-04
9.506051245478479295e-04
9.262979651686517862e-04
9.544777149726956476e-04
9.930010136992993737e-04
8.812910729108936608e-04
9.069586619830758041e-04
9.822039752505344785e-04
9.556403175203492112e-04
9.234374777935123709e-04
9.917194396552306886e-04
9.557321211507223109e-04
9.383977114727462716e-04
9.266993491831622149e-04
9.451650053644396676e-04
8.894150558215029728e-04
9.718119841838222719e-04
9.837361273389549476e-04
8.265653147882191711e-04
9.781540537870108288e-04
9.037015594409772944e-04
9.549049826363779914e-04
9.576121853146290315e-04
9.338573900033963994e-04
9.322143918341718825e-04
9.775972250825684402e-04
8.936671077341135213e-04
9.131064123890488080e-04
9.571389515020893145e-04
9.610271401729797089e-04
9.206561235218954599e-04
9.759276929345656526e-04
8.962350341202193456e-04
9.745098035012649028e-04
9.300115566695787159e-04
8.437674145504366627e-04
9.258482233002937861e-04
9.346191668143926257e-04
9.765340992126928963e-04
9.888057822144888636e-04
9.495897948828752651e-04
9.193789188447791180e-04
9.383141214009292283e-04
9.674225178132924699e-04
9.359215696606900791e-04
9.763833248589059901e-04
9.494446164249139598e-04
9.601308456217356232e-04
8.482773507917598264e-04
9.236102796523553652e-04
9.868447402961563666e-04
9.962503976957439149e-04
9.625721330766457036e-04
9.799302942352817059e-04
9.933137714071315402e-04
9.608498113339693572e-04
9.431540814390459125e-04
9.779093972178099729e-04
9.682390101369436636e-04
9.769400899330893309e-04
9.790041805486716150e-04
9.483068542141441862e-04
9.265938260960645710e-04
9.391242292651447946e-04
9.774588485769182111e-04
9.069233135317401927e-04
9.801147126059510557e-04
9.425101701150333071e-04
9.618046370149633704e-04
9.532856221413580754e-04
9.953423438585778677e-04
9.900166345998247588e-04
9.955390242974981874e-04
9.259334453627865663e-04
9.616980022969521050e-04
9.271115631458858204e-04
9.912343840705491443e-04
9.525230770516222856e-04
9.244767376526849502e-04
9.489814315615772728e-04
9.690537485831913047e-04
9.486758254479473601e-04
8.950351984234521194e-04
9.097091530919401399e-04
9.949802214016627549e-04
9.214281740922494746e-04
9.820626308057270066e-04
9.767614300819065388e-04
9.908120184025548567e-04
8.991348200454125439e-04
9.168658037900816920e-04
9.575351522439605207e-04
9.077611253765072294e-04
9.039535135152051678e-04
9.250833243604208393e-04
9.702705815087200479e-04
9.946733477149806782e-04
9.622685698414486146e-04
9.777733519630055388e-04
8.453327407561887731e-04
9.494523211233691501e-04
9.383924337862252800e-04
9.450547986633376892e-04
9.472971713000827819e-04
9.807174894972774375e-04
9.851981628779110916e-04
9.687685194322114956e-04
9.532839515317259984e-04
9.779550407434515515e-04
9.010150735799266758e-04
9.732806966617505101e-04
9.851960426910449584e-04
9.936082333049786261e-04
9.133507500474649481e-04
9.751191580254699740e-04
9.273045544048668471e-04
9.488287039452136199e-04
9.108184099963295092e-04
9.578393276408253207e-04
9.522377741558321965e-04
8.786087193595996806e-04
9.429992099386792087e-04
9.475200995865358305e-04
9.912523534371543016e-04
9.433222583630534097e-04
9.194642856790142356e-04
9.408260195050372008e-04
9.804904637863104486e-04
9.391942504834027575e-04
9.494004375054669511e-04
9.554302057444944178e-04
9.918887718007157999e-04
9.589723415164481436e-04
9.632060565457992727e-04
9.561187323511196852e-04
9.532185236171472880e-04
9.834596133919519274e-04
9.636740243853678329e-04
9.240974509590383669e-04
9.327228965874201708e-04
9.072843108659753861e-04
9.762235204430912052e-04
9.313993931500547932e-04
9.909844945413584776e-04
9.398245138765335760e-04
9.702440878007141710e-04
9.399514431536888344e-04
9.523979287043175595e-04
9.315612672719931868e-04
9.204186264001382439e-04
9.292252766151859380e-04
9.368533679938738411e-04
9.603351924449385520e-04
9.870877991206912679e-04
8.997812435361771154e-04
9.756576443647349637e-04
9.170722972199950394e-04
9.528553637356948405e-04
9.844623010773119205e-04
9.875904341547418839e-04
9.192847835727714764e-04
9.525906054879009323e-04
9.563179957736993222e-04
9.601319847941100017e-04
9.576238811740120154e-04
9.243034918299454939e-04
9.647823548224316020e-04
9.864934466233472084e-04
9.984905038308959386e-04
9.746523053026674840e-04
9.680580209140920121e-04
9.131133425794148249e-04
9.824504107581715634e-04
9.873774307816976428e-04
9.693307281070717230e-04
9.725744775391850913e-04
9.729788812334253098e-04
9.896957126884278755e-04
9.438098247529590592e-04
9.629512304983787151e-04
9.406017456764447469e-04
9.337357543036036182e-04
9.460564178347519561e-04
9.573396064941654127e-04
9.569693771881377167e-04
9.591042919858744006e-04
9.762476957858285493e-04
9.853001584424483320e-04
9.242031285449439637e-04
9.287654672531715002e-04
9.275715284812250088e-04
9.946304052847469886e-04
9.731056490858497809e-04
9.778171182011818809e-04
9.056784880727871941e-04
9.947525661089429323e-04
9.839572672921846272e-04
9.738869428825209541e-04
8.996499645611328753e-04
9.920658427106916841e-04
9.813079049532564841e-04
9.409217750378913404e-04
9.468899273322768520e-04
9.653070120367140657e-04
9.456571045764645966e-04
8.793410810198564690e-04
9.585374930336199809e-04
9.800061413934332659e-04
9.768467512852904537e-04
9.279443896903493165e-04
9.584737182453863941e-04
9.752399677583025632e-04
9.760929782219584247e-04
9.945672066303972748e-04
9.763701176917078924e-04
9.183589667330472163e-04
9.717824342364295024e-04
9.711986616693940198e-04
9.588753832173701466e-04
9.746855535722355598e-04
9.132811652662535355e-04
9.704911033850066940e-04
9.697309116718516456e-04
9.470034231555365164e-04
9.348872923980554436e-04
9.304177234561659656e-04
9.446450344970957515e-04
9.061792161177745133e-04
9.228008710940143995e-04
9.774450233571946138e-04
9.368010623441973142e-04
9.797203845046244339e-04
9.499255580184535032e-04
9.357000934418020690e-04
9.768819713913818020e-04
9.633710101968286001e-04
9.492985127635129687e-04
9.204850812726947037e-04
9.930847115914194501e-04
9.958662224579203394e-04
9.090186372289478208e-04
9.082506920240414642e-04
9.545009689065750338e-04
8.918651622556103553e-04
9.957001662310733647e-04
9.530016637098706785e-04
9.749738124783214558e-04
8.999873317182359835e-04
9.615582601107289067e-04
9.821283175471130344e-04
9.875163703516843475e-04
9.919573314622295336e-04
9.971607486376952122e-04
9.902236064829709767e-04
9.834506672489753357e-04
9.043959461791606326e-04
9.589036109241921933e-04
9.250711518983934607e-04
9.229714836655558176e-04
9.961651901948668283e-04
9.369155420247459115e-04
9.516445368796684059e-04
9.419118485816847667e-04
9.611179605348220845e-04
8.226624901554498029e-04
9.265912776019442996e-04
9.578831266397736226e-04
9.552775431026271427e-04
9.672208002287289563e-04
9.451806763904434380e-04
9.401104078278305033e-04
8.907397684928447567e-04
9.881439999553363364e-04
9.200805210995661532e-04
9.479609102218828623e-04
9.436038195279993889e-04
9.973841678722914026e-04
9.879077012635575309e-04
9.352858233514551580e-04
9.610646667101941862e-04
9.633700544747063896e-04
9.345510482766750202e-04
9.854637311551856654e-04
9.111337913962219443e-04
9.623713193723119680e-04
9.362487020161355290e-04
9.644643233085125038e-04
9.442318502106465889e-04
9.173751014262187739e-04
9.556927768389458832e-04
8.383849217630885611e-04
9.742597970266531158e-04
9.859287735756393743e-04
9.845648739001898984e-04
9.754083394280314541e-04
9.053515801927455040e-04
9.976520833659802655e-04
9.697183441113944912e-04
9.650222377797711918e-04
9.423030470120134436e-04
9.355262349097087649e-04
9.784536744336348128e-04
9.544076020826033901e-04
9.519594747969399888e-04
8.874901381487733474e-04
9.696796978049465133e-04
9.810755702933577661e-04
9.786238320762703780e-04
8.976009254223352510e-04
9.921909282400113300e-04
9.432332079417164988e-04
9.595560360568788092e-04
9.452640761528660444e-04
9.505268926652462322e-04
9.476623664260731264e-04
9.459875185378458212e-04
9.637217117883372123e-04
9.736431476312822552e-04
9.254309015621609534e-04
8.749493696214431272e-04
9.956336143285883251e-04
9.399958895288283104e-04
9.435478645659327182e-04
9.738383186629093018e-04
9.671112586182808611e-04
9.909146428057960792e-04
9.226167617027466843e-04
9.376560580652301777e-04
9.956518842279922163e-04
9.713823417282703735e-04
9.974001202651646466e-04
9.480448512334451600e-04
9.766611434645457775e-04
9.284929618050485282e-04
9.936509301602563290e-04
9.662862099099018632e-04
9.586775465013773652e-04
9.333114890099600573e-04
9.898035630256599854e-04
9.900322113706753677e-04
9.622847388084292478e-04
9.953521835828467532e-04
9.608256578776478698e-04
9.895791334668352195e-04
8.538166997515333817e-04
9.431339452845886396e-04
9.670746206986776273e-04
9.343408663831000030e-04
9.664254982579893695e-04
9.797618629594523777e-04
9.629254306490370478e-04
9.432321986968975969e-04
9.366577266938088883e-04
9.959168367844615025e-04
9.861268017902207351e-04
9.374005526333494724e-04
9.808040618811085781e-04
9.859860901250774336e-04
9.825153388281059746e-04
9.462705897182899662e-04
9.962370561217403619e-04
9.494581297872104137e-04
9.963462183741459734e-04
9.498812130435918500e-04
9.964966599930609979e-04
9.581493761378440067e-04
9.448965716315777669e-04
9.798758379489639660e-04
9.908644073026147501e-04
9.630624880993213666e-04
9.484448481038244751e-04
9.497161792239148690e-04
9.301817585743140174e-04
9.204456148912174658e-04
9.031100618618766694e-04
9.505917676780462197e-04
9.949602545447765612e-04
9.998936495980090267e-04
9.486233701535690382e-04
9.885896461865721369e-04
9.635180805613931818e-04
9.751172826387610910e-04
9.824133576036310749e-04
9.873049276448505208e-04
9.122833067801774942e-04
9.354702994607953402e-04
9.489284140038510909e-04
9.194804545739664395e-04
9.347423012682742329e-04
9.607532665208786717e-04
9.628806279886114672e-04
9.589032065310950596e-04
9.609427589049880083e-04
8.301067608036294572e-04
9.438760401426454609e-04
9.762650777553258646e-04
9.355941606248278789e-04
9.422978253918511474e-04
9.804114393060390717e-04
9.736976577669172531e-04
9.477362948885784209e-04
9.493570888270060374e-04
9.163196950180804885e-04
9.934132189173567468e-04
9.895064599246593609e-04
9.807552252022765701e-04
9.199090091171243776e-04
9.733073037231636682e-04
9.276897146857801622e-04
9.202790275575545211e-04
9.564191440555677324e-04
9.786757866708333236e-04
9.103413999958883578e-04
9.257815715822062400e-04
9.425612185692226882e-04
8.410860465533422396e-04
9.847748725174655052e-04
9.988191526462042360e-04
9.875421461117877067e-04
9.898871066678681732e-04
9.858792613906554834e-04
9.809563015646756336e-04
9.789735321050030241e-04
9.836458319025037037e-04
9.980656602811956244e-04
9.261511282034213524e-04
9.523262186999767237e-04
9.858620760212798758e-04
9.592498327719087411e-04
8.539488395476293233e-04
9.353333533278018015e-04
9.728326792439602032e-04
9.714863004498257466e-04
9.987177692901323418e-04
