1.532470455253496766e+02
1.246969654466956854e+02
1.071228865534067154e+02
1.048619707077741623e+02
5.806079190131276846e+01
1.261951822405681014e+02
5.033203158341348171e+01
8.528426150139421225e+01
1.397607226800173521e+02
1.667884911345317960e+02
1.450457536028698087e+02
1.521431501861661673e+02
7.383510096929967403e+01
9.188527796417474747e+01
9.525834013894200325e+01
8.785649851337075233e+01
1.380908744065091014e+02
1.497291893865913153e+02
5.736705384030938148e+01
8.027260232623666525e+01
1.130960763813927770e+02
1.549631728809326887e+02
1.545597588689997792e+02
1.385746207144111395e+02
1.371050787298008800e+02
8.722809372469782829e+01
1.766554855145514011e+02
1.726937634395435452e+02
4.954488639067858458e+01
1.015100766029208899e+02
7.516739609651267529e+01
5.855640529748052359e+01
1.614967830972746015e+02
1.032916225213557482e+02
5.133619347866624594e+01
1.246901523191481829e+02
1.374544765250757337e+02
1.151182598369196057e+02
1.342531287791207433e+02
6.755430382024496794e+01
1.014357775794342160e+02
1.068213501144200563e+02
4.141455249488353729e+01
1.226875111404806376e+02
1.161993758408352733e+02
1.144799259044229984e+02
1.353631697045639157e+02
4.938767661526799202e+01
1.254421065039932728e+02
1.296684391470625997e+02
4.698169104102998972e+01
4.855764888972043991e+01
1.383255962328985333e+02
3.892795082647353411e+01
1.155208400711417198e+02
1.281135886590927839e+02
1.380806696740910411e+02
1.228879134831950068e+02
1.163657055329531431e+02
3.843591825943440199e+01
7.992894814349710941e+01
1.198896937640383840e+02
1.075931632854044437e+02
8.938509897142648697e+01
1.096657237382605672e+02
8.869907082151621580e+01
3.369117773044854403e+01
1.202350296918302774e+02
1.180491904178634286e+02
5.141704211849719286e+01
8.328626680467277765e+01
1.119193502757698298e+02
1.030630633123219013e+02
1.195193366156890988e+02
8.202246894128620625e+01
1.161965121766552329e+02
5.863680875860154629e+01
1.263514336086809635e+02
6.764762335922569036e+01
1.166707470118999481e+02
4.997261805180460215e+01
4.776099302154034376e+01
4.520886715315282345e+01
1.124920908715575933e+02
7.410243304632604122e+01
8.213383338786661625e+01
8.476621897891163826e+01
8.258595833182334900e+01
4.735937224328517914e+01
1.194826385397464037e+02
7.078620325680822134e+01
1.005754951257258654e+02
1.356749999392777681e+02
4.900956018734723330e+01
9.961693519633263350e+01
1.329298467775806785e+02
5.016793779935687780e+01
6.606429035495966673e+01
9.995762751996517181e+01
5.671168491058051586e+01
6.522720721084624529e+01
6.952203072514384985e+01
4.097394380439072847e+01
1.154143113549798727e+02
9.702531706634908915e+01
8.335376376565545797e+01
4.579533066693693399e+01
6.965520936902612448e+01
6.077995740063488483e+01
4.546948216855525970e+01
4.669960937183350325e+01
4.799357447493821383e+01
1.152829541722312570e+02
1.233824430685490370e+02
4.540873959288001060e+01
8.396100597828626633e+01
8.430228027421981096e+01
1.122643242301419377e+02
5.626974419131875038e+01
1.169794314848259091e+02
1.164118427494540811e+02
6.938130962848663330e+01
1.227435342613607645e+02
1.031361318528652191e+02
7.003545283246785402e+01
4.401535628642886877e+01
6.274708022829145193e+01
7.388228888902813196e+01
1.116926912637427449e+02
4.323692853841930628e+01
6.467907908651977777e+01
6.099828184302896261e+01
4.314252576697617769e+01
1.192398607414215803e+02
5.741214817017316818e+01
7.258231938909739256e+01
4.533775095921009779e+01
7.425703606754541397e+01
8.947919701971113682e+01
4.833074557036161423e+01
7.797198137268424034e+01
1.038972093379124999e+02
5.052556299045681953e+01
4.611240620724856853e+01
4.540809966716915369e+01
7.127690517716109753e+01
4.609964635688811541e+01
1.077307308958843350e+02
6.468668636586517096e+01
1.119987334413453937e+02
1.324815871119499207e+02
1.008469127248972654e+02
9.047497836407274008e+01
1.213669096864759922e+02
8.714905404299497604e+01
4.484752856288105249e+01
7.716824858635663986e+01
1.095541498148813844e+02
6.321557392086833715e+01
1.056033318946138024e+02
1.159297663858160377e+02
4.780906555615365505e+01
1.239566929489374161e+02
1.270758181912824512e+02
1.169456049278378487e+02
6.138333835918456316e+01
1.088621734287589788e+02
9.945246933586895466e+01
8.365382032562047243e+01
5.543601574189960957e+01
8.435099523141980171e+01
7.198818834032863379e+01
4.146650075819343328e+01
5.069570461660623550e+01
9.922060303203761578e+01
9.928260735236108303e+01
9.970125837624073029e+01
8.136181796249002218e+01
6.359647599887102842e+01
1.139789741048589349e+02
6.481707385461777449e+01
6.974447671137750149e+01
9.351260439958423376e+01
4.513073942810297012e+01
5.270815818943083286e+01
5.366508806589990854e+01
5.204669334366917610e+01
9.808248229976743460e+01
4.812406628113240004e+01
9.330854660365730524e+01
4.976474977005273104e+01
8.548799810558557510e+01
5.223994023911654949e+01
5.169230824802070856e+01
1.067465508924797177e+02
3.661112941615283489e+01
1.114843012019991875e+02
9.449000250082463026e+01
9.952210207656025887e+01
5.682830838952213526e+01
8.891039196774363518e+01
1.040644571483135223e+02
5.572478762362152338e+01
4.184553177468478680e+01
8.449191936757415533e+01
9.564997485931962729e+01
7.440146710537374020e+01
4.966071602515876293e+01
7.131877371389418840e+01
5.019291521608829498e+01
4.678032768331468105e+01
1.017375154392793775e+02
1.002070225076749921e+02
5.305268892087042332e+01
9.153196211531758308e+01
4.986392148863524199e+01
6.967952117603272200e+01
1.108962898813188076e+02
1.013890959061682224e+02
1.037993188956752419e+02
6.363096025865525007e+01
4.247647986933588982e+01
1.023839703453704715e+02
5.763960151653736830e+01
4.742285890225321054e+01
8.508569302409887314e+01
1.065454821921885014e+02
7.043961661960929632e+01
4.224720890447497368e+01
6.739724266156554222e+01
7.267255615256726742e+01
9.933517932333052158e+01
1.091752361673861742e+02
4.569151417072862387e+01
5.593922867439687252e+01
5.357397153135389090e+01
7.469369066413491964e+01
7.510947330575436354e+01
9.069363783206790686e+01
8.934639893192797899e+01
6.721393471118062735e+01
3.211417013779282570e+01
5.237355169560760260e+01
7.374871007446199656e+01
5.175134644284844398e+01
4.335105214454233646e+01
3.835524890851229429e+01
7.658662441466003656e+01
1.079366266215220094e+02
8.321974984649568796e+01
3.742288239020854235e+01
3.248399892915040255e+01
5.828235601447522640e+01
9.343399224895983934e+01
4.455827880464494228e+01
5.534259381517767906e+01
4.889596855267882347e+01
6.347738482151180506e+01
7.274085599649697542e+01
5.597858061827719212e+01
6.605599828995764256e+01
9.423837968893349171e+01
6.550485417619347572e+01
3.475246495846658945e+01
5.454664282500743866e+01
1.078536344226449728e+02
5.538294531591236591e+01
7.831339907087385654e+01
8.904239993914961815e+01
6.374017097614705563e+01
1.067810933692380786e+02
6.098653026018291712e+01
6.329842685908079147e+01
6.410167499259114265e+01
5.051443031337112188e+01
3.468914131913334131e+01
8.033069469034671783e+01
3.966626451071351767e+01
9.456118335947394371e+01
9.216097415611147881e+01
8.165156714525073767e+01
6.564499822538346052e+01
6.686765160597860813e+01
5.747960084211081266e+01
4.458364253118634224e+01
7.898569313809275627e+01
6.334891051147133112e+01
8.528353950195014477e+01
3.257055233884602785e+01
8.085414500534534454e+01
1.102497793920338154e+02
5.538601962011307478e+01
4.631856010854244232e+01
9.358050045464187860e+01
1.029581659268587828e+02
4.635336225852370262e+01
7.619900650531053543e+01
4.341198451817035675e+01
3.403242492116987705e+01
4.890774202067404985e+01
6.205370151251554489e+01
3.740325549896806479e+01
6.289132989943027496e+01
7.388248691428452730e+01
3.874152464140206575e+01
5.500035588163882494e+01
4.924950378853827715e+01
6.023328600730746984e+01
9.995784777961671352e+01
5.730365025810897350e+01
6.996520658209919930e+01
8.794456910714507103e+01
4.200135850999504328e+01
4.939682806935161352e+01
9.115332186780869961e+01
7.684109982661902905e+01
4.142881295457482338e+01
8.165964773576706648e+01
4.895957323256880045e+01
3.775610674172639847e+01
7.709740215074270964e+01
7.013176950626075268e+01
3.222210295218974352e+01
4.830788418184965849e+01
9.603207450546324253e+01
3.480730816442519426e+01
6.222628994286060333e+01
5.948389569297432899e+01
4.903544221259653568e+01
6.361609744373708963e+01
1.046541083957999945e+02
7.953502573911100626e+01
6.125261934939771891e+01
6.180749896913766861e+01
4.665851576998829842e+01
7.327082486823201180e+01
3.476526402682065964e+01
9.327535865642130375e+01
3.408463164605200291e+01
5.964467607345432043e+01
4.148952638637274504e+01
4.957951580639928579e+01
1.007987979603931308e+02
8.810511306766420603e+01
6.211521360184997320e+01
8.016876525525003672e+01
9.147326475009322166e+01
9.220262244250625372e+01
7.982786715123802423e+01
6.097044558450579643e+01
6.870563054736703634e+01
8.178611500840634108e+01
6.605313253961503506e+01
7.889824397396296263e+01
3.306111760903149843e+01
9.632033251877874136e+01
6.068341999128460884e+01
3.820917044673115015e+01
6.791782192140817642e+01
4.556083336845040321e+01
5.952587776351720095e+01
7.161421898007392883e+01
4.199881730228662491e+01
6.941116405837237835e+01
8.834409791603684425e+01
7.060526209976524115e+01
4.527440297137945890e+01
4.569308520108461380e+01
3.645033890567719936e+01
9.815139172784984112e+01
3.893608929496258497e+01
4.187117100134491920e+01
3.510840970557183027e+01
7.500548711139708757e+01
8.345435386244207621e+01
1.019752112636342645e+02
5.242793815676122904e+01
7.313409672118723392e+01
3.279832355305552483e+01
3.047941273637115955e+01
4.208578568790107965e+01
7.872183228842914104e+01
4.469967127311974764e+01
4.477807630039751530e+01
1.059415565077215433e+02
3.133324625343084335e+01
9.627402815502136946e+01
4.931297190580517054e+01
5.034487568214535713e+01
9.577480361796915531e+01
4.107582513336092234e+01
1.056471160408109426e+02
3.935810841526836157e+01
3.413348987419158220e+01
4.805181596800684929e+01
4.331430373154580593e+01
3.214607667550444603e+01
5.582763989549130201e+01
8.789544444158673286e+01
3.140846893005073071e+01
4.839202031213790178e+01
3.253943520504981279e+01
1.014888767292723060e+02
5.888295225240290165e+01
1.101216689320281148e+02
3.018800619989633560e+01
3.224280028138309717e+01
8.546665948815643787e+01
8.548759118281304836e+01
5.696519584674388170e+01
7.596420355606824160e+01
6.249489901214838028e+01
3.585830411687493324e+01
1.087178831640630960e+02
9.594687358848750591e+01
3.983083413727581501e+01
7.154005117900669575e+01
4.762192710302770138e+01
8.094383964408189058e+01
6.525212789606302977e+01
7.571528595220297575e+01
5.603877118229866028e+01
4.381607847847044468e+01
9.608030905015766621e+01
4.975226569175720215e+01
5.661719745304435492e+01
3.466374483983963728e+01
6.526512892171740532e+01
6.710892238467931747e+01
4.961518935486674309e+01
7.873508206754922867e+01
4.322795094363391399e+01
5.698814775608479977e+01
8.067788959760218859e+01
6.857085136137902737e+01
5.586042540706694126e+01
7.124365342687815428e+01
4.218796102330088615e+01
5.241776868794113398e+01
6.376591891609132290e+01
5.933855497557669878e+01
3.883296124637126923e+01
9.303998530749231577e+01
6.572812417708337307e+01
6.756228983867913485e+01
6.513210301380604506e+01
8.831177480891346931e+01
7.117628800962120295e+01
5.582526335027068853e+01
6.977116359863430262e+01
9.256375249102711678e+01
6.819139886181801558e+01
6.648814056813716888e+01
5.659987576585263014e+01
9.790374728851020336e+01
4.968396164570003748e+01
8.424703042302280664e+01
4.935846515744924545e+01
3.828023680299520493e+01
8.324502030201256275e+01
4.959340311214327812e+01
4.102243289258331060e+01
6.418530002143234015e+01
5.282886754814535379e+01
6.377501084655523300e+01
9.242089796438813210e+01
6.025892587285488844e+01
4.971888836566358805e+01
4.303192719724029303e+01
5.727127440366894007e+01
6.529062563553452492e+01
6.241943587921559811e+01
7.123428483400493860e+01
5.863853501994162798e+01
5.820786912180483341e+01
1.021062882766127586e+02
6.131743105966597795e+01
6.543563646823167801e+01
7.875020994618535042e+01
4.165402181632816792e+01
4.007288799062371254e+01
4.869943689648061991e+01
8.907452615257352591e+01
3.826361156906932592e+01
9.393531934730708599e+01
9.569441305007785559e+01
9.201695875450968742e+01
6.323957514762878418e+01
3.175976229831576347e+01
3.834116574004292488e+01
9.730799665208905935e+01
6.553743038233369589e+01
9.430455043073743582e+01
4.346551432646811008e+01
5.202641726285219193e+01
6.341975709889084101e+01
3.005485112685710192e+01
7.905082505382597446e+01
7.982871043961495161e+01
3.891320396400988102e+01
3.827379243355244398e+01
8.428659072797745466e+01
7.244841997977346182e+01
1.012183418693020940e+02
5.337448489014059305e+01
6.018789260089397430e+01
5.031267075520008802e+01
1.047835341040045023e+02
3.057716010510921478e+01
9.553982964623719454e+01
9.144374097511172295e+01
7.660658419970422983e+01
7.812936476711183786e+01
1.016443745968863368e+02
3.673115583602339029e+01
2.647238964680582285e+01
1.095730218477547169e+02
8.890842146426439285e+01
5.005000633280724287e+01
2.741972397733479738e+01
3.322005363088101149e+01
7.037962392531335354e+01
4.146988548152148724e+01
6.219377638492733240e+01
9.063565012719482183e+01
3.934098480921238661e+01
5.417325276974588633e+01
4.213755739759653807e+01
4.663490926660597324e+01
3.526052281819283962e+01
8.828424576018005610e+01
5.290850535780191422e+01
8.203214549180120230e+01
2.942170727625489235e+01
4.156141205225139856e+01
6.396710896864533424e+01
5.916953306831419468e+01
9.971103266533464193e+01
5.312443749513477087e+01
2.886832005064934492e+01
1.171760365916416049e+02
8.245945919118821621e+01
5.130399750918149948e+01
1.061053264299407601e+02
5.306033801101148129e+01
9.075595223717391491e+01
8.570102092903107405e+01
3.358445798698812723e+01
1.007446460435166955e+02
3.876768866367638111e+01
6.365397509559988976e+01
4.837716394197195768e+01
3.183021877240389585e+01
8.863741329871118069e+01
6.503656697832047939e+01
8.413809245731681585e+01
3.887563156522810459e+01
5.150975693296641111e+01
5.005645543616265059e+01
3.495434110239148140e+01
4.745167437475174665e+01
9.777522068750113249e+01
3.200793897919356823e+01
3.853010668046772480e+01
9.558658804744482040e+01
8.415373276453465223e+01
4.356548814009875059e+01
1.107541842609643936e+02
2.869367568381130695e+01
3.125500159710645676e+01
3.443230842053890228e+01
7.795231861807405949e+01
1.020498381769284606e+02
3.125835145078599453e+01
6.245839219540357590e+01
3.635549750924110413e+01
9.217204055190086365e+01
3.637079818639904261e+01
7.688931512739509344e+01
9.923278948664665222e+01
4.589229086134582758e+01
6.053374576941132545e+01
3.721417351625859737e+01
7.789044735394418240e+01
6.040695817116647959e+01
4.582812259066849947e+01
8.885517190489917994e+01
6.877253112010657787e+01
3.235444725397974253e+01
5.334092034306377172e+01
6.428666242491453886e+01
3.190293152444064617e+01
4.372520642075687647e+01
8.632190504297614098e+01
7.595663542859256268e+01
9.862724782060831785e+01
4.556067746039479971e+01
3.175029886607080698e+01
9.701347398199141026e+01
5.549971389770507812e+01
2.867555249854922295e+01
1.033457185113802552e+02
7.058661024458706379e+01
6.284760174807161093e+01
4.159329179674386978e+01
9.180118856020271778e+01
8.943276315275579691e+01
3.917401792202144861e+01
4.849836712609976530e+01
4.371900873910635710e+01
4.251876491121947765e+01
9.619382276013493538e+01
6.986684339586645365e+01
9.946960209030658007e+01
4.516124166175723076e+01
8.018058992829173803e+01
5.291596526466310024e+01
2.810139945708215237e+01
3.541092986613512039e+01
7.030355755705386400e+01
4.126013572607189417e+01
8.317742958944290876e+01
8.884814564324915409e+01
3.850212570931762457e+01
2.890802129358053207e+01
7.047297802567481995e+01
6.019020996149629354e+01
5.900417924392968416e+01
7.162002254649996758e+01
4.252086880616843700e+01
4.944127790629863739e+01
4.254413533583283424e+01
5.893677921313792467e+01
6.135031689517199993e+01
9.399748613033443689e+01
4.771202712133526802e+01
3.489347614068537951e+01
5.824165932275354862e+01
8.607336308900266886e+01
3.257783724367618561e+01
7.755010249372571707e+01
1.006429001661017537e+02
9.814076341222971678e+01
7.143597093317657709e+01
3.245127396192401648e+01
5.388478849455714226e+01
8.100749665033072233e+01
3.080231860373169184e+01
3.362033673096448183e+01
6.334679352957755327e+01
3.964798579458147287e+01
5.136616305075585842e+01
6.468016020301729441e+01
6.634997332189232111e+01
7.236657326947897673e+01
9.003305748011916876e+01
7.044801465887576342e+01
8.756280933972448111e+01
2.518066327273845673e+01
5.995379522908478975e+01
3.965872797928750515e+01
3.881323854904621840e+01
4.786600316129624844e+01
5.773657850921154022e+01
8.591647868230938911e+01
1.032006701575592160e+02
3.831158124748617411e+01
4.470300897676497698e+01
4.588915062975138426e+01
6.031597373727709055e+01
7.045728712994605303e+01
1.034620516272261739e+02
9.426090260222554207e+01
1.015262861987575889e+02
6.091001301072537899e+01
8.923518301919102669e+01
4.297256968356668949e+01
9.111468067578971386e+01
1.023659190721809864e+02
6.879561213031411171e+01
5.791423525102436543e+01
5.828354759793728590e+01
7.713477121666073799e+01
9.711904608737677336e+01
9.956139892339706421e+01
9.667290155217051506e+01
6.218026187084615231e+01
4.330448240786790848e+01
3.416215618979185820e+01
7.813607200793921947e+01
9.392518029734492302e+01
3.281519880332052708e+01
3.441791873145848513e+01
5.882284404337406158e+01
8.243488636147230864e+01
6.865681004337966442e+01
6.340004129894077778e+01
3.978291121590882540e+01
5.870273210480809212e+01
8.861580120772123337e+01
3.403504027146846056e+01
3.040003771800547838e+01
9.577806334383785725e+01
8.770415408536791801e+01
4.393737627658993006e+01
3.111048863362520933e+01
8.612774280086159706e+01
1.005817110305652022e+02
3.650140749942511320e+01
2.561533171683549881e+01
8.007758307550102472e+01
1.006431690342724323e+02
4.329151774197816849e+01
6.050032351352274418e+01
1.053791556255891919e+02
5.694451829511672258e+01
7.873226220719516277e+01
4.281777404155582190e+01
4.636969874333590269e+01
1.094370493795722723e+02
3.469367548543959856e+01
1.017103465944528580e+02
9.923296143021434546e+01
4.840956171508878469e+01
6.107069319393485785e+01
5.440354861319065094e+01
8.278082933835685253e+01
8.134756096918135881e+01
4.900427210796624422e+01
3.750044420827180147e+01
8.827569401636719704e+01
9.855989021062850952e+01
6.854452637210488319e+01
5.527717053703963757e+01
9.861598810367286205e+01
5.271075755078345537e+01
5.157136034034192562e+01
3.273579971864819527e+01
6.130507357791066170e+01
4.856625769101083279e+01
9.216422217711806297e+01
3.242778470925986767e+01
2.847784540150314569e+01
9.122074976190924644e+01
5.841484687197953463e+01
8.611869941465556622e+01
9.574277013167738914e+01
4.049808222800493240e+01
7.058938477654010057e+01
4.677772695850580931e+01
6.983371860161423683e+01
9.809991262853145599e+01
1.004675361784175038e+02
9.774255179148167372e+01
9.219497688487172127e+01
3.575912412069737911e+01
7.550975149404257536e+01
8.098303033132106066e+01
1.001903855428099632e+02
4.660128955449908972e+01
5.849545988533645868e+01
8.975113418139517307e+01
3.308005405403673649e+01
4.950601526256650686e+01
8.054455591365695000e+01
3.834443428087979555e+01
5.453687226306647062e+01
2.894158620666712523e+01
5.548982961568981409e+01
4.285452106595039368e+01
4.007409339770674706e+01
5.212410490959882736e+01
9.784171738009899855e+01
9.183183591347187757e+01
5.215084313694387674e+01
7.583110206108540297e+01
2.779970036633312702e+01
3.369600087217986584e+01
8.543610536865890026e+01
4.285494969040155411e+01
3.059616412408649921e+01
7.970124087855219841e+01
4.608953344170004129e+01
8.917811438534408808e+01
8.796366090700030327e+01
5.136085744202136993e+01
7.176546642649918795e+01
8.837769023794680834e+01
4.250405372679233551e+01
5.832962105982005596e+01
1.027315686941146851e+02
4.801887097768485546e+01
5.461012323852628469e+01
7.373156211338937283e+01
9.002860458381474018e+01
6.735166805051267147e+01
9.665160039346665144e+01
5.364502549637109041e+01
7.918308623321354389e+01
3.189402835164219141e+01
3.591320199612528086e+01
2.858204107545316219e+01
9.897462801728397608e+01
5.307962989713996649e+01
8.302592195849865675e+01
7.482923909556120634e+01
9.736754722055047750e+01
8.232463585678488016e+01
5.863054524082690477e+01
3.995153975579887629e+01
8.470794950798153877e+01
4.234985191933810711e+01
3.232786250580102205e+01
6.219770224206149578e+01
7.472852104436606169e+01
7.706424481142312288e+01
6.420244417153298855e+01
8.863808172661811113e+01
6.923916264250874519e+01
2.514298997446894646e+01
1.004415772845968604e+02
5.431619681138545275e+01
3.300309939961880445e+01
9.354756890330463648e+01
1.030970333376899362e+02
3.887535780947655439e+01
1.095260547567158937e+02
8.811514785140752792e+01
4.695234379451721907e+01
5.584139012172818184e+01
1.009624191178008914e+02
2.994107847101986408e+01
6.122968343086540699e+01
4.211586368642747402e+01
4.644193180184811354e+01
6.196111700218170881e+01
7.503916135616600513e+01
4.205449943523854017e+01
8.050620621442794800e+01
7.978501947689801455e+01
2.833417570497840643e+01
8.990402872301638126e+01
3.472133937105536461e+01
4.723939639329910278e+01
7.410335028078407049e+01
4.457444278523325920e+01
1.051227160729467869e+02
5.720871019270271063e+01
6.240642362460494041e+01
2.637920410651713610e+01
8.150221688579767942e+01
6.909724832419306040e+01
5.911931590922176838e+01
8.685467304661870003e+01
8.402100192476063967e+01
5.506882358249276876e+01
4.130264515336602926e+01
1.021020336626097560e+02
8.701527883764356375e+01
2.529773399885743856e+01
3.463526359573006630e+01
4.643524783290922642e+01
1.011726480126380920e+02
8.645152129419147968e+01
5.066365432552993298e+01
3.485595300793647766e+01
6.091881574597209692e+01
4.502746871579438448e+01
7.908788482286036015e+01
9.149426128715276718e+01
8.265139050595462322e+01
2.991709617991000414e+01
2.912308255862444639e+01
9.493368192296475172e+01
7.089624032657593489e+01
4.605159846879541874e+01
4.073405232839286327e+01
4.420391710009425879e+01
9.567618536204099655e+01
4.617072276677936316e+01
3.192712514009326696e+01
4.898076189681887627e+01
4.669028510805219412e+01
3.479110625386238098e+01
3.759089870471507311e+01
2.950969231501221657e+01
8.587177295610308647e+01
8.551770629920065403e+01
4.608589707687497139e+01
4.615436486341059208e+01
3.099658339750021696e+01
5.141600300185382366e+01
6.441252551320940256e+01
3.555716296844184399e+01
7.702265803795307875e+01
7.870885527878999710e+01
3.568141863122582436e+01
7.345910044386982918e+01
8.836791396047919989e+01
5.413475120533257723e+01
7.930991429928690195e+01
5.533735637366771698e+01
3.315481810178607702e+01
7.443623660970479250e+01
7.685707699600607157e+01
4.110222250316292048e+01
4.170552633050829172e+01
2.579867484327405691e+01
8.305567414499819279e+01
4.326646783947944641e+01
4.660358758457005024e+01
4.839319960121065378e+01
4.077281096484512091e+01
5.620581918489187956e+01
7.467033089604228735e+01
3.459523568302392960e+01
6.583463275991380215e+01
3.367078464385122061e+01
4.373424298502504826e+01
5.358856807090342045e+01
8.124336505215615034e+01
6.382870206888765097e+01
4.441916334815323353e+01
6.046306250896304846e+01
5.376609510648995638e+01
5.028067602589726448e+01
3.922103005833923817e+01
6.549078893754631281e+01
6.463657533470541239e+01
4.977913061250001192e+01
4.266438399907201529e+01
3.072818290162831545e+01
4.294976588897407055e+01
6.280660757236182690e+01
9.962875017058104277e+01
9.488499961234629154e+01
7.763639210630208254e+01
8.186307608243077993e+01
7.109195176046341658e+01
9.667994595319032669e+01
4.750977570749819279e+01
3.167438527755439281e+01
8.676031104847788811e+01
9.648310832493007183e+01
5.779679890349507332e+01
6.418254265375435352e+01
3.950700928829610348e+01
5.989251046255230904e+01
6.314872738718986511e+01
6.182964620180428028e+01
1.001174577027559280e+02
5.236500640120357275e+01
4.257044867426156998e+01
4.018549956753849983e+01
8.727162595000118017e+01
3.473229619488120079e+01
4.032696973718702793e+01
9.185410414263606071e+01
5.890774673223495483e+01
3.275919282995164394e+01
7.268990185298025608e+01
5.423693878296762705e+01
5.945313041005283594e+01
4.035618108045309782e+01
7.757018482126295567e+01
9.671494923625141382e+01
7.683711920771747828e+01
4.612916911859065294e+01
2.640066856611520052e+01
6.084170284308493137e+01
4.482591584883630276e+01
3.493590245582163334e+01
8.942351943720132113e+01
8.578539039846509695e+01
3.092265176121145487e+01
4.953729873895645142e+01
5.428940572496503592e+01
7.024212217610329390e+01
4.504187447298318148e+01
5.133369385916739702e+01
5.333800448849797249e+01
6.726392437145113945e+01
9.746280442457646132e+01
9.130438920296728611e+01
6.028335660789161921e+01
8.299956077896058559e+01
7.886768698878586292e+01
9.219209824316203594e+01
5.579360688664019108e+01
5.036792623996734619e+01
6.992720902990549803e+01
7.449081708863377571e+01
5.554259859863668680e+01
4.127260525804013014e+01
5.473229782190173864e+01
6.333351548109203577e+01
4.293434698320925236e+01
8.672307869233191013e+01
6.306113298702985048e+01
3.201926841214299202e+01
