7.100692600943148136e-04
8.439665543846786022e-04
7.985505508258938789e-04
9.560745675116777420e-04
8.028204319998621941e-04
1.145434100180864334e-03
9.841935243457555771e-04
9.229934075847268105e-04
6.316903745755553246e-04
9.095568093471229076e-04
5.473662167787551880e-04
7.701226859353482723e-04
1.240500481799244881e-03
8.476694347336888313e-04
6.108598317950963974e-04
8.147662156261503696e-04
1.078247325494885445e-03
1.023315824568271637e-03
6.398747209459543228e-04
7.830433314666152000e-04
6.919092265889048576e-04
5.426647840067744255e-04
6.351857446134090424e-04
7.951965671963989735e-04
7.498959312215447426e-04
6.632793229073286057e-04
1.019005547277629375e-03
9.436927502974867821e-04
6.924493354745209217e-04
1.335917972028255463e-03
5.286105442792177200e-04
1.014946727082133293e-03
8.989814668893814087e-04
9.287647553719580173e-04
5.005819257348775864e-04
6.590515840798616409e-04
6.896326667629182339e-04
6.176981260068714619e-04
7.748219068162143230e-04
7.582866819575428963e-04
8.684990461915731430e-04
4.632029740605503321e-04
1.023730263113975525e-03
8.832678431645035744e-04
6.601047352887690067e-04
8.964982116594910622e-04
6.787411402910947800e-04
5.907622398808598518e-04
1.012309687212109566e-03
6.497808499261736870e-04
5.837437347508966923e-04
5.306962411850690842e-04
6.226350087672472000e-04
1.006143866106867790e-03
7.821079343557357788e-04
6.643348024226725101e-04
7.680492708459496498e-04
1.041807234287261963e-03
7.899543852545320988e-04
9.844709420576691628e-04
8.978836704045534134e-04
6.094859563745558262e-04
8.281440241262316704e-04
6.042100721970200539e-04
7.180989487096667290e-04
8.809086866676807404e-04
6.008531781844794750e-04
6.907280767336487770e-04
8.338809129782021046e-04
6.301220855675637722e-04
8.021602989174425602e-04
1.089247642084956169e-03
1.046568155288696289e-03
4.595348727889358997e-04
6.229506689123809338e-04
1.233384013175964355e-03
9.756322251632809639e-04
5.824411637149751186e-04
9.568986715748906136e-04
7.461822824552655220e-04
1.007030485197901726e-03
7.601830875501036644e-04
7.810033275745809078e-04
7.499638013541698456e-04
9.353490313515067101e-04
7.420656038448214531e-04
7.265159511007368565e-04
6.561863701790571213e-04
5.866573774255812168e-04
5.729175754822790623e-04
8.110341732390224934e-04
8.561200811527669430e-04
8.988191839307546616e-04
1.361236209049820900e-03
9.994251886382699013e-04
8.514034561812877655e-04
7.308103376999497414e-04
7.488718838430941105e-04
1.210913527756929398e-03
8.683293126523494720e-04
1.000452437438070774e-03
9.215343743562698364e-04
1.353723928332328796e-03
7.202177075669169426e-04
1.005015452392399311e-03
7.876304443925619125e-04
8.751715649850666523e-04
8.747518877498805523e-04
9.452797239646315575e-04
9.618611074984073639e-04
6.577068706974387169e-04
9.233123855665326118e-04
7.671723142266273499e-04
5.802890518680214882e-04
7.052459986880421638e-04
8.903474081307649612e-04
8.540545823052525520e-04
9.221913642250001431e-04
1.097382977604866028e-03
7.818731246516108513e-04
1.321517862379550934e-03
9.035730618052184582e-04
1.146082300692796707e-03
7.258654222823679447e-04
1.199497608467936516e-03
1.639918191358447075e-03
1.075032632797956467e-03
1.653133076615631580e-03
8.447545114904642105e-04
1.135666156187653542e-03
1.004137098789215088e-03
1.122085377573966980e-03
8.240059250965714455e-04
7.024278165772557259e-04
1.004634308628737926e-03
1.142975408583879471e-03
1.011016196571290493e-03
7.815288263373076916e-04
1.015520188957452774e-03
6.649136194027960300e-04
1.065839198417961597e-03
1.076563028618693352e-03
8.056163787841796875e-04
1.297066686674952507e-03
1.472895033657550812e-03
1.016554189845919609e-03
1.059369649738073349e-03
9.419921552762389183e-04
1.078882953152060509e-03
1.160595333203673363e-03
1.615084009245038033e-03
1.700114575214684010e-03
1.900383736938238144e-03
1.305871526710689068e-03
1.017941976897418499e-03
1.028074184432625771e-03
8.521781419403851032e-04
1.511516049504280090e-03
9.247725829482078552e-04
1.192664378322660923e-03
9.219846688210964203e-04
1.319758943282067776e-03
1.171995187178254128e-03
1.167381531558930874e-03
9.238135535269975662e-04
6.324165733531117439e-04
1.016591908410191536e-03
1.145975198596715927e-03
8.691583643667399883e-04
6.844828603789210320e-04
8.210953092202544212e-04
1.183012267574667931e-03
8.677459554746747017e-04
9.234204189851880074e-04
8.073361823335289955e-04
1.184591557830572128e-03
7.402761839330196381e-04
1.163874752819538116e-03
1.139083527959883213e-03
1.145958201959729195e-03
8.168279891833662987e-04
9.027402848005294800e-04
8.983158040791749954e-04
1.088462653569877148e-03
1.143434317782521248e-03
1.136240782216191292e-03
7.514053140766918659e-04
6.508945953100919724e-04
6.859880522824823856e-04
8.081851992756128311e-04
9.373732027597725391e-04
1.024188124574720860e-03
9.616580791771411896e-04
7.275521056726574898e-04
8.437043288722634315e-04
7.934821769595146179e-04
1.099331188015639782e-03
7.833273848518729210e-04
9.790452895686030388e-04
7.545924745500087738e-04
9.949571685865521431e-04
7.129968143999576569e-04
1.178074860945343971e-03
1.059388625435531139e-03
8.623808389529585838e-04
9.553783456794917583e-04
1.015477231703698635e-03
1.023094519041478634e-03
7.273897062987089157e-04
9.279327350668609142e-04
1.037839101627469063e-03
7.474292069673538208e-04
1.048131263814866543e-03
7.343461038544774055e-04
8.328061085194349289e-04
9.985037613660097122e-04
5.821091472171247005e-04
1.044101081788539886e-03
7.137098582461476326e-04
5.125474999658763409e-04
1.020078314468264580e-03
6.572193815372884274e-04
6.730823079124093056e-04
1.242880243808031082e-03
5.343282246030867100e-04
1.317355548962950706e-03
7.769799558445811272e-04
7.339417934417724609e-04
8.110061171464622021e-04
9.564805077388882637e-04
1.016675611026585102e-03
1.050233840942382812e-03
8.656501886434853077e-04
9.790633339434862137e-04
1.054697670042514801e-03
8.622333407402038574e-04
8.984119049273431301e-04
7.825581706129014492e-04
9.648903505876660347e-04
8.843573741614818573e-04
4.906136309728026390e-04
9.619621559977531433e-04
9.924573823809623718e-04
6.518424488604068756e-04
8.414727635681629181e-04
9.591309353709220886e-04
8.960161940194666386e-04
1.083304290659725666e-03
1.159705454483628273e-03
7.850803667679429054e-04
1.002331147901713848e-03
8.248705416917800903e-04
6.698269280605018139e-04
8.091927738860249519e-04
8.826671401038765907e-04
9.887126507237553596e-04
7.506502442993223667e-04
7.796034915372729301e-04
9.861295111477375031e-04
7.005883380770683289e-04
1.243012608028948307e-03
7.414987776428461075e-04
7.692627841606736183e-04
1.017420552670955658e-03
6.345141446217894554e-04
7.829457754269242287e-04
8.950176415964961052e-04
7.677996181882917881e-04
5.603896570391952991e-04
7.908368133939802647e-04
1.289265463128685951e-03
5.655664717778563499e-04
8.045078138820827007e-04
6.520905299112200737e-04
6.911476375535130501e-04
7.845117943361401558e-04
8.822450181469321251e-04
9.921777527779340744e-04
1.213447190821170807e-03
6.826446042396128178e-04
6.563484203070402145e-04
8.378962520509958267e-04
7.126032141968607903e-04
6.969688693061470985e-04
4.531684971880167723e-04
1.260471064597368240e-03
1.025167526677250862e-03
8.098429534584283829e-04
7.070796564221382141e-04
6.042589666321873665e-04
7.811436080373823643e-04
8.593846578150987625e-04
8.194051915779709816e-04
7.591485045850276947e-04
8.694927091710269451e-04
7.732126396149396896e-04
6.297029322013258934e-04
1.088600722141563892e-03
6.345940055325627327e-04
7.194305071607232094e-04
6.449503125622868538e-04
7.835939759388566017e-04
8.044060086831450462e-04
7.057113107293844223e-04
5.554996896535158157e-04
9.911686647683382034e-04
6.804148433730006218e-04
1.326625701040029526e-03
9.214013698510825634e-04
1.139267580583691597e-03
7.648398168385028839e-04
1.073437277227640152e-03
7.071106811054050922e-04
1.089892466552555561e-03
8.624928304925560951e-04
6.158378673717379570e-04
7.199768442660570145e-04
1.316001988016068935e-03
1.213999232277274132e-03
1.255715265870094299e-03
4.546724376268684864e-04
8.886259165592491627e-04
1.016487600281834602e-03
1.000119838863611221e-03
1.044525532051920891e-03
1.087994314730167389e-03
5.116941174492239952e-04
8.812759770080447197e-04
1.294073648750782013e-03
1.252615940757095814e-03
7.847402011975646019e-04
9.379072580486536026e-04
1.154343364760279655e-03
1.029101549647748470e-03
7.985171396285295486e-04
9.281602688133716583e-04
7.989236037246882915e-04
1.269895816221833229e-03
6.510765524581074715e-04
1.283103483729064465e-03
5.519369733519852161e-04
1.043010270223021507e-03
9.028768399730324745e-04
8.432136382907629013e-04
6.809278856962919235e-04
5.704711657017469406e-04
9.334416245110332966e-04
6.702029495500028133e-04
7.929302519187331200e-04
7.692783838137984276e-04
8.092455100268125534e-04
8.737326716072857380e-04
1.045644516125321388e-03
8.722459315322339535e-04
6.281975656747817993e-04
7.677530520595610142e-04
7.959476206451654434e-04
1.318995724432170391e-03
9.519249433651566505e-04
9.849485941231250763e-04
9.083928307518362999e-04
1.229062909260392189e-03
8.071525953710079193e-04
9.991663973778486252e-04
8.885300485417246819e-04
7.919042836874723434e-04
7.253613439388573170e-04
8.492556517012417316e-04
1.035558641888201237e-03
5.633902619592845440e-04
8.241070900112390518e-04
1.014954294078052044e-03
6.027992931194603443e-04
7.010804256424307823e-04
9.797100210562348366e-04
1.337034045718610287e-03
6.954667624086141586e-04
8.916951483115553856e-04
7.076935726217925549e-04
7.764942711219191551e-04
9.691525483503937721e-04
9.245681576430797577e-04
9.638062911108136177e-04
9.431033977307379246e-04
5.910023464821279049e-04
9.561196784488856792e-04
4.928606795147061348e-04
7.620848482474684715e-04
5.567534826695919037e-04
9.066667407751083374e-04
9.214278543367981911e-04
6.008150521665811539e-04
6.624444504268467426e-04
6.950241513550281525e-04
8.938165847212076187e-04
7.852703565731644630e-04
7.062437944114208221e-04
7.901876233518123627e-04
9.535250719636678696e-04
7.756885606795549393e-04
7.420777110382914543e-04
8.580547291785478592e-04
4.983083344995975494e-04
6.001974688842892647e-04
8.680478204041719437e-04
8.613815298303961754e-04
9.507353533990681171e-04
5.638869479298591614e-04
1.038735499605536461e-03
6.067891372367739677e-04
5.717165186069905758e-04
8.346126414835453033e-04
1.044042292051017284e-03
8.395141921937465668e-04
9.061127202585339546e-04
7.781785679981112480e-04
7.550489390268921852e-04
7.580676465295255184e-04
6.116220029070973396e-04
7.929863058961927891e-04
8.736415766179561615e-04
1.020274590700864792e-03
6.550387479364871979e-04
8.909336174838244915e-04
6.713036564178764820e-04
7.851818809285759926e-04
6.595313316211104393e-04
1.073107705451548100e-03
6.082791951484978199e-04
7.495571626350283623e-04
8.571337093599140644e-04
6.220830837264657021e-04
7.543346728198230267e-04
8.101804414764046669e-04
7.839463651180267334e-04
6.085118511691689491e-04
9.064482292160391808e-04
8.206093916669487953e-04
6.339793908409774303e-04
7.372185355052351952e-04
7.406487129628658295e-04
8.760855416767299175e-04
6.257022614590823650e-04
9.179398184642195702e-04
8.483460987918078899e-04
8.935978403314948082e-04
8.156792027875781059e-04
6.394514930434525013e-04
7.877326570451259613e-04
9.278506622649729252e-04
8.959805127233266830e-04
7.676013046875596046e-04
7.265791064128279686e-04
7.031261920928955078e-04
6.687784334644675255e-04
6.272037862800061703e-04
9.748987504281103611e-04
5.435454077087342739e-04
8.384694810956716537e-04
6.169710541144013405e-04
7.941360236145555973e-04
7.668051985092461109e-04
8.385964902117848396e-04
7.664372096769511700e-04
8.891575853340327740e-04
1.033130218274891376e-03
8.887533331289887428e-04
1.189301954582333565e-03
1.394730526953935623e-03
8.386077824980020523e-04
1.284625846892595291e-03
8.527941536158323288e-04
1.573079964146018028e-03
9.017626289278268814e-04
1.266967970877885818e-03
1.229068031534552574e-03
1.251352485269308090e-03
9.351433254778385162e-04
6.752946646884083748e-04
1.239712466485798359e-03
6.819071131758391857e-04
9.323849226348102093e-04
6.584867951460182667e-04
1.136459060944616795e-03
1.009856467135250568e-03
1.019823830574750900e-03
7.776936399750411510e-04
9.488707291893661022e-04
1.105964998714625835e-03
8.955051889643073082e-04
9.457459673285484314e-04
6.376475794240832329e-04
1.327423029579222202e-03
1.078275730833411217e-03
7.661997806280851364e-04
1.214115880429744720e-03
7.621865370310842991e-04
1.774468459188938141e-03
7.652677013538777828e-04
1.078179338946938515e-03
1.267838757485151291e-03
6.608272087760269642e-04
1.465717563405632973e-03
6.759141106158494949e-04
1.703516114503145218e-03
9.699194342829287052e-04
8.360925130546092987e-04
9.193043224513530731e-04
8.851203019730746746e-04
1.292894477955996990e-03
1.144570298492908478e-03
1.017021830193698406e-03
1.001950004138052464e-03
1.367725897580385208e-03
7.969776052050292492e-04
1.185953151434659958e-03
1.036980887874960899e-03
1.217500539496541023e-03
9.595482842996716499e-04
8.092599455267190933e-04
1.395424129441380501e-03
1.065378077328205109e-03
1.198464771732687950e-03
9.173570433631539345e-04
1.119300024583935738e-03
1.181884435936808586e-03
1.385812065564095974e-03
1.272276509553194046e-03
1.581314369104802608e-03
1.250661909580230713e-03
2.742676297202706337e-03
1.100712222978472710e-03
2.138045616447925568e-03
1.033594831824302673e-03
1.570543972775340080e-03
1.226700376719236374e-03
1.389520708471536636e-03
1.142363995313644409e-03
1.147225731983780861e-03
1.156726968474686146e-03
1.114515471272170544e-03
7.919824565760791302e-04
1.101835863664746284e-03
9.496771963313221931e-04
9.553715353831648827e-04
7.582493708468973637e-04
1.116961939260363579e-03
8.736835443414747715e-04
9.698115754872560501e-04
1.080330694094300270e-03
1.439856132492423058e-03
9.583603241480886936e-04
9.348284220322966576e-04
7.317501585930585861e-04
7.524524116888642311e-04
1.356738852337002754e-03
8.824072428978979588e-04
4.126770654693245888e-04
5.530866328626871109e-04
8.372907759621739388e-04
9.878787677735090256e-04
9.233019081875681877e-04
9.294878691434860229e-04
9.600315243005752563e-04
1.010759733617305756e-03
8.964421576820313931e-04
1.047921366989612579e-03
5.056469817645847797e-04
5.861541721969842911e-04
1.115930848754942417e-03
8.431682363152503967e-04
8.316495222970843315e-04
9.020393481478095055e-04
6.634029559791088104e-04
7.182221161201596260e-04
7.135518826544284821e-04
8.952007046900689602e-04
9.114480344578623772e-04
7.422183407470583916e-04
7.833561394363641739e-04
9.211133001372218132e-04
9.375890949741005898e-04
8.881961693987250328e-04
6.411579088307917118e-04
1.156993093900382519e-03
9.016622789204120636e-04
5.361227667890489101e-04
9.073103428818285465e-04
7.053475128486752510e-04
6.235406035557389259e-04
6.665610708296298981e-04
8.021972607821226120e-04
9.432104998268187046e-04
6.813185173086822033e-04
7.799734012223780155e-04
1.147117931395769119e-03
1.199105405248701572e-03
8.753007277846336365e-04
9.687832789495587349e-04
6.044392939656972885e-04
1.002751872874796391e-03
1.100607682019472122e-03
7.083346135914325714e-04
7.796955760568380356e-04
9.147597593255341053e-04
9.753109770826995373e-04
8.460385724902153015e-04
5.618567229248583317e-04
7.545964326709508896e-04
1.196421682834625244e-03
6.739079253748059273e-04
8.851904422044754028e-04
9.467253694310784340e-04
5.106821772642433643e-04
5.841561942361295223e-04
6.732915062457323074e-04
6.360716070048511028e-04
7.688782643526792526e-04
8.456463692709803581e-04
6.433891830965876579e-04
9.055662085302174091e-04
6.074453704059123993e-04
6.208615959621965885e-04
6.913400720804929733e-04
7.224702276289463043e-04
5.302102072164416313e-04
6.149981054477393627e-04
7.329875370487570763e-04
8.882739348337054253e-04
1.100672525353729725e-03
5.525556625798344612e-04
8.680290775373578072e-04
8.752873982302844524e-04
8.732542628422379494e-04
7.459382759407162666e-04
7.646444719284772873e-04
6.784563302062451839e-04
7.969641592353582382e-04
7.283776067197322845e-04
8.047558367252349854e-04
1.009497325867414474e-03
1.255954732187092304e-03
6.809645565226674080e-04
8.682100451551377773e-04
6.974412826821208000e-04
9.053449612110853195e-04
5.704466020688414574e-04
1.000648597255349159e-03
8.214800618588924408e-04
6.407159380614757538e-04
7.110373117029666901e-04
9.793716017156839371e-04
9.221179061569273472e-04
6.566420197486877441e-04
1.131271477788686752e-03
5.311507848091423512e-04
9.815210942178964615e-04
8.944388246163725853e-04
9.183964575640857220e-04
8.021594840101897717e-04
7.735583931207656860e-04
7.237088866531848907e-04
5.642408505082130432e-04
8.533062646165490150e-04
1.025341218337416649e-03
1.100533641874790192e-03
6.919067818671464920e-04
7.676654495298862457e-04
6.179492920637130737e-04
6.455245311371982098e-04
7.349359802901744843e-04
8.977098623290657997e-04
9.446035255677998066e-04
7.159110973589122295e-04
6.014121463522315025e-04
5.362039664760231972e-04
7.036480237729847431e-04
1.047085737809538841e-03
6.038976716808974743e-04
8.606183109804987907e-04
1.097768777981400490e-03
6.849695928394794464e-04
8.621190208941698074e-04
8.181445882655680180e-04
7.366264471784234047e-04
6.858422420918941498e-04
8.393222233280539513e-04
6.183934165164828300e-04
1.011421321891248226e-03
7.518221391364932060e-04
7.275298703461885452e-04
9.143702918663620949e-04
8.112790528684854507e-04
6.992897251620888710e-04
7.945765974000096321e-04
5.417845095507800579e-04
5.650778184644877911e-04
5.701471818611025810e-04
1.064543030224740505e-03
9.303607512265443802e-04
7.615449721924960613e-04
8.503098506480455399e-04
7.203916320577263832e-04
9.055944974534213543e-04
5.798927741125226021e-04
9.658011840656399727e-04
7.658253889530897141e-04
1.187063287943601608e-03
8.623254252597689629e-04
7.798279402777552605e-04
6.450960645452141762e-04
7.446393719874322414e-04
7.773169199936091900e-04
8.162963204085826874e-04
7.169506861828267574e-04
7.109856233000755310e-04
7.259089034050703049e-04
9.803818538784980774e-04
8.615663973614573479e-04
7.602383848279714584e-04
1.004896126687526703e-03
6.094230338931083679e-04
5.906001897528767586e-04
6.051387754268944263e-04
6.054047262296080589e-04
8.326384122483432293e-04
1.066825352609157562e-03
7.275516400113701820e-04
8.182437159121036530e-04
6.312102777883410454e-04
9.866708423942327499e-04
6.762217963114380836e-04
8.548725163564085960e-04
8.044078713282942772e-04
1.037234906107187271e-03
5.505553563125431538e-04
7.698367699049413204e-04
5.626851925626397133e-04
1.400312175974249840e-03
6.408470217138528824e-04
7.695576641708612442e-04
7.577056530863046646e-04
9.670358849689364433e-04
5.749455885961651802e-04
7.517178310081362724e-04
1.143143745139241219e-03
7.531957235187292099e-04
1.092112041078507900e-03
6.863333401270210743e-04
7.313400274142622948e-04
7.410302641801536083e-04
7.132561877369880676e-04
5.610894877463579178e-04
7.086739642545580864e-04
7.677344838157296181e-04
7.209645118564367294e-04
1.011132844723761082e-03
7.611110340803861618e-04
5.341516807675361633e-04
5.807609413750469685e-04
8.460116805508732796e-04
7.651447085663676262e-04
7.071082363836467266e-04
6.123348721303045750e-04
6.574729923158884048e-04
8.622951572760939598e-04
9.634568123146891594e-04
7.893787696957588196e-04
9.193934965878725052e-04
6.791297346353530884e-04
7.021125056780874729e-04
7.338938885368406773e-04
5.761255742982029915e-04
8.181957527995109558e-04
7.251090137287974358e-04
9.095119312405586243e-04
1.057743560522794724e-03
9.403403382748365402e-04
7.752593955956399441e-04
6.752380868420004845e-04
1.145453890785574913e-03
5.706263473257422447e-04
6.528779631480574608e-04
6.360182887874543667e-04
7.788568036630749702e-04
7.160704117268323898e-04
1.054492080584168434e-03
7.385751814581453800e-04
7.705416646786034107e-04
6.976220756769180298e-04
6.580394110642373562e-04
8.046164293773472309e-04
8.883517002686858177e-04
9.302995167672634125e-04
7.139671361073851585e-04
8.197457063943147659e-04
5.914542125537991524e-04
7.007539970800280571e-04
7.819336606189608574e-04
8.671191171742975712e-04
8.387387497350573540e-04
1.210929360240697861e-03
6.942002219147980213e-04
9.106367360800504684e-04
5.711587728001177311e-04
6.366499001160264015e-04
7.280052523128688335e-04
6.480957381427288055e-04
7.898582844063639641e-04
5.762621876783668995e-04
9.607269312255084515e-04
8.997934637591242790e-04
8.668545633554458618e-04
6.578882457688450813e-04
5.076985689811408520e-04
7.605616701766848564e-04
1.096331048756837845e-03
6.986066000536084175e-04
1.045290962792932987e-03
8.714916766621172428e-04
8.302571368403732777e-04
8.694838033989071846e-04
8.871751488186419010e-04
6.965141510590910912e-04
8.723258506506681442e-04
9.016186813823878765e-04
4.655283701140433550e-04
7.316070259548723698e-04
7.969728903844952583e-04
8.744614897295832634e-04
6.419192068278789520e-04
6.530027603730559349e-04
8.406263077631592751e-04
8.233512635342776775e-04
7.334356196224689484e-04
7.503219530917704105e-04
5.648131482303142548e-04
7.894840091466903687e-04
7.050028070807456970e-04
8.709942921996116638e-04
8.629105868749320507e-04
7.670422783121466637e-04
8.260768372565507889e-04
9.501871536485850811e-04
9.749290766194462776e-04
6.275552441366016865e-04
8.434221963398158550e-04
6.784288561902940273e-04
7.187918527051806450e-04
8.399854414165019989e-04
7.591799367219209671e-04
7.609213353134691715e-04
9.038330172188580036e-04
7.015853771008551121e-04
8.303375798277556896e-04
5.833478062413632870e-04
6.184726371429860592e-04
6.618411862291395664e-04
7.302007288672029972e-04
7.963377283886075020e-04
6.719257216900587082e-04
7.976077031344175339e-04
8.176978444680571556e-04
6.602762150578200817e-04
1.202414510771632195e-03
8.495239308103919029e-04
7.771230884827673435e-04
8.101116400212049484e-04
7.504515815526247025e-04
5.280502955429255962e-04
8.263252093456685543e-04
8.097265381366014481e-04
1.027178601361811161e-03
6.703280960209667683e-04
9.363445569761097431e-04
5.176546401344239712e-04
9.454248938709497452e-04
1.046647317707538605e-03
8.651447715237736702e-04
7.099690847098827362e-04
5.325000965967774391e-04
7.068816921673715115e-04
7.343246252276003361e-04
4.555154009722173214e-04
1.107600750401616096e-03
6.477293791249394417e-04
8.097370155155658722e-04
8.059552637860178947e-04
8.938563405536115170e-04
7.807459915056824684e-04
8.940020343288779259e-04
5.901869735680520535e-04
4.131290188524872065e-04
8.439423399977385998e-04
1.022186130285263062e-03
5.648020305670797825e-04
7.902013603597879410e-04
7.373023545369505882e-04
6.079578888602554798e-04
8.608329808339476585e-04
6.352654309011995792e-04
9.363683639094233513e-04
7.961465744301676750e-04
8.463264675810933113e-04
6.941809551790356636e-04
7.159223314374685287e-04
8.560064015910029411e-04
8.052213815972208977e-04
9.932965040206909180e-04
9.725747513584792614e-04
6.789166945964097977e-04
7.873328868299722672e-04
9.621466160751879215e-04
7.698421832174062729e-04
8.641995955258607864e-04
6.435330724343657494e-04
7.758198771625757217e-04
7.284090388566255569e-04
6.108329398557543755e-04
6.368319154717028141e-04
7.388825761154294014e-04
5.973207298666238785e-04
4.838650929741561413e-04
7.641596603207290173e-04
8.765446254983544350e-04
7.840665057301521301e-04
8.022189140319824219e-04
8.911894401535391808e-04
9.000134305097162724e-04
8.214447880163788795e-04
9.338718955405056477e-04
7.171764736995100975e-04
7.174094789661467075e-04
9.188628755509853363e-04
5.460196989588439465e-04
6.563141359947621822e-04
6.550092366524040699e-04
5.662820767611265182e-04
8.556457469239830971e-04
7.403648924082517624e-04
7.772339740768074989e-04
4.116452182643115520e-04
7.912685396149754524e-04
8.899386739358305931e-04
5.341693758964538574e-04
7.367016514763236046e-04
5.347161786630749702e-04
7.648039609193801880e-04
5.386436241678893566e-04
1.139028579927980900e-03
7.979245856404304504e-04
8.021059911698102951e-04
8.571713697165250778e-04
7.739303400740027428e-04
1.050584134645760059e-03
1.030354294925928116e-03
6.653702002950012684e-04
1.156756421551108360e-03
9.306950960308313370e-04
1.375954947434365749e-03
1.022443640977144241e-03
7.819235906936228275e-04
9.963590418919920921e-04
7.287011248990893364e-04
1.030647079460322857e-03
9.805005975067615509e-04
9.044301696121692657e-04
5.923864664509892464e-04
1.180688850581645966e-03
1.129098935052752495e-03
9.622921934351325035e-04
7.460625492967665195e-04
1.070493832230567932e-03
8.799502975307404995e-04
7.886569947004318237e-04
8.262098417617380619e-04
9.691296727396547794e-04
7.630413165315985680e-04
1.302863820455968380e-03
9.554820135235786438e-04
7.926807738840579987e-04
1.217525452375411987e-03
7.544363616034388542e-04
9.160996414721012115e-04
8.250104729086160660e-04
7.994980551302433014e-04
6.939108134247362614e-04
6.633256562054157257e-04
7.406614604406058788e-04
4.294030950404703617e-04
9.635397000238299370e-04
7.102143717929720879e-04
5.604805774055421352e-04
8.616312406957149506e-04
6.576479063369333744e-04
1.178655773401260376e-03
1.020361785776913166e-03
9.161480702459812164e-04
1.070539117790758610e-03
8.218674920499324799e-04
7.715439423918724060e-04
1.047697383910417557e-03
7.816493161953985691e-04
7.286504842340946198e-04
9.362942073494195938e-04
8.809935534372925758e-04
8.774656453169882298e-04
9.072537650354206562e-04
1.334327389486134052e-03
9.489015210419893265e-04
6.372373900376260281e-04
8.725135121494531631e-04
8.889664895832538605e-04
1.256086397916078568e-03
