9.487271308898925781e-04
6.476947455666959286e-04
9.423706214874982834e-04
7.928748964332044125e-04
1.358207315206527710e-03
7.944935932755470276e-04
8.844669209793210030e-04
5.956939421594142914e-04
8.288797689601778984e-04
7.685609161853790283e-04
8.346715476363897324e-04
9.742794209159910679e-04
1.058391062542796135e-03
7.974784821271896362e-04
7.239546393975615501e-04
8.516896632499992847e-04
1.180254505015909672e-03
7.042232318781316280e-04
1.173169934190809727e-03
1.072083250619471073e-03
1.330036902800202370e-03
1.067243050783872604e-03
6.282577523961663246e-04
8.666323265060782433e-04
7.744668400846421719e-04
9.057330898940563202e-04
1.159373205155134201e-03
7.720962166786193848e-04
9.125063079409301281e-04
6.326248985715210438e-04
1.038152724504470825e-03
5.150262732058763504e-04
9.279895457439124584e-04
8.543085423298180103e-04
1.312000444158911705e-03
8.094891672953963280e-04
8.101015700958669186e-04
6.941868923604488373e-04
8.003506809473037720e-04
8.195674163289368153e-04
1.042841933667659760e-03
1.075836946256458759e-03
7.224029977805912495e-04
6.933691329322755337e-04
7.723402231931686401e-04
6.017075502313673496e-04
7.153673795983195305e-04
9.206659160554409027e-04
9.023540187627077103e-04
6.491274107247591019e-04
5.598790012300014496e-04
8.953537908382713795e-04
7.914323941804468632e-04
9.917814750224351883e-04
6.958919693715870380e-04
5.051593761891126633e-04
1.117133884690701962e-03
6.907081115059554577e-04
5.883015692234039307e-04
8.961440762504935265e-04
7.833857089281082153e-04
8.327797986567020416e-04
1.233861548826098442e-03
6.949093658477067947e-04
9.431162034161388874e-04
7.990860613062977791e-04
6.596578750759363174e-04
6.991450209170579910e-04
6.857623811811208725e-04
9.742890251800417900e-04
1.137067563831806183e-03
7.530739530920982361e-04
8.105881279334425926e-04
7.905333186499774456e-04
8.010910241864621639e-04
1.131001859903335571e-03
1.139913219958543777e-03
6.566735100932419300e-04
9.094141423702239990e-04
8.188019273802638054e-04
1.177991740405559540e-03
8.835202897898852825e-04
9.846168104559183121e-04
6.047374918125569820e-04
1.083896029740571976e-03
7.014664588496088982e-04
1.013395376503467560e-03
1.029948354698717594e-03
6.079009035602211952e-04
9.328968590125441551e-04
9.786182781681418419e-04
7.142736576497554779e-04
6.250019650906324387e-04
9.143278002738952637e-04
9.152384009212255478e-04
1.243012258782982826e-03
1.368107274174690247e-03
8.047894225455820560e-04
1.071546226739883423e-03
9.311949834227561951e-04
1.380142290145158768e-03
9.520461317151784897e-04
1.193026080727577209e-03
1.114234677515923977e-03
9.006505715660750866e-04
1.023922115564346313e-03
9.378324029967188835e-04
1.073264051228761673e-03
1.244424842298030853e-03
1.451832940801978111e-03
1.061635324731469154e-03
8.437827927991747856e-04
8.267730590887367725e-04
7.678713300265371799e-04
1.136196660809218884e-03
7.584843551740050316e-04
7.623248966410756111e-04
9.908429346978664398e-04
1.059606089256703854e-03
7.117452332749962807e-04
1.307946396991610527e-03
6.116388249211013317e-04
8.683416526764631271e-04
1.401814515702426434e-03
1.251471810974180698e-03
6.134001887403428555e-04
9.594046277925372124e-04
8.311636047437787056e-04
7.318725693039596081e-04
8.634821278974413872e-04
5.934083019383251667e-04
1.281281118281185627e-03
6.269601872190833092e-04
9.631623979657888412e-04
9.173893486149609089e-04
7.925009122118353844e-04
8.004128467291593552e-04
8.710665279068052769e-04
7.826457731425762177e-04
7.559491787105798721e-04
5.850301822647452354e-04
7.351717795245349407e-04
6.123629282228648663e-04
8.797819027677178383e-04
5.912097403779625893e-04
9.730951860547065735e-04
7.291697547771036625e-04
1.134193968027830124e-03
6.484213517978787422e-04
8.176824776455760002e-04
8.973341900855302811e-04
7.364131743088364601e-04
1.108168158680200577e-03
7.884260267019271851e-04
8.650891249999403954e-04
7.176399230957031250e-04
8.998186676762998104e-04
8.436350617557764053e-04
6.091343821026384830e-04
6.679833750240504742e-04
7.682915311306715012e-04
9.468396892771124840e-04
7.889911066740751266e-04
8.483252022415399551e-04
1.218147459439933300e-03
6.164907827042043209e-04
6.084538181312382221e-04
1.113770995289087296e-03
7.893251022323966026e-04
6.414172239601612091e-04
8.195909904316067696e-04
9.766181465238332748e-04
9.556316072121262550e-04
6.496507558040320873e-04
5.650682142004370689e-04
8.431214955635368824e-04
7.517480989918112755e-04
6.642675725743174553e-04
5.387402488850057125e-04
7.662153802812099457e-04
7.293593371286988258e-04
6.688441499136388302e-04
5.763637600466609001e-04
1.003594137728214264e-03
9.631867287680506706e-04
1.175907091237604618e-03
6.512615946121513844e-04
7.311920053325593472e-04
7.784032495692372322e-04
8.904862916097044945e-04
9.989014361053705215e-04
9.807908209040760994e-04
8.427305147051811218e-04
1.020885072648525238e-03
7.171561592258512974e-04
7.390097016468644142e-04
9.088355000130832195e-04
6.973930867388844490e-04
1.061732647940516472e-03
6.458089337684214115e-04
1.022548414766788483e-03
7.203273125924170017e-04
9.334094356745481491e-04
1.047294354066252708e-03
1.056762645021080971e-03
5.695950821973383427e-04
5.122150178067386150e-04
1.233004033565521240e-03
8.038078667595982552e-04
7.517546182498335838e-04
1.222560880705714226e-03
7.733919774182140827e-04
1.088702818378806114e-03
9.822992142289876938e-04
9.411249775439500809e-04
1.127863652072846889e-03
7.737226551398634911e-04
7.415283471345901489e-04
1.262928126379847527e-03
7.669967599213123322e-04
1.049240701831877232e-03
7.006926462054252625e-04
9.887737687677145004e-04
5.973158404231071472e-04
9.691150044091045856e-04
6.254300242289900780e-04
8.297925814986228943e-04
7.762276800349354744e-04
1.009925967082381248e-03
7.088956190273165703e-04
7.229944458231329918e-04
9.739109082147479057e-04
1.035098684951663017e-03
5.426519783213734627e-04
6.166251259855926037e-04
8.977230172604322433e-04
7.261877181008458138e-04
7.086121477186679840e-04
9.976048022508621216e-04
7.701108697801828384e-04
9.620110504329204559e-04
8.081588312052190304e-04
8.079476538114249706e-04
9.689564467407763004e-04
7.787977810949087143e-04
7.292003137990832329e-04
9.385285666212439537e-04
5.328466650098562241e-04
7.319798460230231285e-04
9.164703078567981720e-04
1.156867132522165775e-03
8.291655103676021099e-04
7.266221800819039345e-04
7.647027377970516682e-04
1.159245148301124573e-03
8.362838998436927795e-04
9.714685729704797268e-04
8.235541754402220249e-04
1.299889292567968369e-03
6.504763732664287090e-04
7.888536783866584301e-04
6.140405312180519104e-04
7.189869065769016743e-04
6.203727098181843758e-04
1.264195190742611885e-03
6.597309838980436325e-04
6.631085416302084923e-04
9.789097821339964867e-04
9.659481584094464779e-04
9.399834088981151581e-04
9.223419474437832832e-04
9.868931956589221954e-04
6.362562417052686214e-04
8.111959905363619328e-04
7.885034428909420967e-04
1.048673293553292751e-03
7.502911612391471863e-04
1.242017140612006187e-03
7.676322711631655693e-04
8.260527392849326134e-04
6.259649526327848434e-04
8.189697982743382454e-04
7.561765960417687893e-04
9.723880793899297714e-04
1.068584737367928028e-03
8.996336837299168110e-04
7.134131155908107758e-04
8.199790609069168568e-04
8.267407538369297981e-04
6.314343772828578949e-04
6.964323110878467560e-04
1.430848729796707630e-03
7.940783980302512646e-04
7.530171424150466919e-04
6.981076439842581749e-04
1.028963830322027206e-03
1.112000667490065098e-03
7.865808438509702682e-04
8.442146936431527138e-04
8.350706775672733784e-04
9.770926553755998611e-04
9.729579905979335308e-04
7.914713351055979729e-04
7.844480569474399090e-04
4.147047875449061394e-04
8.417908102273941040e-04
8.562449365854263306e-04
8.310493431054055691e-04
1.198494108393788338e-03
6.099487072788178921e-04
1.237672520801424980e-03
7.413923740386962891e-04
1.028975471854209900e-03
7.539418293163180351e-04
1.202740473672747612e-03
1.205478562042117119e-03
8.465540595352649689e-04
1.004224759526550770e-03
1.433349912986159325e-03
8.137993281707167625e-04
6.197303300723433495e-04
9.764904389157891273e-04
1.438958453945815563e-03
1.088746939785778522e-03
1.325828954577445984e-03
5.138433189131319523e-04
6.633530138060450554e-04
1.389287877827882767e-03
3.674073668662458658e-04
2.218440407887101173e-03
8.871425525285303593e-04
1.575911417603492737e-03
1.030109240673482418e-03
1.143875997513532639e-03
1.079546171240508556e-03
1.221242477186024189e-03
7.299286662600934505e-04
1.204525353386998177e-03
8.536068489775061607e-04
1.211615512147545815e-03
1.212041475810110569e-03
9.677154594101011753e-04
1.088705146685242653e-03
7.833198178559541702e-04
1.001604949124157429e-03
9.076138958334922791e-04
1.136320643126964569e-03
1.196271274238824844e-03
1.287191407755017281e-03
1.979998778551816940e-03
1.126436283811926842e-03
1.116378465667366982e-03
1.112584723159670830e-03
7.373617263510823250e-04
1.001850934699177742e-03
7.777253631502389908e-04
1.510260161012411118e-03
9.822305291891098022e-04
9.237991180270910263e-04
1.288768369704484940e-03
1.221806742250919342e-03
1.081728725694119930e-03
1.777421217411756516e-03
1.158348750323057175e-03
1.159294741228222847e-03
1.218809513375163078e-03
1.129748765379190445e-03
1.045560115016996861e-03
1.191268675029277802e-03
9.546186774969100952e-04
1.093263737857341766e-03
9.659312781877815723e-04
7.923248922452330589e-04
9.464332833886146545e-04
1.143968664109706879e-03
9.176072198897600174e-04
9.718926157802343369e-04
1.114233629778027534e-03
1.040926203131675720e-03
8.281374466605484486e-04
8.646331261843442917e-04
1.060806680470705032e-03
1.263086451217532158e-03
1.324701705016195774e-03
7.282349979504942894e-04
1.164590008556842804e-03
8.797426708042621613e-04
7.028693216852843761e-04
6.513087428174912930e-04
8.013243204914033413e-04
1.198428682982921600e-03
1.324103097431361675e-03
7.434457656927406788e-04
7.053593872115015984e-04
9.158945758827030659e-04
6.772419437766075134e-04
9.791258489713072777e-04
1.024076715111732483e-03
4.932044539600610733e-04
1.734529621899127960e-03
8.667541551403701305e-04
1.504231709986925125e-03
7.490908028557896614e-04
9.543367195874452591e-04
1.189712202176451683e-03
1.731664873659610748e-03
1.260525314137339592e-03
7.294432725757360458e-04
1.200464437715709209e-03
1.143649220466613770e-03
1.103294314816594124e-03
1.222519786097109318e-03
1.003424520604312420e-03
8.958188118413090706e-04
7.781694293953478336e-04
1.185468747280538082e-03
7.270459318533539772e-04
1.282216515392065048e-03
7.440028712153434753e-04
1.079161535017192364e-03
1.384995877742767334e-03
8.432770264334976673e-04
1.302166027016937733e-03
1.051702769473195076e-03
1.793464878574013710e-03
1.371826278045773506e-03
1.062321243807673454e-03
9.888662025332450867e-04
9.797682287171483040e-04
8.659418672323226929e-04
1.192417694255709648e-03
1.032687723636627197e-03
1.179317594505846500e-03
9.754759958013892174e-04
8.876369101926684380e-04
1.077062217518687248e-03
6.995177827775478363e-04
1.242246711626648903e-03
1.003960031084716320e-03
9.422157891094684601e-04
8.847165154293179512e-04
8.006520802155137062e-04
9.477008134126663208e-04
1.056687789969146252e-03
9.075162233784794807e-04
1.062631374225020409e-03
7.613388588652014732e-04
7.600707467645406723e-04
8.799032075330615044e-04
1.751353964209556580e-03
8.708334644325077534e-04
1.070678816176950932e-03
8.818356436677277088e-04
9.970369283109903336e-04
1.403977861627936363e-03
9.107150835916399956e-04
8.888817392289638519e-04
5.808714195154607296e-04
9.564996580593287945e-04
9.968047961592674255e-04
5.307540413923561573e-04
6.276079220697283745e-04
9.648614213801920414e-04
1.153452787548303604e-03
5.945866578258574009e-04
1.545913750305771828e-03
1.105257193557918072e-03
1.109227305278182030e-03
7.990679005160927773e-04
7.465322269126772881e-04
1.014362787827849388e-03
9.109398233704268932e-04
1.174906268715858459e-03
7.216475205495953560e-04
1.029568258672952652e-03
7.224710425361990929e-04
9.163134964182972908e-04
7.991684251464903355e-04
8.521674899384379387e-04
1.271616900339722633e-03
5.791041185148060322e-04
8.655212586745619774e-04
7.580126402899622917e-04
8.900087559595704079e-04
9.209807612933218479e-04
1.072690356522798538e-03
1.709250151179730892e-03
1.027757884003221989e-03
9.471192024648189545e-04
1.487302826717495918e-03
1.393822487443685532e-03
1.927356119267642498e-03
1.249005319550633430e-03
1.793099334463477135e-03
9.608488180674612522e-04
2.224019728600978851e-03
1.095178071409463882e-03
1.495095901191234589e-03
1.711872639134526253e-03
1.183783635497093201e-03
2.156219445168972015e-03
1.252344693057239056e-03
1.365097006782889366e-03
1.453038770705461502e-03
1.202462008222937584e-03
2.984314225614070892e-03
1.490706345066428185e-03
2.189374994486570358e-03
2.743746619671583176e-03
1.263184472918510437e-03
2.431775908917188644e-03
1.362468930892646313e-03
2.092854585498571396e-03
1.086885458789765835e-03
1.189375761896371841e-03
1.354831503704190254e-03
1.565748360008001328e-03
8.663667249493300915e-04
1.685866271145641804e-03
1.092506689019501209e-03
1.073355088010430336e-03
1.066447817720472813e-03
1.160243526101112366e-03
9.683566167950630188e-04
1.202340237796306610e-03
8.343043737113475800e-04
1.116933533921837807e-03
9.360773256048560143e-04
5.576637340709567070e-04
1.169521478004753590e-03
1.079257344827055931e-03
9.029882494360208511e-04
6.249313009902834892e-04
1.072471030056476593e-03
9.716908680275082588e-04
1.114262733608484268e-03
1.145496265962719917e-03
9.999880567193031311e-04
9.749242453835904598e-04
1.071539707481861115e-03
1.137716695666313171e-03
8.513221982866525650e-04
9.463638998568058014e-04
7.110179867595434189e-04
1.084201270714402199e-03
1.007733400911092758e-03
1.372923608869314194e-03
8.205495541915297508e-04
9.256951743736863136e-04
7.215176592580974102e-04
1.131482655182480812e-03
7.368786027655005455e-04
8.248328813351690769e-04
7.477870676666498184e-04
7.039892952889204025e-04
9.209951967932283878e-04
5.745893577113747597e-04
6.397804245352745056e-04
1.013686298392713070e-03
6.538029410876333714e-04
9.071835665963590145e-04
8.842223323881626129e-04
9.312274632975459099e-04
6.625878741033375263e-04
8.173878304660320282e-04
8.023229893296957016e-04
9.696466149762272835e-04
7.029211265034973621e-04
1.175117213279008865e-03
7.795671117492020130e-04
1.133666723035275936e-03
1.012574182823300362e-03
9.032607194967567921e-04
9.847967885434627533e-04
8.269826066680252552e-04
7.277611875906586647e-04
1.132485223934054375e-03
6.191147840581834316e-04
1.249610912054777145e-03
9.310496971011161804e-04
1.454315613955259323e-03
6.068398943170905113e-04
8.642646134831011295e-04
8.739877957850694656e-04
7.331750821322202682e-04
6.491423118859529495e-04
9.460761211812496185e-04
6.992327980697154999e-04
9.223655215464532375e-04
8.562196162529289722e-04
7.439387263730168343e-04
8.874773047864437103e-04
8.819623035378754139e-04
8.790153078734874725e-04
7.900866912677884102e-04
6.958099547773599625e-04
8.372138254344463348e-04
8.103412692435085773e-04
7.229381590150296688e-04
8.975006639957427979e-04
4.938184283673763275e-04
1.232414040714502335e-03
6.732728797942399979e-04
9.531805408187210560e-04
8.204687619581818581e-04
6.007149931974709034e-04
8.922002161853015423e-04
1.008012564852833748e-03
8.071191259659826756e-04
1.012070337310433388e-03
7.344852201640605927e-04
9.933803230524063110e-04
1.026864396408200264e-03
9.761084802448749542e-04
1.071311300620436668e-03
9.684636606834828854e-04
9.387455647811293602e-04
9.964950149878859520e-04
7.603897247463464737e-04
6.520954193547368050e-04
3.952583356294780970e-04
1.184346154332160950e-03
7.292274385690689087e-04
9.645182872191071510e-04
4.650702467188239098e-04
6.733000627718865871e-04
9.377341484650969505e-04
8.852924802340567112e-04
6.099860183894634247e-04
9.374470682814717293e-04
8.574972162023186684e-04
1.065280754119157791e-03
7.203751010820269585e-04
7.303205202333629131e-04
1.185919041745364666e-03
9.294822812080383301e-04
7.013794966042041779e-04
4.781208990607410669e-04
5.861575482413172722e-04
1.023021293804049492e-03
1.114959944970905781e-03
8.937368402257561684e-04
6.632263539358973503e-04
6.248864810913801193e-04
8.218102157115936279e-04
7.419185712933540344e-04
8.227757643908262253e-04
6.983644561842083931e-04
8.829855360090732574e-04
5.485740257427096367e-04
7.301634177565574646e-04
6.809764308854937553e-04
7.968915160745382309e-04
8.385531837120652199e-04
8.132031653076410294e-04
8.292997954413294792e-04
1.048922189511358738e-03
8.238147129304707050e-04
1.105893985368311405e-03
6.155931623652577400e-04
7.782336906529963017e-04
1.214466057717800140e-03
6.787932361476123333e-04
9.271586313843727112e-04
4.756837734021246433e-04
7.340925512835383415e-04
6.485147168859839439e-04
4.408214008435606956e-04
4.816124856006354094e-04
7.456702878698706627e-04
9.221690706908702850e-04
6.981124170124530792e-04
9.529228555038571358e-04
6.059735314920544624e-04
7.889865664765238762e-04
7.130691083148121834e-04
1.155600883066654205e-03
9.956314461305737495e-04
9.059187723323702812e-04
7.527198176831007004e-04
7.642135606147348881e-04
7.964106043800711632e-04
8.241318282671272755e-04
7.157159852795302868e-04
1.104226801544427872e-03
6.712332833558320999e-04
8.820510120131075382e-04
8.191824890673160553e-04
7.950442959554493427e-04
1.101230038329958916e-03
1.282712677493691444e-03
6.136713782325387001e-04
9.510806994512677193e-04
9.280047379434108734e-04
9.842386934906244278e-04
8.046033908613026142e-04
8.765793172642588615e-04
1.082930481061339378e-03
6.761233089491724968e-04
6.347292219288647175e-04
8.884323760867118835e-04
9.922162862494587898e-04
1.104274531826376915e-03
5.557889817282557487e-04
8.971094503067433834e-04
8.888719603419303894e-04
1.100192079320549965e-03
9.036802221089601517e-04
8.552194340154528618e-04
5.968984914943575859e-04
8.182268356904387474e-04
1.014668727293610573e-03
7.246355526149272919e-04
1.077045220881700516e-03
6.086728535592556000e-04
9.024007013067603111e-04
1.367052784189581871e-03
8.868408622220158577e-04
8.155022514984011650e-04
6.317217485047876835e-04
5.897556548006832600e-04
7.845214568078517914e-04
8.368009002879261971e-04
7.638789247721433640e-04
8.242661715485155582e-04
1.083756331354379654e-03
6.733326008543372154e-04
9.197829640470445156e-04
1.085408264771103859e-03
1.017493079416453838e-03
6.196090253069996834e-04
3.980426699854433537e-04
1.498319441452622414e-03
6.675753975287079811e-04
1.223116065375506878e-03
9.170310804620385170e-04
1.106442883610725403e-03
1.104585244320333004e-03
9.158365428447723389e-04
9.278416400775313377e-04
7.373755797743797302e-04
1.324142562225461006e-03
8.824520627968013287e-04
1.179570099338889122e-03
8.450450841337442398e-04
9.274062467738986015e-04
1.355497515760362148e-03
8.485564030706882477e-04
9.864924941211938858e-04
8.666472858749330044e-04
9.235712932422757149e-04
1.338536967523396015e-03
9.654513560235500336e-04
1.155734062194824219e-03
7.069034036248922348e-04
7.431714329868555069e-04
1.190844457596540451e-03
7.138975779525935650e-04
1.304744277149438858e-03
1.477928366512060165e-03
1.420142361894249916e-03
1.694132806733250618e-03
1.338746864348649979e-03
1.192497205920517445e-03
1.249796245247125626e-03
1.765413442626595497e-03
1.398717751726508141e-03
6.233279709704220295e-04
9.046801133081316948e-04
1.074083265848457813e-03
1.306072110310196877e-03
1.432393793947994709e-03
1.321645453572273254e-03
1.108546042814850807e-03
1.239726669155061245e-03
1.280160387977957726e-03
1.408275449648499489e-03
8.089774055406451225e-04
1.228007138706743717e-03
1.285853097215294838e-03
7.522675441578030586e-04
9.037058916874229908e-04
1.231899834237992764e-03
1.034112647175788879e-03
9.001255384646356106e-04
1.125206355936825275e-03
1.086621545255184174e-03
8.251301478594541550e-04
1.006964943371713161e-03
9.580357000231742859e-04
7.271973881870508194e-04
9.429172496311366558e-04
8.395193144679069519e-04
1.060549402609467506e-03
1.134581165388226509e-03
8.147404296323657036e-04
7.221250561997294426e-04
9.798497194424271584e-04
1.093388535082340240e-03
1.246799714863300323e-03
7.157492218539118767e-04
1.265614992007613182e-03
8.678551530465483665e-04
9.142401395365595818e-04
1.068184617906808853e-03
1.252030720934271812e-03
7.019591284915804863e-04
1.407950650900602341e-03
9.983362397179007530e-04
7.114355685189366341e-04
9.453819366171956062e-04
1.234828378073871136e-03
9.015487739816308022e-04
1.282805111259222031e-03
7.354959961958229542e-04
1.284261932596564293e-03
5.022886325605213642e-04
8.648706134408712387e-04
1.171963638626039028e-03
5.546286702156066895e-04
1.258561620488762856e-03
1.017398899421095848e-03
1.020416151732206345e-03
1.187803572975099087e-03
1.170902280136942863e-03
7.785728084854781628e-04
6.093241390772163868e-04
7.206957670859992504e-04
8.668655063956975937e-04
5.472531775012612343e-04
1.198097947053611279e-03
8.901187684386968613e-04
1.013032626360654831e-03
7.240776321850717068e-04
1.183292712084949017e-03
1.006282400339841843e-03
1.094260485842823982e-03
1.075660344213247299e-03
1.360788475722074509e-03
1.056479988619685173e-03
2.101379912346601486e-03
7.916188333183526993e-04
1.759226317517459393e-03
1.788979046978056431e-03
1.279400428757071495e-03
2.376798540353775024e-03
1.124493894167244434e-03
1.963701564818620682e-03
1.120651140809059143e-03
1.165569759905338287e-03
1.810663379728794098e-03
9.054195252247154713e-04
1.416915096342563629e-03
1.239420380443334579e-03
1.187254907563328743e-03
1.329948543570935726e-03
7.402886403724551201e-04
9.857387049123644829e-04
1.480048056691884995e-03
9.076059795916080475e-04
1.389879034832119942e-03
1.115577295422554016e-03
9.706013952381908894e-04
1.294366782531142235e-03
8.892773767001926899e-04
9.983016643673181534e-04
1.353024505078792572e-03
9.830305352807044983e-04
1.395423663780093193e-03
1.051003811880946159e-03
6.978317978791892529e-04
1.065388438291847706e-03
6.928440998308360577e-04
5.781272775493562222e-04
1.046868623234331608e-03
1.219928031787276268e-03
8.859995868988335133e-04
1.070308266207575798e-03
9.662235970608890057e-04
7.556605269201099873e-04
1.328971236944198608e-03
6.521327886730432510e-04
1.390185556374490261e-03
9.088251972571015358e-04
2.057971432805061340e-03
1.155295758508145809e-03
1.272708177566528320e-03
9.746965952217578888e-04
8.840879891067743301e-04
7.583532133139669895e-04
1.029957318678498268e-03
8.174711838364601135e-04
8.333623991347849369e-04
7.541728555224835873e-04
1.126143499277532101e-03
8.498586830683052540e-04
7.660911069251596928e-04
1.148579642176628113e-03
8.427995489910244942e-04
6.794104119762778282e-04
1.081887050531804562e-03
9.773987112566828728e-04
1.033059903420507908e-03
1.578873721882700920e-03
9.566680528223514557e-04
9.748539305292069912e-04
1.337023568339645863e-03
8.839467191137373447e-04
1.585949677973985672e-03
8.936381200328469276e-04
6.972451228648424149e-04
1.255490817129611969e-03
9.203578811138868332e-04
1.282222452573478222e-03
1.007360988296568394e-03
9.070250671356916428e-04
1.235212665051221848e-03
1.295386580750346184e-03
1.106124720536172390e-03
1.168942311778664589e-03
1.178693841211497784e-03
1.164649846032261848e-03
7.648392347618937492e-04
1.120539847761392593e-03
5.420404486358165741e-04
1.180557766929268837e-03
8.110363269224762917e-04
6.665828987024724483e-04
7.506742840632796288e-04
9.389616316184401512e-04
5.783695960417389870e-04
9.634214220568537712e-04
7.644104189239442348e-04
6.205340032465755939e-04
9.622189681977033615e-04
8.362374501302838326e-04
5.743499496020376682e-04
8.961869752965867519e-04
1.144632464274764061e-03
7.678910042159259319e-04
7.146669668145477772e-04
6.987892556935548782e-04
1.022496726363897324e-03
6.670664879493415356e-04
5.002767429687082767e-04
9.451257064938545227e-04
6.558877648785710335e-04
8.311869460158050060e-04
6.203675875440239906e-04
1.077607739716768265e-03
1.332204206846654415e-03
1.302682096138596535e-03
1.244256272912025452e-03
8.358543855138123035e-04
9.170324192382395267e-04
1.031257677823305130e-03
6.701577804051339626e-04
9.218921768479049206e-04
6.314180791378021240e-04
6.703977705910801888e-04
8.102073334157466888e-04
9.069216903299093246e-04
7.015896262601017952e-04
1.079811714589595795e-03
5.699063185602426529e-04
1.341314869932830334e-03
6.693804170936346054e-04
8.337656036019325256e-04
7.362024625763297081e-04
7.815714925527572632e-04
1.160245505161583424e-03
1.181778614409267902e-03
9.415502427145838737e-04
5.822405219078063965e-04
8.818259229883551598e-04
4.687162581831216812e-04
1.057279063388705254e-03
8.521874551661312580e-04
9.493748075328767300e-04
5.432104808278381824e-04
6.174529553391039371e-04
9.070471278391778469e-04
7.931949221529066563e-04
9.065242484211921692e-04
7.558808429166674614e-04
6.657456979155540466e-04
1.047130441293120384e-03
8.573075756430625916e-04
1.437139348126947880e-03
8.895198116078972816e-04
1.271946937777101994e-03
8.349127601832151413e-04
5.316021852195262909e-04
1.388563658110797405e-03
1.028644153848290443e-03
8.600181899964809418e-04
8.189410436898469925e-04
9.267337154597043991e-04
6.512655527330935001e-04
1.035680994391441345e-03
1.055222237482666969e-03
8.850316517055034637e-04
7.338547147810459137e-04
9.110730607062578201e-04
9.573395363986492157e-04
6.444430327974259853e-04
8.923833956941962242e-04
8.600825676694512367e-04
6.006133044138550758e-04
6.166482344269752502e-04
6.996248848736286163e-04
8.299556793645024300e-04
8.595079416409134865e-04
7.303424645215272903e-04
7.812705589458346367e-04
1.144615584053099155e-03
7.289128843694925308e-04
8.579274290241301060e-04
8.093329379335045815e-04
8.091420168057084084e-04
7.656140369363129139e-04
9.496037382632493973e-04
7.965420954860746861e-04
