9.762175246049239474e-01
9.848258191403873596e-01
9.798565358682325144e-01
9.868119064474216717e-01
9.860405817045198029e-01
9.849049574398018869e-01
9.898041165966168231e-01
9.911257548042662346e-01
9.868318365571103756e-01
9.912400083133546813e-01
1.002290688536747298e+00
1.003572580316123730e+00
1.001922866881982843e+00
1.001607008363469165e+00
1.004273305496048652e+00
9.964013398246809317e-01
9.966253950781931437e-01
9.985112756952503332e-01
9.937515330200237251e-01
9.949621692445792531e-01
9.956399104177419135e-01
9.960291805839469603e-01
9.973081416093660945e-01
9.966000716716231222e-01
9.949647576935909399e-01
1.000557704035237361e+00
1.028178856247139894e+00
1.040353405453887659e+00
1.054136804891142365e+00
1.056434549393946210e+00
1.062137474156899630e+00
1.062423974222807876e+00
1.067699594007374575e+00
1.082626548612786177e+00
1.084588426070995926e+00
1.089263655465839475e+00
1.097578704059964050e+00
1.113632346288986108e+00
1.111575658524697419e+00
1.117083644215463911e+00
1.132027978593066253e+00
1.150438406565762017e+00
1.170535934424177693e+00
1.174969724238793090e+00
1.194911924839244577e+00
1.195540529495752180e+00
1.198941657613557643e+00
1.213472611015304237e+00
1.240760693909878976e+00
1.249636655938060281e+00
1.256328522246573876e+00
1.241749166049811892e+00
1.243168953048154002e+00
1.229388578252918141e+00
1.229956270481619374e+00
1.220068880907607678e+00
1.217569875322159545e+00
1.217030952382214481e+00
1.215012308541519648e+00
1.208306647496500519e+00
1.217296925542041608e+00
1.214538477537876693e+00
1.217418307231706853e+00
1.237185163041968572e+00
1.236478089150438997e+00
1.236812295613866297e+00
1.214559056673520709e+00
1.189552168178630964e+00
1.206382955819859770e+00
1.199103887991832984e+00
1.215462460122662236e+00
1.214999167427794458e+00
1.215305807039154029e+00
1.188085067239968762e+00
1.192566403855321866e+00
1.200131524044153464e+00
1.181647923402024292e+00
1.193282477384010720e+00
1.199331724657793030e+00
1.198909109240557047e+00
1.223631785267183858e+00
1.242742021900034244e+00
1.252604820039666222e+00
1.246263081937506900e+00
1.284244233702612981e+00
1.289318615898109366e+00
1.288447820764347496e+00
1.275980679700661868e+00
1.264406151214863883e+00
1.269985294903652528e+00
1.281619692033678870e+00
1.310724128598198091e+00
1.333885227212796343e+00
1.316951564769941463e+00
1.310012204092547261e+00
1.289634124767155221e+00
1.300481585587953015e+00
1.305647706408978870e+00
1.334593414715308679e+00
1.337285621703691252e+00
1.315218243282178401e+00
1.327853770627951624e+00
1.307625350841143064e+00
1.317186216491332829e+00
1.345748841987972622e+00
1.332514470557351061e+00
1.316548540341840656e+00
1.317037931995161282e+00
1.317818306129166617e+00
1.285733655625526328e+00
1.297067836069939917e+00
1.278583925208514716e+00
1.265309136558871339e+00
1.260962745247661276e+00
1.264459157795160049e+00
1.250730509942340252e+00
1.243027130863500584e+00
1.243296228896430655e+00
1.249409787334524236e+00
1.245937506509364967e+00
1.240216774636803132e+00
1.235842151135172484e+00
1.221230648556972165e+00
1.204471863477242666e+00
1.205208740773742404e+00
1.222400952518338579e+00
1.212306365223078108e+00
1.214458517833964635e+00
1.211207351959126433e+00
1.195851364417542140e+00
1.208922433595149171e+00
1.211865863417533662e+00
1.193146880090276918e+00
1.193690067778237829e+00
1.212079627182846009e+00
1.185845464007751149e+00
1.212842807335924089e+00
1.229695132878412700e+00
1.240982549181032013e+00
1.241851030665351852e+00
1.237092765110756165e+00
1.236361130809066511e+00
1.231862534177107005e+00
1.234426245605653172e+00
1.230797124935741449e+00
1.241515187085221239e+00
1.248464856009537494e+00
1.263320313931181271e+00
1.278959206860095899e+00
1.274992448175220838e+00
1.277995296767803657e+00
1.269689391797013567e+00
1.276514964013393705e+00
1.275409259625211567e+00
1.270203143791314160e+00
1.257844064031087949e+00
1.270617625349341751e+00
1.291909861372230406e+00
1.276220674152133805e+00
1.280061342068409935e+00
1.282534363381950371e+00
1.291082007261914022e+00
1.293133965497832216e+00
1.286730636744393141e+00
1.290210977797105585e+00
1.294604149750175015e+00
1.284296277368671024e+00
1.286187786159501689e+00
1.275608880260058919e+00
1.277497763831900501e+00
1.296100540975312132e+00
1.280430490888058603e+00
1.269178735112759027e+00
1.263394526514800331e+00
1.271608132924929357e+00
1.279175487957821655e+00
1.293596525964385346e+00
1.294972794261402438e+00
1.295176262053610694e+00
1.313645480185124059e+00
1.326746316154300054e+00
1.319660264942875250e+00
1.321991398689277508e+00
1.340301838561029912e+00
1.326754505347282231e+00
1.339332598032048960e+00
1.330257253292710162e+00
1.333657942101402760e+00
1.339929651329544669e+00
1.334052857914781232e+00
1.322541731508784402e+00
1.354025390109099503e+00
1.348984957030204157e+00
1.359621364766104401e+00
1.381183423333154803e+00
1.350617932565508994e+00
1.369727071615202796e+00
1.390355525246202983e+00
1.379640107049303177e+00
1.368110613561189570e+00
1.340822336498301182e+00
1.349265146714417885e+00
1.352673147132230858e+00
1.361669627514280778e+00
1.349227514776717651e+00
1.326854031631850894e+00
1.319277565727732027e+00
1.314918790528535775e+00
1.306334119348892875e+00
1.303322379169183698e+00
1.286775823692242193e+00
1.269405218485830211e+00
1.264043600354349817e+00
1.262355966429552723e+00
1.261208725647099849e+00
1.262462986624424799e+00
1.230992920111484201e+00
1.218152569877016367e+00
1.226391394380464739e+00
1.220184532222496454e+00
1.236878508750124839e+00
1.230777264095471280e+00
1.228845976151786923e+00
1.247072173438049880e+00
1.256564906039740581e+00
1.270733310392754944e+00
1.257446610533070830e+00
1.264426011905414260e+00
1.255910471172635212e+00
1.245775751241519957e+00
1.251954485222932734e+00
1.262420349509342232e+00
1.260600840980545367e+00
1.265205092018466759e+00
1.273759939798010388e+00
1.280570055266284646e+00
1.301028889435589031e+00
1.304341799012707748e+00
1.302495845598339308e+00
1.302670072969302817e+00
1.297869253470989470e+00
1.298130782320725318e+00
1.313805140568252705e+00
1.307454675855478587e+00
1.298553775355684836e+00
1.319538385162311478e+00
1.322556272403328181e+00
1.315727186540168958e+00
1.313887000947763672e+00
1.314186463819782880e+00
1.308175423448612040e+00
1.311236113304300233e+00
1.289583472045711554e+00
1.283404984384227898e+00
1.310097796675642412e+00
1.300456602389370886e+00
1.298253494266207397e+00
1.297134004529019169e+00
1.304960125130917081e+00
1.297853374222184941e+00
1.308052354326743050e+00
1.299746968304891670e+00
1.285550478719692968e+00
1.276372278655311554e+00
1.277491282552278618e+00
1.286948907890694604e+00
1.305048706276257020e+00
1.312034077467304938e+00
1.318439600048967764e+00
1.317762891303767558e+00
1.300331072085221917e+00
1.279062064129652621e+00
1.279133372844188044e+00
1.280680594952407159e+00
1.275244087092886724e+00
1.286381659343285966e+00
1.294121247264046870e+00
1.286406892995622275e+00
1.288649210002722922e+00
1.281039707393692106e+00
1.295028919647398746e+00
1.307696107992092571e+00
1.291881808725452441e+00
1.272716488637826826e+00
1.271038814739716916e+00
1.268345449656890889e+00
1.273997073377044265e+00
1.300183408649813188e+00
1.318910994067860498e+00
1.316568838323390445e+00
1.325064408359834189e+00
1.322364089753687910e+00
1.316278857086623733e+00
1.299911483298267889e+00
1.308710952181280307e+00
1.307255434877507838e+00
1.340550761976467165e+00
1.333147629137845014e+00
1.323138811730030007e+00
1.327370283717591137e+00
1.310974340275348871e+00
1.306559023726367119e+00
1.334305107142123248e+00
1.322530566720993228e+00
1.316145955956030011e+00
1.318571211905102736e+00
1.293533212696597490e+00
1.300883609510469219e+00
1.313643729582069319e+00
1.319637684720002868e+00
1.317145825609338017e+00
1.303090024710860995e+00
1.276087407585962286e+00
1.274831767771049007e+00
1.275922079642383578e+00
1.260548408888333638e+00
1.240882629550360328e+00
1.250906991571317572e+00
1.267168222346904738e+00
1.260494438496459813e+00
1.263644879400583232e+00
1.239197880459046219e+00
1.236676624307210037e+00
1.255751025107423535e+00
1.261369601951467967e+00
1.277255376077549798e+00
1.288092961754413013e+00
1.278977827394196076e+00
1.280911111681715342e+00
1.283122473276948838e+00
1.269666202197601068e+00
1.283591470341801211e+00
1.285941535812919367e+00
1.294852034622725467e+00
1.299407763257660386e+00
1.309208207282864578e+00
1.327094105444016625e+00
1.343593203915281586e+00
1.346473118908880995e+00
1.360544155465666094e+00
1.371629150911577444e+00
1.381846474628429577e+00
1.351783169719039224e+00
1.355028825122599700e+00
1.362650110764245026e+00
1.366908480626717104e+00
1.388794935139841646e+00
1.384442927199791118e+00
1.384617101995020416e+00
1.366112785484924208e+00
1.368592922526006950e+00
1.349478303144914459e+00
1.346710794456481119e+00
1.357525745002948092e+00
1.364722271037612567e+00
1.376628742821086160e+00
1.369378933075943383e+00
1.379443834969745319e+00
1.359490814251637092e+00
1.341320552944132993e+00
1.326114053749724908e+00
1.317807823724526761e+00
1.306564132419246071e+00
1.286623604097556717e+00
1.296044050552354499e+00
1.305423255951069228e+00
1.291889678646152451e+00
1.312347371649182248e+00
1.299295203482803807e+00
1.308549938854248973e+00
1.310586634534371742e+00
1.280828356173141280e+00
1.302751272257444137e+00
1.280155912959485720e+00
1.281424464927292117e+00
1.289409026094031629e+00
1.307346534046641917e+00
1.325852596804710570e+00
1.318802022889168368e+00
1.316009628077593030e+00
1.310630101085286103e+00
1.306738270289758308e+00
1.298266346761723034e+00
1.304236334650024753e+00
1.324505585503134020e+00
1.344484000199615226e+00
1.352642204749729293e+00
1.371374563499028865e+00
1.381880849335546113e+00
1.359433706095573680e+00
1.346738077815138546e+00
1.363140749291906539e+00
1.361948066178098715e+00
1.379994729471512027e+00
1.361029176346507885e+00
1.367687032009912595e+00
1.391879180663693649e+00
1.393338862869706318e+00
1.405082533799509203e+00
1.441633037124084860e+00
1.447443554373575303e+00
1.448537759449401330e+00
1.426458555733699729e+00
1.416835508560740253e+00
1.411589286831991696e+00
1.423686157125189089e+00
1.415720733749965987e+00
1.427231129258879738e+00
1.451479748983902862e+00
1.451862768287776051e+00
1.439039109541966122e+00
1.435943055848128536e+00
1.413920674358291718e+00
1.429422163024337333e+00
1.435646067004798798e+00
1.447623285023226680e+00
1.440972523358337032e+00
1.443546170795190875e+00
1.428194468493702907e+00
1.439163984699034282e+00
1.428463834735250959e+00
1.412161719621271461e+00
1.417750930811165322e+00
1.419571762030081841e+00
1.383955232495411414e+00
1.363218889588464933e+00
1.344948166114777077e+00
1.332666399068646923e+00
1.346365763184931286e+00
1.347475586781103019e+00
1.323612020444764559e+00
1.321637297448511550e+00
1.306167275650668369e+00
1.283838944864373666e+00
1.279852145811648523e+00
1.274484680838531725e+00
1.276232388283543573e+00
1.281156485739888717e+00
1.267894041970527574e+00
1.252011844078380953e+00
1.231346219270470499e+00
1.260051050630077940e+00
1.246042353100988986e+00
1.250667823597733763e+00
1.241112765533437079e+00
1.223511756573026465e+00
1.245761403882322371e+00
1.228518697846177066e+00
1.224225435410472240e+00
1.256230128874286089e+00
1.273921900507857252e+00
1.281085792247739885e+00
1.301288478491031908e+00
1.303409301822515021e+00
1.295547666585086466e+00
1.302948087778183162e+00
1.317912424398203664e+00
1.333510531571225899e+00
1.327849733954328038e+00
1.325408549273689562e+00
1.324279207229724253e+00
1.310608941502315883e+00
1.330107768296072912e+00
1.334402380911385411e+00
1.341202243993733889e+00
1.361877112674987789e+00
1.338194252174534249e+00
1.355601445132352589e+00
1.355527114011021217e+00
1.361999897695772566e+00
1.390418844957291844e+00
1.384361903259285542e+00
1.384823602801027898e+00
1.380954087811732123e+00
1.364938952452692256e+00
1.348118131656917074e+00
1.349806961996196319e+00
1.349426761838974365e+00
1.346289320405943402e+00
1.361947717536323488e+00
1.377435981681742527e+00
1.356345227521284835e+00
1.357027976011673687e+00
1.358325466354383115e+00
1.366291845007993055e+00
1.371859845013648327e+00
1.378070217884468596e+00
1.353799918242166944e+00
1.332443401301265373e+00
1.331730871401638261e+00
1.329005360589756934e+00
1.337615486073762350e+00
1.341076691996120562e+00
1.344925163817535019e+00
1.357272094240488558e+00
1.338024766254461984e+00
1.322072471847473452e+00
1.324540886610409141e+00
1.313840859254010063e+00
1.312252745012994826e+00
1.317933971280586869e+00
1.308220005449758805e+00
1.293955840720412143e+00
1.284674392129538267e+00
1.273924860141173676e+00
1.268086049668706083e+00
1.285264011299976694e+00
1.281749446056803743e+00
1.290615554744465765e+00
1.282901135762945621e+00
1.287791405544894241e+00
1.296155706051717038e+00
1.300272032401241340e+00
1.320714260542984242e+00
1.310072588072175082e+00
1.304778341454092994e+00
1.311302803926037930e+00
1.305641431529705132e+00
1.305409490697496899e+00
1.303333512554903040e+00
1.307642287743213227e+00
1.311172121837397730e+00
1.315692447129119369e+00
1.331110677977478840e+00
1.323065567474143611e+00
1.310624938762622760e+00
1.319743038206934171e+00
1.343730831895796562e+00
1.361687658278549318e+00
1.358602022439775459e+00
1.360673459167215604e+00
1.383422952211712076e+00
1.376070042041523056e+00
1.377286222326486786e+00
1.375424668582628129e+00
1.359546158233214008e+00
1.350781444171167411e+00
1.338872965811168436e+00
1.350181566570406000e+00
1.364269112809152862e+00
1.371816735245182439e+00
1.350934376607951792e+00
1.357254076271002807e+00
1.359873604480572151e+00
1.343320588406871963e+00
1.351828363346295969e+00
1.360784005072336322e+00
1.349802096348295288e+00
1.351721097138706140e+00
1.360597861100267369e+00
1.361183759822802264e+00
1.361047957816662546e+00
1.328402914040202276e+00
1.327201675195923025e+00
1.326664252566662539e+00
1.344206034361324020e+00
1.333983477240673121e+00
1.343739162299273371e+00
1.347114055910343833e+00
1.356105820446775301e+00
1.374832952053818058e+00
1.363614580309268076e+00
1.371894070208895089e+00
1.362050261594699219e+00
1.363909127206831995e+00
1.365516450413424732e+00
1.367091075555963986e+00
1.368486701877158929e+00
1.354265291935065507e+00
1.354208294739277507e+00
1.339777420200017222e+00
1.327451993696847188e+00
1.328480697948996925e+00
1.322486910346032607e+00
1.318047417117720999e+00
1.322659446428473995e+00
1.334863195115414181e+00
1.357727558986675742e+00
1.354159243162158743e+00
1.340022829137571536e+00
1.324506855497699753e+00
1.318995228544463716e+00
1.320528038401721282e+00
1.308792010451472088e+00
1.308096142821903118e+00
1.302977398173042811e+00
1.310504409541478621e+00
1.304002091991818713e+00
1.285001759890135986e+00
1.291293916190686675e+00
1.292956934645084210e+00
1.316367124512912046e+00
1.313462949964660176e+00
1.320020688435087797e+00
1.305998086168039807e+00
1.309500826315669997e+00
1.307479945325592974e+00
1.315535380269476029e+00
1.302164475620858353e+00
1.302635824627510930e+00
1.299542478316774607e+00
1.307671007763187454e+00
1.304100700428810322e+00
1.308281207052621742e+00
1.325730300128887373e+00
1.328699351470333800e+00
1.334187026105596807e+00
1.315612375809660284e+00
1.316561515124419213e+00
1.297768864983664727e+00
1.286374497940762529e+00
1.292930050363974903e+00
1.296682738419832281e+00
1.315392115948195162e+00
1.306890456636787157e+00
1.289475714237129145e+00
1.273522068828907061e+00
1.264562098794981937e+00
1.264047252911698838e+00
1.269289982451983656e+00
1.281050628540033820e+00
1.297828921766633448e+00
1.284267012683705911e+00
1.291819176373337763e+00
1.284650440050669085e+00
1.286760249072300244e+00
1.265073662554789813e+00
1.258801893664291960e+00
1.263680415811124336e+00
1.269109091444047710e+00
1.254574729424489998e+00
1.244112453872047164e+00
1.245589115801124303e+00
1.247245389338564214e+00
1.274945473687545627e+00
1.275632311618293713e+00
1.264016498682195344e+00
1.260888537691439826e+00
1.262388286814202898e+00
1.283902211995879838e+00
1.299888967969869524e+00
1.283215834484078499e+00
1.284670636963620272e+00
1.281710211809462319e+00
1.298819103432467648e+00
1.280271865404382980e+00
1.276015108936343845e+00
1.302408387240454601e+00
1.325684962896063412e+00
1.329195341700952104e+00
1.326917439850741953e+00
1.334703823150261037e+00
1.351653157521679471e+00
1.349170267154134129e+00
1.340237647785701647e+00
1.356455379105583781e+00
1.375258565963078494e+00
1.389964642449782906e+00
1.397305957123259335e+00
1.375384265495241065e+00
1.382190571015246450e+00
1.390561632721238672e+00
1.386676410230583301e+00
1.396970299179301822e+00
1.371650608109883818e+00
1.363235917508452522e+00
1.376890923218075935e+00
1.387905938768735137e+00
1.389569551506304013e+00
1.385949173846641180e+00
1.402014054158017942e+00
1.409512483246908587e+00
1.397711076799039720e+00
1.367042095517520428e+00
1.371220187952655767e+00
1.382173141030399899e+00
1.366935234677404409e+00
1.362902198030121026e+00
1.342161683323897625e+00
1.352378771814886749e+00
1.343754318063954623e+00
1.343558940851866668e+00
1.323830491497311579e+00
1.315938542261333888e+00
1.323888983967825617e+00
1.330324675102909193e+00
1.344279344760803907e+00
1.374975017222529239e+00
1.351422259894427880e+00
1.352405691057162684e+00
1.355289950097739560e+00
1.349247819012845850e+00
1.335277991936155040e+00
1.331316041320414367e+00
1.327592672256306505e+00
1.339802569556278078e+00
1.333853292863224960e+00
1.328152172687822041e+00
1.348148627113147535e+00
1.349558161117776933e+00
1.344243559825354595e+00
1.362815246745308295e+00
1.366262920750863197e+00
1.370738513408438664e+00
1.358109833774127972e+00
1.360638730509130978e+00
1.344495799091866228e+00
1.371534188387053987e+00
1.386974379217527753e+00
1.381156216869910525e+00
1.367674806968911527e+00
1.369212473843629763e+00
1.344020148678101600e+00
1.336041043352199198e+00
1.339182186844894540e+00
1.319534817179075725e+00
1.321310013094188607e+00
1.330958221380686091e+00
1.350283728652308168e+00
1.356225857721319761e+00
1.339137556955851238e+00
1.331715271140043511e+00
1.317617197934723539e+00
1.298691831982167866e+00
1.287485935753071464e+00
1.288276869145151826e+00
1.274438169326868486e+00
1.262201742965267881e+00
1.269625107097670069e+00
1.271714933025160033e+00
1.278860591127431112e+00
1.275096768488007237e+00
1.259493434134983270e+00
1.270581580225817353e+00
1.271653683167584203e+00
1.266991033062511152e+00
1.249375720042788185e+00
1.279963160391492716e+00
1.300099983658314251e+00
1.316655387597632787e+00
1.313497388721752257e+00
1.317849204892469261e+00
1.325140099112653402e+00
1.325275525622377826e+00
1.341197437089823863e+00
1.357122219401054597e+00
1.363910661316932948e+00
1.375155686529702548e+00
1.390013371254788188e+00
1.393074669158345991e+00
1.407694480026179917e+00
1.434019796432999261e+00
1.432661209898558496e+00
1.442013733142468723e+00
1.448526123525301967e+00
1.449564401149963100e+00
1.450085085716463551e+00
1.437187400089926737e+00
1.418368947326035023e+00
1.434801623647142144e+00
1.443619226956480706e+00
1.440750355887064460e+00
1.401277097768812263e+00
1.380601939135699840e+00
1.370147838289227371e+00
1.382337195049283762e+00
1.395456118939059520e+00
1.373367637797967111e+00
1.372704224541299922e+00
1.361944054932736181e+00
1.353739491445162146e+00
1.347532434793158762e+00
1.357739120147796852e+00
1.365335156845022713e+00
1.386991999440471579e+00
1.379987608883833206e+00
1.349625941185452538e+00
1.357540676586993067e+00
1.345132812694096902e+00
1.339221786907219824e+00
1.333895846799421969e+00
1.343093955856637045e+00
1.364685569272921617e+00
1.365770614944695316e+00
1.337664632346127425e+00
1.340556214470157936e+00
1.358953259584706252e+00
1.359587983080917217e+00
1.359956987647803706e+00
1.363606947177479878e+00
1.374617046015871535e+00
1.359552854399179944e+00
1.365947900110332291e+00
1.353072545082506295e+00
1.334139359370602129e+00
1.322209281002313830e+00
1.327559797844624079e+00
1.321036790211737699e+00
1.322259975780338159e+00
1.316306653421560391e+00
1.303464780998150108e+00
1.311470321002973005e+00
1.302487537802601070e+00
1.317989448023934917e+00
1.323196249573723282e+00
1.329689283146684220e+00
1.328944271228645224e+00
1.344199806001689756e+00
1.341480205946147475e+00
1.346776893174397305e+00
1.346590455329224945e+00
1.325370199340359711e+00
1.348896133292771804e+00
1.368715493226894786e+00
1.341460987212274025e+00
1.345065734497891574e+00
1.346208401445289082e+00
1.347870285932819767e+00
1.349050880237260053e+00
1.353812628615861602e+00
1.343032697154024735e+00
1.327066792382915361e+00
1.312270964034127685e+00
1.311629487376579251e+00
1.310496756433359389e+00
1.323810788679900430e+00
1.328873783385195795e+00
1.333515056493762119e+00
1.309594883896035844e+00
1.314627475752573993e+00
1.317797729770512127e+00
1.322405662634033918e+00
1.307018685273976466e+00
1.304209259948838850e+00
1.320937092593771123e+00
1.316829948142012707e+00
1.329782868724939560e+00
1.330983142959566656e+00
1.311756418291306403e+00
1.330200459274988090e+00
1.333288894196057672e+00
1.346739944922486165e+00
1.355375272285009869e+00
1.350055906107505255e+00
1.374234774310063356e+00
1.386346761946405381e+00
1.388319973238411054e+00
1.401269981773574314e+00
1.391166617188239529e+00
1.386359190515311646e+00
1.392588660634241915e+00
1.379136831889149928e+00
1.371244643203643809e+00
1.390575014103760498e+00
1.389281415487365834e+00
1.369434304567388239e+00
1.368290994157936646e+00
1.366976091915323765e+00
1.362312009344688768e+00
1.350358871188476195e+00
1.345036219821570178e+00
1.356693383563339239e+00
1.333636483927937544e+00
1.342914410546914183e+00
1.333425096474524230e+00
1.307592058386977119e+00
1.317080865712632498e+00
1.298748063465545721e+00
1.307426681028749815e+00
1.290388689635058928e+00
1.292135609632903082e+00
1.298204100068263811e+00
1.296299305557077508e+00
1.316722588200718524e+00
1.306689957046999639e+00
1.299464448426803198e+00
1.315073308290212850e+00
1.314350207159288075e+00
1.297719014719992847e+00
1.293533288537886072e+00
1.302196798132617239e+00
1.303758260777140077e+00
1.313055666301372382e+00
1.330785437836717655e+00
1.344926950608798411e+00
1.362772472583263506e+00
1.340932292107703594e+00
1.359735312777270444e+00
1.353508895076278362e+00
1.363503572604568559e+00
1.398416727891817368e+00
1.375971494656077265e+00
1.388470783612397952e+00
1.404076392397352935e+00
1.403094357509593548e+00
1.419504198982565635e+00
1.436579735920593182e+00
1.439955280457895226e+00
1.429699302392401172e+00
1.435861937624947515e+00
1.425209332745028812e+00
1.424834645089117835e+00
1.432361755735148678e+00
1.429841403299882963e+00
1.430825392742179236e+00
1.440318516437034235e+00
1.420357574551888380e+00
1.405078798657507511e+00
1.390148060811903008e+00
1.373294806728420525e+00
1.359752437539206493e+00
1.356104466979741296e+00
1.338605103963952825e+00
1.350445649770182888e+00
1.357515341679045529e+00
1.348320928919582107e+00
1.370644457218969103e+00
1.367942415846766346e+00
1.341023383369839506e+00
1.343421305569570734e+00
1.342684257574750628e+00
1.326512417419276613e+00
1.320958661038231341e+00
1.315531275242882270e+00
1.329406164130450207e+00
1.327519274823514950e+00
1.334587714374874556e+00
1.350478716648810584e+00
1.356791206716819298e+00
1.349734107965917307e+00
1.349816341896136196e+00
1.374101139130881277e+00
1.388514496567135437e+00
1.396140936896048235e+00
1.402498303950382441e+00
1.404300357434185687e+00
1.407434489463736060e+00
1.433359488054809283e+00
1.410830650343966486e+00
1.390410567614993376e+00
1.365068120130246143e+00
1.344713541434872761e+00
1.338462685646726547e+00
1.332580773219219861e+00
1.353220758252827949e+00
1.351075152368936161e+00
1.357946435467629831e+00
1.349311307176175756e+00
1.344643398610809504e+00
1.333602846824380350e+00
1.337276314381339093e+00
1.334759367922551343e+00
1.319455207772483041e+00
1.326282780262217464e+00
1.324103467429799119e+00
1.305241900495985430e+00
1.315956860900818981e+00
1.316388175923030035e+00
1.295735339523044427e+00
1.296584854543616272e+00
1.317991459675513344e+00
1.324424066637700070e+00
1.319440273636321326e+00
1.322258474081475788e+00
1.328375654947594464e+00
1.337338256036260109e+00
1.340862533935052614e+00
1.342718452797020401e+00
1.352598900199099674e+00
1.314937011815934698e+00
1.319930200043518465e+00
1.320618005263577421e+00
1.329039850225088859e+00
1.328807031498705271e+00
1.317306712611422403e+00
1.313208191493508981e+00
1.309991042082744528e+00
1.329784630900239017e+00
1.346852889623139982e+00
1.339916159990895306e+00
1.359552407077251113e+00
1.340510421873878366e+00
1.338829057883817564e+00
1.345386506382667990e+00
1.338550714795979202e+00
1.339770951451099146e+00
1.340860990850390122e+00
1.333088115720103328e+00
1.338216185556064808e+00
