8.176427800208330154e-01
4.875017029698938131e-01
6.766523639671504498e-01
6.882765709888190031e-01
7.059754841029644012e-01
8.902426969725638628e-01
7.987214450258761644e-01
7.179050589911639690e-01
8.023637030273675919e-01
6.880889160092920065e-01
8.717162141110748053e-01
7.112595729995518923e-01
6.602221438661217690e-01
8.650817549787461758e-01
6.609773070085793734e-01
8.844188700895756483e-01
6.626693671569228172e-01
6.894546388648450375e-01
6.561101318802684546e-01
6.992084400262683630e-01
8.968135060276836157e-01
6.473125398624688387e-01
5.826382329687476158e-01
8.319442069623619318e-01
7.331663621589541435e-01
7.260588451754301786e-01
7.271539780776947737e-01
7.001982610672712326e-01
6.490614390932023525e-01
6.875154150184243917e-01
6.823522849008440971e-01
6.954464539885520935e-01
6.578910269308835268e-01
7.157872288953512907e-01
8.837730269879102707e-01
8.382384071592241526e-01
8.441877360455691814e-01
8.215362620539963245e-01
8.468983508646488190e-01
6.274546259082853794e-01
7.271490721032023430e-01
7.375491159036755562e-01
7.002167089376598597e-01
7.148880499880760908e-01
8.920172748621553183e-01
9.114118160214275122e-01
6.976547469384968281e-01
8.671337079722434282e-01
8.714640298858284950e-01
8.849712950177490711e-01
8.964318819344043732e-01
7.197978289332240820e-01
6.899925759062170982e-01
8.439038409851491451e-01
7.872014259919524193e-01
6.725173508748412132e-01
6.762145950924605131e-01
8.267337961588054895e-01
7.244797837920486927e-01
6.670665298588573933e-01
5.991044919937849045e-01
6.792199970223009586e-01
6.643480861093848944e-01
7.296598691027611494e-01
7.005291399545967579e-01
8.365049948915839195e-01
6.717158320825546980e-01
6.792187120299786329e-01
7.138841289561241865e-01
6.920114110689610243e-01
8.938833591528236866e-01
6.859252769500017166e-01
5.989602848421782255e-01
8.657295310404151678e-01
6.435026130639016628e-01
7.355725369416177273e-01
7.269443208351731300e-01
8.541653249412775040e-01
6.898952070623636246e-01
6.447042399086058140e-01
8.065462429076433182e-01
6.303819981403648853e-01
8.334853099659085274e-01
6.926568241324275732e-01
7.107472030911594629e-01
4.433183609507977962e-01
8.693070819135755301e-01
6.628464299719780684e-01
6.653018780052661896e-01
8.295222921296954155e-01
6.325395170133560896e-01
6.560590688604861498e-01
6.924827571492642164e-01
7.079030009917914867e-01
6.943053768482059240e-01
5.861000670120120049e-01
6.896782000549137592e-01
6.992474000435322523e-01
8.990442899521440268e-01
6.911007869057357311e-01
6.572650759480893612e-01
6.585293491370975971e-01
7.343841472174972296e-01
8.274553159717470407e-01
6.644689689856022596e-01
8.931394671089947224e-01
7.067033280618488789e-01
6.894738541450351477e-01
6.393893051426857710e-01
6.979805710725486279e-01
6.358831690158694983e-01
6.693984069861471653e-01
6.541481479071080685e-01
6.992507870309054852e-01
6.822938111145049334e-01
6.817384108435362577e-01
7.174876860808581114e-01
8.810932259075343609e-01
8.604642890859395266e-01
7.051053270697593689e-01
7.200823070015758276e-01
6.997452750802040100e-01
6.305615929886698723e-01
7.115356340073049068e-01
6.383006880059838295e-01
7.187986129429191351e-01
7.177358970511704683e-01
8.597887740470468998e-01
8.947815941646695137e-01
6.409722231328487396e-01
7.104660109616816044e-01
8.335633310489356518e-01
6.857080000918358564e-01
7.420213848818093538e-01
6.470240692142397165e-01
8.484967690892517567e-01
6.350295390002429485e-01
8.523290529847145081e-01
4.546278740745037794e-01
8.967826610896736383e-01
7.209126329980790615e-01
8.840314191766083241e-01
6.949862269684672356e-01
7.042200828436762094e-01
6.697251421865075827e-01
6.777939621824771166e-01
6.930306139402091503e-01
6.853770760353654623e-01
7.205107149202376604e-01
8.915990500245243311e-01
8.868752398993819952e-01
6.417598580010235310e-01
6.283841789700090885e-01
6.942064489703625441e-01
6.907457050401717424e-01
6.545269300695508718e-01
6.682269610464572906e-01
6.932043270207941532e-01
7.199071638751775026e-01
9.011751201469451189e-01
6.514016389846801758e-01
6.122890361584722996e-01
8.626098779495805502e-01
8.511446448974311352e-01
8.965509750414639711e-01
6.932612999808043242e-01
8.796513590496033430e-01
7.275834879837930202e-01
6.982630928978323936e-01
8.636007669847458601e-01
6.265326829161494970e-01
5.716990551445633173e-01
7.069219809491187334e-01
8.760361939202994108e-01
7.002497219946235418e-01
6.676076720468699932e-01
8.632800378836691380e-01
7.240818229038268328e-01
6.714118130039423704e-01
6.700592150446027517e-01
6.540949491318315268e-01
9.042073378805071115e-01
6.909404869657009840e-01
8.879922919441014528e-01
7.249361199792474508e-01
7.330744769424200058e-01
7.285795279312878847e-01
8.256222619675099850e-01
7.355835170019418001e-01
8.705469488631933928e-01
6.969373370520770550e-01
6.497813560999929905e-01
6.976262039970606565e-01
8.725383370183408260e-01
6.384496099781244993e-01
6.527997809462249279e-01
6.590205680113285780e-01
7.250822829082608223e-01
8.856170028448104858e-01
7.278856018092483282e-01
6.916342661716043949e-01
6.579883210361003876e-01
8.654052559286355972e-01
6.854363468009978533e-01
8.877112811896950006e-01
7.055432558991014957e-01
7.413609230425208807e-01
8.896710020489990711e-01
8.278701619710773230e-01
8.840594310313463211e-01
6.724722408689558506e-01
7.487629209645092487e-01
8.981442588847130537e-01
9.083765998948365450e-01
7.081170671153813601e-01
8.176224350463598967e-01
8.868175398092716932e-01
7.045031029265373945e-01
6.559198210015892982e-01
7.150612440891563892e-01
6.962070318404585123e-01
8.723379119765013456e-01
6.938976210076361895e-01
6.604793579317629337e-01
8.273876952007412910e-01
6.629772160667926073e-01
7.434693449176847935e-01
6.591051272116601467e-01
6.919137800578027964e-01
7.034664200618863106e-01
8.197348208632320166e-01
6.873556310310959816e-01
6.765663900878280401e-01
6.691475850529968739e-01
6.876489350106567144e-01
6.018413049168884754e-01
4.920047691557556391e-01
7.183102809358388186e-01
6.880125328898429871e-01
8.207795619964599609e-01
6.822279491461813450e-01
6.991968681104481220e-01
7.875657591503113508e-01
6.458323781844228506e-01
7.061503911390900612e-01
6.792126439977437258e-01
8.490920108743011951e-01
8.723802519962191582e-01
6.858312909025698900e-01
6.817867779172956944e-01
7.067773612216114998e-01
6.613609280902892351e-01
6.424554700497537851e-01
6.795628881081938744e-01
6.715024330187588930e-01
6.680040510836988688e-01
6.985327838920056820e-01
7.211178201250731945e-01
7.248897510580718517e-01
7.177015331108123064e-01
6.897016048897057772e-01
6.701105299871414900e-01
7.127108660060912371e-01
7.330436820629984140e-01
7.272769920527935028e-01
6.901869799476116896e-01
7.008758529555052519e-01
6.990549280308187008e-01
6.146005648188292980e-01
6.349103960674256086e-01
6.610989961773157120e-01
6.555564419832080603e-01
8.894202550873160362e-01
6.850394110661000013e-01
7.042296531144529581e-01
8.547087057959288359e-01
6.883090520277619362e-01
8.943715828936547041e-01
6.952390929218381643e-01
6.971768860239535570e-01
6.376431870739907026e-01
6.524237131234258413e-01
6.952011201065033674e-01
6.799031042028218508e-01
6.762809578794986010e-01
8.006169798318296671e-01
6.821353721898049116e-01
8.245217129588127136e-01
6.949811938684433699e-01
6.908535910770297050e-01
6.144333567935973406e-01
6.981428610160946846e-01
7.088047340512275696e-01
6.762223769910633564e-01
6.611496340483427048e-01
7.067186881322413683e-01
8.915024339221417904e-01
5.535848950967192650e-01
6.669778749346733093e-01
7.075666850432753563e-01
6.126007339917123318e-01
7.071649520657956600e-01
6.135962610132992268e-01
8.402211370412260294e-01
6.655477429740130901e-01
6.344548249617218971e-01
8.229118080344051123e-01
6.857252910267561674e-01
8.793828911148011684e-01
6.934060649946331978e-01
6.372536050621420145e-01
7.175945059861987829e-01
8.808465558104217052e-01
5.936859471257776022e-01
8.603652850724756718e-01
8.862820521462708712e-01
6.926014830823987722e-01
6.593117199372500181e-01
6.438735879492014647e-01
6.537846790160983801e-01
6.870939480140805244e-01
7.251244999933987856e-01
6.747928389813750982e-01
7.204070680309087038e-01
6.277316960040479898e-01
8.648868820164352655e-01
6.841282229870557785e-01
5.994819630868732929e-01
7.097608209587633610e-01
7.080588000826537609e-01
6.539414299186319113e-01
8.714313588570803404e-01
6.856176550500094891e-01
6.551335758995264769e-01
6.881670041475445032e-01
8.692515559960156679e-01
8.186979070305824280e-01
8.741246559657156467e-01
6.676743831485509872e-01
6.577153219841420650e-01
8.008326580747961998e-01
8.020390870515257120e-01
6.351294259075075388e-01
6.223512110300362110e-01
6.794714829884469509e-01
6.523501649498939514e-01
8.780440960545092821e-01
6.981091669294983149e-01
6.729613440111279488e-01
6.575507991947233677e-01
8.931176888290792704e-01
7.240234031341969967e-01
7.123873140662908554e-01
6.520497060846537352e-01
8.507691291160881519e-01
6.582612190395593643e-01
6.581786070019006729e-01
6.073427528608590364e-01
8.956099078059196472e-01
6.638411341700702906e-01
7.126448468770831823e-01
6.905591448303312063e-01
6.897948870901018381e-01
6.972898829262703657e-01
7.304995961021631956e-01
6.666452151257544756e-01
8.883951348252594471e-01
6.800221810117363930e-01
8.832753731403499842e-01
7.310484319459646940e-01
8.541115790139883757e-01
8.278528370428830385e-01
8.454246211331337690e-01
7.222320681903511286e-01
6.840610278304666281e-01
6.764557780697941780e-01
6.547777340747416019e-01
6.852439760696142912e-01
6.325362718198448420e-01
8.230889998376369476e-01
7.164608980529010296e-01
6.961808609776198864e-01
6.725105741061270237e-01
8.560227009002119303e-01
6.753355660475790501e-01
6.925022229552268982e-01
6.470249698031693697e-01
6.092287350911647081e-01
6.930458049755543470e-01
8.660258601885288954e-01
7.072433819994330406e-01
6.126407920382916927e-01
6.146909401286393404e-01
6.996680609881877899e-01
6.490189200267195702e-01
8.851453750394284725e-01
8.678634748794138432e-01
8.925216179341077805e-01
6.951470619533210993e-01
6.070921558421105146e-01
6.591432290151715279e-01
6.480717379599809647e-01
8.473394289612770081e-01
6.457552700303494930e-01
6.726569361053407192e-01
7.130419779568910599e-01
7.928731779102236032e-01
7.071201079525053501e-01
8.461357818450778723e-01
6.738892861176282167e-01
6.685028551146388054e-01
6.092321209143847227e-01
8.163994611240923405e-01
7.275535899680107832e-01
6.792701079975813627e-01
8.999858340248465538e-01
8.708950760774314404e-01
5.925878868438303471e-01
6.934944579843431711e-01
7.143141089472919703e-01
8.795810090377926826e-01
8.801161081064492464e-01
6.858749799430370331e-01
8.518621849361807108e-01
6.626254399307072163e-01
8.844790828879922628e-01
8.904263589065521955e-01
8.462797719985246658e-01
6.915765481535345316e-01
6.716878730803728104e-01
8.229063448961824179e-01
6.772781461477279663e-01
6.738768490031361580e-01
8.989652239251881838e-01
8.774092050734907389e-01
6.401285589672625065e-01
6.860690170433372259e-01
6.416981478687375784e-01
8.818943551741540432e-01
6.203000049572438002e-01
7.933094429317861795e-01
6.371221910230815411e-01
7.279626750387251377e-01
7.144628879614174366e-01
8.180060491431504488e-01
7.050150199793279171e-01
9.159907270222902298e-01
7.266460740938782692e-01
8.142849130090326071e-01
7.224554889835417271e-01
6.977968271821737289e-01
8.490956851746886969e-01
4.906976851634681225e-01
8.935673339292407036e-01
8.146975710988044739e-01
6.371614439412951469e-01
7.140562441200017929e-01
8.356743298936635256e-01
6.844539539888501167e-01
7.144123569596558809e-01
8.862139128614217043e-01
7.091082639526575804e-01
7.307464748155325651e-01
6.965189510956406593e-01
6.864064210094511509e-01
6.523166159167885780e-01
7.074841051362454891e-01
6.061063399538397789e-01
6.285074830520898104e-01
6.772285231854766607e-01
5.842408160679042339e-01
6.617348638828843832e-01
8.986547240056097507e-01
8.856535938102751970e-01
7.953425529412925243e-01
8.854378568939864635e-01
6.941664880141615868e-01
6.228533941321074963e-01
6.561483170371502638e-01
4.845163431018590927e-01
6.686342041939496994e-01
6.708078451920300722e-01
6.172466208226978779e-01
6.965599230024963617e-01
8.657752899453043938e-01
6.803687121719121933e-01
6.856586148496717215e-01
6.942593771964311600e-01
9.050934419501572847e-01
8.667182619683444500e-01
6.922047671396285295e-01
6.789380151312798262e-01
8.391734999604523182e-01
6.605867519974708557e-01
6.837182049639523029e-01
6.826329149771481752e-01
6.456871889531612396e-01
6.356213530525565147e-01
9.019869300536811352e-01
6.265254970639944077e-01
9.064485840499401093e-01
7.876742491498589516e-01
6.778462948277592659e-01
6.824122969992458820e-01
6.858738351147621870e-01
7.311839498579502106e-01
5.852313288487493992e-01
6.714893728494644165e-01
7.264257378410547972e-01
7.172070778906345367e-01
7.935583267826586962e-01
6.782589948270469904e-01
6.660175360739231110e-01
6.556827730964869261e-01
6.952851188834756613e-01
6.118960189633071423e-01
7.009620680473744869e-01
7.242301581427454948e-01
8.514439861755818129e-01
5.903920091222971678e-01
8.088597750756889582e-01
6.820065150968730450e-01
7.159001647960394621e-01
6.258789899293333292e-01
6.753671038895845413e-01
6.486773979850113392e-01
8.646448089275509119e-01
8.196828979998826981e-01
8.985825849231332541e-01
6.331418848130851984e-01
8.565176159609109163e-01
6.134251679759472609e-01
8.779491679742932320e-01
6.992523020599037409e-01
8.874847239349037409e-01
6.419576441403478384e-01
7.001622130628675222e-01
8.800392148550599813e-01
6.956269298680126667e-01
8.633059628773480654e-01
6.310899739619344473e-01
8.919914599973708391e-01
6.626532808877527714e-01
7.881393039133399725e-01
7.197843580506742001e-01
6.832087868824601173e-01
8.790935028810054064e-01
6.233318059239536524e-01
8.741584857925772667e-01
6.506416699849069118e-01
6.494092510547488928e-01
6.652998090721666813e-01
8.383117008488625288e-01
7.996211040299385786e-01
6.997723749373108149e-01
8.304272589739412069e-01
6.768670680467039347e-01
6.555895528290420771e-01
6.963549279607832432e-01
6.769884198438376188e-01
7.350117750465869904e-01
6.989725439343601465e-01
8.253903719596564770e-01
6.959539959207177162e-01
7.053094839211553335e-01
6.428392110392451286e-01
7.280530079733580351e-01
7.175355360377579927e-01
6.725127499084919691e-01
8.808225879911333323e-01
6.908374279737472534e-01
8.719092330429702997e-01
6.319880378432571888e-01
7.251894180662930012e-01
8.635662009473890066e-01
7.250026680994778872e-01
8.953731989022344351e-01
6.471522639039903879e-01
6.687599411234259605e-01
9.066144640091806650e-01
6.952727138996124268e-01
6.281566959805786610e-01
6.257786429487168789e-01
8.119723398704081774e-01
8.170383931137621403e-01
8.448503459803760052e-01
6.633725729770958424e-01
8.828359697945415974e-01
6.938280949834734201e-01
7.037507570348680019e-01
8.647649930790066719e-01
6.862352199386805296e-01
6.728914289269596338e-01
6.758272580336779356e-01
8.962236971128731966e-01
6.960227300878614187e-01
7.219030258711427450e-01
7.227823811117559671e-01
8.433301209006458521e-01
6.810364520642906427e-01
6.983320349827408791e-01
8.806654859799891710e-01
8.478238780517131090e-01
6.294787998776882887e-01
8.377568260766565800e-01
6.793535409960895777e-01
6.655169180594384670e-01
8.129693539813160896e-01
8.838119930587708950e-01
6.747827839571982622e-01
7.249499999452382326e-01
8.779011340811848640e-01
8.597531549166887999e-01
6.952456580474972725e-01
6.814008329529315233e-01
6.848669429309666157e-01
8.098212820477783680e-01
6.634396470617502928e-01
8.264438060577958822e-01
7.284159718547016382e-01
7.223951739724725485e-01
8.594841649755835533e-01
6.163207869976758957e-01
6.503577039111405611e-01
6.203287120442837477e-01
8.035758500918745995e-01
6.104514459148049355e-01
6.929953189101070166e-01
6.612147288396954536e-01
6.455111219547688961e-01
8.632978810928761959e-01
7.011837949976325035e-01
7.033707969821989536e-01
8.777504349127411842e-01
6.875796618405729532e-01
8.957639459986239672e-01
6.569444660563021898e-01
8.261386679951101542e-01
6.690917529631406069e-01
6.937043939251452684e-01
8.843523939140141010e-01
7.311511510051786900e-01
6.438400340266525745e-01
8.942060130648314953e-01
6.643872570712119341e-01
7.118371280375868082e-01
6.900006290525197983e-01
6.714827578980475664e-01
6.698344389442354441e-01
8.870156568009406328e-01
8.040743381716310978e-01
7.308522190432995558e-01
6.775865380186587572e-01
6.187996699009090662e-01
6.230094409547746181e-01
8.754112410824745893e-01
6.462729058694094419e-01
6.467568881344050169e-01
8.477703891694545746e-01
6.769390569534152746e-01
6.928689610213041306e-01
8.570564929395914078e-01
6.710299581754952669e-01
6.686551722232252359e-01
7.215603159274905920e-01
8.229919611476361752e-01
7.100022439844906330e-01
8.967371620237827301e-01
8.251598668284714222e-01
8.089106711558997631e-01
7.115755989216268063e-01
6.868713130243122578e-01
5.823010678868740797e-01
6.741763839963823557e-01
7.124234240036457777e-01
6.205447230022400618e-01
6.406537098810076714e-01
6.797144319862127304e-01
6.643395398277789354e-01
7.095690828282386065e-01
8.674379140138626099e-01
6.887000331189483404e-01
6.977547248825430870e-01
6.717168390750885010e-01
6.459658739622682333e-01
6.705469239968806505e-01
7.246502058114856482e-01
6.445269070100039244e-01
6.711471739690750837e-01
6.666279530618339777e-01
6.205442431382834911e-01
6.907820531632751226e-01
6.652307750191539526e-01
6.717887029517441988e-01
6.618043780326843262e-01
8.439139139372855425e-01
7.029387811198830605e-01
6.806081030517816544e-01
6.801268160343170166e-01
7.307547950185835361e-01
8.911958071403205395e-01
6.856618828605860472e-01
8.254290560726076365e-01
8.178535520564764738e-01
8.911737140733748674e-01
7.271189009770750999e-01
7.227737531065940857e-01
6.701739509589970112e-01
6.894063500221818686e-01
8.321606570389121771e-01
8.649393708910793066e-01
6.961854279506951571e-01
6.243344410322606564e-01
7.221432679798454046e-01
6.576720781158655882e-01
6.577489720657467842e-01
7.144972649402916431e-01
6.773046080488711596e-01
6.623096801340579987e-01
6.420465640258044004e-01
6.972285869996994734e-01
8.651075800880789757e-01
8.867676758673042059e-01
9.072669921442866325e-01
6.963202608749270439e-01
8.161179120652377605e-01
8.775984419044107199e-01
8.805839021224528551e-01
6.538723569829016924e-01
6.606311041396111250e-01
6.141776528675109148e-01
6.585061030928045511e-01
8.845152140129357576e-01
8.504943319130688906e-01
7.279704408720135689e-01
6.949901669286191463e-01
7.178941769525408745e-01
6.150944209657609463e-01
8.649611549917608500e-01
6.086908779107034206e-01
6.857502597849816084e-01
6.778923750389367342e-01
4.474452370777726173e-01
8.578007589094340801e-01
6.764062610454857349e-01
6.354943970218300819e-01
6.871872250922024250e-01
6.943930170964449644e-01
8.681328610982745886e-01
6.674564101267606020e-01
6.396639670711010695e-01
6.922216420061886311e-01
8.279088740237057209e-01
8.140642261132597923e-01
6.674125159624963999e-01
8.500122849363833666e-01
6.941212450619786978e-01
6.852725360076874495e-01
6.687604868784546852e-01
6.137123019434511662e-01
6.598859420046210289e-01
6.461152508854866028e-01
7.127456730231642723e-01
7.040617282036691904e-01
6.292913828510791063e-01
8.496867539361119270e-01
7.118636078666895628e-01
6.909578319173306227e-01
7.262388369999825954e-01
8.742970870807766914e-01
6.296942529734224081e-01
7.117761829867959023e-01
7.028661929070949554e-01
6.668519792146980762e-01
8.505751669872552156e-01
6.598032990004867315e-01
6.524828989058732986e-01
7.234118140768259764e-01
7.290452469605952501e-01
6.353544120211154222e-01
8.170952082145959139e-01
8.310722808819264174e-01
6.347300380002707243e-01
6.568931229412555695e-01
4.527588800992816687e-01
7.042222120799124241e-01
8.952353610657155514e-01
8.394399669487029314e-01
6.859803460538387299e-01
8.659556610509753227e-01
6.617618440650403500e-01
6.816203969065099955e-01
6.292510479688644409e-01
8.744367968756705523e-01
6.602395980153232813e-01
7.146760609466582537e-01
7.061407819855958223e-01
6.316303010098636150e-01
6.390348561108112335e-01
8.849957450293004513e-01
6.053886448498815298e-01
8.389657279476523399e-01
8.265784350223839283e-01
4.888105031568557024e-01
6.631837391760200262e-01
9.021398019976913929e-01
7.883498230949044228e-01
6.651577679440379143e-01
8.460471760481595993e-01
6.548870899714529514e-01
6.675200108438730240e-01
7.237953529693186283e-01
7.125117341056466103e-01
8.357896930538117886e-01
6.309248979669064283e-01
8.431339550297707319e-01
8.732363290619105101e-01
6.556631450075656176e-01
7.051837178878486156e-01
8.223228808492422104e-01
8.273565259296447039e-01
6.678800471127033234e-01
8.300626981072127819e-01
6.820277310907840729e-01
8.424943990539759398e-01
7.031695449259132147e-01
8.640550079289823771e-01
7.107772810850292444e-01
6.621140530332922935e-01
6.678060989361256361e-01
6.770319310016930103e-01
6.320113597903400660e-01
6.620427230373024940e-01
6.933384151197969913e-01
7.013814209494739771e-01
8.550487181637436152e-01
7.038428089581429958e-01
6.438731390517205000e-01
8.321514870040118694e-01
7.171795149333775043e-01
8.868769018445163965e-01
7.082985430024564266e-01
6.405953720677644014e-01
6.895231308881193399e-01
7.072442921344190836e-01
8.713806711602956057e-01
6.676022519823163748e-01
6.424703348893672228e-01
7.151128349360078573e-01
8.324074267875403166e-01
6.880465520080178976e-01
6.421686389949172735e-01
7.982416839804500341e-01
7.232995058875530958e-01
6.948728249408304691e-01
7.192523088306188583e-01
8.673094809055328369e-01
6.378394400235265493e-01
6.922803039196878672e-01
8.829338971991091967e-01
6.656056849751621485e-01
8.095051830168813467e-01
7.151832759846001863e-01
8.103884388692677021e-01
8.607294009998440742e-01
8.966240461450070143e-01
7.224872701335698366e-01
7.082333390135318041e-01
6.544086781796067953e-01
8.387972360942512751e-01
6.503469308372586966e-01
6.936926508788019419e-01
8.962693901266902685e-01
6.823232430033385754e-01
6.728399049025028944e-01
8.491202900186181068e-01
6.727733081206679344e-01
7.276113971602171659e-01
6.691297469660639763e-01
8.821481121703982353e-01
7.240200641099363565e-01
6.549753500148653984e-01
7.285385429859161377e-01
7.280625321436673403e-01
7.265288420021533966e-01
7.068848218768835068e-01
8.781314368825405836e-01
8.410067930817604065e-01
7.042099139653146267e-01
6.308311878237873316e-01
7.297979400027543306e-01
6.601444541011005640e-01
6.427512990776449442e-01
8.359038368798792362e-01
6.318890531547367573e-01
7.215691232122480869e-01
8.037223438732326031e-01
6.809701318852603436e-01
8.998084259219467640e-01
7.271777919959276915e-01
6.995154002215713263e-01
6.999898008070886135e-01
6.009992698673158884e-01
6.957426478620618582e-01
8.538574019912630320e-01
8.162204809486865997e-01
7.304223289247602224e-01
9.116300328169018030e-01
7.259145260322839022e-01
7.403582069091498852e-01
7.152210942003875971e-01
6.678184987977147102e-01
5.639803111553192139e-01
9.079300879966467619e-01
4.775148772168904543e-01
7.040190100669860840e-01
6.756966719403862953e-01
7.309577970299869776e-01
9.113041828386485577e-01
6.845519929192960262e-01
6.590615019667893648e-01
7.183262740727514029e-01
6.980741319712251425e-01
6.614959060680121183e-01
9.019446971360594034e-01
8.515965770930051804e-01
6.426255761180073023e-01
7.285531249362975359e-01
6.628965078853070736e-01
6.636387468315660954e-01
6.536184679716825485e-01
6.338231700938194990e-01
8.808889698702841997e-01
8.762174090370535851e-01
6.827411998528987169e-01
6.843396401964128017e-01
6.554485841188579798e-01
7.189686570782214403e-01
6.213918928988277912e-01
6.781738398130983114e-01
6.665784970391541719e-01
6.795987831428647041e-01
6.804583738557994366e-01
7.162480060942471027e-01
6.991720860823988914e-01
6.761273648589849472e-01
8.827592390589416027e-01
6.459352539386600256e-01
8.071652089711278677e-01
6.881213320884853601e-01
6.787657910026609898e-01
6.639965570066124201e-01
8.503476239275187254e-01
8.908769369591027498e-01
6.396861651446670294e-01
6.559873200021684170e-01
6.012748100329190493e-01
7.116734958253800869e-01
7.021529821213334799e-01
6.069826129823923111e-01
6.582802939228713512e-01
8.547322291415184736e-01
6.438330281525850296e-01
7.307349650654941797e-01
8.180050649680197239e-01
6.684042748529464006e-01
6.689545870758593082e-01
6.368044759146869183e-01
6.509453230537474155e-01
7.051424828823655844e-01
7.303298069164156914e-01
8.548918778542429209e-01
8.626230270601809025e-01
8.563149850815534592e-01
8.718924729619175196e-01
7.037152620032429695e-01
8.385276650078594685e-01
7.060721758753061295e-01
6.778710321523249149e-01
8.888688050210475922e-01
6.958043000195175409e-01
6.795680741779506207e-01
6.955486459191888571e-01
7.206805271562188864e-01
6.257419891189783812e-01
7.258237591013312340e-01
6.559488628990948200e-01
6.945649869740009308e-01
6.479461551643908024e-01
7.223800090141594410e-01
6.887229699641466141e-01
8.564515060279518366e-01
7.301182560622692108e-01
6.866642921231687069e-01
6.411572818178683519e-01
6.900166880805045366e-01
8.040309979114681482e-01
6.695788230281323195e-01
6.575148778501898050e-01
7.161036590114235878e-01
6.755866068415343761e-01
6.806456979829818010e-01
8.664690819568932056e-01
6.568190930411219597e-01
7.155891659203916788e-01
9.043051479384303093e-01
6.853995257988572121e-01
6.782145940233021975e-01
7.108219699002802372e-01
6.827912598382681608e-01
6.746524150948971510e-01
6.887863061856478453e-01
7.035623230040073395e-01
7.007921289186924696e-01
8.847243981435894966e-01
6.901205549947917461e-01
6.398773859255015850e-01
6.814768160693347454e-01
6.564849768765270710e-01
6.908537519630044699e-01
7.282474401872605085e-01
7.308712869416922331e-01
6.765388429630547762e-01
8.873537338804453611e-01
6.973113080020993948e-01
8.185533799696713686e-01
6.850920021533966064e-01
6.989234429784119129e-01
6.896067499183118343e-01
6.703674041200429201e-01
6.717763128690421581e-01
7.026275629177689552e-01
8.972958330996334553e-01
6.872492099646478891e-01
7.016419800929725170e-01
6.611889200285077095e-01
7.209106150548905134e-01
6.793320090509951115e-01
6.848939550109207630e-01
7.138609800022095442e-01
6.940978157799690962e-01
7.194171778392046690e-01
6.776264559011906385e-01
6.915833591483533382e-01
6.946089959237724543e-01
8.928575920872390270e-01
6.948747378773987293e-01
6.564425369724631310e-01
6.913790879771113396e-01
6.793192340992391109e-01
6.754670199006795883e-01
7.010039971210062504e-01
6.818901638034731150e-01
6.635469861794263124e-01
6.483611089643090963e-01
7.210214850492775440e-01
7.853284568991512060e-01
6.813269641716033220e-01
8.074766590725630522e-01
7.280401701573282480e-01
6.902134751435369253e-01
7.249945038929581642e-01
6.647883770056068897e-01
6.652976421173661947e-01
7.228735010139644146e-01
8.991096247918903828e-01
6.314626010134816170e-01
8.587293499149382114e-01
6.808300719130784273e-01
6.997503528837114573e-01
6.563892001286149025e-01
6.984731189440935850e-01
8.502016460988670588e-01
8.551612710580229759e-01
8.595733260735869408e-01
8.891957690939307213e-01
6.974986589048057795e-01
8.598995490465313196e-01
6.728223748505115509e-01
6.724105149041861296e-01
6.927130359690636396e-01
8.884361030068248510e-01
8.499896731227636337e-01
7.342212940566241741e-01
7.290188898332417011e-01
7.375777410343289375e-01
6.844275591429322958e-01
8.699666559696197510e-01
6.360147090163081884e-01
6.858415070455521345e-01
8.601471299771219492e-01
8.434697960037738085e-01
7.211669320240616798e-01
6.819394750054925680e-01
8.883440799545496702e-01
6.811026830691844225e-01
6.154932491481304169e-01
6.753757589031010866e-01
6.702258018776774406e-01
6.810643910430371761e-01
7.082328491378575563e-01
7.181887929327785969e-01
6.911199749447405338e-01
6.724773470778018236e-01
6.755954560358077288e-01
6.524949478916823864e-01
7.300442999694496393e-01
9.042592879850417376e-01
6.606680671684443951e-01
8.810812882147729397e-01
6.590010379441082478e-01
8.637928240932524204e-01
8.841008688323199749e-01
6.611549858935177326e-01
8.833714528009295464e-01
6.640748810023069382e-01
5.701668409164994955e-01
6.653116648085415363e-01
6.791403030510991812e-01
6.381424288265407085e-01
7.084106060210615396e-01
7.285832138732075691e-01
7.332486379891633987e-01
7.295402239542454481e-01
8.800658320542424917e-01
8.711828798986971378e-01
6.350992820225656033e-01
8.634857810102403164e-01
6.127642339561134577e-01
6.907631410285830498e-01
7.284843339584767818e-01
6.957508199848234653e-01
6.938734459690749645e-01
6.908345811534672976e-01
8.639464969746768475e-01
8.482245279010385275e-01
9.009478928055614233e-01
6.977464831434190273e-01
7.073955100495368242e-01
8.531102850101888180e-01
8.464869968593120575e-01
7.061502060387283564e-01
6.489701780956238508e-01
8.139325459487736225e-01
6.663748631253838539e-01
8.588003630284219980e-01
7.059909210074692965e-01
7.346819208469241858e-01
8.683913829736411572e-01
6.979263310786336660e-01
6.752566120121628046e-01
8.200795049779117107e-01
4.879496849607676268e-01
8.119418718852102757e-01
6.706847471650689840e-01
8.494795211590826511e-01
7.169664981774985790e-01
8.091011689975857735e-01
8.637098460458219051e-01
6.865697030443698168e-01
6.924774500075727701e-01
7.285050030332058668e-01
6.739111801143735647e-01
8.317455230280756950e-01
8.590986910276114941e-01
8.865673758555203676e-01
7.199042409192770720e-01
6.707603880204260349e-01
8.663428230211138725e-01
7.284933449700474739e-01
7.214756980538368225e-01
8.511985039804130793e-01
7.237457139417529106e-01
6.992273069918155670e-01
7.271904961671680212e-01
8.597139320336282253e-01
7.167291431687772274e-01
8.013355501461774111e-01
8.788880719803273678e-01
7.139634059276431799e-01
4.923772099427878857e-01
7.343946031760424376e-01
8.823037280235439539e-01
6.512267300859093666e-01
8.044784679077565670e-01
7.075356889981776476e-01
6.824706299230456352e-01
6.904279128648340702e-01
7.338695810176432133e-01
6.265651648864150047e-01
8.732777959667146206e-01
6.764064759481698275e-01
6.773501420393586159e-01
6.757747312076389790e-01
6.698237981181591749e-01
7.237462650518864393e-01
8.624621878843754530e-01
7.082453309558331966e-01
6.803380351047962904e-01
6.953666969202458858e-01
6.792727708816528320e-01
6.542888120748102665e-01
6.420918949879705906e-01
5.999592219013720751e-01
6.722940108738839626e-01
8.616794920526444912e-01
6.575162690132856369e-01
6.604709101375192404e-01
7.167016568128019571e-01
6.200439571402966976e-01
7.130527878180146217e-01
7.058050390332937241e-01
8.459284650161862373e-01
6.670841630548238754e-01
7.069016778841614723e-01
6.145512149669229984e-01
8.922549979761242867e-01
6.544444309547543526e-01
6.954415941145271063e-01
6.322039719671010971e-01
7.176267048344016075e-01
7.205437370575964451e-01
6.646651388145983219e-01
6.965418339241296053e-01
7.076698099263012409e-01
6.001750340219587088e-01
6.880202221218496561e-01
6.941995329689234495e-01
6.932462938129901886e-01
8.627406358718872070e-01
6.833809388335794210e-01
6.669714881572872400e-01
7.040625920053571463e-01
8.291118699125945568e-01
6.866349999327212572e-01
7.008795710280537605e-01
8.785036432091146708e-01
8.449848319869488478e-01
6.740605481900274754e-01
6.499910191632807255e-01
7.137197779957205057e-01
6.641724500805139542e-01
5.980930018704384565e-01
7.194216269999742508e-01
8.558667830657213926e-01
6.797910721506923437e-01
7.325830960180610418e-01
6.932983540464192629e-01
8.827251920010894537e-01
6.874972989317029715e-01
7.063714100513607264e-01
8.786697061732411385e-01
6.908938179258257151e-01
6.844527099747210741e-01
8.525407169945538044e-01
6.639680520165711641e-01
6.837979590054601431e-01
7.302413729485124350e-01
6.742958400864154100e-01
6.671317659784108400e-01
6.481816968880593777e-01
8.131804580334573984e-01
7.308941259980201721e-01
8.616265121381729841e-01
6.897483079228550196e-01
6.466101428959518671e-01
6.589853230398148298e-01
8.209408160764724016e-01
7.037704330869019032e-01
7.179859820753335953e-01
6.307791329454630613e-01
7.178806301672011614e-01
7.066465890966355801e-01
7.107251279521733522e-01
6.621284370776265860e-01
7.024308149702847004e-01
6.729923330713063478e-01
8.781051700934767723e-01
6.270844580139964819e-01
8.003059478942304850e-01
6.700965359341353178e-01
8.021144128870218992e-01
7.162726109381765127e-01
7.248249780386686325e-01
6.910896981135010719e-01
6.591623220592737198e-01
7.053214779589325190e-01
6.282928669825196266e-01
6.849389260169118643e-01
7.272313670255243778e-01
6.833874909207224846e-01
6.378331908490508795e-01
6.408851698506623507e-01
7.130591680761426687e-01
6.813873571809381247e-01
6.716624409891664982e-01
7.272181080188602209e-01
8.409757181070744991e-01
6.652162438258528709e-01
8.723474151920527220e-01
6.864846209064126015e-01
6.592916368972510099e-01
6.478555679786950350e-01
6.436814961489289999e-01
8.043879000470042229e-01
4.323334521614015102e-01
8.213503500446677208e-01
6.784413841087371111e-01
8.795199359301477671e-01
7.280987240374088287e-01
6.875873981043696404e-01
8.775712870992720127e-01
7.237825170159339905e-01
6.930161558557301760e-01
7.259875561576336622e-01
6.721311639994382858e-01
6.827199999243021011e-01
8.192244430538266897e-01
6.260135162156075239e-01
6.831327569670975208e-01
6.664769679773598909e-01
8.007082459516823292e-01
7.071222600061446428e-01
8.507038189563900232e-01
6.307751829735934734e-01
7.051778030581772327e-01
6.754213431850075722e-01
8.568461721297353506e-01
6.332145270425826311e-01
8.209171087946742773e-01
7.098511951044201851e-01
6.178811329882591963e-01
6.682863689493387938e-01
8.369637369178235531e-01
6.637202349957078695e-01
6.783694887999445200e-01
6.460856730118393898e-01
7.240186918061226606e-01
6.905859340913593769e-01
6.912977739702910185e-01
8.714499389752745628e-01
6.862402511760592461e-01
6.732658289838582277e-01
6.891558170318603516e-01
7.038271559868007898e-01
6.288708020001649857e-01
7.141065960749983788e-01
8.931856770068407059e-01
8.905520299449563026e-01
6.912824269384145737e-01
6.689006828237324953e-01
6.987825208343565464e-01
8.045281248632818460e-01
8.889947589486837387e-01
7.017242980655282736e-01
6.134116030298173428e-01
6.724727968685328960e-01
8.983454110566526651e-01
8.807442758698016405e-01
6.574882478453218937e-01
8.527487269602715969e-01
6.695274771191179752e-01
6.849401360377669334e-01
6.798550439998507500e-01
8.630555679555982351e-01
6.802012838888913393e-01
6.240317579358816147e-01
7.110149601940065622e-01
7.192566599696874619e-01
8.726424849592149258e-01
7.058056760579347610e-01
6.588012280408293009e-01
6.291638968978077173e-01
6.937362400349229574e-01
9.019363939296454191e-01
6.688547809608280659e-01
6.258339679334312677e-01
6.944542299024760723e-01
6.937545719556510448e-01
8.953479591291397810e-01
7.011626660823822021e-01
7.325838110409677029e-01
8.872774720657616854e-01
7.025966790970414877e-01
7.305833902209997177e-01
8.015712958294898272e-01
7.282034480012953281e-01
6.951660560443997383e-01
6.518879078794270754e-01
6.716726040467619896e-01
6.963617941364645958e-01
8.571065769065171480e-01
7.872190629132091999e-01
8.273261999711394310e-01
7.184795190114527941e-01
6.677577968221157789e-01
8.327087038196623325e-01
6.608888900373131037e-01
7.033274860586971045e-01
7.243675789795815945e-01
8.901272069197148085e-01
8.362280570436269045e-01
6.628312550019472837e-01
6.923192618414759636e-01
6.184839261695742607e-01
7.267190790735185146e-01
6.951315659098327160e-01
8.679830001201480627e-01
7.107530310750007629e-01
7.095758379437029362e-01
7.294722490478307009e-01
6.952313149813562632e-01
8.713564740028232336e-01
8.587598269805312157e-01
6.646066349931061268e-01
5.885845429729670286e-01
8.768305650446563959e-01
6.820203810930252075e-01
6.811820240691304207e-01
7.143822880461812019e-01
7.174450780730694532e-01
8.430803660303354263e-01
6.593730170279741287e-01
7.199087131302803755e-01
5.996274179778993130e-01
6.539177990052849054e-01
8.414460390340536833e-01
8.877667719498276711e-01
7.052041129209101200e-01
6.794080510735511780e-01
7.154954739380627871e-01
8.936029348988085985e-01
8.126058559864759445e-01
8.887599420268088579e-01
6.719871421810239553e-01
6.764592949766665697e-01
8.880327520892024040e-01
6.600521630607545376e-01
6.512097769882529974e-01
9.056191230192780495e-01
7.181362451519817114e-01
6.969723601359874010e-01
8.898196031805127859e-01
9.127182031515985727e-01
6.435015238821506500e-01
6.485366611741483212e-01
6.755208401009440422e-01
8.890736510511487722e-01
7.019115490838885307e-01
8.362104098778218031e-01
7.254716169554740191e-01
6.299518479499965906e-01
8.602771880105137825e-01
9.031820150557905436e-01
6.884636131580919027e-01
6.264214611146599054e-01
6.881763979326933622e-01
6.813199541065841913e-01
6.612254821229726076e-01
6.167031661607325077e-01
6.379370230715721846e-01
8.644215341191738844e-01
6.926906900480389595e-01
6.621667160652577877e-01
7.254164330661296844e-01
8.457951878663152456e-01
8.124246750958263874e-01
7.031078850850462914e-01
6.578731359913945198e-01
6.467004530131816864e-01
6.970978749450296164e-01
6.564412701409310102e-01
6.475350179243832827e-01
8.888456190470606089e-01
6.950294270645827055e-01
6.447098799981176853e-01
6.627722808625549078e-01
6.677327249199151993e-01
8.770054220221936703e-01
6.722068858798593283e-01
6.608461670111864805e-01
7.121231220662593842e-01
6.310603211168199778e-01
6.748896490316838026e-01
6.739430930465459824e-01
8.968768939375877380e-01
8.778309801127761602e-01
7.059471590910106897e-01
6.971291447989642620e-01
9.004933149553835392e-01
6.368120328988879919e-01
8.992742740083485842e-01
6.760054749902337790e-01
7.017159278038889170e-01
6.629141471348702908e-01
7.016585110686719418e-01
8.487387511413544416e-01
6.730798839125782251e-01
6.950453941244632006e-01
6.885430070105940104e-01
8.808008851483464241e-01
7.185466771479696035e-01
8.847044878639280796e-01
6.557470450643450022e-01
8.707593930885195732e-01
6.300618420355021954e-01
7.258506929501891136e-01
6.466268079821020365e-01
6.893830830231308937e-01
6.423043799586594105e-01
8.809325250331312418e-01
6.787449619732797146e-01
8.279047631658613682e-01
7.320861329790204763e-01
8.698873999528586864e-01
7.299115741625428200e-01
6.472177838440984488e-01
7.231522439979016781e-01
7.141419209074229002e-01
6.129146560560911894e-01
6.676938070449978113e-01
6.380327281076461077e-01
6.279436489567160606e-01
6.933242338709533215e-01
7.065512170083820820e-01
7.241322859190404415e-01
8.854452650994062424e-01
7.134201279841363430e-01
6.258478979580104351e-01
6.644135499373078346e-01
8.605459160171449184e-01
8.607886701356619596e-01
6.563923880457878113e-01
7.122990069910883904e-01
8.185318671166896820e-01
7.165134900715202093e-01
6.663282669615000486e-01
5.864039259031414986e-01
8.082406960893422365e-01
6.697241121437400579e-01
8.259755799081176519e-01
6.731099940370768309e-01
8.863724530674517155e-01
8.948917610105127096e-01
6.618110220879316330e-01
6.440905530471354723e-01
7.031531520187854767e-01
8.493560929782688618e-01
8.826560648158192635e-01
6.822135779075324535e-01
7.107828399166464806e-01
7.223088690079748631e-01
8.409665320068597794e-01
7.013199899811297655e-01
8.562412669416517019e-01
6.192297320812940598e-01
7.015921140555292368e-01
6.795014149975031614e-01
6.369479799177497625e-01
8.110556791070848703e-01
8.364562308415770531e-01
6.905954189132899046e-01
6.634211011696606874e-01
6.244895809795707464e-01
8.809150210581719875e-01
8.766987959388643503e-01
6.805629059672355652e-01
8.187037380412220955e-01
8.859295870643109083e-01
6.906516319140791893e-01
8.702707050833851099e-01
6.717739789746701717e-01
8.850811179727315903e-01
6.554676729720085859e-01
8.949772678315639496e-01
6.790688941255211830e-01
6.849871808663010597e-01
6.811548541299998760e-01
7.257973290979862213e-01
8.460175790823996067e-01
6.790586779825389385e-01
6.887698560021817684e-01
8.188689278904348612e-01
6.262863129377365112e-01
7.094118159729987383e-01
8.050402221269905567e-01
7.156719639897346497e-01
4.757352378219366074e-01
8.464369089342653751e-01
7.165336899925023317e-01
8.739092708565294743e-01
6.888146090786904097e-01
6.711119180545210838e-01
6.398992708418518305e-01
6.435440829955041409e-01
8.766437331214547157e-01
6.733812310267239809e-01
6.529601900838315487e-01
6.556319231167435646e-01
8.166014871094375849e-01
6.732290610671043396e-01
5.961893540807068348e-01
6.689919759519398212e-01
6.529897570144385099e-01
8.983957541640847921e-01
6.831916330847889185e-01
6.768426878843456507e-01
8.735446340870112181e-01
7.182883729692548513e-01
5.791985630057752132e-01
8.238153441343456507e-01
6.422326620668172836e-01
8.894868651404976845e-01
8.788265909533947706e-01
6.806398788467049599e-01
6.181930380407720804e-01
8.901809719391167164e-01
7.204775221180170774e-01
6.325890289153903723e-01
8.928823161404579878e-01
8.481128509156405926e-01
8.316137799993157387e-01
8.847633521072566509e-01
7.289659860543906689e-01
6.963806250132620335e-01
5.408933979924768209e-01
6.848064661026000977e-01
7.051403580699115992e-01
7.032251439522951841e-01
8.880453959573060274e-01
6.356686148792505264e-01
7.282656210009008646e-01
6.640104639809578657e-01
9.028606819920241833e-01
5.998492189683020115e-01
7.243886408396065235e-01
6.650996708776801825e-01
6.290049960371106863e-01
6.514075179584324360e-01
7.038974280003458261e-01
6.859012690838426352e-01
6.481577598024159670e-01
6.833464801311492920e-01
6.319631650112569332e-01
6.368699988815933466e-01
6.492161478381603956e-01
7.279447671025991440e-01
6.442492760252207518e-01
8.965327851474285126e-01
6.852599531412124634e-01
6.763442039955407381e-01
4.818567889742553234e-01
6.944789851550012827e-01
7.257569089997559786e-01
7.207780040334910154e-01
6.738658980466425419e-01
8.408701170701533556e-01
6.975176457781344652e-01
6.992760561406612396e-01
6.931005520746111870e-01
6.512601738795638084e-01
7.284228389617055655e-01
6.988699419889599085e-01
7.200022609904408455e-01
7.049947979394346476e-01
6.931074501480907202e-01
6.841014937963336706e-01
8.968299301341176033e-01
6.084329129662364721e-01
6.504970658570528030e-01
8.786782699171453714e-01
5.852151061408221722e-01
6.997065509203821421e-01
6.600595640484243631e-01
6.475286029744893312e-01
8.581987170036882162e-01
6.971078040078282356e-01
7.136531351134181023e-01
7.292303440626710653e-01
7.175018568523228168e-01
8.185391491279006004e-01
6.619187809992581606e-01
6.954395489301532507e-01
8.265470620244741440e-01
7.254402642138302326e-01
7.115503200329840183e-01
7.287265041377395391e-01
7.277007619850337505e-01
6.591286240145564079e-01
6.750955008901655674e-01
7.081960330251604319e-01
6.827994887717068195e-01
8.904045308008790016e-01
7.269381051883101463e-01
6.493607519660145044e-01
8.780232949648052454e-01
7.905788011848926544e-01
6.671947350259870291e-01
6.593247740529477596e-01
7.306033249478787184e-01
8.083784349728375673e-01
6.450159649830311537e-01
8.795762269292026758e-01
6.995303730946034193e-01
7.892396880779415369e-01
6.953264421317726374e-01
6.639592519495636225e-01
6.394285568967461586e-01
7.076147610787302256e-01
6.169884691480547190e-01
7.210567749571055174e-01
6.649100040085613728e-01
8.162781530991196632e-01
6.484779880847781897e-01
6.290405611507594585e-01
6.329508319031447172e-01
7.343821779359132051e-01
7.299767651129513979e-01
7.297720829956233501e-01
8.981335470452904701e-01
6.769705510232597589e-01
8.690890679135918617e-01
6.751584459561854601e-01
6.652528902050107718e-01
7.386687810067087412e-01
7.257302599027752876e-01
6.342627240810543299e-01
6.685451839584857225e-01
6.759553288575261831e-01
6.776908119209110737e-01
7.068744008429348469e-01
6.511208941228687763e-01
5.929765719920396805e-01
6.789326358120888472e-01
6.953225308097898960e-01
8.582233970519155264e-01
6.680111009627580643e-01
6.499033090658485889e-01
6.980597369838505983e-01
6.814365149475634098e-01
6.577170819509774446e-01
8.610915399622172117e-01
6.703591342084109783e-01
8.454282141756266356e-01
6.559406078886240721e-01
6.036876309663057327e-01
6.943758400157094002e-01
7.158640278503298759e-01
6.746512199752032757e-01
8.580404289532452822e-01
8.891367721371352673e-01
7.822597299236804247e-01
6.490561438258737326e-01
6.484708150383085012e-01
6.206800159998238087e-01
8.727508711162954569e-01
6.657331129536032677e-01
8.549568129237741232e-01
6.603915120940655470e-01
6.714228119235485792e-01
6.864204660523682833e-01
7.087265059817582369e-01
7.309300398919731379e-01
6.812605948653072119e-01
7.258105759974569082e-01
7.210354108829051256e-01
6.602662501391023397e-01
6.630539458710700274e-01
6.992138801142573357e-01
8.707245590630918741e-01
7.153073209337890148e-01
7.038109800778329372e-01
7.166275701019912958e-01
8.158489910420030355e-01
7.268291318323463202e-01
8.267003491055220366e-01
7.329120819922536612e-01
7.278162110596895218e-01
6.690774061717092991e-01
6.765192491002380848e-01
6.618644190020859241e-01
6.815941978711634874e-01
7.141977138817310333e-01
7.043101680465042591e-01
6.826694929040968418e-01
6.530755809508264065e-01
6.890231808647513390e-01
6.587528011295944452e-01
9.112063799984753132e-01
8.073100578039884567e-01
6.345209770370274782e-01
6.906339188572019339e-01
8.962469438556581736e-01
6.397897931747138500e-01
8.564046521205455065e-01
6.978127090260386467e-01
7.325870362110435963e-01
8.698156189639121294e-01
6.621257539372891188e-01
7.909036490600556135e-01
8.755083528812974691e-01
6.655956190079450607e-01
8.937151210848242044e-01
8.885498491581529379e-01
8.392739340197294950e-01
7.259273210074752569e-01
7.256624149158596992e-01
8.892289970535784960e-01
6.429467468988150358e-01
6.571989611256867647e-01
8.072287570685148239e-01
6.739798390772193670e-01
8.159622449893504381e-01
8.496396869886666536e-01
6.855744989588856697e-01
6.972293539438396692e-01
6.205828599631786346e-01
6.504585309885442257e-01
8.522273059934377670e-01
6.350716501474380493e-01
6.816091239452362061e-01
6.635558458510786295e-01
7.013452630490064621e-01
7.290555569343268871e-01
7.997069119010120630e-01
6.556155360303819180e-01
7.272032978944480419e-01
7.039438069332391024e-01
6.728295348584651947e-01
6.299284740816801786e-01
6.987428930588066578e-01
7.220708690583705902e-01
6.697889110073447227e-01
8.818782169837504625e-01
8.524252909701317549e-01
6.432143619749695063e-01
6.607868890278041363e-01
7.053854519035667181e-01
7.283898009918630123e-01
6.817568310070782900e-01
8.984774490818381310e-01
8.657067609019577503e-01
7.953962050378322601e-01
6.691935621201992035e-01
6.816099111456423998e-01
6.980860889889299870e-01
8.234041910618543625e-01
6.539127670694142580e-01
7.280885770451277494e-01
5.890362509526312351e-01
6.530321061145514250e-01
6.867282860912382603e-01
6.855770950205624104e-01
6.980589090380817652e-01
6.452078579459339380e-01
7.140778140164911747e-01
8.121654919814318419e-01
7.104106789920479059e-01
6.830879179760813713e-01
6.456141050439327955e-01
6.570300881285220385e-01
6.353986721951514482e-01
7.037587389349937439e-01
5.790714740287512541e-01
8.508999750483781099e-01
8.706962950527667999e-01
6.820290689356625080e-01
8.573987320996820927e-01
8.002506149932742119e-01
6.601090340409427881e-01
6.544614031445235014e-01
6.931869131512939930e-01
6.730142289306968451e-01
6.066704101394861937e-01
6.442144010215997696e-01
6.998304149601608515e-01
6.635199750307947397e-01
6.035312979947775602e-01
5.881629169452935457e-01
7.058419720269739628e-01
5.635265270248055458e-01
6.540981889702379704e-01
8.890454720240086317e-01
7.012083590961992741e-01
6.174949752166867256e-01
7.099899849854409695e-01
8.230786579661071301e-01
7.181306269485503435e-01
7.080688730347901583e-01
8.502151451539248228e-01
6.776940329000353813e-01
7.284070311579853296e-01
7.081148631405085325e-01
6.904614761006087065e-01
8.254377951379865408e-01
9.029076839797198772e-01
6.140602689702063799e-01
7.010185180697590113e-01
6.516215959563851357e-01
7.064680571202188730e-01
8.574795341119170189e-01
7.261283970437943935e-01
8.712979629635810852e-01
6.479526299517601728e-01
6.619273470714688301e-01
8.630838890094310045e-01
8.617002689279615879e-01
6.914843840058892965e-01
8.535032451618462801e-01
6.481733389664441347e-01
6.935015590861439705e-01
6.679993469733744860e-01
6.514185669366270304e-01
8.697432749904692173e-01
6.894659688696265221e-01
7.218358761165291071e-01
6.748305789660662413e-01
6.725288040470331907e-01
5.963018531911075115e-01
7.225550790317356586e-01
6.708046840503811836e-01
7.119071709457784891e-01
7.315780469216406345e-01
7.297063060104846954e-01
7.286395388655364513e-01
7.827628059312701225e-01
6.927112590055912733e-01
6.561770639382302761e-01
6.526256769429892302e-01
6.726189549081027508e-01
6.777124309446662664e-01
8.742023759987205267e-01
6.803792349528521299e-01
7.243055049329996109e-01
6.438890460412949324e-01
6.479151260573416948e-01
6.526956718880683184e-01
6.891521238721907139e-01
8.736699880100786686e-01
6.804023748263716698e-01
8.539647499565035105e-01
8.767843809910118580e-01
6.704274232033640146e-01
7.258758309762924910e-01
8.385468800552189350e-01
6.922190131153911352e-01
8.440981849562376738e-01
4.014664350543171167e-01
6.385739499237388372e-01
6.339753030333667994e-01
7.971897451207041740e-01
6.422226619906723499e-01
6.798244919627904892e-01
8.194593999069184065e-01
6.875499899033457041e-01
6.046883389353752136e-01
6.246077250689268112e-01
8.934917619917541742e-01
6.363424388691782951e-01
6.717369791585952044e-01
6.631053821183741093e-01
6.871030600741505623e-01
6.418043139856308699e-01
7.203411650843918324e-01
6.643625060096383095e-01
6.448315070010721684e-01
6.920191389508545399e-01
6.544480819720774889e-01
8.464511360507458448e-01
7.237002898473292589e-01
8.432957469485700130e-01
7.297559750732034445e-01
7.168672929983586073e-01
6.911332521121948957e-01
6.559818298555910587e-01
8.662442928180098534e-01
6.456417611334472895e-01
6.675868900492787361e-01
8.513647718355059624e-01
9.532958900090306997e-01
8.085034070536494255e-01
7.009555569384247065e-01
7.008899420034140348e-01
8.284917988348752260e-01
6.635277499444782734e-01
6.834280581679195166e-01
7.008495829068124294e-01
6.887450709473341703e-01
8.272921158932149410e-01
6.117940971162170172e-01
7.172082550823688507e-01
6.691368820611387491e-01
6.598280889447778463e-01
7.640800590161234140e-01
7.818163849879056215e-01
7.024871699977666140e-01
6.102683839853852987e-01
8.369935608934611082e-01
6.992936898022890091e-01
6.618121259380131960e-01
