9.259881139732897282e-01
5.505768421571701765e-01
7.632662169635295868e-01
7.917961969505995512e-01
8.011355260387063026e-01
9.132897658273577690e-01
8.116475951392203569e-01
7.417508629150688648e-01
8.261705681215971708e-01
7.103629088960587978e-01
8.905832148157060146e-01
7.335955619346350431e-01
6.776377297937870026e-01
8.864180000964552164e-01
7.048781320918351412e-01
1.002939089899882674e+00
7.434007402043789625e-01
7.732643329072743654e-01
7.457310049794614315e-01
7.892837389372289181e-01
9.177568040322512388e-01
6.604593109805136919e-01
5.930261560715734959e-01
8.636308878194540739e-01
7.438214609865099192e-01
7.529165879823267460e-01
7.545871629845350981e-01
7.287507108412683010e-01
6.676928179804235697e-01
7.019712131004780531e-01
7.005399290937930346e-01
6.905796260107308626e-01
6.624362019356340170e-01
4.418968639802187681e-01
6.351106970105320215e-01
4.064686740748584270e-01
6.111728551331907511e-01
6.691137929446995258e-01
6.096925318706780672e-01
6.208292141091078520e-01
5.952959521673619747e-01
6.016203619074076414e-01
5.039606438949704170e-01
4.943108558654785156e-01
6.004527269396930933e-01
6.327558290213346481e-01
4.668105291202664375e-01
5.883876190055161715e-01
6.180304379668086767e-01
4.989328698720782995e-01
6.315208389423787594e-01
6.633427920751273632e-01
6.228696899488568306e-01
4.365699919871985912e-01
4.433786100707948208e-01
5.945215742103755474e-01
3.994213771075010300e-01
5.035949640441685915e-01
5.645167569164186716e-01
6.122312198858708143e-01
5.940060759894549847e-01
5.553614948876202106e-01
6.018036429304629564e-01
5.011660789605230093e-01
6.408070328179746866e-01
5.375089149456471205e-01
6.317161878105252981e-01
4.331209720112383366e-01
6.119292869698256254e-01
6.830290730576962233e-01
6.740533660631626844e-01
6.315459778998047113e-01
4.984491541981697083e-01
6.685393990483134985e-01
5.053671218920499086e-01
4.148684469982981682e-01
6.368323301430791616e-01
4.993411239702254534e-01
4.631635330151766539e-01
5.912464640568941832e-01
4.139251771848648787e-01
5.015441928990185261e-01
4.766770410351455212e-01
4.911333050113171339e-01
6.276599871926009655e-01
4.607979259453713894e-01
5.626948738936334848e-01
6.030246240552514791e-01
5.719987589400261641e-01
5.940026179887354374e-01
4.922469919547438622e-01
4.168243859894573689e-01
4.271053059492260218e-01
5.850084859412163496e-01
5.016834039706736803e-01
4.468148460146039724e-01
6.196742479223757982e-01
5.401508607901632786e-01
5.564118288457393646e-01
6.666837010998278856e-01
6.035416200757026672e-01
5.829920892138034105e-01
4.945430059451609850e-01
4.989601799752563238e-01
4.987659258767962456e-01
5.695317010395228863e-01
4.554273530375212431e-01
4.301671229768544436e-01
4.465860258787870407e-01
5.074514250736683607e-01
5.624427888542413712e-01
6.620895159430801868e-01
5.012504388578236103e-01
5.804005609825253487e-01
6.109451029915362597e-01
6.222453960217535496e-01
6.583016240037977695e-01
4.726457349024713039e-01
5.576112458948045969e-01
5.077709360048174858e-01
5.750907259061932564e-01
4.996544308960437775e-01
5.994910739827901125e-01
6.421105060726404190e-01
4.350663039367645979e-01
5.718106681015342474e-01
6.359319710172712803e-01
6.158260561060160398e-01
5.754317718092352152e-01
4.949011779390275478e-01
5.014907130971550941e-01
6.144612720236182213e-01
5.857787660788744688e-01
5.855955430306494236e-01
4.983665400650352240e-01
6.106514090206474066e-01
6.066742301918566227e-01
4.868113789707422256e-01
4.959344530943781137e-01
4.356673511210829020e-01
5.047564511187374592e-01
5.899627350736409426e-01
6.137498610187321901e-01
4.418101150076836348e-01
7.022974309511482716e-01
6.018317199777811766e-01
6.478606360033154488e-01
6.084233759902417660e-01
6.423829949926584959e-01
5.953741229604929686e-01
5.047878569457679987e-01
6.788718430325388908e-01
6.492942092008888721e-01
4.311522399075329304e-01
5.911064280662685633e-01
5.976394580211490393e-01
5.650150268338620663e-01
5.720461690798401833e-01
4.950190351810306311e-01
5.882518710568547249e-01
5.044636919628828764e-01
4.454213541466742754e-01
4.589266190305352211e-01
6.129690001253038645e-01
4.443269011098891497e-01
5.836767179425805807e-01
6.295007618609815836e-01
6.000534070190042257e-01
6.557772320229560137e-01
5.644313639495521784e-01
5.829869930166751146e-01
6.044410711620002985e-01
5.774169468786567450e-01
5.025553710293024778e-01
4.833575189113616943e-01
4.728978509083390236e-01
4.391793708782643080e-01
4.983064690604805946e-01
5.044615669175982475e-01
5.925816160161048174e-01
4.467051120009273291e-01
5.597761378157883883e-01
6.151094168890267611e-01
7.096606099512428045e-01
6.311314641498029232e-01
5.706004421226680279e-01
6.206052489578723907e-01
6.020269971340894699e-01
4.843655137810856104e-01
6.081303160171955824e-01
5.066480771638453007e-01
4.082084270194172859e-01
5.531293270178139210e-01
6.347760551143437624e-01
6.387823910918086767e-01
5.478145049419254065e-01
4.555476519744843245e-01
4.844973378349095583e-01
5.921685581561177969e-01
5.042806949932128191e-01
5.019074059091508389e-01
3.855428309179842472e-01
4.048695501405745745e-01
5.468280210625380278e-01
4.744562278501689434e-01
5.080971121788024902e-01
6.412084458861500025e-01
5.749341531191021204e-01
5.962278931401669979e-01
4.140237560495734215e-01
4.423355241306126118e-01
3.789962627924978733e-01
5.573221850208938122e-01
5.768694758880883455e-01
6.267749501857906580e-01
6.237164821941405535e-01
5.004942049272358418e-01
5.007505218964070082e-01
6.559653808362782001e-01
4.595334839541465044e-01
5.023987090680748224e-01
5.035435529425740242e-01
6.107542761601507664e-01
4.991950190160423517e-01
5.042160870507359505e-01
6.420529419556260109e-01
5.018754131160676479e-01
4.957071009557694197e-01
5.569258399773389101e-01
5.569359390065073967e-01
5.662507570814341307e-01
6.047635490540415049e-01
6.666531302034854889e-01
5.779121560044586658e-01
4.260707381181418896e-01
5.005881350953131914e-01
5.062346339691430330e-01
5.014053331688046455e-01
4.962225309573113918e-01
6.030376590788364410e-01
6.109190508723258972e-01
5.871344548650085926e-01
5.651395360473543406e-01
4.143429722171276808e-01
4.226627200841903687e-01
5.654945108108222485e-01
5.696129149291664362e-01
6.235701651312410831e-01
6.496296650730073452e-01
5.537124089896678925e-01
4.214749271050095558e-01
3.391108710784465075e-01
4.829255160875618458e-01
4.750823420472443104e-01
5.939004421234130859e-01
5.142438239417970181e-01
4.972223048098385334e-01
4.959942861460149288e-01
4.814929109998047352e-01
6.069775009527802467e-01
5.973260810133069754e-01
4.535023928619921207e-01
4.049804850947111845e-01
5.051297231111675501e-01
4.986039500217884779e-01
4.932027121540158987e-01
5.939634810201823711e-01
5.651906048879027367e-01
4.950332990847527981e-01
6.145659051835536957e-01
4.815438801888376474e-01
4.315098391380161047e-01
4.815538201946765184e-01
4.635330019518733025e-01
5.483530759811401367e-01
5.534604610875248909e-01
4.324692678637802601e-01
5.906956978142261505e-01
4.154340170789510012e-01
5.806107630487531424e-01
6.034932041075080633e-01
5.782038089819252491e-01
5.555826209019869566e-01
6.118704949039965868e-01
4.430069250520318747e-01
4.726154329255223274e-01
4.727800558321177959e-01
6.760787139646708965e-01
4.958448039833456278e-01
4.960442511364817619e-01
4.877440531272441149e-01
6.051708930172026157e-01
5.813582418486475945e-01
5.579609950073063374e-01
4.198880428448319435e-01
4.283280309755355120e-01
5.090143592096865177e-01
6.733014041092246771e-01
5.505459660198539495e-01
5.068140721414238214e-01
5.994830711279064417e-01
5.528217449318617582e-01
5.060016019269824028e-01
6.427120831795036793e-01
6.218786281533539295e-01
5.760578310582786798e-01
4.996567021589726210e-01
6.504520541056990623e-01
5.017701759934425354e-01
4.995936071500182152e-01
4.010526440106332302e-01
5.898602590896189213e-01
6.785871940664947033e-01
6.025688361842185259e-01
5.799480169080197811e-01
4.986746290232986212e-01
4.256418331060558558e-01
4.259677440859377384e-01
5.603330549784004688e-01
4.969187369570136070e-01
4.817094278987497091e-01
5.682756679598242044e-01
4.989535838831216097e-01
5.791854651179164648e-01
4.948624910321086645e-01
4.173658411018550396e-01
5.005046231672167778e-01
4.955122328829020262e-01
3.844334399327635765e-01
4.797723840456455946e-01
4.450407240074127913e-01
4.767704901751130819e-01
5.936937739606946707e-01
4.787154060322791338e-01
4.536300969775766134e-01
5.641480081249028444e-01
5.578218190930783749e-01
5.549362727906554937e-01
5.638176880311220884e-01
5.729010489303618670e-01
5.491350949741899967e-01
4.958555570337921381e-01
5.571561199612915516e-01
5.900917449034750462e-01
5.005652199033647776e-01
4.978452948853373528e-01
5.002999550197273493e-01
5.758856730535626411e-01
4.937100778333842754e-01
4.981577519793063402e-01
4.253193200565874577e-01
5.842751031741499901e-01
4.992066540289670229e-01
6.013822818640619516e-01
5.835105769801884890e-01
5.934848969336599112e-01
5.712563358247280121e-01
5.482958420179784298e-01
4.748303769156336784e-01
6.048380318097770214e-01
3.880894898902624846e-01
4.519511209800839424e-01
4.755347929894924164e-01
4.216592898592352867e-01
5.025174119509756565e-01
4.378042300231754780e-01
5.952533849049359560e-01
4.370955750346183777e-01
4.942335360683500767e-01
5.001070899888873100e-01
4.957650438882410526e-01
4.680167469196021557e-01
6.153763059992343187e-01
4.205915571656078100e-01
4.963276330381631851e-01
4.839582459535449743e-01
6.035871219355612993e-01
4.024541270919144154e-01
5.668556068558245897e-01
5.038995340000838041e-01
5.015444939490407705e-01
4.959037981461733580e-01
5.017772349528968334e-01
5.873681479133665562e-01
4.957925979979336262e-01
4.018955579958856106e-01
5.004701479338109493e-01
6.022034909110516310e-01
5.000703439582139254e-01
5.102608269080519676e-01
6.779972708318382502e-01
5.571303328033536673e-01
6.082934418227523565e-01
5.037335590459406376e-01
4.590689057949930429e-01
4.256343320012092590e-01
4.967128881253302097e-01
4.022726728580892086e-01
4.892442019190639257e-01
5.861711259931325912e-01
4.934559669345617294e-01
5.779607740696519613e-01
4.866573070175945759e-01
4.972348769661039114e-01
4.449733649380505085e-01
4.994213541503995657e-01
5.741633919533342123e-01
5.637961837928742170e-01
5.840533000882714987e-01
6.379618039354681969e-01
4.851408510003238916e-01
6.068056919611990452e-01
4.976632848847657442e-01
4.909890750423073769e-01
4.915817768778651953e-01
5.738802219275385141e-01
4.965852820314466953e-01
4.921158631332218647e-01
4.657682529650628567e-01
6.110082899685949087e-01
4.887486482039093971e-01
4.928408269770443439e-01
6.197440729010850191e-01
4.587108341511338949e-01
4.971536230295896530e-01
5.717341450508683920e-01
4.467553340364247561e-01
5.000866039190441370e-01
4.015675280243158340e-01
5.811993649695068598e-01
4.713288599159568548e-01
5.654073089826852083e-01
4.345400009769946337e-01
5.700944960117340088e-01
5.566844039130955935e-01
4.944402510300278664e-01
4.339562589302659035e-01
5.531526850536465645e-01
4.468928310088813305e-01
5.405587789136916399e-01
5.802302171941846609e-01
4.994570678099989891e-01
5.871598941739648581e-01
4.997660429216921329e-01
4.619545519817620516e-01
5.016600829549133778e-01
4.844354169908910990e-01
4.509585811756551266e-01
3.696490097790956497e-01
4.876718199811875820e-01
3.707012829836457968e-01
6.211600480601191521e-01
5.627536477986723185e-01
4.092174470424652100e-01
4.936173199675977230e-01
4.963161449413746595e-01
6.941836178302764893e-01
4.930719819385558367e-01
5.449358809273689985e-01
4.659174361731857061e-01
4.530652079265564680e-01
5.616771089844405651e-01
5.683305291458964348e-01
5.987238031812012196e-01
4.485666831023991108e-01
3.572631459683179855e-01
4.593473449349403381e-01
4.517409128602594137e-01
4.835207730066031218e-01
6.652074961457401514e-01
4.679509180132299662e-01
5.741878200788050890e-01
5.553614129312336445e-01
5.842130570672452450e-01
5.862941269297152758e-01
5.617767381481826305e-01
6.255285169463604689e-01
5.796020161360502243e-01
4.296682470012456179e-01
4.964106420520693064e-01
4.350877290125936270e-01
5.526326759718358517e-01
5.466407260391861200e-01
5.992100180592387915e-01
4.933703208807855844e-01
4.686003560200333595e-01
5.633798160124570131e-01
4.957325679715722799e-01
5.757434722036123276e-01
4.794238908216357231e-01
4.030884099192917347e-01
4.963337150402367115e-01
5.662993951700627804e-01
6.204107350204139948e-01
4.911771530751138926e-01
5.729053970426321030e-01
5.560792828910052776e-01
4.924994288012385368e-01
4.917884031310677528e-01
5.388811160810291767e-01
4.775209149811416864e-01
4.051580550149083138e-01
5.739025289658457041e-01
4.189598381053656340e-01
4.728674448560923338e-01
4.932758468203246593e-01
5.044261568691581488e-01
4.225601239595562220e-01
6.181902990210801363e-01
4.773671501316130161e-01
4.725758719723671675e-01
5.761140030808746815e-01
4.644929210189729929e-01
3.856464521959424019e-01
4.922266860958188772e-01
5.728284129872918129e-01
4.938310019206255674e-01
4.685708559118211269e-01
6.007920349948108196e-01
5.001647160388529301e-01
4.051227620802819729e-01
4.947026879526674747e-01
4.476923111360520124e-01
3.819902411196380854e-01
3.751711170189082623e-01
5.836372261401265860e-01
4.721023680176585913e-01
4.740585139952600002e-01
4.933598979841917753e-01
4.799173718784004450e-01
4.996994971297681332e-01
5.497761438600718975e-01
4.949292279779911041e-01
4.438739640172570944e-01
4.841109430417418480e-01
4.793175689410418272e-01
4.687498989515006542e-01
3.301385629456490278e-01
4.398484521079808474e-01
4.503005051519721746e-01
4.068726999685168266e-01
5.749645049218088388e-01
4.700321510899811983e-01
4.968646739143878222e-01
4.294813990127295256e-01
4.027069769799709320e-01
4.971030459273606539e-01
4.725773581303656101e-01
4.153306570369750261e-01
4.034379490185528994e-01
4.508812630083411932e-01
5.882248920388519764e-01
6.007249769754707813e-01
4.166553369723260403e-01
6.476797501090914011e-01
4.867279098834842443e-01
4.919452611356973648e-01
4.911491619423031807e-01
4.985726231243461370e-01
4.891709149815142155e-01
4.865245288237929344e-01
4.861530540511012077e-01
4.307495490647852421e-01
4.958823709748685360e-01
4.967986471019685268e-01
4.809315041638910770e-01
4.228757000528275967e-01
4.985739160329103470e-01
4.867223890032619238e-01
4.738806290552020073e-01
5.855707810260355473e-01
4.614451879169791937e-01
4.748425059951841831e-01
4.971003050450235605e-01
4.299823991023004055e-01
4.860892330761998892e-01
3.708423478528857231e-01
3.967736121267080307e-01
4.932261761277914047e-01
5.931826441083103418e-01
4.955688631162047386e-01
4.026217411737889051e-01
4.217648878693580627e-01
4.793210180941969156e-01
4.976787660270929337e-01
5.653103508520871401e-01
4.530673478730022907e-01
4.362293670419603586e-01
4.023106049280613661e-01
4.721254671458154917e-01
4.963695390615612268e-01
5.442798549775034189e-01
4.919933269266039133e-01
4.941288761328905821e-01
6.149450300727039576e-01
4.964394089765846729e-01
4.982876391150057316e-01
4.077749089337885380e-01
4.931116788648068905e-01
6.360743250697851181e-01
4.938961560837924480e-01
4.206699479836970568e-01
5.846333559602499008e-01
5.946551410015672445e-01
6.039176660124212503e-01
4.133558052126318216e-01
4.598071901127696037e-01
4.023146771360188723e-01
4.338110960088670254e-01
5.007904139347374439e-01
4.974218111019581556e-01
4.952893331646919250e-01
3.918193231802433729e-01
4.299821848981082439e-01
6.225362559780478477e-01
4.914646958932280540e-01
4.843410861212760210e-01
4.509248600807040930e-01
5.637304750271141529e-01
5.676987390033900738e-01
4.890264200512319803e-01
6.264191558584570885e-01
4.969858990516513586e-01
4.836196419782936573e-01
4.935377410147339106e-01
5.795586369931697845e-01
4.955579929519444704e-01
5.496832269709557295e-01
5.597272568847984076e-01
4.803889221511781216e-01
4.822154559660702944e-01
4.857419908512383699e-01
5.773690759669989347e-01
5.533521787729114294e-01
5.918250340037047863e-01
4.501797321718186140e-01
4.791702472139149904e-01
4.951230941805988550e-01
5.754607471171766520e-01
4.788476938847452402e-01
4.985598879866302013e-01
4.957357221283018589e-01
4.906869078986346722e-01
4.986248388886451721e-01
5.897993559483438730e-01
4.027165509760379791e-01
4.184758018236607313e-01
4.933584269601851702e-01
6.131685569416731596e-01
5.027225569356232882e-01
4.580135738942772150e-01
5.012148919049650431e-01
4.649977518711239100e-01
3.486905929166823626e-01
4.920218940824270248e-01
3.826257251203060150e-01
5.648767028469592333e-01
3.688963279128074646e-01
5.975772549863904715e-01
4.577444219030439854e-01
4.938933642115443945e-01
4.794093109667301178e-01
5.601851621177047491e-01
4.072788730263710022e-01
4.528601691126823425e-01
4.892549309879541397e-01
3.938052910380065441e-01
4.873190389480441809e-01
5.695356158539652824e-01
5.463969581760466099e-01
4.181731131393462420e-01
5.660221250727772713e-01
4.614167900290340185e-01
4.928304860368371010e-01
5.077373851090669632e-01
5.047354879789054394e-01
4.400311810895800591e-01
4.206061791628599167e-01
4.129397370852530003e-01
4.988464240450412035e-01
3.964368579909205437e-01
5.641461689956486225e-01
4.877905561588704586e-01
5.595847759395837784e-01
4.973525740206241608e-01
4.357732920907437801e-01
4.559853151440620422e-01
4.134790159296244383e-01
4.862358770333230495e-01
5.491876921150833368e-01
4.986620519775897264e-01
4.596685739234089851e-01
4.650958289857953787e-01
5.834204289130866528e-01
4.367032200098037720e-01
5.446278611198067665e-01
4.539987060707062483e-01
5.652528260834515095e-01
4.901704750955104828e-01
3.812947301194071770e-01
5.478171689901500940e-01
3.936278109904378653e-01
5.032977538648992777e-01
4.459808759856969118e-01
3.905606449116021395e-01
4.877956348937004805e-01
4.964629190508276224e-01
4.961923521477729082e-01
4.898239409085363150e-01
4.494959539733827114e-01
4.132654110435396433e-01
4.991364809684455395e-01
4.141518869437277317e-01
4.473587521351873875e-01
4.875428478699177504e-01
4.953354760073125362e-01
4.957062609028071165e-01
4.331676769070327282e-01
4.143298969138413668e-01
4.385799269657582045e-01
4.169710311107337475e-01
4.912625350989401340e-01
3.974714858923107386e-01
6.030191711615771055e-01
4.968291681725531816e-01
4.508444839157164097e-01
4.882516660727560520e-01
4.454448460601270199e-01
4.926750848535448313e-01
4.161074268631637096e-01
4.861362008377909660e-01
4.918877198360860348e-01
5.595420559402555227e-01
3.499558749608695507e-01
4.885002418886870146e-01
4.112530739512294531e-01
4.959865419659763575e-01
4.959673520643264055e-01
4.912877900060266256e-01
4.914736230857670307e-01
3.936684860382229090e-01
4.218886198941618204e-01
4.972150940448045731e-01
4.060647280421108007e-01
4.937392110005021095e-01
5.517853070050477982e-01
3.064344159793108702e-01
4.948947739321738482e-01
4.989189309999346733e-01
5.694401490036398172e-01
3.857850427739322186e-01
3.950098350178450346e-01
4.116883210372179747e-01
5.798940530512481928e-01
5.083071999251842499e-01
5.052382959984242916e-01
4.484468509908765554e-01
4.685310940258204937e-01
4.434499870985746384e-01
5.645206500776112080e-01
5.030380650423467159e-01
4.961707680486142635e-01
4.354086839593946934e-01
4.004608949180692434e-01
4.176848400384187698e-01
4.531722669489681721e-01
5.731646229978650808e-01
4.557915600016713142e-01
4.905426700133830309e-01
4.827869089785963297e-01
5.538812209852039814e-01
4.345923429355025291e-01
4.787536470685154200e-01
4.123215640429407358e-01
4.952680799178779125e-01
4.171472920570522547e-01
4.637244681362062693e-01
4.318581288680434227e-01
4.951833360828459263e-01
5.809668512083590031e-01
4.845322021283209324e-01
5.654759621247649193e-01
4.851334930863231421e-01
4.872149620205163956e-01
4.913229260127991438e-01
4.873448410071432590e-01
4.041590378619730473e-01
5.010753090027719736e-01
4.950008760206401348e-01
4.252107478678226471e-01
4.815466748550534248e-01
5.028889358509331942e-01
3.833389810752123594e-01
5.568665380124002695e-01
4.813562959898263216e-01
4.686069870367646217e-01
4.411513488739728928e-01
4.953215059358626604e-01
5.000881748273968697e-01
4.770654679741710424e-01
4.808207759633660316e-01
4.928126358427107334e-01
4.965510109905153513e-01
4.319950840435922146e-01
4.439794281497597694e-01
3.862846361007541418e-01
4.787905160337686539e-01
4.208056482020765543e-01
4.495018471498042345e-01
5.693634790368378162e-01
4.555398069787770510e-01
4.835271169431507587e-01
4.725447359960526228e-01
5.598155490588396788e-01
4.931969710160046816e-01
4.909469818230718374e-01
4.232315600384026766e-01
4.987468840554356575e-01
4.965492638293653727e-01
4.727145498618483543e-01
4.308842031750828028e-01
5.600792400073260069e-01
4.971982450224459171e-01
5.033060768619179726e-01
5.502460559364408255e-01
3.247284609824419022e-01
4.967374058905988932e-01
4.336339030414819717e-01
3.476453598123043776e-01
4.343054331839084625e-01
4.711974191013723612e-01
4.951255130581557751e-01
4.993627609219402075e-01
3.738018579315394163e-01
4.955036910250782967e-01
4.918296460527926683e-01
4.697130620479583740e-01
5.809099229518324137e-01
4.961195811629295349e-01
3.404870501253753901e-01
3.984338790178298950e-01
4.944374060723930597e-01
4.103556771297007799e-01
3.700614690314978361e-01
4.330249559134244919e-01
4.978803668636828661e-01
4.972220251802355051e-01
4.870969669427722692e-01
5.023035272024571896e-01
5.738088020589202642e-01
4.936941589694470167e-01
4.645022822078317404e-01
4.120551869273185730e-01
4.884636751376092434e-01
4.942888622172176838e-01
4.822705439291894436e-01
4.986953369807451963e-01
4.380453031044453382e-01
4.037178850267082453e-01
4.987816130742430687e-01
4.502152639906853437e-01
4.893568940460681915e-01
4.885664060711860657e-01
4.385322791058570147e-01
3.963618581183254719e-01
4.478502629790455103e-01
4.982192600145936012e-01
4.908189689740538597e-01
4.915044500958174467e-01
4.397513768635690212e-01
5.556204700842499733e-01
4.757988979108631611e-01
4.829259950201958418e-01
4.713651519268751144e-01
4.213947439566254616e-01
4.305190769955515862e-01
4.128304149489849806e-01
4.725848441012203693e-01
4.351615021005272865e-01
4.351133708842098713e-01
3.806155221536755562e-01
4.786127621773630381e-01
4.840017419774085283e-01
4.367270290385931730e-01
4.856511719990521669e-01
4.204674919601529837e-01
5.455138629768043756e-01
4.363864099141210318e-01
4.309973889030516148e-01
4.993769389111548662e-01
4.962222718168050051e-01
4.448378309607505798e-01
4.962104759179055691e-01
5.510391138959676027e-01
5.502777800429612398e-01
4.543655049055814743e-01
5.534506270196288824e-01
4.781108419410884380e-01
4.687257648911327124e-01
4.814383499324321747e-01
4.339451219420880079e-01
4.152264541480690241e-01
3.919204841367900372e-01
4.616118550766259432e-01
4.526412780396640301e-01
4.532992730382829905e-01
4.948514800053089857e-01
5.627637419383972883e-01
3.616522119846194983e-01
3.911026290152221918e-01
4.947554890532046556e-01
5.728885969147086143e-01
4.497186888474971056e-01
4.968167650513350964e-01
4.894572598859667778e-01
4.070657710544764996e-01
4.947649540845304728e-01
4.813474600668996572e-01
5.716756531037390232e-01
5.503313490189611912e-01
4.829718018881976604e-01
4.789531349670141935e-01
4.852866779547184706e-01
3.844910580664873123e-01
4.994158940389752388e-01
4.912843049969524145e-01
4.123420650139451027e-01
4.953236789442598820e-01
4.976150349248200655e-01
4.875940328929573298e-01
4.594379230402410030e-01
5.535906120203435421e-01
4.966930081136524677e-01
4.751008509192615747e-01
5.745212489273399115e-01
4.808365991339087486e-01
5.682648040819913149e-01
4.925711611285805702e-01
4.952140161767601967e-01
4.961173681076616049e-01
4.305583280511200428e-01
4.934306659270077944e-01
4.617265809793025255e-01
5.879349778406322002e-01
3.428180350456386805e-01
4.941676300950348377e-01
4.852537920232862234e-01
4.827104108408093452e-01
4.976276238448917866e-01
4.289710139855742455e-01
4.030613868962973356e-01
5.832173659000545740e-01
4.828721061348915100e-01
5.698131669778376818e-01
4.589061900041997433e-01
4.923506509512662888e-01
4.240045961923897266e-01
4.973856229335069656e-01
4.915913220029324293e-01
4.223103921394795179e-01
4.794617758598178625e-01
4.797109828796237707e-01
4.159042479004710913e-01
4.818266078364104033e-01
3.975519870873540640e-01
4.153917341027408838e-01
4.790319190360605717e-01
5.780073441565036774e-01
4.554762688931077719e-01
4.988315589725971222e-01
4.961643009446561337e-01
4.484405249822884798e-01
5.491756019182503223e-01
4.701413610018789768e-01
4.704224059823900461e-01
4.504292521160095930e-01
4.938578361179679632e-01
4.692780778277665377e-01
4.619162979070097208e-01
4.905605409294366837e-01
4.886474858503788710e-01
5.525670151691883802e-01
4.973505861125886440e-01
5.622961958870291710e-01
5.488764918409287930e-01
3.927660549525171518e-01
5.906292069703340530e-01
4.741501449607312679e-01
5.808055792003870010e-01
4.486599529627710581e-01
3.916058740578591824e-01
4.305221789982169867e-01
4.823883320204913616e-01
4.020949581172317266e-01
4.949662410654127598e-01
5.874580650124698877e-01
5.546608790755271912e-01
5.400549969635903835e-01
4.934301939792931080e-01
4.925988060422241688e-01
4.930215310305356979e-01
4.861811310984194279e-01
4.924977640621364117e-01
4.503220459446310997e-01
4.964007039088755846e-01
5.588014121167361736e-01
5.683298679068684578e-01
5.613028849475085735e-01
5.597072511445730925e-01
3.773887308780103922e-01
5.063364240340888500e-01
4.805249758064746857e-01
4.955074591562151909e-01
4.874490390066057444e-01
5.027653020806610584e-01
4.831751380115747452e-01
5.054794321767985821e-01
4.884595309849828482e-01
4.826912151183933020e-01
4.690870300401002169e-01
3.959871269762516022e-01
4.587295409291982651e-01
3.868424061220139265e-01
4.558553351089358330e-01
4.780691571068018675e-01
4.021904100663959980e-01
4.564648868981748819e-01
4.833362849894911051e-01
4.979248370509594679e-01
4.932480151765048504e-01
4.891636969987303019e-01
3.938115539494901896e-01
4.147865572012960911e-01
4.915462220087647438e-01
4.804007338825613260e-01
4.670153721235692501e-01
4.285988868214190006e-01
4.108950488734990358e-01
4.395809019915759563e-01
5.624964628368616104e-01
4.990852270275354385e-01
4.549704450182616711e-01
4.795474999118596315e-01
4.920109829399734735e-01
5.540661041159182787e-01
5.595422801561653614e-01
4.793926009442657232e-01
4.963321660179644823e-01
5.802109919022768736e-01
5.740730450488626957e-01
5.004316580016165972e-01
4.496978858951479197e-01
4.918334030080586672e-01
4.773811940103769302e-01
4.905006298795342445e-01
4.115903980564326048e-01
4.973063291981816292e-01
3.411824179347604513e-01
4.103526391554623842e-01
5.572859249077737331e-01
4.888780768960714340e-01
4.717507611494511366e-01
5.543165851850062609e-01
4.539310380350798368e-01
4.757095740642398596e-01
4.118107550311833620e-01
5.644786919001489878e-01
5.428372779861092567e-01
4.788330770097672939e-01
4.951299501117318869e-01
5.816552289761602879e-01
4.936974949669092894e-01
3.693254610989242792e-01
4.709008820354938507e-01
4.921552350278943777e-01
4.948292190674692392e-01
4.930625699926167727e-01
4.880853299982845783e-01
4.475053970236331224e-01
4.637164729647338390e-01
4.542566430754959583e-01
4.311158850323408842e-01
5.755793319549411535e-01
4.032050340902060270e-01
4.991633000317960978e-01
5.008296871092170477e-01
4.312643241137266159e-01
4.926602940540760756e-01
4.575677160173654556e-01
4.516932580154389143e-01
4.884882201440632343e-01
4.141441700048744678e-01
4.918459770269691944e-01
4.109113609883934259e-01
4.879168330226093531e-01
4.491209238767623901e-01
4.937585620209574699e-01
4.160663948860019445e-01
4.852528728079050779e-01
4.912511829752475023e-01
5.495211081579327583e-01
5.039218389429152012e-01
4.441159828566014767e-01
5.016460600309073925e-01
4.920346001163125038e-01
4.971255599521100521e-01
4.653671709820628166e-01
5.677896209526807070e-01
4.796397560276091099e-01
4.489592621102929115e-01
5.016933928709477186e-01
4.913337400648742914e-01
4.028700708877295256e-01
3.916223419364541769e-01
4.921268080361187458e-01
3.825574561487883329e-01
4.983550049364566803e-01
4.955380361061543226e-01
4.796775409486144781e-01
4.960630019195377827e-01
4.860309469513595104e-01
4.923603460192680359e-01
4.805064869578927755e-01
5.606052349321544170e-01
5.628715781494975090e-01
3.670657791662961245e-01
4.947231479454785585e-01
3.932462660595774651e-01
3.738558189943432808e-01
4.902538920287042856e-01
5.020054262131452560e-01
4.372895751148462296e-01
5.022383008617907763e-01
4.457860840484499931e-01
4.934549820609390736e-01
4.976140561047941446e-01
4.927107030525803566e-01
5.896950939204543829e-01
3.628509789705276489e-01
4.926776180509477854e-01
4.776204288937151432e-01
5.559602039866149426e-01
4.960996510926634073e-01
4.904112038202583790e-01
5.008510060142725706e-01
4.241846331860870123e-01
4.118410930968821049e-01
5.530551311094313860e-01
4.358531711623072624e-01
4.121437110006809235e-01
4.159450849983841181e-01
4.276419079396873713e-01
4.162598820403218269e-01
4.495667850133031607e-01
4.815899049863219261e-01
4.914718759246170521e-01
4.842343328054994345e-01
4.572089689318090677e-01
4.759908569976687431e-01
4.971253941766917706e-01
4.935725301038473845e-01
4.323941930197179317e-01
4.900249450001865625e-01
4.809761377982795238e-01
3.850941210985183716e-01
4.492685000877827406e-01
5.014983310829848051e-01
4.964766360353678465e-01
4.875913150608539581e-01
5.488413099665194750e-01
4.265839140862226486e-01
4.764510891400277615e-01
4.412073080893605947e-01
3.921464579179883003e-01
4.973182890098541975e-01
4.900298449210822582e-01
4.504455898422747850e-01
4.423720620106905699e-01
5.054341871291399002e-01
4.780737841501832008e-01
4.990178381558507681e-01
4.945060419850051403e-01
4.667838539462536573e-01
4.397197440266609192e-01
4.286165121011435986e-01
3.733122621197253466e-01
4.380764970555901527e-01
4.008996838238090277e-01
4.911468520294874907e-01
4.381310159806162119e-01
4.930007278453558683e-01
4.836427629925310612e-01
4.254444278776645660e-01
5.806224630214273930e-01
4.923611700069159269e-01
2.997803499456495047e-01
4.418475029524415731e-01
4.557446332182735205e-01
4.990182269830256701e-01
3.349210659507662058e-01
4.864925658330321312e-01
4.945522900670766830e-01
3.935359520837664604e-01
4.227352039888501167e-01
4.767620200291275978e-01
4.076408918481320143e-01
4.969712528400123119e-01
5.511067858897149563e-01
4.266684378962963820e-01
4.819166581146419048e-01
5.011853422038257122e-01
4.943746849894523621e-01
4.524405431002378464e-01
3.935008440166711807e-01
4.968685149215161800e-01
5.005759289488196373e-01
4.993872011546045542e-01
5.781836600508540869e-01
5.003645459655672312e-01
3.945547551847994328e-01
4.927114068996161222e-01
4.832594369072467089e-01
4.025096450932323933e-01
5.674031719099730253e-01
4.516958668828010559e-01
4.499267900828272104e-01
4.793804390355944633e-01
3.742146738804876804e-01
4.362629109527915716e-01
4.360191081650555134e-01
4.413753419648855925e-01
4.010446488391608000e-01
4.589566029608249664e-01
5.004857932217419147e-01
4.570493579376488924e-01
4.911794909276068211e-01
4.789404098410159349e-01
3.460902119986712933e-01
4.494201911147683859e-01
4.167348910123109818e-01
4.264467849861830473e-01
4.987244221847504377e-01
4.106639721430838108e-01
4.525877120904624462e-01
3.928394229151308537e-01
4.825536450371146202e-01
5.024612499400973320e-01
4.635871029458940029e-01
4.577425441239029169e-01
4.121122299693524837e-01
4.972516051493585110e-01
3.721609839703887701e-01
5.061121659819036722e-01
4.582807959523051977e-01
4.957695268094539642e-01
5.039606799837201834e-01
4.967135689221322536e-01
4.941280859056860209e-01
5.025142310187220573e-01
4.286186429671943188e-01
4.168962149415165186e-01
4.924951130524277687e-01
4.989760390017181635e-01
4.125956268981099129e-01
4.118063619825989008e-01
4.180305679328739643e-01
5.036077990662306547e-01
4.904395178891718388e-01
4.586241389624774456e-01
3.846873498987406492e-01
5.567501399200409651e-01
4.428084499668329954e-01
4.485762398689985275e-01
4.427805221639573574e-01
4.491042720619589090e-01
4.831423731520771980e-01
5.006344499997794628e-01
4.011965200770646334e-01
4.831561520695686340e-01
4.045129958540201187e-01
4.545312088448554277e-01
5.774346049875020981e-01
4.983280128799378872e-01
3.940188861452043056e-01
4.528658241033554077e-01
4.819676789920777082e-01
3.229794369544833899e-01
4.992921350058168173e-01
5.008425530977547169e-01
4.808360990136861801e-01
4.693227279931306839e-01
4.498428420629352331e-01
4.197833589278161526e-01
4.922290679533034563e-01
4.971297050360590219e-01
3.849216098897159100e-01
4.377120800781995058e-01
5.016978990752249956e-01
3.659251630306243896e-01
4.893492320552468300e-01
4.555249009281396866e-01
4.034305189270526171e-01
4.943526410497725010e-01
3.705462887883186340e-01
4.767890118528157473e-01
3.823438088875263929e-01
5.861429790966212749e-01
4.377348779235035181e-01
4.930265347938984632e-01
3.925782400183379650e-01
4.500579538289457560e-01
4.032895150594413280e-01
4.862868210766464472e-01
5.480548939667642117e-01
5.876295978669077158e-01
4.663661571685224771e-01
3.657172450330108404e-01
4.996362319216132164e-01
4.483665060251951218e-01
4.936620208900421858e-01
4.931126979645341635e-01
4.982398569118231535e-01
4.832260420080274343e-01
4.578734801616519690e-01
5.028583819512277842e-01
4.243050378281623125e-01
6.114688499365001917e-01
4.338729938026517630e-01
4.856155388988554478e-01
4.085467678960412741e-01
3.689482379704713821e-01
4.238171409815549850e-01
4.946879690978676081e-01
3.922592289745807648e-01
5.680762359406799078e-01
4.927257099188864231e-01
4.945039558224380016e-01
4.135067160241305828e-01
4.269858440384268761e-01
3.625641670078039169e-01
4.842022059019654989e-01
4.261518509592860937e-01
4.573403629474341869e-01
4.470454028341919184e-01
4.825320609379559755e-01
4.616343220695853233e-01
4.911083630286157131e-01
4.517654830124229193e-01
4.085306450724601746e-01
4.955968130379915237e-01
4.567560900468379259e-01
5.482400001492351294e-01
3.717098820488899946e-01
3.997834820766001940e-01
5.516232158988714218e-01
4.846852899063378572e-01
4.653495070524513721e-01
4.153023459948599339e-01
4.760349590796977282e-01
4.856873170938342810e-01
3.947060850914567709e-01
4.825616530142724514e-01
5.816729320213198662e-01
4.293427718803286552e-01
4.342653960920870304e-01
4.681925110053271055e-01
5.777097439859062433e-01
4.863223340362310410e-01
4.898464479483664036e-01
4.741582788992673159e-01
4.934280640445649624e-01
3.827620230149477720e-01
4.804224488325417042e-01
2.997371251694858074e-01
4.323594609741121531e-01
4.936441190075129271e-01
4.543950532097369432e-01
4.006936431396752596e-01
4.857369549572467804e-01
3.891067940276116133e-01
4.487211299128830433e-01
5.499860041309148073e-01
5.447590958792716265e-01
4.788116170093417168e-01
5.561202720273286104e-01
5.088173958938568830e-01
4.409917360171675682e-01
4.919316968880593777e-01
4.896649031434208155e-01
3.989282171241939068e-01
5.016355749685317278e-01
4.919098899699747562e-01
4.791199991013854742e-01
4.910663748160004616e-01
4.749290249310433865e-01
5.002608648501336575e-01
3.921368529554456472e-01
4.355828550178557634e-01
4.887480910401791334e-01
4.182719090022146702e-01
4.851755870040506124e-01
4.958655489608645439e-01
4.724076390266418457e-01
4.924901558551937342e-01
5.620353361591696739e-01
4.176367211621254683e-01
4.862146640662103891e-01
3.931086130905896425e-01
4.759406358934938908e-01
4.652982568368315697e-01
4.001683229580521584e-01
5.846743071451783180e-01
4.182665310800075531e-01
4.957742930855602026e-01
4.812278090976178646e-01
4.556298118550330400e-01
4.996365508995950222e-01
4.990614498965442181e-01
4.695470319129526615e-01
3.713792210910469294e-01
4.623922759201377630e-01
4.998435680754482746e-01
4.941004971042275429e-01
4.210328399203717709e-01
4.825660961214452982e-01
3.804142200388014317e-01
3.421330531127750874e-01
3.662298100534826517e-01
4.728810349479317665e-01
4.545456490013748407e-01
4.884735180530697107e-01
4.850366408936679363e-01
4.839425091631710529e-01
4.174187120515853167e-01
3.901197300292551517e-01
4.929345811251550913e-01
4.925313550047576427e-01
4.558931540232151747e-01
4.990592668764293194e-01
4.951708998996764421e-01
3.937283991836011410e-01
4.977616721298545599e-01
4.937217081896960735e-01
3.793785450980067253e-01
4.943452309817075729e-01
4.925194270908832550e-01
4.742735410109162331e-01
4.752479179296642542e-01
4.617052609100937843e-01
4.942734260112047195e-01
3.438068239483982325e-01
4.113930379971861839e-01
4.454023449216037989e-01
4.848732161335647106e-01
5.550102491397410631e-01
4.946395310107618570e-01
4.678756550420075655e-01
4.287886368110775948e-01
4.851586939767003059e-01
4.652927380520850420e-01
5.656876659486442804e-01
4.724859190173447132e-01
4.498475599102675915e-01
4.884060330223292112e-01
4.274125881493091583e-01
5.015364747960120440e-01
3.835139081347733736e-01
3.880630359053611755e-01
4.896779928822070360e-01
4.993111449293792248e-01
3.666439459193497896e-01
4.584446151275187731e-01
3.815810109954327345e-01
5.031746861059218645e-01
5.514498439151793718e-01
4.963755391072481871e-01
5.658420110121369362e-01
3.555484891403466463e-01
5.005270149558782578e-01
4.077360848896205425e-01
4.036035230383276939e-01
3.822136900853365660e-01
4.916148150805383921e-01
4.346787161193788052e-01
5.746552811469882727e-01
4.915295469108968973e-01
4.808798457961529493e-01
4.414262720383703709e-01
4.840462300926446915e-01
4.752074859570711851e-01
5.508518998976796865e-01
3.346130310092121363e-01
3.913731640204787254e-01
4.945683521218597889e-01
4.976790570653975010e-01
3.522923940327018499e-01
4.556059080641716719e-01
4.931647940538823605e-01
5.626714751124382019e-01
4.229272999800741673e-01
4.609161911066621542e-01
4.427137218881398439e-01
4.792986130341887474e-01
4.942491329275071621e-01
3.768377918750047684e-01
3.323106979951262474e-01
4.910949359182268381e-01
4.981254290323704481e-01
3.838318830821663141e-01
4.756473498418927193e-01
4.741087770089507103e-01
3.952633079607039690e-01
4.055878161452710629e-01
3.797053447924554348e-01
5.618822970427572727e-01
4.996933978982269764e-01
5.644638829398900270e-01
5.675909761339426041e-01
4.533495779614895582e-01
4.959493381902575493e-01
4.358069470617920160e-01
4.910554878879338503e-01
4.410684730391949415e-01
5.767709629144519567e-01
4.849542409647256136e-01
4.595749450381845236e-01
4.845891960430890322e-01
4.699864331632852554e-01
4.386758289765566587e-01
4.117589050438255072e-01
4.655547128058969975e-01
4.594912461470812559e-01
3.456645309925079346e-01
4.794494831003248692e-01
4.935621151234954596e-01
4.134186150040477514e-01
4.813006180338561535e-01
5.035091929603368044e-01
5.465398749802261591e-01
4.915205759461969137e-01
4.856544521171599627e-01
4.175470059271901846e-01
4.974539780523627996e-01
4.206610759720206261e-01
3.778620669618248940e-01
4.930612440221011639e-01
4.539984650909900665e-01
4.979777410626411438e-01
3.912563058547675610e-01
4.994204079266637564e-01
5.020205699838697910e-01
4.958255509845912457e-01
3.560819688718765974e-01
4.950943968724459410e-01
4.523399299941956997e-01
5.000146070960909128e-01
4.055442810058593750e-01
4.734925478696823120e-01
3.812057510949671268e-01
4.488857539836317301e-01
4.870781719218939543e-01
4.084361540153622627e-01
4.996795319020748138e-01
4.979885080829262733e-01
3.951088320463895798e-01
3.861617979127913713e-01
4.542263399343937635e-01
4.966997210867702961e-01
4.342503109946846962e-01
5.015623420476913452e-01
4.669227220583707094e-01
4.590512060094624758e-01
3.716403278522193432e-01
4.102451179642230272e-01
4.834387882146984339e-01
3.952478880528360605e-01
4.718278110958635807e-01
4.103462859056890011e-01
4.692711909301578999e-01
5.007498320192098618e-01
4.230811849702149630e-01
5.645672359969466925e-01
4.912170639727264643e-01
4.294888491276651621e-01
4.225184330716729164e-01
4.869063198566436768e-01
4.554794970899820328e-01
5.482385028153657913e-01
3.824497871100902557e-01
4.391466900706291199e-01
4.189186901785433292e-01
4.987206419464200735e-01
4.706541660707443953e-01
4.807636721525341272e-01
4.808512541931122541e-01
5.035361349582672119e-01
5.487217509653419256e-01
4.250167731661349535e-01
4.120144601911306381e-01
4.204673441126942635e-01
4.679877411108464003e-01
4.952508399728685617e-01
4.279374280013144016e-01
4.967212108895182610e-01
4.474992260802537203e-01
4.507319801487028599e-01
4.831935409456491470e-01
4.676831588149070740e-01
4.767776329535990953e-01
4.936614618636667728e-01
4.918807798530906439e-01
4.956502430140972137e-01
4.092413710895925760e-01
4.837524411268532276e-01
4.384516940917819738e-01
4.959269999526441097e-01
4.972969449590891600e-01
4.931494030170142651e-01
5.009169830009341240e-01
4.676141371019184589e-01
4.496689189691096544e-01
4.936470310203731060e-01
4.685009140521287918e-01
4.793384091462939978e-01
4.779146101791411638e-01
4.033227269537746906e-01
4.566284760367125273e-01
4.252125269267708063e-01
4.300104009453207254e-01
3.916503319051116705e-01
4.954239130020141602e-01
3.631272879429161549e-01
4.230374949984252453e-01
4.141840720549225807e-01
4.162982988636940718e-01
4.936494908761233091e-01
3.909399230033159256e-01
4.286589371040463448e-01
3.532095530536025763e-01
4.820721270516514778e-01
4.037769429851323366e-01
4.892121269367635250e-01
4.306154181249439716e-01
4.115848680958151817e-01
4.906604620628058910e-01
4.569970329757779837e-01
4.286581729538738728e-01
4.741646649781614542e-01
4.959839109797030687e-01
4.517720278818160295e-01
4.858087790198624134e-01
4.939553069416433573e-01
4.961970089934766293e-01
4.145300819072872400e-01
4.963094969280064106e-01
4.903096081689000130e-01
4.504010700620710850e-01
4.482749341987073421e-01
4.909828309901058674e-01
4.794457040261477232e-01
3.992566778324544430e-01
3.985415890347212553e-01
4.786039069294929504e-01
5.000466760247945786e-01
4.991308881435543299e-01
4.517419370822608471e-01
2.514482329133898020e-01
4.969077599234879017e-01
4.683279909659177065e-01
4.889229580294340849e-01
4.940890280995517969e-01
4.472830388695001602e-01
4.457977130077779293e-01
4.921670791227370501e-01
5.447899040300399065e-01
3.798669080715626478e-01
4.534791670739650726e-01
3.973656240850687027e-01
4.813181199133396149e-01
4.709298980887979269e-01
4.927083058282732964e-01
4.880565621424466372e-01
4.033900250215083361e-01
4.240268189460039139e-01
4.976137171033769846e-01
3.582069200929254293e-01
4.942593078594654799e-01
4.469381030648946762e-01
4.529563940595835447e-01
4.317302829585969448e-01
4.431107400450855494e-01
5.609755469486117363e-01
3.941969410516321659e-01
4.881267040036618710e-01
4.455234222114086151e-01
4.932193248532712460e-01
3.712359019555151463e-01
4.922188168857246637e-01
4.886677181348204613e-01
4.984259849879890680e-01
4.957016089465469122e-01
5.566414990462362766e-01
4.931256938725709915e-01
4.981179579626768827e-01
5.947671809699386358e-01
4.888908921275287867e-01
4.232648438774049282e-01
4.981915489770472050e-01
4.958654521033167839e-01
4.924594350159168243e-01
5.501209099311381578e-01
3.907068879343569279e-01
4.911587829701602459e-01
4.980555868241935968e-01
5.950165670365095139e-01
4.289122771006077528e-01
4.890494218561798334e-01
4.359299470670521259e-01
4.466514259111136198e-01
4.291304210200905800e-01
4.480973938480019569e-01
4.504961350467056036e-01
4.923369341995567083e-01
4.543452940415591002e-01
4.937254630494862795e-01
4.978274668101221323e-01
4.777485691010951996e-01
4.653697710018604994e-01
3.891683290712535381e-01
3.905526311136782169e-01
3.823529880028218031e-01
4.039127030409872532e-01
4.541351490188390017e-01
4.548463469836860895e-01
3.713338230736553669e-01
4.902488379739224911e-01
4.779709719587117434e-01
4.959636100102216005e-01
4.427318330854177475e-01
4.940586520824581385e-01
4.032621160149574280e-01
4.634929778985679150e-01
3.996058909688144922e-01
4.092039880342781544e-01
4.766342609655112028e-01
4.646716159768402576e-01
4.774504210799932480e-01
4.346664599142968655e-01
4.293824310880154371e-01
5.412349770776927471e-01
4.949428341351449490e-01
4.637312798295170069e-01
3.996549260336905718e-01
4.112034111749380827e-01
3.777022880967706442e-01
4.980783681385219097e-01
4.778224278707057238e-01
4.910512019414454699e-01
4.841348929330706596e-01
4.124832041561603546e-01
4.660718899685889482e-01
4.789634111803025007e-01
4.786057840101420879e-01
5.469110840931534767e-01
4.351025659125298262e-01
4.770712759345769882e-01
3.154046470299363136e-01
4.661554358899593353e-01
4.837964619509875774e-01
4.917612920980900526e-01
4.230734428856521845e-01
4.942276880610734224e-01
4.839987510349601507e-01
4.852751691360026598e-01
4.172826800495386124e-01
3.623510978650301695e-01
4.915581950917840004e-01
3.962442770134657621e-01
3.299581180326640606e-01
4.438071958720684052e-01
4.772738739848136902e-01
4.722588139120489359e-01
5.549590080045163631e-01
4.959219549782574177e-01
3.622083601076155901e-01
4.730597462039440870e-01
4.926163149066269398e-01
4.315074090845882893e-01
4.728542419616132975e-01
4.748210110701620579e-01
4.050766669679433107e-01
4.274092661216855049e-01
4.790245050098747015e-01
4.183570421300828457e-01
4.586515550035983324e-01
4.020398429129272699e-01
3.833181317895650864e-01
3.625656240619719028e-01
3.862985819578170776e-01
4.973336649127304554e-01
4.863437158055603504e-01
4.266252201050519943e-01
3.721547750756144524e-01
4.095400499645620584e-01
4.393436801619827747e-01
4.975401049014180899e-01
3.864364479668438435e-01
4.626239892095327377e-01
4.958223928697407246e-01
4.936909349635243416e-01
4.942748211324214935e-01
4.907759849447757006e-01
3.874218810815364122e-01
4.897265429608523846e-01
4.380025889258831739e-01
4.423517060931771994e-01
4.138032731134444475e-01
4.919457188807427883e-01
3.991098748520016670e-01
4.781740910839289427e-01
3.991772648878395557e-01
4.040116888936609030e-01
4.141373429447412491e-01
3.491862639784812927e-01
4.106941558420658112e-01
4.768096490297466516e-01
4.954230710864067078e-01
4.970253240317106247e-01
4.251720018219202757e-01
4.906948648858815432e-01
4.832546131219714880e-01
4.777123280800879002e-01
2.934076669625937939e-01
4.926055711694061756e-01
3.460742658935487270e-01
4.954123171046376228e-01
4.928912031464278698e-01
5.333490290213376284e-01
4.221923979930579662e-01
4.950027009472250938e-01
4.525614629965275526e-01
3.985564662143588066e-01
4.893459039740264416e-01
4.765701638534665108e-01
4.393496729899197817e-01
4.655879458878189325e-01
4.335980261676013470e-01
4.803985238540917635e-01
3.981945659033954144e-01
4.935667910613119602e-01
4.490887760184705257e-01
3.827481158077716827e-01
4.957777818199247122e-01
4.568518251180648804e-01
4.767050489317625761e-01
4.907318700570613146e-01
3.922048460226505995e-01
5.510540709365159273e-01
4.868576838634908199e-01
4.241826331708580256e-01
4.662260371260344982e-01
4.975105437915772200e-01
3.949978440068662167e-01
4.734525780659168959e-01
4.685821880120784044e-01
4.779660550411790609e-01
4.640720968600362539e-01
4.706547099631279707e-01
4.353395060170441866e-01
4.916689749807119370e-01
4.792739239055663347e-01
4.692358358297497034e-01
3.937749189790338278e-01
3.115811699535697699e-01
4.673304429743438959e-01
4.681683380622416735e-01
4.851271270308643579e-01
3.833130549173802137e-01
4.920221951324492693e-01
4.344504710752516985e-01
4.890275809448212385e-01
4.867167489137500525e-01
4.666106400545686483e-01
3.701829379424452782e-01
4.934307821094989777e-01
4.553114618174731731e-01
4.432700329925864935e-01
4.650866179727017879e-01
4.744431308936327696e-01
4.100744968745857477e-01
3.913705761078745127e-01
4.398819659836590290e-01
4.135970110073685646e-01
3.957219850271940231e-01
4.809168910142034292e-01
4.774947590194642544e-01
4.974283298943191767e-01
4.950953549705445766e-01
3.958388378378003836e-01
3.552642390131950378e-01
4.889866518788039684e-01
3.930915009696036577e-01
4.726415569894015789e-01
3.902886689174920321e-01
3.958824630826711655e-01
4.756823761854320765e-01
4.852735630702227354e-01
4.442304421681910753e-01
4.206312410533428192e-01
3.862586668692529202e-01
3.452144060283899307e-01
4.757938138209283352e-01
3.378135459497570992e-01
4.932967307977378368e-01
5.598288651090115309e-01
5.040213100146502256e-01
4.476521129254251719e-01
4.329569151159375906e-01
4.869102798402309418e-01
4.789665290154516697e-01
4.625943710561841726e-01
4.287377188447862864e-01
4.912550300359725952e-01
4.895120149012655020e-01
4.834421810228377581e-01
4.955923978704959154e-01
4.863460550550371408e-01
5.597797988448292017e-01
3.840028960257768631e-01
4.528288799338042736e-01
4.921097080223262310e-01
4.192024879157543182e-01
4.923772201873362064e-01
4.920846149325370789e-01
4.939001798629760742e-01
4.910953019279986620e-01
4.392683599144220352e-01
3.929559660609811544e-01
3.822568492032587528e-01
4.932020320557057858e-01
4.917937130667269230e-01
4.385909680277109146e-01
4.312446108087897301e-01
4.058830090798437595e-01
4.743507790844887495e-01
4.901867471635341644e-01
4.454621579498052597e-01
4.522362989373505116e-01
3.629140318371355534e-01
4.993635630235075951e-01
4.027108349837362766e-01
3.891728729940950871e-01
4.872949470300227404e-01
5.569498948752880096e-01
4.806773050222545862e-01
4.139385449234396219e-01
4.847918390296399593e-01
4.292866548057645559e-01
4.951183090452104807e-01
3.726470670662820339e-01
4.906679720152169466e-01
3.763573048636317253e-01
4.916520819533616304e-01
4.031408401206135750e-01
3.980819738935679197e-01
4.508901480585336685e-01
4.329328010790050030e-01
3.876475938595831394e-01
4.302470139227807522e-01
4.013355991337448359e-01
4.005082792136818171e-01
4.237880599685013294e-01
4.559736030641943216e-01
4.910656230058521032e-01
3.724000239744782448e-01
3.725614049471914768e-01
4.458051188848912716e-01
4.944326779805123806e-01
3.949369939509779215e-01
4.959780350327491760e-01
4.539592149667441845e-01
4.831502148881554604e-01
4.301417791284620762e-01
4.031427209265530109e-01
4.359567381907254457e-01
4.928637188859283924e-01
4.494232470169663429e-01
4.184926929883658886e-01
4.918822110630571842e-01
4.005142778623849154e-01
4.819341420661658049e-01
5.609926620963960886e-01
3.799050347879528999e-01
3.994560330174863338e-01
4.700788238551467657e-01
4.524686131626367569e-01
4.940165670122951269e-01
3.852637859527021646e-01
4.804745360743254423e-01
3.256448919419199228e-01
