9.781299968031340660e-04
9.439367838588995927e-04
9.596530398648813430e-04
9.467238229946611447e-04
9.783021263014119416e-04
9.908017686852839661e-04
9.794036110865099540e-04
9.563528210955685388e-04
9.941310167250493914e-04
9.574737730668345321e-04
9.253430261830098823e-04
9.855291901441334736e-04
9.888521302098211407e-04
9.900193494688108459e-04
9.909142644952081448e-04
9.631627954148359308e-04
9.994757690092918954e-04
9.605109238808236553e-04
9.318963003629023934e-04
9.774734759677673399e-04
9.193067639012452623e-04
9.201427680340720913e-04
9.947969422256304657e-04
9.539073287659246810e-04
8.514683729355433141e-04
8.207760878345159768e-04
8.621852279500275733e-04
9.700704012234191405e-04
9.879823580154377047e-04
9.940711370184278708e-04
9.910009880762093038e-04
9.495531697832637359e-04
9.820991124667309731e-04
9.909646027592403008e-04
9.927675995174318774e-04
9.735367459547655117e-04
8.746826697882579497e-04
9.624937892075841874e-04
9.234461994597255047e-04
9.004433731407286137e-04
9.859186084961938778e-04
8.548418868915265379e-04
8.122775691048405395e-04
9.676646328645933286e-04
9.912218714563528557e-04
9.268463889671618066e-04
9.522910008938929990e-04
9.274631766229235420e-04
8.453501822689861748e-04
9.678965780809999433e-04
9.487501536951096397e-04
8.522279348025927530e-04
9.703926328236203713e-04
8.332293141748992049e-04
8.166188534639479179e-04
9.739691236739536585e-04
9.004149350091017077e-04
8.342300081646429393e-04
9.601753401489091086e-04
8.577510785856217552e-04
8.931492040872669258e-04
9.790310021102156465e-04
9.630346067326411071e-04
8.575156683173467678e-04
9.814777715974058910e-04
9.875052719443559897e-04
9.322947576289661439e-04
9.684621201666752336e-04
9.753882296738916602e-04
9.910495798175606406e-04
9.899617180159545581e-04
8.736836544536791737e-04
6.537216172634652874e-04
9.941327827868399070e-04
9.386406539898591462e-04
9.384721996782231573e-04
9.988680378931367402e-04
8.044901421759557318e-04
9.856567011731138302e-04
9.617465510938534709e-04
9.924221411399686017e-04
7.516994270698718582e-04
9.528804380765765582e-04
9.158033045977121518e-04
8.694956828875591856e-04
9.715039673806824755e-04
9.131824795951632920e-04
9.543729137415238404e-04
9.715544155925243857e-04
9.180552213074855529e-04
9.364027959975110933e-04
8.867158882125348229e-04
9.881615522305186791e-04
9.834593979517814496e-04
7.897655457052238457e-04
9.957137531985476523e-04
9.807728791248373611e-04
9.944140633919881615e-04
9.602885185740183674e-04
9.912574778287838641e-04
9.335041383279955819e-04
9.352836715208792369e-04
8.506034918314953584e-04
8.508970213866261754e-04
9.101574782626397579e-04
9.938866007495356526e-04
8.694718628253333406e-04
9.523198029096985534e-04
9.644438915080663123e-04
8.567596101600896772e-04
9.955757391338746105e-04
9.642175827107834487e-04
8.339941146051577320e-04
9.464312631597626094e-04
9.951968192265449493e-04
9.893033463684326040e-04
9.028496110146686047e-04
9.207742797476955662e-04
9.729969388162863818e-04
8.228561154710960744e-04
9.727930754172519874e-04
9.347394507600359287e-04
8.908574612222868155e-04
9.371522864458930622e-04
9.514179637148943193e-04
9.678177292137718794e-04
9.395574018253283720e-04
8.941080898073867998e-04
9.273499156026751133e-04
9.962563290828213743e-04
7.162571767983399486e-04
8.995884590307923201e-04
9.976891550835397145e-04
9.413686406865281802e-04
8.147960789004172425e-04
8.724698502234248245e-04
9.869441630092380680e-04
8.134142110429311116e-04
9.566158432011817982e-04
8.968337647254456032e-04
9.931092215043034466e-04
9.736793815938387482e-04
9.661353442938924599e-04
8.849294363582960784e-04
9.440651608737487925e-04
9.922769500273940450e-04
9.347171559094976084e-04
9.631842557773330829e-04
9.800549577274927492e-04
9.287441941975275355e-04
7.966195645794656817e-04
9.481151994164671972e-04
9.364214796789690695e-04
9.985156387867467551e-04
9.599451363193906971e-04
9.789673545755189776e-04
9.612170624914380184e-04
9.206711634432761335e-04
9.061349771652805031e-04
9.085487263110036526e-04
8.786236590623988738e-04
9.965529798151965841e-04
9.994558889047054900e-04
8.712732993991625713e-04
8.914091108126484617e-04
9.602098386798997879e-04
9.244110980616311720e-04
9.131649848631797793e-04
9.822595534336438314e-04
9.212476798677302937e-04
9.737745364409716720e-04
9.691376043559992879e-04
9.171631288190212330e-04
9.495858259811578968e-04
9.053604697005374893e-04
9.849098397206120133e-04
9.159055455758575558e-04
7.488399647968537950e-04
9.659512897643505840e-04
9.395559720160504523e-04
9.476768144223716083e-04
8.808734916022876397e-04
9.660861033256345131e-04
9.765850931405424540e-04
9.349318726897193821e-04
8.205499842523909142e-04
9.440572003212348512e-04
9.275406228189663491e-04
9.970875532799529026e-04
9.483831563247854899e-04
9.066876909253806984e-04
9.478236177540334557e-04
9.018885082872545120e-04
9.609926948179887659e-04
9.014327975208523891e-04
8.793354608274749984e-04
8.647437410935280818e-04
9.232707428232905236e-04
8.137255383618354236e-04
8.948304271956181773e-04
8.502764893359694926e-04
8.955054757247894216e-04
8.435519223149832860e-04
9.878123552045890710e-04
9.794983751205185024e-04
8.979207149013135715e-04
9.258621165627905136e-04
9.282845380119211787e-04
9.612190092721764785e-04
8.469838724232590065e-04
9.857663390133806353e-04
9.619974650430102026e-04
9.121071875349539291e-04
9.931254914562811370e-04
9.417224186932832575e-04
9.261341346082696329e-04
9.239610294891595398e-04
9.738801171435440985e-04
9.771975465187696542e-04
9.572424698874319911e-04
9.162773148974057407e-04
7.833784014316715885e-04
9.004626938146742098e-04
9.843530454995176593e-04
9.338233248040256557e-04
9.825813143211966239e-04
6.860199339898547010e-04
9.490489492400403827e-04
9.610898097017146801e-04
9.983773189449680376e-04
9.836584383016971217e-04
9.484716707970936456e-04
9.592431736771885476e-04
9.765762618359832836e-04
9.132059868606417575e-04
8.359550111445505482e-04
9.540822125267971361e-04
8.612090120463677424e-04
8.018016513646404912e-04
9.890830267231601192e-04
9.646169991735515769e-04
9.136452645343196184e-04
9.433045789627156124e-04
9.436297812883382525e-04
9.038315775441250598e-04
9.088582549551335208e-04
8.942691791404786547e-04
9.834647467983610811e-04
8.930734179454305217e-04
9.947503658637754480e-04
9.969807968834795177e-04
9.858684336257845723e-04
9.779921772578368915e-04
9.962802543119029120e-04
8.793839150911588473e-04
7.887791643916721275e-04
9.025502510982004022e-04
9.282920104824181513e-04
9.990546131045403150e-04
9.775649687442406355e-04
9.340158765533913485e-04
9.834775106967951451e-04
8.155045113321932656e-04
8.346379252942952298e-04
7.803863763393972461e-04
9.700435005217683147e-04
9.505064690996319109e-04
9.295412756938103201e-04
9.349698766438731745e-04
9.395508103787504747e-04
8.895481879823865894e-04
9.391365311215947587e-04
9.865377742238261131e-04
9.264351332372596339e-04
9.733593173088548938e-04
9.608613805961532545e-04
8.584476177941120128e-04
9.311651061457814748e-04
8.592832439074694906e-04
9.085513085644722139e-04
9.781630200056460039e-04
9.532794062478019102e-04
9.592296161007060704e-04
8.941642468464205008e-04
9.704791359056418867e-04
8.673713202211946402e-04
8.946293093937135324e-04
9.308277827872773373e-04
8.802561589930261521e-04
7.773110516587645449e-04
9.836590185343327148e-04
9.988371780673215537e-04
9.647096169675375065e-04
9.373888502459292631e-04
9.998791364052893663e-04
9.500609118235861126e-04
6.656886831164853619e-04
9.340151469027317948e-04
9.878718755946213053e-04
9.187530422452342381e-04
9.125786967956829370e-04
9.198684720317663313e-04
7.113517192228201213e-04
9.127003051877663475e-04
9.499649441345466667e-04
9.575621778704566630e-04
7.465379218406681698e-04
9.475954548524258758e-04
9.877700052211720299e-04
9.413710172624848273e-04
9.993889983840394294e-04
8.415001833203901351e-04
8.760427861505250486e-04
9.893884323438227515e-04
9.654142127326925150e-04
9.125584928330616324e-04
9.627189642331926336e-04
9.150641590384986715e-04
8.905314644956485032e-04
7.914004040428591121e-04
9.550741152512794239e-04
8.984652574367626467e-04
8.184856981087680399e-04
9.187674475345442753e-04
8.166826972854933408e-04
8.821078282372125674e-04
6.912770037911274753e-04
9.023152564998612778e-04
9.923484579396890919e-04
8.633689061364370346e-04
9.736204885293076299e-04
9.780745644168179712e-04
9.410042044610427737e-04
9.495733456956735813e-04
9.967623803335467700e-04
9.925964662596438448e-04
9.139714392050760300e-04
9.055780631612162564e-04
8.982777656226637432e-04
9.600239117602206614e-04
9.941200140831329100e-04
9.216401256795001646e-04
8.600257600320884190e-04
9.583152542936990018e-04
9.155464416390504635e-04
8.246023968514194736e-04
9.021621433399743028e-04
9.252643522487373094e-04
8.370428430221837175e-04
7.444363569488097153e-04
9.699651321132097366e-04
9.983378761948449431e-04
9.084759112574350209e-04
9.645834952807640778e-04
9.333744677097531410e-04
9.212314849445381966e-04
9.733776136795020597e-04
8.989302928687590167e-04
9.012830232245918564e-04
9.824268616507860971e-04
9.961985503933437538e-04
9.300921278197213718e-04
9.628605595557980252e-04
8.823347607608246967e-04
8.147034686383923703e-04
9.242180536572078883e-04
9.974365542366329159e-04
9.190978065144136434e-04
8.947150180720667666e-04
9.095295899758495993e-04
9.478438206612916066e-04
9.782412478214473107e-04
8.755353940109100383e-04
9.179060340963703839e-04
9.003251172044364741e-04
8.396287239441038068e-04
9.743041151297730665e-04
9.599049692027163778e-04
9.991388292001079918e-04
8.513718168672384200e-04
9.639633941582050709e-04
8.583069318290446762e-04
9.630307792866551987e-04
9.725995101542467443e-04
9.491372475569187202e-04
9.598081574769346327e-04
9.616421675360970487e-04
9.819681322283820533e-04
7.518999656649988025e-04
7.956776186010876229e-04
9.152583803411242207e-04
9.268106424831521004e-04
9.121747427017394896e-04
9.314190350807355790e-04
9.942534365567972862e-04
8.702981538903787739e-04
9.554406357324019428e-04
9.852300224668685599e-04
9.039189870465093877e-04
9.582558031182734698e-04
9.376381550883437213e-04
8.838350893185542047e-04
9.933842394682869305e-04
7.996776276817117767e-04
9.976067351407818563e-04
9.957283453251829231e-04
9.375935221445816066e-04
9.216257947486318405e-04
8.935205570477431887e-04
9.595874142446092362e-04
9.350257230125824486e-04
9.863156012673063213e-04
8.213140444202376338e-04
9.779508781232685438e-04
7.894570046407677240e-04
9.797024449244278593e-04
9.800640502167375610e-04
7.513174587391094599e-04
9.954958164535728220e-04
8.807116801128213714e-04
8.823886480324562645e-04
9.662304925167025486e-04
9.604455028728624754e-04
9.074285784832860670e-04
9.551497994338443986e-04
9.485985052276899119e-04
9.827443424325892508e-04
7.998887087134933915e-04
9.516066293584593593e-04
9.795930311321458632e-04
9.485414062966252609e-04
9.614669972434425685e-04
8.723012589000222116e-04
9.467339346068650479e-04
9.475116415450141093e-04
7.698805973817672305e-04
8.658016559861764303e-04
8.895443427015286468e-04
9.411764940675521182e-04
9.644202376889750685e-04
9.559475032571764517e-04
8.500374221754867284e-04
9.492036715299272858e-04
7.283982241785707818e-04
9.773216135531763264e-04
7.293568175623829338e-04
9.855301064803925152e-04
8.963442581188340143e-04
9.609760676483562053e-04
9.328104801449753824e-04
9.986534467695468761e-04
9.989854147707333612e-04
9.361566848637391247e-04
8.180447679089208890e-04
7.992273521271486304e-04
9.185938123102362117e-04
9.947904112695771586e-04
6.785618820082945767e-04
9.935029556668330524e-04
9.454505772741303221e-04
9.587527614921244551e-04
9.008686226283237715e-04
8.405427590520746705e-04
9.447281501076593060e-04
9.423113458389318579e-04
9.687822439210468355e-04
9.518278196131001873e-04
8.813014145317785023e-04
9.256167660767870582e-04
9.727980620035669729e-04
9.653866536934807910e-04
9.539438775822928164e-04
9.609499902345999432e-04
9.494766989695351250e-04
9.141393080002840335e-04
9.501003387156237460e-04
9.634995164227547508e-04
8.497516545798910938e-04
7.974729264008609958e-04
8.168609482239904112e-04
9.809649458979981338e-04
8.969935954371596569e-04
9.461760223506140511e-04
9.320921352466045307e-04
8.744115414448204709e-04
9.624411145647256225e-04
9.729700360605489460e-04
8.248330333786171127e-04
9.447533454883559135e-04
8.822840864198559698e-04
9.282684434583989052e-04
8.172282463836761865e-04
9.347008907009983145e-04
8.367203712992916584e-04
9.003034411373384395e-04
9.649404880378042483e-04
9.539268388387335150e-04
8.815730268062758109e-04
8.824809563868588622e-04
9.854204050218815739e-04
8.750545800973787711e-04
9.972891826767050875e-04
9.664585989886577281e-04
9.707551380885840906e-04
9.466649265294818823e-04
7.957941804037127519e-04
9.722437473666528532e-04
9.431571579750904974e-04
9.984156660018536026e-04
8.926431329335573215e-04
9.248048866325426576e-04
9.161728650693998308e-04
9.273317846586995490e-04
9.922150588185876547e-04
7.326586883083115696e-04
9.644290357474901917e-04
8.859481028526609674e-04
9.649560873785421140e-04
9.647027250724840488e-04
9.130520010259403178e-04
9.508926238806327588e-04
7.953040226660720770e-04
9.207875254704999627e-04
9.754535759038738922e-04
9.349545080647459752e-04
9.559541362355427740e-04
9.548907221023128543e-04
9.593299674336175668e-04
7.982920429768780579e-04
9.372141560430586986e-04
8.888368712428234902e-04
9.521414975420190762e-04
9.652563149870588451e-04
9.458888892847059672e-04
9.836438370730716391e-04
8.013764325845245361e-04
9.514805933367138447e-04
9.973691428913720319e-04
9.898128960280591117e-04
9.999467774223758619e-04
9.557056328594707188e-04
9.541346159830405450e-04
9.850310244777836597e-04
7.731806940264750096e-04
9.531154913308027962e-04
9.852746291925010107e-04
8.581476454524782169e-04
9.647834597628653476e-04
8.847689449926492058e-04
9.650360900859695622e-04
9.688793985203924316e-04
9.053275850572007526e-04
9.822314274614532461e-04
9.107898865007450556e-04
9.476191854406956988e-04
9.936504552826648691e-04
9.413901675369730753e-04
9.547535732786955904e-04
9.339099077028914942e-04
9.810814138472749926e-04
8.979084687323334339e-04
7.858604691225345345e-04
9.881287305331389829e-04
8.934838595308565749e-04
8.953547555035751802e-04
8.719998533311430896e-04
9.817977154585883891e-04
8.603438625017040221e-04
8.068099450281492882e-04
9.791624953996160789e-04
9.566555151236153616e-04
9.662748102734954742e-04
9.834460440686103224e-04
7.855482444108741972e-04
9.509182545332168016e-04
8.734164808986399344e-04
9.219286239051703927e-04
8.908237469874725339e-04
8.351252622154530566e-04
9.245580586022916596e-04
9.752335600647683714e-04
9.032223977692515303e-04
9.527067863281349792e-04
9.959543116655374118e-04
8.108149861993605443e-04
9.993372835841059492e-04
9.087504119213315155e-04
9.101440883077517282e-04
9.202820076650889639e-04
9.796526066188249605e-04
9.159735042989929120e-04
9.594504531520936866e-04
8.694314326941650481e-04
9.260234695063022112e-04
8.916208144485229239e-04
9.012621769356751007e-04
8.364861305389725355e-04
8.249582778832901479e-04
8.172858266817721422e-04
9.410064184318867779e-04
9.536939634973084449e-04
9.870072185146770878e-04
9.159996762335021608e-04
9.979295810957733263e-04
9.123767827415184186e-04
8.431873425557489740e-04
9.898536759409667842e-04
8.672065784843537668e-04
9.919818267331980289e-04
9.950476108275181121e-04
9.206142319116398945e-04
9.067689048553148785e-04
9.412109414407074512e-04
8.794839236624039632e-04
9.265752461367599653e-04
8.812555675111101048e-04
8.801150536135089221e-04
9.823277394440826406e-04
9.649385919999786980e-04
9.725905382301513764e-04
9.848456625041746015e-04
9.729840156241205754e-04
9.517789230670592243e-04
9.857063112714533129e-04
7.690616414128613292e-04
9.932614842457414359e-04
9.611817475855257906e-04
9.435345066489079363e-04
9.165605147960602384e-04
9.822783061584690768e-04
9.447734538989740593e-04
8.878066318274954781e-04
9.759935475388977714e-04
9.030029604263151632e-04
9.412226209026739159e-04
9.477110210754583885e-04
9.300835990956736292e-04
9.558369307756714364e-04
9.131967370958042228e-04
9.235491838347650818e-04
6.696952032723381886e-04
8.916305396318498656e-04
9.395666058407869036e-04
8.727317620785068160e-04
8.887810853057689052e-04
9.740689708015553812e-04
8.603258294070247232e-04
7.253395906678238719e-04
9.539851275875595171e-04
9.853024299169618055e-04
9.423045070627540177e-04
6.506840335250695540e-04
9.637866731943908619e-04
9.884681611349540632e-04
9.370079829744123795e-04
9.272401618788758291e-04
9.433246290210862452e-04
9.322514072126434227e-04
9.348796859149854054e-04
9.992200283795921786e-04
9.462401441028651591e-04
9.645230078770828915e-04
9.797352948234974539e-04
9.681293232850299042e-04
9.926121141122208960e-04
8.522106430645101172e-04
8.192303362027691851e-04
9.545920852737570066e-04
9.941796412436464895e-04
9.725592641868336611e-04
9.529246644265650492e-04
9.730996551872905451e-04
9.302366947616730808e-04
9.525748426508399242e-04
6.951115397010024146e-04
8.554105727194600975e-04
9.455789040916461443e-04
9.959972810064613574e-04
9.763796403886192870e-04
9.806417659937798851e-04
8.990594911017363300e-04
9.735267355213166529e-04
8.871723871104950088e-04
9.324499353304419123e-04
7.517487515326859090e-04
8.759645548142780879e-04
8.828127207921052187e-04
9.242340087622577527e-04
8.891463463992783488e-04
8.954788782647233247e-04
9.415096178455229945e-04
9.292194736887110940e-04
9.801620603792566330e-04
9.460209688813761694e-04
9.803510902457611333e-04
9.607745576100338442e-04
9.590596250391571036e-04
8.675617116411321822e-04
7.645334833219786510e-04
9.905306235977752970e-04
9.030686590979522489e-04
9.683544206204153888e-04
8.004245185183752557e-04
9.690534368808172150e-04
8.463463030454344404e-04
9.129842889015873713e-04
8.715893832140896719e-04
7.851538096768779758e-04
9.277058264040887381e-04
8.868747175182570015e-04
9.069991545541850097e-04
7.712520854446862058e-04
9.212439522921280497e-04
9.124132379639179327e-04
9.353895588889385047e-04
8.032308154921142043e-04
8.280115136574512334e-04
9.194383342433520324e-04
9.034204871902871839e-04
9.627431723634592882e-04
9.274101921001364022e-04
7.280538906327925497e-04
9.604391247620647177e-04
9.852344419980963060e-04
9.281795720554815486e-04
9.385351835745606077e-04
9.385248591876731985e-04
9.426800400056226147e-04
9.175989672569544826e-04
9.893799140787188327e-04
9.866593167793596617e-04
7.813339991261104541e-04
8.932905965253895575e-04
9.251729778646087697e-04
9.816120721181571286e-04
9.169406291977751393e-04
8.361837709579740020e-04
7.914921831687460980e-04
9.012232034105993866e-04
9.549945488108964927e-04
9.444707889855901740e-04
9.770516285448498962e-04
7.656420674182093334e-04
9.859689114621007170e-04
9.787788335081566184e-04
9.464574934923660528e-04
8.784004870470678164e-04
8.295788763046572879e-04
7.917861903836809863e-04
8.959132610323652371e-04
8.731876606804649674e-04
8.916091438740235018e-04
8.721790070343692341e-04
9.591382699420330322e-04
7.692951788205450950e-04
7.899316077411234951e-04
9.677857292460620604e-04
9.440075273376764180e-04
9.657859147965364112e-04
9.718539121529709470e-04
9.808749790939054122e-04
7.732148381700631274e-04
9.278019542188528212e-04
9.155632536281380117e-04
9.539432959719222746e-04
9.203641511434145286e-04
9.406273920479468189e-04
9.573675533969814352e-04
9.421246100037842684e-04
9.509056652988182512e-04
9.134487304792238485e-04
9.830971370319815158e-04
9.971485435516065036e-04
9.937745628714900886e-04
8.658436082278254562e-04
9.223722173784403055e-04
9.905422872347208890e-04
9.594041630363978231e-04
9.883821941057090426e-04
9.390782812825785924e-04
8.472142836716957219e-04
9.768256811331788979e-04
8.841291272414530424e-04
9.559519142262222014e-04
8.992413951613549778e-04
8.640093704440299444e-04
9.732267537924375357e-04
7.822681549994921083e-04
7.259094852721760180e-04
9.906766695705489754e-04
9.843677757136000059e-04
8.382985477710231097e-04
9.814012622304292294e-04
9.203229779460686370e-04
8.899204208385967088e-04
9.892810336949672302e-04
9.329794887815223226e-04
8.895168737265110896e-04
6.664774475149345696e-04
9.685170357664203266e-04
9.315312673221878056e-04
8.551972150076548327e-04
9.906243769988785745e-04
9.268927531495766824e-04
9.776138907284311237e-04
9.673286760606133539e-04
9.787930159516609364e-04
9.112008871411730535e-04
9.423852495012817335e-04
9.281251400861782481e-04
9.053394834080905887e-04
9.182857108302088433e-04
9.895807174391633033e-04
9.276890435241427193e-04
7.968929438806578777e-04
7.612479245220159620e-04
9.946662474146444975e-04
8.635578594595013291e-04
9.432645524866638135e-04
9.757331990923094828e-04
8.978511237922473607e-04
8.984123608942821406e-04
9.976362156916352211e-04
8.547144232688779712e-04
9.351603390520029290e-04
9.470323797581282595e-04
9.348107966087348172e-04
9.311758262211477198e-04
9.219632903733642783e-04
9.244246540979386521e-04
9.879639863705443927e-04
7.592423120847849143e-04
7.666704902250438304e-04
9.742075415979659569e-04
9.762695347142895429e-04
9.443133716365236484e-04
9.562301250068067429e-04
9.343824936616691463e-04
9.227977500708978023e-04
9.730453464328142578e-04
9.528941797342940995e-04
7.319878092738678864e-04
9.474970863530753507e-04
9.282566008216814940e-04
9.261357130598903446e-04
7.756652214487055452e-04
8.547313452153972426e-04
9.523101838430376304e-04
8.422828848441624291e-04
9.661931586412284738e-04
9.675554393869540554e-04
9.936838217618699023e-04
9.752342114017094592e-04
8.264424666966990133e-04
9.933956270948333077e-04
9.753497776781349174e-04
7.327238225639081661e-04
9.440476741000562071e-04
8.959425495612756592e-04
9.423997354479026790e-04
9.970598865138293691e-04
9.753947623588244851e-04
9.319945858310315885e-04
9.436262645396760072e-04
8.604826871914451111e-04
9.330619804475369632e-04
8.951644446978466313e-04
9.871166690133856107e-04
9.038596601543535123e-04
9.098957254097344259e-04
8.910360861724492742e-04
9.986744715086539118e-04
9.721715285079253303e-04
9.983053567137513146e-04
8.549799198224136178e-04
9.954027363197276781e-04
8.177400823715659083e-04
8.958806239471804296e-04
9.105629206625602545e-04
9.014266362618226190e-04
9.018675248430857569e-04
7.786034327048099160e-04
9.204185430006427094e-04
8.994341225803188962e-04
9.913693765269027298e-04
8.862674109195915837e-04
9.496551019282968445e-04
9.655631048271440470e-04
8.921971594470590270e-04
9.575664693076904469e-04
8.357893558770673748e-04
9.959321222529243008e-04
9.527818085355815696e-04
9.191933821834457046e-04
9.905750390435455726e-04
9.955666366437533697e-04
9.926655083838677694e-04
9.674624886450045470e-04
9.222798705624281595e-04
9.464811275637293212e-04
8.841533481268810989e-04
9.799527821339711672e-04
9.199198972488794148e-04
9.515228566965874780e-04
9.549553016640042764e-04
9.328252026504913049e-04
8.604484823847628706e-04
9.628697293287785631e-04
9.238191788645378584e-04
9.050931813825156044e-04
8.168517067589514419e-04
9.893615406662106034e-04
9.860502104694053929e-04
9.292372834788715282e-04
8.934881197660321690e-04
9.599432442616600463e-04
9.784793243976202919e-04
9.159920736611868721e-04
9.002477423004423204e-04
9.737509328604944782e-04
9.659774641160874921e-04
9.206251658007562648e-04
9.616224070160228577e-04
9.203240969216653885e-04
9.335424358142872065e-04
9.607185445718642190e-04
9.138832479615535166e-04
9.756513149673658961e-04
8.684217290016981719e-04
9.190165378441544517e-04
9.508220237736417311e-04
9.731034372477533143e-04
8.998647261386053019e-04
9.369979229110278343e-04
9.606472878650161324e-04
9.663418248662401008e-04
9.469733894625435291e-04
9.798592395939785798e-04
8.375614214287306842e-04
9.953303681430778708e-04
9.387166414637029312e-04
8.534040690048554220e-04
9.958271533128002992e-04
9.519159913745881170e-04
9.851477357488858805e-04
7.801553962560812657e-04
9.427959802074291828e-04
9.170228829501503613e-04
8.951450512583283880e-04
9.968870728566158260e-04
9.507741115522596589e-04
9.273822219103890771e-04
8.961141618313595578e-04
9.991326867839029832e-04
9.877126739274843126e-04
9.390949943234099765e-04
9.767927665082932337e-04
8.873573638500376320e-04
9.199761138815174726e-04
9.142094432573302830e-04
9.420792053797795527e-04
9.487588352726630597e-04
8.652655829615552669e-04
8.255060570441720598e-04
9.549988274559069413e-04
8.998927891219835875e-04
9.236220338630306802e-04
9.220045128213075853e-04
9.829546241819765804e-04
8.774562172054915310e-04
7.755213690886438071e-04
9.207001696847673129e-04
9.822948906502478733e-04
8.958548000234313642e-04
9.278003816703897380e-04
8.979098417107510234e-04
9.206082202735077187e-04
9.655392091548375055e-04
9.496188386159803161e-04
9.280440740106113808e-04
9.576048714024564066e-04
9.839857478994775298e-04
9.167331325768478083e-04
9.360172911495530683e-04
9.746121075095740775e-04
9.509210621813378493e-04
9.156583522639719737e-04
8.848674854836939465e-04
9.943076389968008317e-04
9.903743154578380486e-04
8.323988777848890814e-04
8.082490508842285048e-04
9.310884340183668735e-04
8.698722259973356956e-04
8.742360701292269934e-04
9.660957435829141404e-04
9.391534685829488896e-04
9.984914066040731159e-04
7.677385408897696197e-04
7.822492087952000401e-04
8.900418690068214161e-04
9.903434059693725679e-04
8.096269104806761265e-04
9.619298716316822349e-04
8.367724824690518561e-04
9.722792140155885011e-04
9.638990863596244704e-04
9.700457707054175628e-04
9.485577284379367521e-04
9.617643561832968759e-04
9.579395974928611680e-04
9.654409624143836738e-04
9.188843853064515869e-04
9.276073372058283618e-04
7.460576189352802548e-04
9.261042485338543805e-04
8.648431901086943169e-04
9.737117316399469119e-04
9.185675173334553875e-04
9.768250713806639254e-04
9.872115604254475766e-04
9.439038175412867897e-04
9.459736003334109303e-04
9.727347985916505457e-04
9.798576516410390826e-04
9.967962908385488707e-04
9.598002066709156437e-04
9.782395592166106234e-04
9.382584145335052606e-04
9.354077709116096926e-04
9.958682531524304556e-04
9.965071764292589979e-04
9.701568033331088147e-04
9.769428584781817294e-04
9.791606415865412427e-04
9.607646264397542556e-04
9.174142841597192691e-04
9.159555027194835356e-04
9.049288997025488378e-04
9.810460596432438608e-04
7.968746086107696787e-04
9.937524793054933886e-04
9.575400339537055126e-04
7.306972826711931887e-04
9.515475407698807675e-04
9.824356943865701977e-04
8.973126378401019608e-04
7.009375867178468337e-04
9.280309528274212827e-04
9.133806868013266255e-04
9.217173670999671354e-04
9.260495652975562391e-04
8.398400742158264190e-04
8.323024941643519499e-04
9.330286628979821920e-04
8.156259704731729041e-04
6.784681770951603644e-04
9.509011084213803621e-04
8.994810690811327848e-04
9.635260822985139547e-04
8.216912191070663025e-04
8.603232799187230436e-04
9.546215121224048200e-04
9.653594787254966879e-04
9.218015208321996131e-04
9.832969840074567199e-04
9.652322538782503493e-04
9.730986764322221245e-04
9.297260398927588779e-04
8.749435088214249775e-04
9.671533715015118464e-04
9.583877343038681423e-04
9.762972771662577123e-04
9.762560360065164521e-04
8.194869711827379834e-04
7.477239576824317802e-04
7.409177761659993186e-04
8.532035763270766349e-04
9.562366939136670435e-04
9.339605382823265448e-04
9.263363204095571108e-04
9.141310350533627662e-04
9.586527369576012224e-04
9.818356011595027327e-04
9.013179385849097751e-04
8.821402543960756102e-04
9.937534004625494036e-04
9.228067545104886747e-04
9.286107745121269198e-04
9.728761984392186304e-04
9.280645749792693121e-04
8.689223479917930959e-04
7.869468148047669082e-04
9.485900756504032829e-04
9.385027455154087593e-04
9.732767398242542917e-04
8.897437104317511020e-04
9.857869699227857479e-04
8.299612268308199058e-04
7.708277518112678335e-04
9.719635867799931430e-04
9.647721923762498297e-04
9.780400153015719744e-04
9.622013322158767552e-04
8.544517647751239753e-04
7.619567069235544648e-04
9.476300592735362530e-04
9.475774462196097760e-04
9.455323867865988562e-04
9.696557358793770048e-04
7.457956873788690452e-04
9.470787688779904248e-04
8.902506977725082671e-04
9.652208596942090822e-04
8.782098497041703269e-04
9.880094887277622324e-04
8.632174890459745056e-04
7.996030928058176857e-04
8.864047857448052996e-04
9.910087594271230031e-04
8.816991849766584507e-04
9.688668008547543422e-04
9.333796840148979139e-04
9.431285831196237679e-04
9.875727175280739952e-04
9.684091058217475685e-04
8.485295406361550866e-04
9.155772135311764570e-04
9.320249952889654403e-04
9.869663503289120756e-04
7.275821134605640244e-04
9.757015140339957496e-04
7.290892811478368214e-04
8.826358059674658304e-04
8.055598684256154527e-04
8.803364035667981527e-04
9.478140315653536862e-04
8.689045590636179780e-04
9.766971600491777990e-04
8.586028979165193260e-04
8.910561058638337461e-04
9.816836550246886908e-04
9.279834413427448568e-04
9.513716305565390668e-04
9.914975222625841290e-04
9.556217877918449189e-04
9.688647219588642726e-04
9.544639917014920974e-04
9.545341769912861485e-04
9.152037833771052219e-04
8.927149627519870376e-04
9.611660014494742815e-04
9.873304646947171897e-04
9.344096868367219146e-04
8.956271704190768221e-04
9.624894267632866764e-04
9.065915269415554881e-04
9.903990266602103777e-04
9.136259326456872909e-04
7.161213810002945834e-04
7.515025402573455087e-04
9.933980745898214528e-04
8.467764268930243329e-04
9.082418153079901274e-04
8.827859306227189406e-04
9.333564238295488083e-04
7.889482583713115782e-04
6.687268741230435005e-04
9.243109306842846491e-04
9.082342028734201626e-04
9.854210784417012647e-04
9.327890688089293149e-04
9.248936306637937400e-04
9.884744199435467702e-04
7.738393751028527657e-04
9.147214000140998190e-04
9.800785870049783747e-04
9.827824766538268385e-04
9.816447891411548155e-04
8.378726356644999092e-04
8.363945517264070352e-04
7.486451863874271249e-04
9.767106570044436793e-04
9.613635286240949278e-04
9.987745936470679344e-04
9.960034278094955906e-04
9.899164464975624203e-04
8.370216874045788638e-04
8.297649711428606604e-04
9.731323308690614576e-04
8.965255232026490785e-04
9.712674415271037743e-04
9.413156196219849827e-04
9.179463518262033668e-04
9.491987108151435631e-04
8.672252350089139188e-04
9.942507835816315632e-04
9.531830801508059392e-04
7.849874456644643280e-04
9.909871922529130562e-04
8.558696664710090107e-04
7.937266367465615341e-04
8.995110881979537969e-04
8.473221629702659338e-04
9.436105381487936480e-04
9.308105606280492068e-04
7.850661911956200540e-04
9.792597728605332858e-04
9.837563274174665300e-04
9.111729283154228198e-04
8.633475090278777773e-04
9.049988369313996832e-04
9.984571310275071072e-04
8.635364043887916929e-04
9.907001455054418541e-04
8.543948052438408644e-04
8.616365348039283986e-04
9.578338158968966506e-04
9.094841807030385871e-04
9.568903788826030885e-04
8.835354513380840567e-04
9.679027877033282139e-04
9.764733095493063810e-04
9.909334066085567685e-04
9.878319428308643749e-04
9.770904655694960528e-04
8.418526867632281302e-04
9.461957167183724119e-04
9.871318812232708195e-04
9.855931023900806748e-04
9.914951913625655571e-04
9.692746576154977591e-04
9.412991486756894233e-04
7.678378668043413582e-04
9.844561250698185238e-04
9.885685642208549319e-04
9.347656845970988984e-04
8.796849790934975098e-04
9.235550839129453345e-04
9.954836783902592471e-04
9.494399813538629196e-04
8.362923704696165542e-04
9.159256147664983925e-04
9.177498794740040784e-04
9.301843753855201097e-04
9.605495994514234989e-04
9.257526372813731355e-04
9.453802162402440319e-04
9.397527074367609430e-04
9.180142993229922646e-04
9.236732124118582484e-04
9.678095926634038438e-04
8.258396928809388004e-04
9.563842431150787514e-04
9.639320300752342134e-04
7.175352685990864883e-04
8.202266488730732908e-04
8.022998949733747311e-04
7.351511774162051765e-04
9.920994914947027683e-04
8.900971358443362808e-04
8.874205687038369365e-04
8.304539467379401995e-04
9.058481247726577054e-04
9.799245238578614594e-04
9.408399854071107906e-04
9.080958107584972700e-04
9.986042892520163774e-04
9.926795169663783433e-04
9.675470245822786206e-04
9.327722460392374928e-04
9.861597319038002771e-04
9.286488663995426211e-04
9.320379531663119726e-04
9.128408402144354023e-04
9.323276825446378266e-04
8.900723609633640152e-04
9.158728874338231251e-04
7.269983511993588412e-04
9.605283772461907640e-04
9.497604704027519211e-04
9.761007314993021397e-04
7.917145245930106356e-04
8.578520451072018131e-04
9.421334091658080606e-04
9.632550919789050620e-04
9.778934900873726722e-04
7.695989488450100764e-04
8.479982971207650384e-04
9.807587630794025943e-04
9.281330756656079334e-04
9.855239875195473398e-04
9.809697588573024554e-04
9.719966783373004291e-04
8.403004050921985971e-04
9.491493198613645431e-04
9.256130204818474897e-04
8.459085969574491092e-04
9.019812457071045607e-04
9.804721615624060593e-04
8.772055930240264116e-04
9.511847678134971278e-04
9.050867561765655244e-04
9.995586464401314594e-04
9.437606432316207215e-04
9.826737362096131176e-04
9.550238478983530312e-04
8.966488933813425346e-04
8.176932622486466056e-04
9.939576503189865523e-04
9.705453935943615966e-04
9.706222963090243867e-04
9.607357543530064886e-04
9.974766215286191146e-04
8.905500101524911963e-04
9.423946156291373392e-04
9.044212661202367205e-04
9.842994284776840005e-04
9.871082467525786521e-04
9.085957696211424206e-04
9.617070570011321262e-04
8.739881620564377354e-04
7.946443952983165988e-04
9.199587225615228929e-04
9.378554419816801215e-04
9.944635395760911736e-04
9.093730359682260060e-04
9.583552349194981697e-04
9.508348006541250414e-04
8.845613229121056546e-04
9.530969462855722095e-04
9.568182234642956920e-04
9.582851341790515681e-04
9.969984686433778186e-04
9.744539371044152413e-04
7.592063711398267791e-04
7.886417216248770143e-04
9.150603537218605964e-04
9.832084387748638368e-04
8.899107743884044708e-04
9.545807475594309281e-04
9.576569878048022365e-04
9.577495887094590382e-04
8.872620019781769438e-04
9.402687717647565573e-04
9.160628394791819548e-04
8.974440581763222210e-04
8.911945958130370292e-04
9.722972758282480508e-04
6.420568838409106225e-04
8.633343942038157470e-04
9.913429373137748642e-04
9.109925105130052504e-04
9.566475756864245604e-04
9.848887105096426099e-04
8.089072607762106152e-04
9.527289372938185308e-04
9.818280678943950950e-04
9.754943561071106320e-04
8.770564307580977839e-04
8.638803784854359475e-04
8.555054499518140914e-04
9.972702587710375547e-04
9.636269182884424443e-04
9.410609892140741175e-04
9.906026076083075671e-04
9.845174840621175039e-04
9.277073615722380246e-04
9.399956789842327720e-04
9.153223286359576287e-04
9.602960649531982248e-04
9.920031187255270045e-04
9.592064436514397951e-04
9.774595050630891912e-04
8.844853383462269710e-04
8.412138245486861085e-04
9.451334366241994885e-04
9.647875999755771859e-04
9.990760496897752984e-04
9.451576092497471866e-04
8.705886241096215611e-04
9.969283774409107811e-04
9.295721694510377655e-04
9.889692934292081475e-04
9.714218958549711335e-04
9.932070581223353609e-04
9.999664018025288849e-04
7.691084273255386792e-04
9.880061786177898701e-04
9.219997505192390483e-04
8.911974761373387972e-04
8.734385680361100466e-04
8.806528626141244421e-04
9.432718714189842557e-04
8.789727184808289765e-04
8.783451715903724385e-04
9.559686276467688334e-04
9.003875879832463989e-04
9.849241120912419732e-04
9.325384162682505635e-04
8.320554810988510259e-04
8.386662231870030144e-04
9.344258637719636898e-04
7.992874646376792224e-04
9.697317678894585517e-04
9.515770699454690132e-04
9.664708660361065245e-04
9.698304043323946900e-04
9.509677629774448320e-04
9.642261545312691765e-04
9.969779636230149521e-04
9.442889499976790972e-04
8.447409923607970177e-04
7.667612170048407729e-04
9.833286586091666628e-04
9.758267390268774051e-04
8.296844433479208959e-04
8.276270801214931491e-04
9.732341253127384977e-04
9.544139769176745612e-04
9.041756622488115709e-04
9.426520990181239817e-04
7.871009338457580964e-04
9.119867714410566980e-04
8.514726994322219201e-04
9.042922536423388027e-04
8.688912765205756422e-04
9.160181894934775471e-04
9.814764589404056504e-04
9.352105035869819148e-04
9.919569889273636108e-04
9.146236113718973770e-04
9.538482989797772210e-04
9.625026221831977117e-04
8.337072073916716990e-04
7.977634586491129907e-04
9.750032725612293397e-04
9.680848986455647780e-04
7.768989494811834968e-04
9.834049832718578209e-04
9.565247198431675417e-04
8.960338083603101855e-04
9.763265810705531273e-04
8.815496375180276525e-04
8.904408380055417417e-04
9.495792191965829595e-04
8.659301673638743852e-04
9.324391453932180489e-04
9.350450542939466340e-04
7.447980523773798517e-04
9.954100561656495632e-04
9.671553424991297847e-04
9.882715789582062309e-04
8.862049144272715617e-04
9.205832530389538226e-04
9.832771114209194318e-04
9.900145402673965738e-04
9.529488365218380299e-04
8.465151687714598562e-04
9.901414442938516469e-04
9.962231416043535338e-04
9.845649857936128110e-04
9.478724728302419678e-04
8.663708373240097032e-04
9.762308101150495021e-04
9.483841803951477455e-04
9.167904447523091008e-04
9.009915255277506233e-04
9.434955063101072622e-04
9.173899626571009602e-04
9.536182172316076374e-04
8.972973052196282426e-04
9.622598387183180267e-04
8.158837149841433913e-04
9.303831733756867586e-04
7.130652389617905991e-04
9.818378110458111842e-04
8.739335970366681741e-04
8.212813067684672768e-04
9.603697067176750288e-04
9.908500377238814612e-04
9.157933008230080291e-04
9.474917860818374933e-04
9.618089767065312766e-04
9.791766974424445137e-04
8.914288020441533044e-04
8.748311314082464398e-04
9.464517933598555217e-04
7.900042808394295863e-04
9.233677936627174938e-04
9.525994148440073903e-04
9.744633329210526619e-04
9.580321821466627075e-04
7.054392770144309044e-04
9.723384366698225884e-04
9.069573414968517492e-04
9.507443690240587096e-04
9.410021374281130795e-04
9.376382330524233579e-04
9.400072125626421577e-04
9.297898736664419106e-04
9.133292668217328361e-04
9.675672456686924350e-04
8.365648865125195708e-04
9.813862111429172766e-04
9.168007134492543774e-04
9.875863046163184302e-04
9.486023558225557687e-04
9.897523261317244837e-04
9.921345059683691833e-04
9.455717060556776592e-04
9.901711776859243273e-04
9.205026702028986209e-04
9.036048338839099657e-04
9.514482905764036795e-04
7.925363838705611411e-04
9.129987288517247852e-04
9.176341373944695706e-04
9.578309980034187395e-04
8.383088749498997065e-04
8.845694129619396896e-04
9.761840140030416226e-04
8.700292530384558850e-04
9.719566268765580984e-04
9.372350371875960142e-04
9.926076363953040271e-04
8.264283521620001188e-04
9.904412245311186320e-04
9.417462949515640735e-04
9.240673767157642562e-04
9.744672452492709981e-04
9.598938057899761593e-04
9.046804986578730690e-04
8.942867543019182314e-04
9.330672920720644399e-04
9.338017769187525845e-04
9.470282921162649203e-04
7.889354698271716822e-04
9.834121362053288313e-04
9.577898876383342686e-04
9.243957099464450043e-04
9.350644986275369287e-04
8.588706070122661572e-04
9.230661341005080974e-04
9.972026057108685990e-04
9.018873070804900305e-04
9.776539956343718082e-04
9.468530791289105596e-04
8.740641527921800841e-04
7.648120768871661439e-04
9.029214094901974984e-04
9.701907851414012275e-04
9.947000935800591210e-04
9.954737659302096385e-04
9.900098122593910688e-04
9.719669259688169197e-04
9.846353818068023008e-04
9.763683128242787697e-04
9.764122216914202824e-04
9.389873381674110255e-04
9.298910352745155860e-04
9.921279537497532022e-04
7.922631295964446601e-04
9.288695524831481250e-04
9.343542018335242649e-04
9.372770395782730911e-04
9.391968006510376544e-04
9.765054340080200771e-04
9.162768603805363952e-04
8.200090247394279698e-04
9.480083159319652349e-04
9.640717858913814241e-04
9.551591317655067298e-04
9.058885045076489661e-04
9.332208458309390478e-04
9.572974467411583550e-04
9.572585160426662831e-04
9.112026875691945672e-04
9.717851445450155718e-04
8.212356776812220318e-04
9.892575917955458414e-04
9.711943735050693064e-04
9.021151801036360980e-04
9.966885456543174340e-04
9.487470781760945059e-04
9.122428756406189988e-04
9.111368083500452110e-04
9.567551324380196408e-04
9.922894650531226789e-04
9.755037298167249177e-04
8.929170317775970631e-04
9.967707656946378069e-04
9.894096379121863037e-04
9.045049489393583919e-04
8.900393178786523496e-04
7.623645460839507037e-04
9.918893579989671982e-04
9.721129971331117763e-04
9.966675432572700243e-04
9.454696201466486569e-04
9.355613462667645118e-04
9.178490750272449289e-04
9.166293850690753354e-04
9.347045919968309654e-04
7.520562668000066453e-04
9.666746760929842723e-04
8.032686321262917347e-04
9.742673501590450036e-04
9.934351228930871774e-04
8.617230011127570248e-04
8.290128361860734643e-04
8.930008950441522056e-04
9.749918523222751796e-04
9.206452557901216062e-04
9.865681336278728231e-04
8.345663821660585834e-04
9.271823497574117542e-04
9.702802465281699625e-04
7.099158450705229809e-04
8.460932920811878137e-04
9.644546269322690170e-04
8.216803190068392619e-04
9.391478278625993133e-04
9.047232278644269437e-04
9.799822930560728000e-04
8.318148441351854187e-04
9.569048929902153680e-04
9.727058083729803488e-04
9.605681910971290835e-04
9.891035259992823989e-04
8.738559187890274863e-04
9.220890146162658398e-04
8.987925733268599827e-04
9.637375995004798497e-04
9.543575834075331910e-04
9.721166532532703533e-04
8.861498703750115679e-04
9.188878828267299731e-04
9.574400173983638315e-04
6.923110933898931826e-04
9.598957247458204294e-04
9.323772644865662958e-04
9.472063737689171000e-04
8.795571803672577998e-04
8.322853429021555543e-04
9.260229958141123546e-04
9.657754255732542512e-04
9.152070318404498944e-04
8.673779696383666828e-04
9.866874529042479400e-04
9.303818805245815064e-04
7.789630501436379693e-04
9.310869829914446673e-04
9.685633924981713102e-04
9.922930540192528241e-04
9.380284682119270591e-04
9.400040708444105594e-04
9.650501556636150932e-04
7.556588327192153946e-04
9.697313467489088179e-04
9.169445599312571167e-04
9.478337170649947605e-04
9.054463249363983897e-04
9.570348623287825438e-04
7.911229856339509810e-04
8.337855832638550475e-04
8.587718993927749176e-04
9.381351014956783871e-04
9.354285508377695787e-04
8.930087021141593865e-04
9.082516244676607431e-04
9.661408056366895111e-04
8.696891363791056954e-04
8.756700129836293050e-04
9.712715159188679620e-04
9.965504676080275126e-04
9.274322054627826993e-04
8.476531335367982339e-04
9.555214191649294116e-04
9.035742458478539891e-04
7.758131933581096686e-04
9.294932992326824552e-04
9.370718319517913533e-04
9.011744187884274679e-04
7.249633770639662229e-04
9.399825302336467167e-04
8.803182855790516684e-04
9.897008974870814390e-04
9.563466035476304470e-04
9.679900553625868636e-04
9.670536167883023431e-04
9.639038793550650051e-04
8.908654856879057084e-04
9.547371809745716902e-04
9.734654236848333834e-04
9.848375893268235780e-04
9.584833376983265419e-04
8.148953101512626876e-04
9.426861762437496088e-04
9.732852005767638056e-04
9.988249064522458816e-04
9.688486494754928275e-04
9.707490059560474217e-04
8.201757473203748813e-04
9.737576473153447803e-04
8.202727968455060656e-04
9.411396515934554235e-04
9.428116976061375661e-04
8.103669800969623286e-04
8.245787909464574912e-04
9.045551306089822090e-04
9.282856889148920860e-04
8.776497433489518227e-04
7.758425051126820442e-04
8.920107499898496765e-04
8.686857651580849040e-04
9.594027616816917185e-04
9.117681674978861959e-04
8.971648118588354667e-04
8.504699744115228966e-04
9.765080768779840770e-04
9.927139410057827292e-04
7.720219733780406181e-04
9.675311662603311219e-04
8.829561809015188702e-04
7.516881937136513786e-04
9.677930182185831044e-04
8.935117482837231151e-04
9.690698549662018135e-04
9.288583190425193621e-04
9.640229038614965334e-04
9.187604024055326347e-04
9.568429866438405871e-04
9.924551666393235938e-04
9.865081286572923748e-04
9.775364622398366714e-04
9.007122373312887549e-04
7.763722550109701309e-04
9.959875038722235032e-04
8.058104110445947488e-04
9.521287879437831392e-04
9.417564825575859859e-04
9.788749016232600134e-04
9.729004677091497967e-04
8.285257687344947750e-04
9.523120457873657328e-04
9.892657193307789927e-04
9.676221141821891077e-04
9.736957310765195339e-04
9.735043604720445025e-04
9.978649343528123508e-04
9.417781608575151280e-04
9.367378989419990589e-04
9.698716680382522912e-04
9.368538832599930012e-04
9.504303412003517644e-04
9.404749663943752849e-04
9.721658251679210667e-04
8.791195709359588125e-04
8.712870078827011054e-04
9.497265082669297583e-04
8.524864841968247346e-04
9.161285215270884366e-04
9.555199193875625521e-04
8.818840143513790144e-04
9.869168339541535724e-04
9.241309762591318070e-04
9.764136081982184362e-04
9.603269432553166894e-04
8.873792518684385294e-04
8.793823845065386465e-04
9.281628367230354299e-04
8.269792112166613873e-04
9.037318514220469721e-04
8.678675556443998795e-04
9.627155532601178959e-04
9.506145580257531176e-04
8.224815772643976480e-04
9.821241796417140655e-04
9.170127493740323722e-04
9.851904511868102895e-04
9.870913484245269140e-04
9.878163041595205713e-04
9.500561251318266794e-04
9.647475530374100949e-04
9.495831197040051092e-04
9.443457676510195456e-04
9.474805650602932628e-04
9.471421827006226354e-04
9.197235039872817073e-04
9.443115523427618929e-04
9.644973610411155477e-04
9.832063727200468072e-04
9.807452242454109664e-04
9.810026495846624513e-04
9.596284374803332315e-04
9.769872599747631958e-04
9.373164319953304537e-04
9.539957398566995764e-04
8.011483543742133583e-04
9.564421002395948924e-04
9.846358656951722122e-04
8.822749848200427385e-04
9.510418228796274111e-04
9.098172451208292807e-04
8.234822051574136820e-04
9.546962350237993538e-04
9.566154510641604845e-04
7.182434965566930358e-04
7.569323734338788542e-04
9.615911029683917640e-04
9.707209109794430338e-04
9.166755757822440823e-04
7.890911646511073211e-04
9.571980904307955890e-04
9.445982335901804538e-04
9.781073053827015265e-04
9.809911421107694006e-04
9.519609392863894034e-04
9.582959309901223008e-04
8.950309872052874616e-04
9.570700793618206869e-04
9.782315670588974301e-04
9.100208980752203013e-04
8.842342349151654634e-04
9.807393812851655530e-04
8.240516647601115558e-04
8.173228558304130404e-04
9.524939708822165304e-04
9.499099033808607604e-04
9.626733303512130090e-04
9.849989771892509079e-04
9.792472324190535510e-04
8.967023600733054628e-04
9.538610102380709914e-04
8.729056834277445099e-04
7.470084185165465742e-04
9.635274907801666617e-04
9.906288789227719275e-04
8.838237375043458402e-04
9.298905082082301130e-04
9.988637836520666401e-04
9.983267655144900232e-04
9.699740329035481251e-04
9.688236492302078470e-04
8.325751777356635384e-04
9.012181266552540641e-04
9.524534555492491714e-04
9.716044233836950090e-04
8.319463349430723754e-04
9.193969524236031508e-04
9.307978077069931121e-04
9.967886640672044083e-04
9.824807696292860680e-04
9.901540566681543611e-04
7.761041582398201270e-04
8.957885345963483188e-04
9.521282490688860690e-04
8.971974327199508771e-04
9.580105980992711977e-04
9.073077476914779508e-04
8.062539468271935194e-04
9.824310267514651650e-04
9.923629607514596138e-04
9.314167857448452884e-04
9.632529414393422272e-04
9.724034719691454541e-04
9.416310771719897839e-04
9.944761334448179099e-04
8.400542279094898009e-04
9.219852541627111169e-04
9.821406938243977276e-04
9.361512408380027279e-04
9.639615617960137304e-04
9.563867169635870656e-04
9.778755795400266571e-04
9.986692803857447759e-04
8.927127369153692619e-04
9.897002549841627320e-04
9.285948040782557268e-04
8.606247916516641906e-04
8.780350354619792649e-04
8.976236981023749065e-04
9.756294071985590439e-04
8.585650460879824331e-04
9.368484758088647469e-04
9.593107163386681811e-04
9.430752306891044623e-04
8.896417911214850966e-04
9.521722176542273680e-04
8.998514274457129541e-04
9.470138899107911293e-04
8.738817705676797231e-04
9.415637473880287146e-04
9.453436110882294623e-04
7.964744996239812164e-04
9.782590384209150901e-04
9.854671913201249606e-04
9.975408588940282671e-04
9.251748341466523202e-04
9.101301795590607509e-04
8.926034278587989057e-04
9.681168551541480000e-04
9.118696216073801999e-04
9.404551773545973513e-04
9.724809892874772006e-04
9.856688551817844191e-04
9.616743796589085139e-04
9.597935548799526586e-04
9.611401669249896489e-04
9.034167805507721137e-04
9.416424012462519576e-04
9.510593899265205181e-04
9.040050391441027157e-04
9.890460033270362817e-04
9.229977049559887113e-04
8.752649455664068042e-04
9.361560884334805361e-04
9.877509292274939089e-04
9.526138005618795326e-04
8.911297093207913925e-04
9.283059174950341946e-04
9.245678197142114928e-04
9.489258134811136194e-04
8.849299578195209733e-04
9.574730388854815581e-04
9.586787013975020619e-04
9.122991503905414790e-04
9.229831681976407610e-04
8.125094813950160767e-04
7.910078109584678429e-04
9.641565671000443087e-04
9.223532942724821382e-04
8.976625614302302398e-04
8.233228690401839201e-04
9.207256154212486348e-04
9.763010555853166798e-04
9.979001775924643044e-04
9.442547709734712110e-04
9.097805503227824686e-04
8.884319847529655511e-04
9.197384720186807831e-04
9.900176960599320689e-04
9.850096735592426839e-04
9.482493082933599916e-04
8.729013653936711949e-04
9.933546208418340007e-04
9.927606078521614835e-04
9.938733981457758323e-04
8.769755052571306204e-04
9.471029234892566501e-04
9.699192909524397346e-04
9.603162334638995924e-04
9.201884480632076908e-04
8.550619336491863424e-04
8.407032620581525667e-04
9.633043819592210927e-04
9.760475259148255383e-04
9.438509559002024015e-04
9.345495486121436829e-04
9.395295601795392937e-04
8.416107971466198863e-04
8.885358405550727867e-04
9.785455662479677214e-04
9.494092307851944657e-04
9.132948939834868891e-04
9.482408316590355173e-04
9.971344728416748834e-04
9.843436184471345864e-04
9.731332842281534322e-04
9.952660864930441397e-04
9.851397038488749099e-04
9.890753353078676931e-04
9.625575166619747660e-04
8.960961263098136086e-04
8.663176482216822976e-04
9.924625124729622317e-04
8.470284842665247709e-04
8.926556061776470428e-04
7.441871930036268561e-04
9.063320658279676789e-04
9.203304902425987061e-04
9.241732846716983535e-04
9.530720084100470849e-04
8.965434755219847153e-04
8.858905821544200108e-04
9.669189159367465747e-04
9.891331418175675679e-04
9.148561621154155171e-04
9.115775093794900889e-04
8.882424582893277357e-04
8.013022596508740910e-04
9.964273673730564881e-04
9.812315026017372991e-04
9.312481264012659448e-04
9.918634284930083825e-04
8.077124316712244083e-04
9.928967442408139984e-04
9.356020912524849568e-04
9.990465978672381005e-04
