1.179665998186730635e-03
9.439367838588995927e-04
3.868017527189682604e-03
6.355271680318260938e-03
7.219265331843277567e-03
2.335043113104230163e-03
1.025386594582102613e-03
7.717647662667214727e-03
1.106448087776393252e-03
5.363020651776770169e-03
1.830382769000014247e-03
6.054035837688157701e-03
4.378758577353487891e-03
1.971748036198462360e-03
5.787358812789510434e-03
2.320767599395208436e-03
3.679362897039208796e-03
5.945075150273326087e-03
3.668209347370119180e-03
6.744762140959011457e-03
2.212412779677432832e-03
2.621017784863661267e-03
1.283528981873581064e-03
1.288858833992436673e-03
8.514683729355433141e-04
8.207760878345159768e-04
8.621852279500275733e-04
6.966801875494177052e-03
5.235901389507242702e-03
6.602088166104977743e-03
5.806633339853162386e-03
6.289649858377646327e-03
3.233136465949789339e-03
7.107009347597372829e-03
2.136129344262674423e-03
1.222978884072766816e-03
1.237213129685231982e-03
1.096968968028051413e-03
1.266655663721212100e-03
2.012135896016088547e-03
7.816580243915146817e-03
9.425314535083684784e-04
6.203534065117984053e-03
6.065521558021769351e-03
2.239139885792383686e-03
2.458086903818484416e-03
4.673564363790069960e-03
4.659277175367774852e-03
4.561581127004675322e-03
3.475005624103688195e-03
8.456024499787589922e-04
4.303034263423361101e-03
5.048132770379818411e-03
6.831677820369730890e-03
1.053887741832203401e-03
4.253241336231775548e-03
4.668479565107900263e-03
1.194404216541954762e-03
4.922702365680636967e-03
5.468807567482952131e-03
1.392734247106533658e-03
4.970458719754198597e-03
4.117772760697083895e-03
9.324703090103813241e-04
7.222868526856410405e-03
9.496290429093390707e-04
4.299992681032445592e-03
3.194291690290227467e-03
2.169281340773361252e-03
5.812961033887067801e-03
7.860449047069919398e-03
6.689909717787770153e-03
6.446596830618126980e-03
2.920687308053047850e-03
2.753055452490177617e-03
6.100838587888324747e-03
1.313450650289185208e-03
1.297901247158090828e-03
7.619181999602727025e-03
1.141201573085025506e-03
8.596317803090363762e-04
2.448743822323149431e-03
4.513142142180330378e-03
8.487177035583525538e-04
5.051621691192511275e-03
1.033204810754070240e-03
2.600301644758790803e-03
3.754920429451111090e-03
6.949723641196595483e-03
3.382712042328442793e-03
3.791789954665339239e-03
4.442798484364773523e-03
5.039956750924226396e-03
2.583620030527451674e-03
5.366526826379524641e-03
1.157344751866690906e-03
5.000718868848961877e-03
5.886590572864315585e-03
5.534900919820601346e-03
1.343907378706051198e-03
4.586256863791451921e-03
5.220786991767182098e-03
6.809480466486650223e-03
6.502482438210802247e-03
4.178251433091389154e-03
2.425248866817338901e-03
2.501448035456065467e-03
4.044498118536750397e-03
2.056100956209988735e-03
1.084942556651956932e-03
4.259228917774324739e-03
5.213940489908067480e-03
5.128191014696952682e-03
2.042168622804431313e-03
1.519429087107240350e-03
5.796231850642500662e-03
8.313941776698395092e-04
5.309519230230785349e-03
7.599241697636096964e-03
4.425249606657988624e-03
3.435421283586904528e-03
5.983881958799181465e-03
8.395895528547327657e-04
4.036690471621589768e-03
4.281042479831425121e-03
3.785207970790288069e-03
1.129127687982376966e-03
1.387918389437848210e-03
8.961133599223539961e-04
3.617347519875311994e-03
4.636459367605226534e-03
2.304749176069502328e-03
7.298438772681961791e-03
1.822477440188526986e-03
5.773117704908631818e-03
4.332504133866588863e-03
4.111413421990797734e-03
2.780151059917397235e-03
1.782834344615043818e-03
4.302563365499094232e-03
6.061981094100638012e-03
5.816204988764257268e-03
5.744264895650229991e-03
3.764925874495022532e-03
2.348327161352531042e-03
5.416518356999725295e-03
3.811929511427729952e-03
5.184025560369834827e-03
6.355406666394180365e-03
2.094197375549944774e-03
4.227684110969908392e-03
5.101618690635527538e-03
2.516420259521644741e-03
6.365522543964761450e-03
1.506044124496286329e-03
2.068289039865233141e-03
8.395530338022313488e-04
3.830907774294929537e-03
5.845608096197185168e-03
7.508055869534445773e-03
4.239569816990926623e-03
8.448213410654332144e-04
4.844856267534153500e-03
5.808617867750096031e-03
5.067952365718196746e-03
6.095881713650042749e-03
1.237663622537644656e-03
5.670028508320071499e-03
2.531088777692151910e-03
3.889050745587510367e-03
9.611517653413261626e-04
4.101285222089225135e-03
4.973991884990921347e-03
7.574430252500518809e-03
1.334494255630756885e-03
4.261044206098889980e-03
2.159378090763031197e-03
5.560525204713850228e-03
3.704913602387091380e-03
3.353787481894318721e-03
7.074027914319764958e-03
5.301016406890561583e-03
1.688214674757410700e-03
5.516304377238543007e-03
7.715261438428933083e-03
5.721704147580749904e-03
6.044310106443660964e-03
2.489407484608377637e-03
5.293011271181184522e-03
6.529962139073306089e-03
5.998568641281941741e-03
6.821800459080248034e-03
2.293609861039837359e-03
3.320980041363308464e-03
1.392335125066483182e-03
5.017309632872179320e-03
5.390571944047025700e-03
5.554684013586379254e-03
2.870939985900630535e-03
9.143925778531820621e-04
6.700967671198512950e-03
3.980286121434811406e-03
1.549456729755914605e-03
1.614371502380448301e-03
4.579184781735184430e-03
1.325436869100390111e-03
5.855774066897918850e-03
4.110207985702638706e-03
5.810470627578145572e-03
3.806240390498669222e-03
4.082554809275848982e-03
1.105254826110602410e-03
6.261475357808987154e-03
6.859502177578027764e-03
5.242200546698337453e-03
6.592269211426221576e-03
6.220905448074448736e-03
6.374965051173321455e-03
1.995424889478266631e-03
2.445583856848696468e-03
5.258920426678588556e-03
7.564470139799210624e-03
4.361429070082184847e-03
5.231163739461001591e-03
4.177066179038186298e-03
3.781881557541909300e-03
5.912383681840434162e-03
5.293960861251708304e-03
7.388136003567587207e-03
5.987035911291947211e-03
1.075487344989654653e-03
3.944121134595850175e-03
7.654508650888939073e-03
2.671579619658745203e-03
1.210020907886978289e-03
8.320683641162492398e-04
2.367501412879744437e-03
4.533621715370490975e-03
2.562387775325441173e-03
2.362688307682587682e-03
8.700739407233990972e-04
4.627922391061400735e-03
1.190106905605715438e-03
5.980795224724417582e-03
6.296001496005952311e-03
2.473596963331926163e-03
5.579305176887099267e-03
7.404471714108904097e-03
1.746558855460523651e-03
6.655799607904668881e-03
4.216647891649782237e-03
8.565576385495552239e-04
2.458646402199147346e-03
2.154733086765213326e-03
6.296400350452129729e-03
4.943586787406735114e-03
9.506019373986150309e-04
6.431246921308158074e-03
5.567742816074579965e-03
1.769050216987106761e-03
2.238110905397517562e-03
5.761048795874342508e-03
1.016211042178635088e-03
7.104107420505197633e-03
4.634327887081427129e-03
6.474030664846400565e-03
4.860562148237507901e-03
6.045066860817565647e-03
1.989302010806429186e-03
6.951923092704617030e-03
6.096871630140304754e-03
5.147149833106981140e-03
2.195844277456387474e-03
6.226835310742794352e-03
2.077494713768851357e-03
1.305823785748709380e-03
3.697638274641906492e-03
2.096237198248075001e-03
1.329311055450622730e-03
7.231828644516453269e-03
4.147681293797641881e-03
2.355742669621455586e-03
1.636385832095421829e-03
9.020248263887928677e-04
8.368035457933410822e-04
8.533568336163632143e-04
1.112366469131486962e-03
1.007573224451487233e-03
7.611018770322739400e-03
6.877637949234738368e-03
2.960452569795771899e-03
6.540260628887935648e-03
7.464645837373310236e-03
1.129220005093281489e-03
9.386000587573820357e-04
1.239331725743262344e-03
7.431942822406675288e-03
6.246402273181279538e-03
2.491945343964589200e-03
6.301367011555915505e-03
4.218692519900683717e-03
1.027720920163974943e-03
3.704049515872871387e-03
4.778986722040834932e-03
6.522365699056046143e-03
1.608140110995442311e-03
5.274254455991918625e-03
6.069909338797255943e-03
3.057773387993499917e-03
3.022431858251795056e-03
8.260420578962888137e-04
2.005509143529547993e-03
3.067354306192160603e-03
5.809426362149030729e-03
9.543644870451809589e-04
3.134007140358896232e-03
3.719703087669349630e-03
1.108876976810936350e-03
4.936318215207530051e-03
4.422359841063182480e-03
6.450465806212279073e-03
5.418269127697997872e-03
3.039359991104887554e-03
5.318493211751148392e-03
6.089752481501555133e-03
5.864614401064776640e-03
1.621963117917078799e-03
5.571905719993650898e-03
4.891744107415046429e-03
3.895918205689460640e-03
5.294246302473973667e-03
3.127685433357583599e-03
2.830781166365928508e-03
3.970260135731591526e-03
1.784846843788504651e-03
7.760671248363653664e-03
5.411116085723446240e-03
1.861744162718577790e-03
2.324260356002216723e-03
5.581224230536720871e-03
4.671992407460160042e-03
8.537884348120334567e-04
2.999280326882248701e-03
9.542960114654596435e-04
5.258657277385783528e-03
2.395960865694385031e-03
7.555691429496732246e-03
5.884235036394592881e-03
1.597437520105532806e-03
6.393193249029659013e-03
6.073459428469829731e-03
4.620816999944755282e-03
1.172199119244901567e-03
2.278167659342322272e-03
3.604760423225458407e-03
9.537022414702218129e-04
2.680786944766544617e-03
5.312024888839263735e-03
1.075001951721944217e-03
6.964783126487950754e-03
1.959396679415198982e-03
4.934143220039366277e-03
2.562855563030124427e-03
1.650754668364849296e-03
7.577779030626939985e-03
3.847945672141577390e-03
7.215420530862041992e-03
1.168848641692065262e-03
6.426851937551021979e-03
2.441395954871113886e-03
1.317445753882348679e-03
2.341488266822819558e-03
1.201273480101408813e-03
5.540826092749578415e-03
1.260660852777849891e-03
6.851697354473476956e-03
5.222936557001023501e-03
5.458525021008560872e-03
4.345440403293011726e-03
1.199460641040562279e-03
5.424865034401158206e-03
9.943305267316154394e-04
5.578072835852294388e-03
1.193947362841064810e-03
9.934649429465887589e-04
6.140669410667170050e-03
6.344116461284750319e-03
6.511356304973806887e-03
5.563048337529710036e-03
1.706757914139831692e-03
5.519762123818128599e-03
5.581915217111605397e-03
2.106447384865338824e-03
1.342352747271577298e-03
2.974963932496554973e-03
4.902334595426416017e-03
5.702378746666960166e-03
4.530875604575939838e-03
5.261750382033843730e-03
5.715436987043635148e-03
1.522246264561503666e-03
7.087330780564777936e-03
1.965657342078975384e-03
2.286650673888911568e-03
6.046289868229011086e-03
5.857719470780596745e-03
3.837037367121987064e-03
4.971811971281269414e-03
9.161678916505252906e-04
3.859437962312442690e-03
9.774523915012114060e-04
1.521147763692154041e-03
8.531785975253309813e-04
7.349911953670841720e-03
5.738838322509954952e-03
3.367941517653645807e-03
1.218105099331593007e-03
3.792321823467637801e-03
1.846304978379770647e-03
4.577351668102493804e-03
1.422340564530118852e-03
3.645118433702940024e-03
3.969442241611795784e-03
6.147288981078359062e-03
2.491319701578690194e-03
4.333749676478784035e-03
7.669251318349325393e-03
9.586898122657075850e-04
1.782161957691943965e-03
2.417387724964723678e-03
8.034397162639437488e-04
5.021221394448069017e-03
2.239141517290640492e-03
5.346673444843473393e-03
1.125438497360133636e-03
5.283092579229083617e-03
2.306901797142307114e-03
2.799466004211046029e-03
7.250619731338999591e-03
8.629313670877344997e-04
1.933634801603572846e-03
6.921961296522337846e-03
4.515847466043478031e-03
7.617530880242139556e-03
4.159355144086249872e-03
5.958290373681804884e-03
7.428998451378051281e-03
6.768513716780954342e-03
5.571911576711345918e-03
8.647830273197106661e-04
1.547356664807687581e-03
1.867187269929624846e-03
4.170024367858285973e-03
4.184401360730236399e-03
6.079121365706414634e-03
4.008862496603407891e-03
5.286057189094452158e-03
3.463988875650957436e-03
5.862576131118719600e-03
6.081661428450742257e-03
1.291122973646729229e-03
8.221227755325181963e-04
1.111939511016385180e-03
4.550260267334938456e-03
5.463382704280909767e-03
2.004440899413981354e-03
1.507486026621392096e-03
1.412022237185837133e-03
3.208646658240954692e-03
5.927886185310707150e-03
1.850800081122191531e-03
3.879844972649505123e-03
4.095793090199769879e-03
2.383164436210905186e-03
4.517647270537533850e-03
4.059469181435194571e-03
2.217270424740780659e-03
1.381180955340432929e-03
2.426977218462654518e-03
1.421239801279272890e-03
4.467884478424378331e-03
1.836690485067718828e-03
5.645719167114634195e-03
5.059942370995843854e-03
1.250405409269238514e-03
4.749639574925430992e-03
6.026846644866322433e-03
3.410700488982809121e-03
4.759078849446481824e-03
5.905759362363052767e-03
4.323937511221580612e-03
3.680364517542424052e-03
3.834627078657810040e-03
7.040699578627407362e-03
1.347204881618618453e-03
1.327737615763437693e-03
6.082605619099418909e-03
1.044617993980808757e-03
5.573046500945206226e-03
3.919705063454072616e-03
1.510942232273039705e-03
3.063063145094463771e-03
1.981763805270885231e-03
5.642173673027366804e-03
2.205254425191240531e-03
5.092259880253723232e-03
1.357097743073408394e-03
1.773366744781709140e-03
3.936687632463072711e-03
5.603145601129001091e-03
2.007439937844710497e-03
4.447045821975408042e-03
2.218097535729717570e-03
6.570970087768848375e-03
7.258980600863278350e-03
5.208591050923546024e-03
5.751774331904136416e-03
2.637391237487897618e-03
2.116447792180517398e-03
4.617323899639796253e-03
7.817958689086653909e-03
6.832037831112876443e-03
3.974637151234191451e-03
2.242626241582505470e-03
5.220021181074786278e-03
1.483461392026903716e-03
2.012722526243832574e-03
3.840955740811945272e-03
2.549417729705117947e-03
1.158227511039583869e-03
1.247415243672664060e-03
2.173758448523065070e-03
3.182475233022545417e-03
6.694238425589704028e-03
2.971361404306607779e-03
2.169411104316621309e-03
6.555773476531085407e-03
1.100435134508167927e-03
4.442213710410588406e-03
6.017070387456262617e-03
2.073705736043234514e-03
5.283540077612678201e-03
5.650935245599663162e-03
1.522816683633018220e-03
1.917145004148756732e-03
7.838042588484066958e-03
1.518314745387981581e-03
3.494926476431204580e-03
5.839176184610531464e-03
1.670214701786877903e-03
5.739401557805841325e-03
5.278940058104251640e-03
3.397411700476817530e-03
9.445519002644130017e-04
3.454247907508722383e-03
7.407366651484432671e-03
4.543574842623275718e-03
4.961303128609810542e-03
6.953573608468632469e-03
1.803639103551225864e-03
5.211971800497281447e-03
1.974035545445482036e-03
2.587559397230669491e-03
4.243116092236147441e-03
5.113638371775834288e-03
5.310357644510052023e-03
8.618589073898816171e-04
6.570562636532667131e-03
4.436104045220616923e-03
1.284390488761174816e-03
3.070380593915505042e-03
9.890562846727973638e-04
1.296476706068540839e-03
4.276194490434655215e-03
1.111287344815154810e-03
7.713246937951684194e-03
7.754541182608255985e-03
6.829745313259005454e-03
7.182760509287055943e-03
5.529268442968877234e-03
4.036923122084963220e-03
1.076333547414754649e-03
6.435973739164457287e-03
6.568158063059134459e-03
2.309081373967925791e-03
1.838859330460617617e-03
4.089061190780144024e-03
2.165259941310075133e-03
4.310708336541808211e-03
3.910172963919047832e-03
5.202098165425196596e-03
6.435782069241982074e-03
1.309900385214534183e-02
6.982710115965423507e-03
3.887765161569839596e-03
3.262094703318630003e-03
3.163208068628604788e-03
3.927886493988656628e-03
4.529753253213941212e-03
1.374363084158093445e-03
3.534398952502294279e-03
7.067228220666305592e-03
1.282841254473735980e-03
2.380007397152266758e-03
1.192827689101657934e-03
6.550124467966397454e-03
4.252166234711882674e-03
2.967475813096168754e-03
5.875629550448391129e-03
5.339148245987505696e-03
2.500849453134274761e-03
1.455298395800815351e-03
2.380768524899135128e-03
6.077883801899009071e-03
8.909915920044232879e-04
1.510082784678872707e-03
3.550017896606980864e-03
5.897935279728811278e-03
1.211890228511133382e-03
9.556636337785404329e-04
5.882267785803655703e-03
1.985017142555797406e-03
5.085423799417811835e-03
4.439189901251017895e-03
2.217519341314980880e-03
1.740383918317420665e-03
5.067624682493998556e-03
1.123761997644836348e-03
5.393827826901261349e-03
1.216011833826677758e-03
3.434136912448545933e-03
2.250881900085785134e-03
5.527925405021641599e-03
1.766247182990125959e-03
3.613488286105421242e-03
2.278010057255603054e-03
4.865357328941183161e-03
6.469893123855730357e-03
5.826090761132383597e-03
4.220228254808789867e-03
6.716006361734231170e-03
2.523689810252618439e-03
4.439635258244804816e-03
1.217801072062121154e-03
6.557203338394534779e-03
5.106196046794194733e-03
1.898084646777452311e-03
1.279622434979819966e-03
5.044259836334922913e-03
5.820655132129900870e-03
1.838667010404551562e-03
1.638686154311153574e-03
2.438486824402758425e-03
6.845130829775513542e-03
6.280521234398856942e-03
2.900428433858153864e-03
3.377307734184783247e-03
4.074538218248701174e-03
1.748276012125150707e-03
1.359120591519670821e-03
5.950817679407418084e-03
6.366281746613361089e-03
1.175218974446052070e-03
1.074408080952796553e-03
1.705169981349150899e-03
4.422078794376187519e-03
6.360098333298003573e-03
4.888742514985943387e-03
3.804855931665776861e-03
4.194264496498139975e-03
1.164913104857695936e-03
9.900526694733308847e-04
2.104886684168353304e-03
3.101140560778968894e-03
5.121865506136536947e-03
2.091573517376537229e-03
7.116522642998884297e-03
1.737254396809494042e-03
6.725526751864159374e-03
1.354483469775756349e-03
2.823626959093460120e-03
5.137538050136344382e-03
1.311043188346541722e-03
4.360430470663563887e-03
2.401697720117292566e-03
2.570955639260809420e-03
2.321959381251553507e-03
5.410800154904124581e-03
5.122806997728464665e-03
4.384525180442516192e-03
1.634262334145496686e-03
6.563609412980025808e-03
5.833610999297604224e-03
3.699615208137677948e-03
8.600575032950799918e-04
2.545823090548060379e-03
3.376545745224392072e-03
4.713966182177106723e-03
5.134745502799708573e-03
1.963346693399288870e-03
6.058647257970117828e-03
8.381933138028136929e-04
8.878150743117146828e-04
1.538343856253457419e-03
6.271585362063156026e-03
4.050926621962849979e-03
2.030930657741808736e-03
7.776356504859601067e-03
5.054290007096371579e-03
5.462607940171588551e-03
4.700215106842074893e-03
2.985251023767428961e-03
6.942568865881456469e-03
7.710768937759694339e-03
9.950092105104307427e-04
6.062524539165594674e-03
2.122859135378225934e-03
6.468927753639683829e-03
1.479337146578743123e-03
5.727848661989431815e-03
4.166469939036500370e-03
3.631976539853907972e-03
4.282902062898575994e-03
5.826221259371022407e-03
4.226087656020565894e-03
9.754885791737457961e-04
2.203556680849221797e-03
2.341853556474568325e-03
4.052783232078248019e-03
1.578010753008851153e-03
1.341228085417720288e-03
3.792097500664866686e-03
2.254669755769577507e-03
1.228994732823176670e-03
2.726591606424156114e-03
9.245933255190606293e-04
1.949854477234312178e-03
1.389514834494499657e-03
5.389437030295453172e-03
2.271830243842828598e-03
2.006073682182737093e-03
2.469330064471054846e-03
6.187456954460169786e-03
6.644114845706064650e-03
5.750605450975789477e-03
4.843110939744575856e-03
4.018360418878453959e-03
3.888426587397862070e-03
2.160134811611250615e-03
5.736541105535564178e-03
1.838751604100160751e-03
6.850246579530627419e-03
5.735165512606714422e-03
1.875981136861951983e-03
1.402365202812793938e-03
5.502584490814942976e-03
1.918624405221713240e-03
6.043743585576628712e-03
3.629523771444557491e-03
3.049330302383176493e-03
2.921202774532776370e-03
1.500154036079563236e-03
5.676125642343908713e-03
5.198298431339079539e-03
5.252241021054819721e-03
2.261434849726870998e-03
5.928267479154459250e-03
5.860177490211487122e-03
1.042100416072383158e-03
6.353620452441643973e-03
2.247459556904433421e-03
1.057273852643681204e-03
1.134982252300200138e-03
4.790486988509794035e-03
8.526532389463387183e-04
2.156248046811460022e-03
2.227423287485416625e-03
1.185832277475454234e-03
2.485566464235453715e-03
7.314506779996660275e-03
4.416959612615278634e-03
1.666294061323987359e-03
3.776070970022306697e-03
5.337025167591686638e-03
8.321066229001862838e-04
4.144461995850905536e-03
8.259265415904119964e-04
5.055406342898813646e-03
7.007068339732008128e-03
5.128664608078674012e-03
5.843528081794901324e-03
3.261358339286754733e-03
4.018656841528719763e-03
9.778525579885156103e-04
2.252334936839862998e-03
2.157316771478769591e-03
6.604788690442025059e-03
1.541155583222997240e-03
5.110494143357640143e-03
1.467746646282233700e-03
4.558236325638858992e-03
7.218950502656628146e-03
9.386107749172965505e-04
5.301129389339695810e-03
2.445431522095849707e-03
1.966566802777712248e-03
1.483794593396245204e-03
3.934385066030993486e-03
6.313854037567292847e-03
1.031796486117180552e-03
1.204396384219342912e-03
1.722064375477645216e-03
1.093133629487216298e-03
5.933326845367122709e-03
2.914101492293004643e-03
1.656473426618697070e-03
7.854397796525242406e-03
4.871505942207769203e-03
5.915588692214588003e-03
4.977692923875695272e-03
2.595131785021120244e-03
3.056559623291604452e-03
4.580442746718693496e-03
1.158844924709545284e-03
3.354752561177763888e-03
3.241169532515826915e-03
6.065363127532547721e-03
3.582505619018589143e-03
7.468344431841839222e-03
5.418393229066000190e-03
8.157202578925134727e-04
8.981161848826853516e-04
6.519034982629658137e-03
5.639665415558665039e-03
5.868027458595627237e-03
1.103603776742103021e-03
3.932607418019081445e-03
3.836490418197955124e-03
7.583826784789324781e-03
3.041253063781815605e-03
5.666356885302145825e-03
5.021566994362038766e-03
1.770177318006943860e-03
4.150884064163399070e-03
6.030747145512516463e-03
9.946545321289287922e-04
5.525619896506641336e-03
1.323098696882191909e-03
7.701832606223398339e-03
5.788927536035355127e-03
6.176632112148684912e-03
1.409642660809194486e-03
1.434530740232605947e-03
9.183690081306536369e-04
3.242891432003803739e-03
5.825881012120665350e-03
2.020231060016003388e-03
2.049024846154745214e-03
2.420381974971096140e-03
4.738268245404649200e-03
1.279924174961949218e-03
1.636240619994105928e-03
1.087809482466254576e-03
1.347207636400341501e-03
2.649257780921360043e-03
5.939438771068217965e-03
1.792102745604729061e-03
1.384156233969721737e-03
1.082554198467679035e-03
1.090718597299430255e-03
4.946075039025742137e-03
3.481893249574917817e-03
2.480667452125168235e-03
6.697661268750834673e-03
5.998517038489316854e-03
1.993825309614755126e-03
1.050053542969643650e-03
8.477501823194976945e-04
2.045457533335329984e-03
5.615779627213872416e-03
5.394193214413296397e-03
1.837172734680588265e-03
1.981162496217170940e-03
4.185717797337668369e-03
3.954565157137970334e-03
5.764591044465704889e-03
5.066899268428635798e-03
5.777103148933840533e-03
6.923512626499777126e-03
7.424691880078819473e-03
2.561101748975567853e-03
3.107338628966451691e-03
7.316915063271758717e-03
6.673045626602116392e-03
5.245359181090968395e-03
2.973552823012134971e-03
5.964091953154828860e-03
2.327812970195049583e-03
1.827976556569801351e-03
1.109702515530624871e-03
3.891875936488026818e-03
1.498976692291272006e-03
3.146959943210371740e-03
5.676769920361332197e-03
1.945181609640414793e-03
3.988566470869711958e-03
4.556870497748403449e-03
5.704590730113355025e-03
3.186625554936984607e-03
8.699699315755167646e-04
2.524576431662989805e-03
6.977046836831307143e-03
3.056740936470938620e-03
5.881030482852429679e-03
4.689217094672074732e-03
1.434627971234885436e-03
1.108373029478754461e-03
2.389539468732582682e-03
5.876901955382238946e-03
3.475871260349125240e-03
4.035225191920533208e-03
5.284320885398190865e-03
3.610687872536624560e-03
7.502872451198611299e-03
1.959473154885631001e-03
6.872870670481583122e-03
6.687252277878717732e-03
1.297644776205087976e-03
2.019764100391318803e-03
1.101817708780876816e-03
4.996781151418197911e-03
1.412643435790997357e-03
1.935110581994185569e-03
6.939648160405290263e-03
5.383281486938167049e-03
1.575429203483424490e-03
9.324944026463389797e-04
1.594645638777158776e-03
7.186913584663382447e-03
8.635003229478394873e-04
5.337693047195295540e-03
3.129719719032758238e-03
3.763044657277804343e-03
8.554609964788313604e-04
1.455261307622571307e-03
1.485934106516883591e-03
1.045686797255545534e-03
9.204909173569483707e-04
2.131929540683897249e-03
3.516441501183027295e-03
1.371494452099523411e-03
4.252665003862399207e-03
3.150870718088863171e-03
6.288353078380096682e-03
6.411646974011047176e-03
8.246919600887728154e-04
3.979607911167274900e-03
4.852442965738761743e-03
2.270705903137510556e-03
4.487368111026365444e-03
3.831794857370517809e-03
3.527796404736389946e-03
4.223293103968501702e-03
5.828107381441673292e-03
5.656162062502007211e-03
2.492993565125951015e-03
4.951409106488138118e-03
4.965976285808643663e-03
4.379465211382079295e-03
9.622700143214596956e-04
4.941386172755523297e-03
3.636335814620457550e-03
6.364019114634226863e-03
1.591690336383170439e-03
5.385315088608593447e-03
1.628764843833178889e-03
5.768474475700100836e-03
5.311378866195298060e-03
4.772314816422611530e-03
1.323653078353908153e-03
5.424916171271373065e-03
6.847721666185869679e-03
1.385557707159268577e-03
2.386667342521733935e-03
5.694782740027852161e-03
1.470287221919684044e-03
6.807147116499306233e-03
3.773889042487168187e-03
7.233543494345758169e-03
7.908128377589276198e-03
9.100807900895073422e-04
5.617746492681111904e-03
3.855465874040789158e-03
6.203998151730798563e-03
3.304065989856984267e-03
4.588820379141817299e-03
8.922374517243774564e-04
6.747366096240344120e-03
5.952223262276399793e-03
8.385771972942778841e-04
1.080118055607098056e-03
1.105136862356961500e-03
7.093141954481187519e-03
5.574408513670045182e-03
5.613259058251117255e-03
1.144799469542893662e-03
1.719028563129480379e-03
7.722914164257343832e-03
4.730405905447348201e-03
6.071349828261096183e-03
8.331258663135867205e-04
2.314158100164655837e-03
5.661822079319657128e-03
7.562912306888112772e-03
7.638475206900904868e-03
5.383109272826681890e-03
2.270172042035282362e-03
5.229990019959459766e-03
1.235435755868408885e-03
2.825023345822402256e-03
9.104459864052079094e-04
6.063048469369210734e-03
6.371553160631635015e-03
1.781686813473502308e-03
2.954419052678034039e-03
3.951596335403473152e-03
5.325066325312835525e-03
1.865550108309752984e-03
5.562464682712077446e-03
1.469060078632734986e-03
4.933029151766521458e-03
1.013166735204976132e-02
9.806535898391436235e-04
4.730924034679213561e-03
5.200949933910509540e-03
2.578626879332158832e-03
1.353054012663874959e-03
6.264610856374945233e-03
5.604432299438094449e-03
8.587090452859105815e-04
4.691324751159280798e-03
1.889380632846413043e-03
6.479151253818705471e-03
4.597993957880806663e-03
5.110968202810081684e-03
3.659987453751811261e-03
1.292801327660436650e-03
4.838424670318763193e-03
5.831391924169374713e-03
3.082020773184362007e-03
6.543660891991603598e-03
4.062653615655489533e-03
1.287941762110003706e-03
6.561412506620034092e-03
2.681235059642966042e-03
6.374752739625786854e-03
8.052759905660761275e-03
2.543644720061930507e-03
5.778590005462589697e-03
5.459257130786792332e-03
5.816600104763259595e-03
5.548492696773994759e-03
1.707471511015630754e-03
1.085539609656588616e-03
1.007879532751481105e-03
1.489887546723769841e-03
4.003072820868333256e-03
1.223431310753289722e-03
1.283567394385093591e-03
5.414103073826089310e-03
2.078104591867000611e-03
7.760415899584948742e-03
7.792474253304823052e-03
5.173147866931672618e-03
4.280920524555186304e-03
2.891001126867871057e-03
2.682737701161291063e-03
9.800088960684101048e-04
4.944213459902585019e-03
7.080414612618662548e-03
4.786618972003963725e-03
2.091503627581612745e-03
1.383500418736206914e-03
7.542201402254727904e-03
1.261966401948913172e-03
2.214340881725930521e-03
9.588880121172893480e-04
3.688680897023468262e-03
1.364189919915828435e-03
6.425723912837285300e-03
3.152250887419848647e-03
1.294643626907592514e-03
9.231765968098416169e-04
3.326778789170542136e-03
2.090779748639964766e-03
3.477166338046895448e-03
6.071761756053894142e-03
7.732319547176146925e-03
7.354146381966412266e-03
6.425192482374207127e-03
4.853006653381256204e-03
7.818287739339860321e-03
9.255276524904198663e-04
2.667631521413541418e-03
7.814508186567710457e-03
5.087814803300320758e-03
1.687886903264016738e-03
1.297585871212548906e-03
4.609457704688376192e-03
3.559546059746710855e-03
2.111067836802639226e-03
1.454895502528563570e-03
5.245465293585394213e-03
3.087334628179001610e-03
1.052171640829946799e-03
3.987024259918528143e-03
1.410023140578259802e-03
1.181037757605466658e-03
1.593317719802740760e-03
4.155886224882309951e-03
1.171325449411877908e-03
5.641988455688437196e-03
3.560116047350235166e-03
3.680671971264098605e-03
7.780596339692316676e-03
4.262200034101115871e-03
7.686849228586817816e-03
2.124095137257192914e-03
1.177439965108776927e-03
1.374598004059407203e-03
6.118029986636706018e-03
3.347980718313851942e-03
1.174851378319012379e-03
3.713149361856980368e-03
3.512239504806433099e-03
1.818742449927509457e-03
5.922803431199584641e-03
2.822253075790898125e-03
2.635576370813436965e-03
1.208127324613523157e-03
1.110731083183873419e-03
8.696040736754336508e-04
2.334644678118262366e-03
1.286142088885691660e-03
6.648839979142037553e-03
5.942867857373880340e-03
4.624949545065838545e-03
5.132709333551975159e-03
7.341432838993260449e-03
6.006595305288854082e-03
2.992874002108321732e-03
6.385194885477769519e-03
5.059430786755947894e-03
7.823318395554381896e-03
9.686457335425035066e-04
5.649911085754156896e-03
6.046196444460927473e-03
4.364794969836671874e-03
1.185102904533569083e-03
3.900408759823626934e-03
1.392249830286395327e-03
6.445600648909163496e-03
1.822217850095896778e-03
2.119564041065267936e-03
4.833879403159668971e-03
4.330106215147674215e-03
3.574527436535150995e-03
4.394760981692270169e-03
4.162287917853967935e-03
1.892475597972810390e-03
1.311105587541542671e-03
1.666069858005322230e-03
1.210704290527686057e-03
1.794916655680884069e-03
6.559004370089474047e-03
2.591006702051526587e-03
2.042086156282900498e-03
2.020253516812909374e-03
2.454747344307814209e-03
5.633531190819662804e-03
7.246452500048000851e-03
2.128857879901877546e-03
4.959344250173374283e-03
2.626580130022379469e-03
1.648941062580916916e-03
2.269828608275601105e-03
6.052215952335714307e-03
5.617142638807456033e-03
1.574525039474018034e-03
7.516268585245323118e-03
4.615538702434856567e-03
2.391466668027426423e-03
2.187459353702075112e-03
1.820412582518572643e-03
2.722574353579326582e-03
6.638066005993833660e-03
6.719666235818644133e-03
5.223997508601791080e-03
4.291261920932943827e-03
4.265554060872617237e-03
3.601199679823797756e-03
2.536796087450174722e-03
5.745768110859370351e-03
1.829614472230759077e-03
5.237790472006233558e-03
3.047439065453033495e-03
5.400126019499663053e-03
5.054057394852705908e-03
1.160734790336226873e-03
2.022503514048259402e-03
4.840345373322906680e-03
2.372123314180500046e-03
1.036582022386045793e-03
6.619749532777067548e-03
5.001552355279983639e-03
1.096307425560294826e-03
4.636620490386289886e-03
2.977692126146590668e-03
6.239698090397720678e-03
3.646991619904275516e-03
7.129383082691997768e-03
5.687971211256501874e-03
2.771704794052694525e-03
1.621388512476229071e-03
1.890838085607977241e-03
9.251511527224423647e-04
4.539024584273772603e-03
5.650913898133729310e-03
6.209527145269003699e-03
2.314096874066156120e-03
5.746510300216263988e-03
1.607836418683414835e-03
5.355670650414061894e-03
3.036954415101645894e-03
5.759498356413286953e-03
1.028088843247077335e-03
3.120609625963910796e-03
4.250092276716062843e-03
4.405128578671704646e-03
6.060053381094886692e-03
1.647052679025883893e-03
2.431170001785452287e-03
5.311377916278676135e-03
1.038971572323847898e-03
4.310246264312579852e-03
2.670532955598338073e-03
2.043003451262413988e-03
1.736411939525866598e-03
5.043558748999183057e-03
2.414407420405858054e-03
2.434652138593863639e-03
1.755910803341129145e-03
3.887939987007735070e-03
4.399322148890980923e-03
3.489343260826175980e-03
1.888887708652253316e-03
5.607285917423093270e-03
9.842761388491178248e-04
7.592804160469560255e-03
2.230779166597638037e-03
9.064720683471044153e-04
4.352835480287193907e-03
8.797914066877747042e-04
7.016795664164312239e-03
3.932301865040482847e-03
3.148845317049500311e-03
5.858401819381114234e-03
6.004489173975486802e-03
2.347988620702507693e-03
2.478889754402430028e-03
1.187841049206097557e-03
5.497869826431664268e-03
1.641835311780540530e-03
1.114918560451535557e-03
1.599597738784803427e-03
5.227489711597249102e-03
5.383427119608230095e-03
1.382786793750744384e-03
6.846002674026908409e-03
4.318227903777411419e-03
4.262367228738324701e-03
4.269594712384173173e-03
4.969253657356182373e-03
2.633234674238735078e-03
9.148062846140881527e-04
1.430510185537241675e-03
3.841392292367812582e-03
1.505889846038035908e-03
8.174773860528855617e-04
4.673963307139092534e-03
1.335610479356080967e-03
1.638431633039139426e-03
2.269201430636098166e-03
1.058428771663171876e-03
6.871970420915927795e-03
7.482252580788946450e-03
2.039446587188631799e-03
2.247059505298000092e-03
5.842205653648647849e-03
4.812847512095617085e-03
9.168020940233602596e-04
3.361170439372687668e-03
1.429030555858707774e-03
1.141532184541163607e-03
2.961458875894472549e-03
6.630509182472561942e-03
1.479200447638551403e-03
1.967684290891314001e-03
3.466872602807698038e-03
6.085995174713804481e-03
2.191441666121168776e-03
6.962884601541450245e-03
3.790537848025074714e-03
5.611074940099679276e-03
1.656247033873972435e-03
9.852605961077445015e-04
5.457040779444864362e-03
6.833559947124768705e-03
4.665360030540316276e-03
3.504082102749345867e-03
8.299345898019837818e-04
5.035604122108180286e-03
8.193626498561715210e-03
2.100314769701643828e-03
5.869329543573234553e-03
2.368301171326754172e-03
3.333713589149870683e-03
5.610331309394651911e-03
1.229381546614127102e-03
1.744012533136618699e-03
4.801385834797073510e-03
1.330076461284371292e-03
6.362071181752313245e-03
1.687719895724617593e-03
6.695227165285824733e-03
7.446057685592948581e-03
1.110591778560849219e-03
1.444087072564589685e-03
3.826522838024447749e-03
1.828450826987338979e-03
3.456113815099553632e-03
1.345664899579537051e-03
1.548761048660832369e-03
4.233444984319159436e-03
5.460765251814525198e-03
2.426416232466749659e-03
4.102414961040858413e-03
5.880679665735412745e-03
1.374384789117945012e-03
5.544115953892209646e-03
6.759594362854764310e-03
5.927787396450598378e-03
4.812795393587912182e-03
5.085236437506191788e-03
4.473835702772229958e-03
1.829450885370649451e-03
2.623306074137876556e-03
6.342558763270095441e-03
2.305494213405684129e-03
2.423944907658091841e-03
2.148804269342819134e-03
6.176709697120557306e-03
1.137445202439297046e-03
5.985837194310524197e-03
1.092398809623605638e-03
3.326282844820804309e-03
4.132745914460981933e-03
9.994647731709608868e-04
2.367122094614913710e-03
3.285918668340212685e-03
1.115264708432101319e-03
6.164651529687883123e-03
5.762689013185871324e-03
7.157989184630815863e-03
6.382602625984874420e-03
4.493999033579387792e-03
6.001283915880186413e-03
6.553479493237876832e-03
1.028678100726680786e-03
9.172494547343985460e-04
1.536332332068629817e-03
8.105916823541399257e-04
1.718294371916457251e-03
1.139291621361867733e-03
5.618868406229077239e-03
9.694079829488409577e-04
2.013377449708494190e-03
2.379113422928641301e-03
4.564387336612457137e-03
2.500824257089936595e-03
5.131513519886414174e-03
9.044713874532474447e-04
5.306085069285723307e-03
1.418074980826655425e-03
2.956988319405689635e-03
2.018332491637396444e-03
3.946859059553799003e-03
6.502853640783226238e-03
6.970844821414351813e-03
5.383914230552440047e-03
5.071808307437048607e-03
6.988764957894308752e-03
3.522303842174728458e-03
2.419202743671497284e-03
1.222399400708087036e-03
3.938401904481328604e-03
5.481862032509039404e-03
1.047967207058904653e-03
1.245692072738262095e-03
4.729704920358329852e-03
5.918122976528908570e-03
2.972680467758290982e-03
4.803095052371027067e-03
5.660722209312778024e-03
2.713143843056038933e-03
4.623689508573888135e-03
6.310848067278385966e-03
8.436990543912288804e-04
3.152404325801953268e-03
1.566634480820478176e-03
2.005133079434825126e-03
5.640496989674241048e-03
1.567626939798575899e-03
3.632101076992988800e-03
5.493157587924042164e-03
5.616262478896556429e-03
5.388547759325085056e-03
4.558431759911864278e-03
1.215648271611427305e-03
5.568533527171653195e-03
9.356246527078751875e-04
7.060115946893898847e-03
1.844565772915319037e-03
5.250203749307120853e-03
2.326857233380440291e-03
7.330945881347724138e-03
4.586177349091621371e-03
1.465460020109355830e-03
1.396599544071416930e-03
5.647818818879176035e-03
3.684237798595033780e-03
4.585536380140107192e-03
5.536151091386554146e-03
2.690143687843582314e-03
4.925056767289563188e-03
1.910438347732386919e-03
5.342673576621611610e-03
2.335990479962280451e-03
1.738184399841708611e-03
4.785921199170106895e-03
4.622878333940139833e-03
5.860864106776848131e-03
1.009633485667805466e-03
4.604708351138796750e-03
6.019756139025118045e-03
1.994728330239072932e-03
7.200422499439409693e-03
4.966326406913770114e-03
5.541064622782418576e-03
2.802692588352194512e-03
5.423116487146120712e-03
3.977511319962854369e-03
6.751648752000499916e-03
1.125540296195545482e-03
3.077324764181009042e-03
5.409479964134353107e-03
5.581047863210556424e-03
6.147653247743040811e-03
5.361808840519667781e-03
4.293170880410090984e-03
5.943138437472556164e-03
6.231853228354768126e-03
1.879091515077688235e-03
1.052966229082455928e-03
4.358658998128902076e-03
2.308747377138989625e-03
5.231494824918779714e-03
5.094833226793782539e-03
4.353399865987396360e-03
5.920013956107014752e-03
3.905401215810736654e-03
7.798092037141215842e-03
5.941742782460696787e-03
3.836016580896254961e-03
2.312876522720416599e-03
1.628120280275674025e-03
4.687793056151770728e-03
3.429646052323154226e-03
1.239754448076825022e-03
4.779555633002244806e-03
6.652233884602493270e-03
2.960275767640240061e-03
5.046780870690308757e-03
4.140515458957644453e-03
2.171300311581270473e-03
6.516066054340415893e-03
2.140328557774677509e-03
2.247027239347604635e-03
2.486919556405271878e-03
4.290997123936185487e-03
6.609935744905038636e-03
6.244093427418008144e-03
1.087982745376251748e-03
1.827531822026430726e-03
4.598396930191374701e-03
1.245790643438898174e-03
2.502958938113345258e-03
5.657218786494490510e-03
4.579094779061257045e-03
2.177907774267625034e-03
3.361573047979240451e-03
6.214336823687821934e-03
6.700676288003258423e-03
4.704466104698631738e-03
4.400601367816866019e-03
5.467746629615509793e-03
8.926142413161042679e-04
2.506406677399639505e-03
5.217390189774864795e-03
9.218384403702098266e-04
5.787578868329121100e-03
2.482560450258413862e-03
5.658540594988639184e-03
9.432285853055975573e-04
4.123157082925332090e-03
4.980301080141247283e-03
5.585236429827669484e-03
1.744659330896606306e-03
8.473787617162105911e-04
2.030780809433963691e-03
2.232603979386411919e-03
3.382986574957044801e-03
6.813037003402936005e-03
1.410349224735954650e-03
3.895197972653712763e-03
4.874013158164966324e-03
6.349913475885425249e-03
5.541296282503012545e-03
1.974616473734916965e-03
3.619186161371594837e-03
1.251021270844367714e-03
2.416357322935046379e-03
4.410214966744283559e-03
1.002030149947237244e-03
5.554555285860519366e-03
6.372641854959302209e-03
1.947197945694549917e-03
2.098951296262930796e-03
5.185775552199154564e-03
6.654775526488886268e-03
5.511668793749413368e-03
5.292462510113413697e-03
8.463146595267113763e-04
1.624578280567841749e-03
6.220075932068986485e-03
2.492901755173210915e-03
6.281452195244023075e-03
3.723596852244840695e-03
1.527102691939980590e-03
5.923361378259066681e-03
5.547708508860759238e-03
5.664314771774768380e-03
5.470729669975988446e-03
2.829507540480101415e-03
5.500203347289530850e-03
7.008222800202464770e-03
4.944380686813245121e-03
1.880260373625826592e-03
2.332948822051309021e-03
8.494221695683443511e-04
6.303432972415297028e-03
4.889589757199948317e-03
1.570095684755737657e-03
1.117034252057788959e-03
6.704369246572642466e-03
1.591016577717232344e-03
4.916809939109089388e-03
2.560801720391466668e-03
8.361029212748777003e-04
4.769930062888400567e-03
4.806944414711263221e-03
4.012271180608852940e-03
9.891749376092690872e-04
4.107133704689951148e-03
4.213434650710158776e-03
1.484557597390230230e-03
6.592212351927548807e-03
3.071444903435256724e-03
2.589879761750812394e-03
1.284850621088400686e-03
1.950821449711147380e-03
5.196065880795366042e-03
1.885791503998958830e-03
3.845832631716596117e-03
1.935976238836273084e-03
1.750944190953018960e-03
6.025683364702578461e-03
6.593508787776741070e-03
5.483041675666851592e-03
3.723862941721662982e-03
1.098008449229081161e-03
3.377880620418956432e-03
4.900373787272461167e-03
4.652349693605548064e-03
8.271230577275151801e-04
7.478899213471145065e-03
2.173985798132847379e-03
3.779835932980060448e-03
2.459035321252443958e-03
6.115566019557301322e-03
2.300933967967757395e-03
3.902768772174851006e-03
6.715909825874487663e-03
6.388108896527876224e-03
4.246633177184561819e-03
5.045696473879286194e-03
5.654335459444332322e-03
1.447717988348786551e-03
5.857934600185598674e-03
5.910696360652294493e-03
3.191396400511505461e-03
1.795362880133958986e-03
2.093506475614164558e-03
6.498693832925625871e-03
1.717810680650870472e-03
4.241084710103473418e-03
1.974201476518270670e-03
5.708499082163230771e-03
4.557236976060049724e-03
2.005887398808914313e-03
2.369396386115037688e-03
7.784398237582872962e-04
1.969647203825962770e-03
2.624958641954388671e-03
7.098036007519864347e-03
1.096642268262427783e-03
3.196352113260332063e-03
4.956183974908419040e-03
1.023722396592266102e-03
2.127214767878856955e-03
3.768274616965805110e-03
5.887784231365675823e-03
2.351312993318144251e-03
2.494785442791766592e-03
6.696529288730694411e-03
5.863446678324424864e-03
3.869876109462524506e-03
2.092718115376995640e-03
4.080505186305796207e-03
8.340135662468592826e-04
2.526851679979256592e-03
1.238705102289761615e-03
2.205717051339474606e-03
4.589857334726791561e-03
4.575441000494005414e-03
5.556391289539447040e-03
3.460486157222005411e-03
1.398142191407385822e-03
7.474954941104972397e-03
5.377705924222176206e-03
5.192505043438046600e-03
3.948248276094413513e-03
2.154501367515054919e-03
4.930267245102672863e-03
6.900762488751657590e-03
1.005135265473306849e-03
7.208086838184649993e-03
3.435049373164019565e-03
5.515045003543953862e-03
7.196169444527725917e-03
7.198804896025290043e-03
6.197922675534858761e-03
9.242855379507413033e-04
1.617569013374583467e-03
2.220257994682636824e-03
5.475076106510417401e-03
1.967195670910380778e-03
9.309463426580236872e-04
4.431923695433875356e-03
4.178462677377443174e-03
1.771787705216504045e-03
3.159079226447395090e-03
6.854631549463257797e-03
1.455713963055403843e-03
1.728891071943964002e-03
4.864542803529076954e-03
4.180437536165277496e-03
5.939081313892742228e-03
5.074348147852553344e-03
2.006967921533492002e-03
1.362959836343066809e-03
2.054518939659796990e-03
1.646809868225068176e-03
1.126492159135718913e-03
4.691199043507490209e-03
4.196728158374130914e-03
3.075318090145659662e-03
5.530457737469424845e-03
1.905609651592272491e-03
2.137916904757874645e-03
4.910642029253282741e-03
1.603095940643041450e-03
5.406556654290722158e-03
2.261175185143122438e-03
4.661493385542035857e-03
6.069110769202521946e-03
2.245330011470515318e-03
4.697031180035944435e-03
6.096558687501416225e-03
2.107803705534691541e-03
2.913877165141546318e-03
6.455638447337513040e-03
8.870526095271883153e-04
1.748582412759824411e-03
9.529594630320774914e-04
3.836257923180458763e-03
2.052758635539619642e-03
8.211666889213773204e-04
3.088659161847331219e-03
6.340936420997763702e-03
7.410112047205807788e-03
9.379881825493714036e-04
5.153180143052868423e-03
7.962323783107176645e-03
3.380843706751878504e-03
1.081377861585775067e-03
1.117879816117529033e-03
2.199178791919156103e-03
6.792935658882604671e-03
1.641860488577561849e-03
5.926528386943864454e-03
1.388341678705824365e-03
1.904623934525380294e-03
2.783727715704824562e-03
1.307139846367533480e-03
1.531128870420204536e-03
1.594011244939349831e-03
1.118634873093076430e-03
2.952594457778812478e-03
1.057278779020269337e-03
1.155346239725259195e-03
8.923225005586509244e-04
7.752642591735992364e-03
1.662486388414502296e-03
5.960394416986353368e-03
9.812436925384839404e-04
6.711432588337572051e-03
6.162561961338505756e-03
6.608311572921849245e-03
1.150276820531950100e-02
5.076079669079317826e-03
8.212057367036296142e-04
2.474813254278140397e-03
3.825403555799293098e-03
1.116439044350520755e-03
6.118251493998560706e-03
1.140411842373178402e-03
1.598354679618068383e-03
3.561715925602405505e-03
6.275535660875531004e-03
5.565152413402824419e-03
5.775679320927481347e-03
2.535985595985102564e-03
5.535626804208639007e-03
7.469967770006565554e-03
1.415004509684401109e-03
4.414230957500160646e-03
3.945147486718135824e-03
4.601939027357199175e-03
4.370462345576626648e-03
2.279035722815905222e-03
5.004002694894323089e-03
3.966265456922402760e-03
4.901706685598350259e-03
4.770508026379831172e-03
3.754909662238126167e-03
6.390752052678292695e-03
1.614571152760286166e-03
6.686277791243591499e-03
2.584372604694734534e-03
6.343669012177888603e-03
1.986408616168772092e-03
1.823319933343277343e-03
3.927321781307870074e-03
2.914861000674351995e-03
8.573613339656131456e-04
6.258434699982813251e-03
4.909466623160335316e-03
4.685317145520167571e-03
8.715891868253052054e-04
5.688805698792607016e-03
1.628815919370564091e-03
2.762659963042146671e-03
4.366144421171169743e-03
5.187731255118535785e-03
3.503616035764968006e-03
2.923421099397093253e-03
5.683799717430396137e-03
8.846560810979476339e-04
1.532026794841027766e-03
3.884663192188106580e-03
7.726338128252842503e-03
2.235180645369030591e-03
1.342744259847315422e-03
9.096745425475593607e-04
3.353436138993611763e-03
7.037010068715757270e-04
6.271445921324865849e-03
4.017027765524570221e-03
4.503531741150329330e-03
4.584545883844271842e-03
3.541472923095795051e-03
6.287961075248277992e-03
4.173545676000110782e-03
6.373674335279364347e-03
1.374703203164140365e-03
3.438957588637166652e-03
4.189753211622797464e-03
4.928239286692339197e-03
5.084870551953004150e-03
4.530687755112001829e-03
1.478066376792338101e-03
5.914115300764018895e-03
7.463165991040491762e-03
1.954716981625235963e-03
2.032903780157827630e-03
1.834706348945135124e-03
7.129797247903440181e-03
4.273802083611382731e-03
3.639091986020917806e-03
1.168738584640491079e-03
2.652167843128388700e-03
1.042001542624136677e-03
5.634473436857950074e-03
4.771271873125351205e-03
6.105641324668471988e-03
1.609266682805160107e-03
1.008959750440675774e-03
1.762125098245603512e-03
5.495656281740010467e-03
4.917114170922502921e-03
1.731576222532409245e-03
1.038144497917706157e-03
1.840103791527140540e-03
1.693093117233145832e-03
5.220888636642491247e-03
2.325724765065456667e-03
3.786432630062255573e-03
3.058707410118282569e-03
1.364790810542405603e-03
5.653991368392336306e-03
4.136696560341088236e-03
3.870354624067560544e-03
2.823219606258831841e-03
6.909073011481008803e-03
6.269075109463299357e-03
4.161270554833754361e-03
4.784421259521474262e-03
1.286255837620675331e-03
1.195480816422541184e-03
9.598964082995069562e-04
4.956098466251408936e-03
5.265111392644057295e-03
1.251626532112127405e-03
2.282861462952793033e-03
1.883223940326763778e-03
9.313105707374681090e-04
1.774670776825381475e-03
1.942630497170353158e-03
5.366050478464847416e-03
7.825261292268135063e-03
3.197387141814025252e-03
4.240118666359479933e-03
1.209392385597570689e-03
1.775327609714722659e-03
1.517598857657617879e-03
5.080692445270981912e-03
5.587770322891733032e-03
3.852585502503916032e-03
1.378769829470112129e-03
4.376695062170398928e-03
3.824851550792766203e-03
9.016779468836906303e-04
5.665843423237887713e-03
3.363024125349175098e-03
3.083187978172649470e-03
2.631502077887205339e-03
2.737183828842174385e-03
6.358159296283734906e-03
4.101605512396795487e-03
4.935096470853403069e-03
1.919134615860755913e-03
1.124781371938079989e-03
1.896589663674012839e-03
1.740134515247027721e-03
6.519787919755755043e-03
5.210794422316028865e-03
4.353199663740579296e-03
5.353695080696447249e-03
3.079221163265583386e-03
4.774259714996705387e-03
1.510188526666814742e-03
6.277240081746639742e-03
1.796954811176545552e-03
5.946272438324113827e-03
2.888470457820335648e-03
4.189732413802460878e-03
6.037383833757378575e-03
5.163902191007790909e-03
5.821444452930145917e-03
5.850497875975188729e-03
1.387993963259014996e-03
5.709872029675421359e-03
4.728624459766050600e-03
1.969393369109945138e-03
4.359212166603906348e-03
4.330436678482582624e-03
6.210028873633730712e-03
4.842577102174974030e-03
6.911784433744755200e-03
1.881594653715435187e-03
6.836963536506022489e-03
6.538138340560746033e-03
4.442344892517679535e-03
3.204970470273715497e-03
5.864990068826367829e-03
8.277575131439257172e-04
5.959839958929534498e-03
4.862774750779078059e-03
2.595203730343120536e-03
1.956833997620502537e-03
6.404870739589564078e-03
5.499621067789479435e-03
6.643092683390534881e-03
5.389172239529842375e-03
1.917494484903858876e-03
6.447510868572483081e-03
3.983726698473684207e-03
2.125052571776743678e-03
5.982744732060281227e-03
1.525048651245822662e-03
4.169728773400288406e-03
1.380097005687019266e-03
3.548808927847254841e-03
3.557728795053263695e-03
1.328175632469301556e-03
4.785639466057220112e-03
5.894448282722803550e-03
6.721751910590051046e-03
2.120128196549600583e-03
5.242093112850576726e-03
1.361177948245202718e-03
4.676928601700897775e-03
7.015390871188159627e-03
2.452190617111575308e-03
4.879331011649108533e-03
5.082924378847579125e-03
6.413661648329583784e-03
3.850684646426426327e-03
3.036260275920912681e-03
1.747610538315551125e-03
3.721284152143474085e-03
1.389681077609842197e-03
7.535384471775464187e-03
2.235172646846757694e-03
2.761814051796513715e-03
5.967599985225401776e-03
2.216569285031292670e-03
3.723338351195831612e-03
1.884594861978795485e-03
1.344118349098439224e-03
6.579156513190803288e-03
5.137095723959913228e-03
3.294010911368243887e-03
3.356018185914118844e-03
5.206247686477149215e-03
9.851029084058148325e-04
2.148407765229555250e-03
4.453842402522878267e-03
2.309231378430500609e-03
5.945457537881073361e-03
2.266665401291049608e-03
6.792998492328190113e-03
5.223330345219551717e-03
4.718930635655374344e-03
9.900778487971506354e-04
6.755268046950107901e-03
1.677566978965077532e-03
4.132991223120684177e-03
5.476508940917299527e-03
7.440342829687552999e-03
1.128957313820920733e-03
1.196892091043863168e-03
5.803609678547550117e-03
1.797180696624388601e-03
2.394133975539646571e-03
2.386060365038796243e-03
1.358699237058731690e-03
8.477936378928072666e-04
2.367186161012891678e-03
