7.484183229971677065e-01
4.406712369527667761e-01
6.118022080045193434e-01
6.288776190485805273e-01
6.430101168807595968e-01
8.030266319401562214e-01
7.180328280664980412e-01
6.584260291419923306e-01
7.281274681445211172e-01
6.310284999199211597e-01
7.897564610466361046e-01
6.471053920686244965e-01
7.113488230388611555e-01
9.411120309960097075e-01
7.131798060145229101e-01
9.666011079680174589e-01
7.159397578798234463e-01
7.449026089161634445e-01
5.973111840430647135e-01
6.296123240608721972e-01
8.045379428658634424e-01
5.798163351137191057e-01
5.265564718283712864e-01
7.530033800285309553e-01
6.596917251590639353e-01
6.629957309924066067e-01
6.585515670012682676e-01
6.413010759279131889e-01
5.981714630033820868e-01
7.446340147871524096e-01
7.401096210815012455e-01
7.342556070070713758e-01
7.031471338123083115e-01
5.323700378648936749e-01
5.598079899791628122e-01
4.460274060256779194e-01
5.552019109018146992e-01
5.690484389197081327e-01
5.557239339686930180e-01
5.485101160593330860e-01
5.448780870065093040e-01
5.207422180101275444e-01
4.427377730607986450e-01
4.397736419923603535e-01
6.236880149226635695e-01
6.842419030144810677e-01
7.231638540979474783e-01
4.618711250368505716e-01
6.716208159923553467e-01
7.342850959394127131e-01
7.133136398624628782e-01
5.617113881744444370e-01
5.708267739973962307e-01
5.701280480716377497e-01
5.258294728118926287e-01
6.047329220455139875e-01
4.413106360007077456e-01
5.282228859141469002e-01
4.933883659541606903e-01
5.371377740520983934e-01
3.854849911294877529e-01
5.561671799514442682e-01
7.354885449167340994e-01
4.833359899930655956e-01
5.050990909803658724e-01
5.306877919938415289e-01
7.345912719611078501e-01
6.636662299279123545e-01
6.621382110752165318e-01
5.190667489077895880e-01
5.364406020380556583e-01
5.465879580006003380e-01
5.207348919939249754e-01
3.851970580872148275e-01
4.360764289740473032e-01
4.423442562110722065e-01
5.022965241223573685e-01
5.430438269395381212e-01
6.132010149303823709e-01
6.238212618045508862e-01
4.029613921884447336e-01
5.494057689793407917e-01
4.124481789767742157e-01
6.306071821600198746e-01
6.205635399091988802e-01
6.520208381116390228e-01
5.913586579263210297e-01
7.276888908818364143e-01
4.698825641535222530e-01
4.946487469132989645e-01
5.712747350335121155e-01
4.430753530468791723e-01
4.303175969980657101e-01
5.353400721214711666e-01
6.317247310653328896e-01
5.376480659469962120e-01
5.805559898726642132e-01
6.063393929507583380e-01
5.291167960967868567e-01
5.912021510303020477e-01
7.500566248781979084e-01
5.302813099697232246e-01
6.227613401133567095e-01
4.639937749598175287e-01
5.036034381482750177e-01
5.283289141952991486e-01
5.633186819031834602e-01
5.260111500974744558e-01
5.360365819651633501e-01
5.207586658652871847e-01
4.130500659812241793e-01
5.460061701014637947e-01
4.417646729853004217e-01
3.766450809780508280e-01
5.570279050152748823e-01
5.173674621619284153e-01
5.159969651140272617e-01
5.213407119736075401e-01
5.523163462057709694e-01
3.945472720079123974e-01
6.422177790664136410e-01
5.824622749350965023e-01
6.636262899264693260e-01
7.169536480214446783e-01
6.518796689342707396e-01
6.655006229411810637e-01
6.027764591854065657e-01
5.452378990594297647e-01
5.721583419945091009e-01
4.393432429060339928e-01
5.445568140130490065e-01
3.836663020774722099e-01
5.245831320062279701e-01
5.773928130511194468e-01
3.967917470727115870e-01
5.953554061707109213e-01
5.532781959045678377e-01
6.208484589587897062e-01
5.271989519242197275e-01
7.163551910780370235e-01
6.753572579473257065e-01
4.825376830995082855e-01
5.255975741893053055e-01
6.342768589965999126e-01
5.471895588561892509e-01
5.100434029009193182e-01
5.880881710909307003e-01
5.417942970525473356e-01
5.081586558371782303e-01
5.624647559598088264e-01
4.433236250188201666e-01
5.357427410781383514e-01
4.420042529236525297e-01
5.199882099404931068e-01
5.659179340582340956e-01
7.566159488633275032e-01
7.239009910263121128e-01
6.625567369628697634e-01
6.219165369402617216e-01
6.334143870044499636e-01
7.369493129663169384e-01
5.346714190673083067e-01
5.423065740615129471e-01
5.256811170838773251e-01
4.391279220581054688e-01
6.181176470126956701e-01
4.921534811146557331e-01
5.516442968510091305e-01
4.440036518499255180e-01
5.157605649437755346e-01
3.841834969352930784e-01
5.301144900731742382e-01
6.438865240197628736e-01
5.293571730144321918e-01
5.309169387910515070e-01
6.342139448970556259e-01
5.039346541743725538e-01
6.533213218208402395e-01
4.184859821107238531e-01
4.442848749458789825e-01
5.288102410268038511e-01
4.451865958981215954e-01
4.152395648416131735e-01
4.145896718837320805e-01
5.041997299995273352e-01
3.842611429281532764e-01
5.950627601705491543e-01
4.029066129587590694e-01
4.208596500102430582e-01
5.089137819595634937e-01
4.236517748795449734e-01
5.322652289178222418e-01
5.316862249746918678e-01
7.159123551100492477e-01
6.654191450215876102e-01
4.622879331000149250e-01
6.540528200566768646e-01
5.756650632247328758e-01
5.452309309039264917e-01
5.695745418779551983e-01
4.345959010533988476e-01
4.406457808800041676e-01
3.836575490422546864e-01
5.081313739065080881e-01
5.543337219860404730e-01
5.633433801122009754e-01
4.386089090257883072e-01
4.429737529717385769e-01
3.693588699679821730e-01
5.901874031405895948e-01
3.872848348692059517e-01
6.276780520565807819e-01
6.272600467782467604e-01
6.022977349348366261e-01
6.917929151095449924e-01
5.302901910617947578e-01
7.461496291216462851e-01
4.748156389687210321e-01
5.182588160969316959e-01
5.249145261477679014e-01
5.755135910585522652e-01
5.165354690980166197e-01
4.427922749891877174e-01
5.519864130765199661e-01
5.453073219396173954e-01
4.199920089449733496e-01
3.513488839380443096e-01
5.680633180309087038e-01
4.181833991315215826e-01
4.192833160050213337e-01
4.895209379028528929e-01
4.619038589298725128e-01
5.899133579805493355e-01
6.833220010157674551e-01
5.287189010996371508e-01
4.190202800091356039e-01
5.287103990558534861e-01
5.282965139485895634e-01
4.995317109860479832e-01
5.090270040091127157e-01
5.018975138664245605e-01
5.779352448880672455e-01
3.490842501632869244e-01
4.907608749344944954e-01
5.159110908862203360e-01
6.020588150713592768e-01
3.847232249099761248e-01
4.928611279465258121e-01
4.435416960623115301e-01
5.267980101052671671e-01
4.106805438641458750e-01
4.905870498623698950e-01
5.225904111284762621e-01
6.513150169048458338e-01
5.299169078934937716e-01
5.225581200793385506e-01
5.224786079488694668e-01
5.287544319871813059e-01
7.136360099539160728e-01
4.629866781178861856e-01
5.269714461173862219e-01
4.023392361123114824e-01
3.926722079049795866e-01
4.395028599537909031e-01
4.349569100886583328e-01
4.389739569742232561e-01
5.229597999714314938e-01
5.147367110475897789e-01
4.390883140731602907e-01
3.755006419960409403e-01
6.618203278630971909e-01
6.312115809414535761e-01
5.283479460049420595e-01
6.211816349532455206e-01
6.607033591717481613e-01
5.878362541552633047e-01
5.776263589505106211e-01
5.244863249827176332e-01
4.920789259485900402e-01
5.220988390501588583e-01
5.663027428090572357e-01
4.384281118400394917e-01
4.992946961428970098e-01
5.261994590982794762e-01
4.902587919495999813e-01
5.157139459624886513e-01
3.655456742271780968e-01
7.029933279845863581e-01
4.493735102005302906e-01
4.228974869474768639e-01
6.306566889397799969e-01
6.345986018422991037e-01
6.137503790669143200e-01
6.314050250221043825e-01
4.923431149218231440e-01
5.103653429541736841e-01
3.838484061416238546e-01
3.737413419876247644e-01
5.248056079726666212e-01
5.785194109193980694e-01
5.003464939072728157e-01
5.001826069783419371e-01
4.419898609630763531e-01
5.254121120087802410e-01
5.333088929764926434e-01
5.757220010273158550e-01
5.133518229704350233e-01
5.298174999188631773e-01
6.046124410349875689e-01
6.428790369536727667e-01
6.251159198582172394e-01
5.302856590133160353e-01
5.383163569495081902e-01
3.874574771616607904e-01
5.198361950460821390e-01
4.025345321279019117e-01
4.157242418732494116e-01
4.431762718595564365e-01
5.107749029994010925e-01
5.172105249948799610e-01
5.772719550877809525e-01
4.120064210146665573e-01
5.451273480430245399e-01
4.427128660026937723e-01
5.061501939781010151e-01
6.224186518229544163e-01
6.127218280453234911e-01
6.509386599063873291e-01
6.311557779554277658e-01
7.060153980273753405e-01
4.726520318072289228e-01
5.851431388873606920e-01
5.418142769485712051e-01
5.192320449277758598e-01
4.440313109662383795e-01
5.214067171327769756e-01
4.436368329916149378e-01
4.842456360347568989e-01
5.344708559568971395e-01
4.284866068046540022e-01
5.445444867946207523e-01
5.293726739473640919e-01
5.289690608624368906e-01
5.887938397936522961e-01
5.283848920371383429e-01
6.202100389637053013e-01
5.701287451665848494e-01
6.413195999339222908e-01
5.428598339203745127e-01
3.923692861571907997e-01
5.774488800670951605e-01
5.682322301436215639e-01
5.798904770053923130e-01
4.182096060831099749e-01
3.861818818841129541e-01
4.983515029307454824e-01
5.267102490179240704e-01
6.037487019784748554e-01
5.182719810400158167e-01
4.739060760475695133e-01
6.045477539300918579e-01
5.932538341730833054e-01
5.154843700584024191e-01
5.932309029158204794e-01
7.081951450090855360e-01
5.803308438044041395e-01
5.309687980916351080e-01
5.499315189663320780e-01
4.415458689909428358e-01
5.118497288785874844e-01
5.275961831212043762e-01
5.610887310467660427e-01
4.122965340502560139e-01
5.483276101294904947e-01
4.960746350698173046e-01
4.434496720787137747e-01
6.357279960066080093e-01
5.339923328720033169e-01
6.770882110577076674e-01
4.857972541358321905e-01
4.948874870315194130e-01
4.958600099198520184e-01
5.151197330560535192e-01
4.468572859186679125e-01
4.951829279307276011e-01
5.191932418383657932e-01
4.374607028439640999e-01
5.654754398856312037e-01
5.490205599926412106e-01
5.320770889520645142e-01
6.184174339286983013e-01
6.221163561567664146e-01
4.932097808923572302e-01
6.024703020229935646e-01
6.537177700083702803e-01
6.714837760664522648e-01
6.441765960771590471e-01
5.235160880256444216e-01
5.310644700657576323e-01
4.439770060125738382e-01
4.453158180695027113e-01
3.754705151077359915e-01
4.912042480427771807e-01
5.598966730758547783e-01
4.181838119402527809e-01
4.915702959988266230e-01
4.993588479701429605e-01
5.175446658395230770e-01
5.255890369880944490e-01
4.353816001676023006e-01
4.327088491991162300e-01
4.394283660221844912e-01
5.561664800625294447e-01
6.711987990420311689e-01
7.223842020612210035e-01
7.129377920646220446e-01
4.077538140118122101e-01
7.043719338253140450e-01
5.910293860360980034e-01
4.415748158935457468e-01
3.540477608330547810e-01
5.453052711673080921e-01
3.624019939452409744e-01
6.238225679844617844e-01
5.088673979043960571e-01
4.414073848165571690e-01
4.994201241061091423e-01
5.511746220290660858e-01
4.054382289759814739e-01
4.964334201067686081e-01
4.757463738787919283e-01
5.814108271151781082e-01
4.454584931954741478e-01
6.938318880274891853e-01
5.237026710528880358e-01
7.247758558951318264e-01
5.887742519844323397e-01
6.110485999379307032e-01
5.293464518617838621e-01
4.489241060800850391e-01
5.228327109944075346e-01
4.403928709216415882e-01
4.087058729492127895e-01
5.179802770726382732e-01
5.347585410345345736e-01
4.418164661619812250e-01
4.374445499852299690e-01
5.308700290042907000e-01
3.771799542009830475e-01
5.021362788975238800e-01
5.195125439204275608e-01
3.834798580501228571e-01
4.003853981848806143e-01
6.816676498856395483e-01
6.912727700546383858e-01
4.737239340320229530e-01
5.790618120227009058e-01
6.504123259801417589e-01
6.305991089902818203e-01
4.936243738047778606e-01
5.174963348545134068e-01
4.878849668893963099e-01
5.064040259458124638e-01
4.436075929552316666e-01
4.470444340258836746e-01
5.026185689494013786e-01
3.850271720439195633e-01
3.503180840052664280e-01
4.405536078847944736e-01
4.013707761187106371e-01
5.276545209344476461e-01
5.035006629768759012e-01
4.447237001731991768e-01
7.303770440630614758e-01
6.428786211181432009e-01
6.011161839123815298e-01
6.016162501182407141e-01
6.404657131060957909e-01
6.317475540563464165e-01
5.809242259711027145e-01
3.639876539818942547e-01
3.518070999998599291e-01
5.360594210214912891e-01
4.398613399825990200e-01
3.484119670465588570e-01
5.582873381208628416e-01
5.070770948659628630e-01
5.147008651401847601e-01
3.835004130378365517e-01
4.894303418695926666e-01
5.591136978473514318e-01
4.913629649672657251e-01
6.294285948388278484e-01
6.500106200110167265e-01
5.888758818618953228e-01
6.181357800960540771e-01
7.440048910211771727e-01
5.856298150029033422e-01
5.405354229733347893e-01
4.421998530160635710e-01
4.733707008417695761e-01
6.103793350048363209e-01
4.739456588868051767e-01
5.988096180371940136e-01
5.237831471022218466e-01
5.044181409757584333e-01
4.388935540337115526e-01
5.670374641194939613e-01
7.321025680284947157e-01
5.177571750245988369e-01
6.179105669725686312e-01
5.325960109476000071e-01
5.944984790403395891e-01
5.235616620630025864e-01
5.421391299460083246e-01
5.279371661599725485e-01
5.414786911569535732e-01
4.386372209992259741e-01
4.359466680325567722e-01
4.435770530253648758e-01
4.760297159664332867e-01
5.006567970849573612e-01
3.754458429757505655e-01
4.260182168800383806e-01
6.129665831103920937e-01
4.381213088054209948e-01
6.074012760072946548e-01
5.870103719644248486e-01
5.958435600623488426e-01
6.466446490958333015e-01
6.256022008601576090e-01
5.233478790614753962e-01
5.818724820856004953e-01
5.575017980299890041e-01
4.324434909503906965e-01
5.142835921142250299e-01
4.009249201044440269e-01
4.825360060203820467e-01
4.185039070434868336e-01
5.142337130382657051e-01
5.381858330219984055e-01
5.037545901723206043e-01
5.261769820936024189e-01
5.882102099712938070e-01
4.487868971191346645e-01
6.178358742035925388e-01
6.786365509033203125e-01
4.797943630255758762e-01
6.888365470804274082e-01
5.008681260515004396e-01
5.226969351060688496e-01
5.624593440443277359e-01
4.065952310338616371e-01
4.375158960465341806e-01
6.024451721459627151e-01
5.811472469940781593e-01
4.403592648450285196e-01
5.129996049217879772e-01
5.047845088411122561e-01
6.090987301431596279e-01
4.497206441592425108e-01
5.222440240904688835e-01
4.498071679845452309e-01
6.608799241948872805e-01
5.205172889400273561e-01
5.981779040303081274e-01
4.977727809455245733e-01
3.741519378963857889e-01
4.083334531169384718e-01
4.385827661026269197e-01
4.346628659404814243e-01
5.123777510598301888e-01
4.368406070861965418e-01
4.374526040628552437e-01
3.472778180148452520e-01
4.958580760285258293e-01
4.004741611424833536e-01
6.104048409033566713e-01
6.628318571019917727e-01
5.272991028614342213e-01
5.693145608529448509e-01
6.482272217981517315e-01
4.076011390425264835e-01
4.496451020240783691e-01
5.311888789292424917e-01
4.401389199774712324e-01
3.831769679673016071e-01
5.486113978549838066e-01
4.000734430737793446e-01
5.218847941141575575e-01
3.723261619452387094e-01
5.049231399316340685e-01
4.328429440502077341e-01
5.814464718569070101e-01
4.951894709374755621e-01
4.377837139181792736e-01
5.273711979389190674e-01
4.704695011023432016e-01
6.068360279314219952e-01
6.469311169348657131e-01
4.790256239939481020e-01
5.202270699664950371e-01
5.970631279051303864e-01
5.662955131847411394e-01
4.970890721306204796e-01
4.371339709032326937e-01
3.730781509075313807e-01
5.385841338429600000e-01
5.573974410071969032e-01
4.242038200609385967e-01
4.874542769975960255e-01
4.958404179196804762e-01
3.642898870166391134e-01
5.368794850073754787e-01
5.256221219897270203e-01
6.156370448879897594e-01
4.064804299268871546e-01
4.376008489634841681e-01
5.238502309657633305e-01
6.260489169508218765e-01
4.571590200066566467e-01
5.021933410316705704e-01
4.401385269593447447e-01
5.555405921768397093e-01
5.385564269963651896e-01
4.365047889295965433e-01
5.767151529435068369e-01
4.356097590643912554e-01
3.746503989677876234e-01
4.393752710893750191e-01
3.906286328565329313e-01
4.899714349303394556e-01
4.261313579045236111e-01
6.262508821673691273e-01
5.864240939263254404e-01
6.055503219831734896e-01
5.260268980637192726e-01
6.375728929415345192e-01
5.208104471676051617e-01
5.201165170874446630e-01
5.972763421013951302e-01
4.373404530342668295e-01
4.892382998950779438e-01
5.555957059841603041e-01
5.200457479804754257e-01
5.202860340941697359e-01
4.548626309260725975e-01
5.117839269805699587e-01
5.650931601412594318e-01
5.058074498083442450e-01
5.055206888355314732e-01
5.252547960262745619e-01
5.965426138136535883e-01
4.882266090717166662e-01
6.375528129283338785e-01
5.264281658455729485e-01
4.792098870966583490e-01
5.268794419243931770e-01
5.037094708532094955e-01
5.491787719074636698e-01
4.889760320074856281e-01
5.399920539930462837e-01
5.139936979394406080e-01
4.806597500573843718e-01
5.078176590614020824e-01
4.999395071063190699e-01
5.098134519066661596e-01
5.871534189209342003e-01
6.636827730108052492e-01
6.193110670428723097e-01
5.773550400044769049e-01
6.296558810863643885e-01
5.886772500816732645e-01
4.703291270416229963e-01
5.282375530805438757e-01
4.525965710636228323e-01
5.164469969458878040e-01
5.142490910366177559e-01
4.893390540964901447e-01
5.220986169297248125e-01
4.391779790166765451e-01
5.307963821105659008e-01
4.993540660943835974e-01
5.013713610824197531e-01
5.598050768021494150e-01
5.217464137822389603e-01
5.224623729009181261e-01
7.014824708458036184e-01
6.315385361667722464e-01
7.330920039676129818e-01
5.244852420873939991e-01
5.294873749371618032e-01
5.294091170653700829e-01
5.746635000687092543e-01
4.363328150939196348e-01
4.382867610547691584e-01
5.137793740723282099e-01
5.050023188814520836e-01
5.399921610951423645e-01
5.513480899389833212e-01
5.927184089086949825e-01
5.323105510324239731e-01
4.380081309936940670e-01
5.489618489518761635e-01
6.952808641362935305e-01
6.926332660950720310e-01
6.414111191406846046e-01
4.204019170720130205e-01
6.511838799342513084e-01
5.300300661474466324e-01
5.890790799167007208e-01
5.172267281450331211e-01
5.661715990863740444e-01
5.066246541682630777e-01
4.416693919338285923e-01
4.284828929230570793e-01
4.921777171548455954e-01
4.392844499088823795e-01
4.396854890510439873e-01
4.267080239951610565e-01
5.662821619771420956e-01
4.402943619061261415e-01
3.878215372096747160e-01
6.505132250022143126e-01
5.299680070020258427e-01
6.201887778006494045e-01
4.928609479684382677e-01
5.899458301719278097e-01
4.720311891287565231e-01
5.044089898001402617e-01
4.392664351034909487e-01
3.934461381286382675e-01
4.369035179261118174e-01
3.680977558251470327e-01
4.357448129449039698e-01
4.407241460867226124e-01
5.095219959039241076e-01
5.165793891064822674e-01
5.138582079671323299e-01
4.996372030582278967e-01
4.824404458049684763e-01
5.526872561313211918e-01
5.204857229255139828e-01
7.312107339967042208e-01
6.320627050008624792e-01
6.115568890236318111e-01
6.095945981796830893e-01
5.266944130416959524e-01
4.591406870167702436e-01
5.141830681823194027e-01
5.406957820523530245e-01
3.519968339242041111e-01
3.932990899775177240e-01
5.385506239254027605e-01
4.886160718742758036e-01
5.575822000391781330e-01
4.391083801165223122e-01
3.824801030568778515e-01
5.000405891332775354e-01
5.019950109999626875e-01
6.926950139459222555e-01
5.038717191200703382e-01
6.489319261163473129e-01
5.273434130940586329e-01
6.192567381076514721e-01
6.102361958473920822e-01
5.322697919327765703e-01
5.775872510857880116e-01
5.004673448856920004e-01
5.613376051187515259e-01
4.925437511410564184e-01
5.247013960033655167e-01
3.404806219041347504e-01
5.332324090413749218e-01
4.266616019885987043e-01
4.895600830204784870e-01
5.179670990910381079e-01
4.366712528280913830e-01
5.054401790257543325e-01
5.278619239106774330e-01
5.024077859707176685e-01
5.893571290653198957e-01
5.266758960206061602e-01
6.289416579529643059e-01
5.258465099614113569e-01
5.215857180301100016e-01
5.211852430365979671e-01
4.906231809873133898e-01
5.312597518786787987e-01
3.929829909466207027e-01
5.599212150555104017e-01
5.732573771383613348e-01
3.908266092184931040e-01
4.905093549750745296e-01
5.810719609726220369e-01
3.545874189585447311e-01
5.240507430862635374e-01
3.679042800795286894e-01
4.573498819954693317e-01
4.560028801206499338e-01
4.294375339522957802e-01
4.582442180253565311e-01
5.266601429320871830e-01
5.892263951245695353e-01
6.471243500709533691e-01
4.394631809554994106e-01
4.881787211634218693e-01
5.062965990509837866e-01
4.360878728330135345e-01
5.411241468973457813e-01
4.908776399679481983e-01
4.392984490841627121e-01
4.988885240163654089e-01
4.394556838087737560e-01
3.824475128203630447e-01
4.370904169045388699e-01
5.426551590207964182e-01
3.922364190220832825e-01
4.299119289498776197e-01
6.951245248783379793e-01
6.277032920625060797e-01
5.979687068611383438e-01
6.797054340131580830e-01
5.880230679176747799e-01
5.264076329767704010e-01
7.193865061271935701e-01
5.047611640766263008e-01
3.857918030116707087e-01
3.565914239734411240e-01
4.356346870772540569e-01
5.076351729221642017e-01
4.387033220846205950e-01
5.163014070130884647e-01
4.422722919844090939e-01
5.682977878022938967e-01
4.979025879874825478e-01
5.641774821560829878e-01
3.665383120533078909e-01
4.000609810464084148e-01
5.282257818616926670e-01
6.268513759132474661e-01
6.490494171157479286e-01
5.269525030162185431e-01
6.178570338524878025e-01
5.977620440535247326e-01
5.279657999053597450e-01
3.846634940709918737e-01
4.412704680580645800e-01
4.899048248771578074e-01
3.559623719193041325e-01
5.067538931034505367e-01
5.047080079093575478e-01
5.201616990379989147e-01
5.244534469675272703e-01
5.848355630878359079e-01
4.403441639151424170e-01
6.054064759518951178e-01
4.497674999292939901e-01
6.297392759006470442e-01
7.209068499505519867e-01
6.370678460225462914e-01
6.495570880360901356e-01
5.023095801007002592e-01
5.163383909966796637e-01
3.821542179211974144e-01
4.889985360205173492e-01
3.828848430421203375e-01
5.238708718679845333e-01
4.411089429631829262e-01
4.927310110069811344e-01
5.158777830656617880e-01
4.413806558586657047e-01
5.237289220094680786e-01
3.156277141533792019e-01
3.675253491383045912e-01
4.981024679727852345e-01
5.494071538560092449e-01
6.502551208250224590e-01
6.290004840120673180e-01
6.399664969649165869e-01
5.224539781920611858e-01
5.898637538775801659e-01
6.784494351595640182e-01
4.242122101131826639e-01
3.465392021462321281e-01
4.176709279417991638e-01
4.006043260451406240e-01
4.833244429901242256e-01
3.740936079993844032e-01
4.419109302107244730e-01
4.082592930644750595e-01
5.771058681420981884e-01
4.338448001071810722e-01
4.550316340755671263e-01
5.251180429477244616e-01
4.671571908984333277e-01
6.481564270798116922e-01
5.188004949595779181e-01
6.257662468124181032e-01
5.255874160211533308e-01
5.376923368312418461e-01
3.637188470456749201e-01
3.988133969251066446e-01
5.728539230767637491e-01
4.349543191492557526e-01
5.059512630105018616e-01
5.221567770931869745e-01
5.493586929515004158e-01
4.360933729913085699e-01
4.370908380951732397e-01
5.307481170166283846e-01
5.106766060926020145e-01
7.100929960142821074e-01
5.196685229893773794e-01
5.008372380398213863e-01
5.247114829253405333e-01
6.266444718930870295e-01
4.473550699185580015e-01
6.493021610658615828e-01
4.153656528797000647e-01
5.023596328683197498e-01
5.386326219886541367e-01
5.401251630391925573e-01
4.254604550078511238e-01
4.337460950482636690e-01
4.349172031506896019e-01
4.321263059973716736e-01
4.063047978561371565e-01
4.377858699299395084e-01
4.001887079793959856e-01
4.801015369594097137e-01
5.858511088881641626e-01
5.872355240862816572e-01
6.085498540196567774e-01
6.472901499364525080e-01
5.258500957861542702e-01
6.266448609530925751e-01
4.380897148512303829e-01
5.231138528324663639e-01
4.096771101467311382e-01
5.575714739970862865e-01
4.399093980900943279e-01
5.852463901974260807e-01
5.338864019140601158e-01
4.900289201177656651e-01
5.062789418734610081e-01
4.921626430004835129e-01
4.577290159650146961e-01
5.897555900737643242e-01
6.087669159751385450e-01
6.187115600332617760e-01
6.596604750957340002e-01
4.605154159944504499e-01
6.478323759511113167e-01
5.099389560054987669e-01
4.387861660216003656e-01
5.428657119628041983e-01
4.197430550120770931e-01
4.394998450297862291e-01
4.175020919647067785e-01
4.472058201208710670e-01
4.180055330507457256e-01
4.341198119800537825e-01
4.292630900163203478e-01
4.386514700017869473e-01
4.409605460241436958e-01
5.071389500517398119e-01
4.154648240655660629e-01
4.575777221471071243e-01
5.267870689276605844e-01
6.794483589474111795e-01
5.256246710196137428e-01
6.589513940270990133e-01
6.263993510510772467e-01
6.058756171260029078e-01
5.219464851543307304e-01
4.394501829519867897e-01
4.379415628500282764e-01
5.738321479875594378e-01
4.803849840536713600e-01
5.405733468942344189e-01
4.973817141726613045e-01
4.245324670337140560e-01
4.786811149679124355e-01
5.485015490557998419e-01
4.910524690058082342e-01
3.582608960568904877e-01
4.194463631138205528e-01
6.179594311397522688e-01
5.095459769945591688e-01
5.211151011753827333e-01
6.573502430692315102e-01
4.903684449382126331e-01
6.590565131045877934e-01
6.480257350485771894e-01
5.237707030028104782e-01
3.816762689966708422e-01
5.588806029409170151e-01
5.140914490912109613e-01
4.924514160957187414e-01
5.085660000331699848e-01
4.414675941225141287e-01
4.370111669413745403e-01
5.634721119422465563e-01
3.988561190199106932e-01
4.367261901497840881e-01
3.470197350252419710e-01
4.400986309628933668e-01
4.793762189801782370e-01
6.178760568145662546e-01
4.369451170787215233e-01
6.494095369707792997e-01
6.307236209977418184e-01
5.285133640281856060e-01
6.179564108606427908e-01
5.380063061602413654e-01
5.118900351226329803e-01
4.373512829188257456e-01
4.398791987914592028e-01
3.739619059488177299e-01
4.906289421487599611e-01
5.117929470725357533e-01
4.362294718157500029e-01
4.966695639304816723e-01
4.708130441140383482e-01
4.372339560650289059e-01
4.147391819860786200e-01
4.889369390439242125e-01
4.905555911827832460e-01
5.267413000110536814e-01
6.570226810872554779e-01
6.150628528557717800e-01
5.247072998899966478e-01
6.057392579969018698e-01
4.780034010764211416e-01
3.872940950095653534e-01
4.873686858918517828e-01
5.415661188308149576e-01
5.615984478499740362e-01
4.349879680667072535e-01
3.720342591404914856e-01
4.857765280175954103e-01
5.151292781811207533e-01
5.482462071813642979e-01
5.153311621397733688e-01
4.088616990484297276e-01
4.913951421622186899e-01
4.495169629808515310e-01
5.996160060167312622e-01
5.002723650541156530e-01
6.072020740248262882e-01
4.586558609735220671e-01
6.166803778614848852e-01
4.487793180160224438e-01
5.874517909251153469e-01
4.371527608018368483e-01
5.424076858907938004e-01
4.727440348360687494e-01
5.391757658217102289e-01
5.629374289419502020e-01
4.327971008606255054e-01
5.040196790359914303e-01
5.229866090230643749e-01
4.897103961557149887e-01
4.899538471363484859e-01
5.294791730120778084e-01
4.860586749855428934e-01
6.192687361035495996e-01
5.198155688121914864e-01
5.256276039872318506e-01
5.269896069075912237e-01
6.580797729548066854e-01
4.589397311210632324e-01
4.014764029998332262e-01
5.567802200093865395e-01
5.224139189813286066e-01
5.100027669686824083e-01
4.375694829504936934e-01
5.846514699514955282e-01
4.334666060749441385e-01
3.573266279418021441e-01
5.317677708808332682e-01
4.349255510605871677e-01
5.045203319750726223e-01
4.868510118685662746e-01
4.951141569763422012e-01
4.879696769639849663e-01
5.251748559530824423e-01
6.467745751142501831e-01
5.208845331799238920e-01
4.370501539669930935e-01
6.360782901756465435e-01
5.654270302038639784e-01
6.472940479870885611e-01
4.064264849293977022e-01
3.737866219598799944e-01
4.362675449810922146e-01
4.969284001272171736e-01
5.084041298832744360e-01
4.187907620798796415e-01
4.407381198834627867e-01
4.394440050236880779e-01
4.984309140127152205e-01
5.589867578819394112e-01
4.880166249349713326e-01
4.157386750448495150e-01
4.877283871173858643e-01
6.049112749751657248e-01
6.157206860370934010e-01
4.475640452001243830e-01
4.774063271470367908e-01
5.873330619651824236e-01
6.579247901681810617e-01
5.503572879824787378e-01
4.391506968531757593e-01
3.636065069586038589e-01
4.973736028186976910e-01
5.131571011152118444e-01
4.390664689708501101e-01
4.968570189084857702e-01
4.374864571727812290e-01
3.914825371466577053e-01
4.393802699632942677e-01
3.572669059503823519e-01
4.978684249799698591e-01
5.981409500818699598e-01
5.969470140989869833e-01
5.970766579266637564e-01
5.256355449091643095e-01
4.163304360117763281e-01
4.389730589464306831e-01
5.269775891210883856e-01
6.159924720413982868e-01
3.708025710657238960e-01
5.209181108511984348e-01
5.239288541488349438e-01
5.830552719999104738e-01
3.491070528980344534e-01
5.218199088703840971e-01
5.214663969818502665e-01
4.371084738522768021e-01
3.552173690404742956e-01
4.270629459060728550e-01
5.067786430008709431e-01
5.253649048972874880e-01
4.385452428832650185e-01
5.986714060418307781e-01
6.074510139878839254e-01
6.507445899769663811e-01
5.276245330460369587e-01
4.386750520206987858e-01
4.286131621338427067e-01
4.087978969328105450e-01
4.630489018745720387e-01
4.998577150981873274e-01
3.819139639381319284e-01
5.127211380749940872e-01
5.715299900621175766e-01
5.210643920581787825e-01
3.889406721573323011e-01
5.410134959965944290e-01
3.236081548966467381e-01
5.317302797921001911e-01
3.378960881382226944e-01
5.618234639987349510e-01
5.210279389284551144e-01
4.956618319265544415e-01
5.121094929054379463e-01
5.301983461249619722e-01
4.898745520040392876e-01
6.194911981001496315e-01
5.260503168683499098e-01
5.051332991570234299e-01
4.381864059250801802e-01
5.582274941261857748e-01
3.904551370069384575e-01
4.971430669538676739e-01
4.398073679767549038e-01
5.444663369562476873e-01
3.390112700872123241e-01
4.231012850068509579e-01
5.123209208250045776e-01
4.146269818302243948e-01
4.862853351514786482e-01
5.967520489357411861e-01
5.953541269991546869e-01
6.293778631370514631e-01
3.973975689150393009e-01
5.969131239689886570e-01
6.383664840832352638e-01
4.189298409037292004e-01
4.275537990033626556e-01
5.056226248852908611e-01
4.374997550621628761e-01
5.055903580505400896e-01
4.096726879943162203e-01
5.061661810614168644e-01
5.311761540360748768e-01
4.408251619897782803e-01
3.580026591662317514e-01
4.406343658920377493e-01
3.827144901733845472e-01
5.268933440092951059e-01
5.212836659047752619e-01
6.481939328368753195e-01
6.074987018946558237e-01
5.262189810164272785e-01
6.809127908200025558e-01
6.476479701232165098e-01
5.165729629807174206e-01
5.156169559340924025e-01
5.470172700006514788e-01
4.073149440810084343e-01
3.979643590282648802e-01
5.122601939365267754e-01
3.719149739481508732e-01
4.329065780621021986e-01
4.325790118891745806e-01
4.145964789204299450e-01
4.373950709123164415e-01
4.985249990131705999e-01
5.296427330467849970e-01
5.286498127970844507e-01
4.804635248146951199e-01
6.082053149584680796e-01
4.391848400700837374e-01
5.283146570436656475e-01
5.269831849727779627e-01
5.873821291606873274e-01
5.044505400583148003e-01
5.141656820196658373e-01
4.366115210577845573e-01
3.563863940071314573e-01
4.363415990956127644e-01
5.733532351441681385e-01
4.381193360313773155e-01
3.996764740440994501e-01
5.173643939197063446e-01
4.326542541384696960e-01
4.352443409152328968e-01
5.130990950856357813e-01
4.376961030066013336e-01
6.481401650235056877e-01
5.863486940506845713e-01
6.164360789116472006e-01
6.477076800074428320e-01
5.229282609652727842e-01
4.599321549758315086e-01
5.266549650114029646e-01
3.573869599495083094e-01
3.737683261279016733e-01
4.378754361532628536e-01
4.234988389071077108e-01
3.815015119034796953e-01
4.361931248567998409e-01
3.552260710857808590e-01
4.944288327824324369e-01
3.970949510112404823e-01
4.363988079130649567e-01
4.871006910689175129e-01
4.082859929185360670e-01
4.400644709821790457e-01
4.392352120485156775e-01
6.110845238436013460e-01
5.914367651566863060e-01
5.659140821080654860e-01
5.028449909295886755e-01
6.478340120520442724e-01
5.990992439910769463e-01
4.069944650400429964e-01
5.266777090728282928e-01
5.388520949054509401e-01
4.330466119572520256e-01
3.728098620194941759e-01
3.979053068906068802e-01
3.984780299942940474e-01
5.209146901033818722e-01
5.226451777853071690e-01
3.668235200457274914e-01
4.380931239575147629e-01
4.985834078397601843e-01
5.146312240976840258e-01
4.246078380383551121e-01
5.834431690163910389e-01
4.511121320538222790e-01
5.277808499522507191e-01
6.098022090736776590e-01
4.396951969247311354e-01
5.020964927971363068e-01
6.389092891477048397e-01
4.660851098597049713e-01
3.498666919767856598e-01
4.379163219127804041e-01
3.811584431678056717e-01
5.463911651168018579e-01
4.315929061267524958e-01
4.776339859236031771e-01
5.059973490424454212e-01
5.479146330617368221e-01
4.248930360190570354e-01
4.389180261641740799e-01
3.658197089098393917e-01
6.070426078513264656e-01
4.373517550993710756e-01
6.482301240321248770e-01
4.381087031215429306e-01
5.889764698222279549e-01
5.859580100513994694e-01
5.264400690793991089e-01
4.377153099048882723e-01
4.243297381326556206e-01
5.240520611405372620e-01
4.340058600064367056e-01
3.225704901851713657e-01
4.809092709328979254e-01
4.088792849797755480e-01
5.230218579526990652e-01
4.415227810386568308e-01
4.338442359585314989e-01
4.900720301084220409e-01
5.314948449376970530e-01
6.463206759653985500e-01
5.883188699372112751e-01
5.258688190951943398e-01
6.599069079384207726e-01
5.880615119822323322e-01
5.264771089423447847e-01
5.272742980159819126e-01
4.354157419875264168e-01
5.052593208383768797e-01
3.637790039647370577e-01
5.229168490041047335e-01
5.575034630019217730e-01
4.175937790423631668e-01
5.137892530765384436e-01
4.371562949381768703e-01
5.314154019579291344e-01
4.346656489651650190e-01
3.829220640473067760e-01
6.000401230994611979e-01
5.291761090047657490e-01
5.871569120790809393e-01
4.507627240382134914e-01
4.906646239105612040e-01
5.272417580708861351e-01
6.265594090800732374e-01
4.075158059131354094e-01
5.518260370008647442e-01
4.916204628534615040e-01
4.920756421051919460e-01
4.329086109064519405e-01
5.059265429154038429e-01
4.390051469672471285e-01
5.251937829889357090e-01
4.244048839900642633e-01
4.896491190884262323e-01
5.062970181461423635e-01
5.040541070047765970e-01
6.277356590144336224e-01
5.237719300203025341e-01
5.977000209968537092e-01
6.203999680001288652e-01
5.970741400960832834e-01
6.581758118700236082e-01
4.963201859500259161e-01
4.909561038948595524e-01
4.373675959650427103e-01
5.037847240455448627e-01
4.975163768976926804e-01
4.887274580541998148e-01
4.973150428850203753e-01
5.674116460140794516e-01
4.161561150103807449e-01
4.352430892176926136e-01
4.262578990310430527e-01
3.421066340524703264e-01
5.262309650424867868e-01
4.699984700419008732e-01
4.380830139853060246e-01
5.258577470667660236e-01
4.613791231531649828e-01
6.374095240607857704e-01
5.275193389970809221e-01
5.460712350904941559e-01
4.066107550170272589e-01
5.488435379229485989e-01
4.401497689541429281e-01
4.403069480322301388e-01
5.334385170135647058e-01
4.842695798724889755e-01
4.991641729138791561e-01
4.378955750726163387e-01
3.207925250753760338e-01
4.835682020056992769e-01
4.352898979559540749e-01
4.938098220154643059e-01
4.988843719474971294e-01
4.497951678931713104e-01
6.167551169637590647e-01
6.681332020089030266e-01
6.293917868752032518e-01
4.814517139457166195e-01
6.701872518751770258e-01
5.051702330820262432e-01
4.722945331595838070e-01
4.368840891402214766e-01
4.335108359809964895e-01
5.570899099111557007e-01
5.240364980418235064e-01
5.209515939932316542e-01
5.629761558957397938e-01
4.870174538809806108e-01
4.375641960650682449e-01
4.358015179168432951e-01
5.070352449547499418e-01
5.263646091334521770e-01
5.954422932118177414e-01
5.247612399980425835e-01
5.255597508512437344e-01
6.165648479945957661e-01
5.218384768813848495e-01
5.791097730398178101e-01
4.321908128913491964e-01
4.891020250506699085e-01
4.367323881015181541e-01
3.983556381426751614e-01
4.387632820289582014e-01
4.389492070768028498e-01
3.567848231177777052e-01
5.748737021349370480e-01
5.419777191709727049e-01
5.562953189946711063e-01
4.228820421267300844e-01
4.369615609757602215e-01
5.334290091414004564e-01
5.882122819311916828e-01
4.458729091566056013e-01
6.080290670506656170e-01
5.284443581476807594e-01
5.235005421563982964e-01
6.471374589018523693e-01
4.965808698907494545e-01
5.265735918655991554e-01
4.927420509047806263e-01
4.978763710241764784e-01
4.388078150805085897e-01
3.901334330439567566e-01
3.826153757981956005e-01
4.369958150200545788e-01
5.156918570864945650e-01
4.935419529210776091e-01
4.285989489872008562e-01
4.408305399119853973e-01
4.488062551245093346e-01
5.084586709272116423e-01
6.387080720160156488e-01
4.694963891524821520e-01
5.265019061043858528e-01
6.067413799464702606e-01
6.659675459377467632e-01
6.372030661441385746e-01
4.261563131585717201e-01
5.127728309016674757e-01
5.460444230120629072e-01
4.369970380794256926e-01
5.227982581127434969e-01
5.388802648521959782e-01
3.658394711092114449e-01
4.965279898606240749e-01
3.986787849571555853e-01
5.642657200805842876e-01
5.309426339808851480e-01
3.727451211307197809e-01
4.052198750432580709e-01
4.369827231857925653e-01
4.881925238296389580e-01
4.177043710369616747e-01
5.249018629547208548e-01
5.255658770911395550e-01
4.386908391024917364e-01
5.247748829424381256e-01
6.059413501061499119e-01
6.758423009887337685e-01
5.020006680861115456e-01
3.298328230157494545e-01
4.320991409476846457e-01
4.361254631076008081e-01
3.713815428782254457e-01
5.217145590577274561e-01
3.628826639614999294e-01
4.308814429678022861e-01
3.717431600671261549e-01
4.357554281596094370e-01
4.321988399606198072e-01
5.288661420345306396e-01
3.665531510487198830e-01
4.966170168481767178e-01
5.251555792056024075e-01
6.253507710061967373e-01
6.485935237724334002e-01
5.249244959559291601e-01
5.856566049624234438e-01
5.254386179149150848e-01
5.373413430061191320e-01
3.637044399511069059e-01
3.908806829713284969e-01
4.875777279958128929e-01
3.925172809977084398e-01
3.821779929567128420e-01
4.386491221375763416e-01
4.408173908013850451e-01
5.412432099692523479e-01
4.389420119114220142e-01
5.198395249899476767e-01
4.008875268045812845e-01
5.209366609342396259e-01
5.665064679924398661e-01
5.211721700616180897e-01
6.199520840309560299e-01
5.198102339636534452e-01
5.874351889360696077e-01
5.970327628310769796e-01
6.508842448238283396e-01
5.160861699841916561e-01
5.502777628134936094e-01
5.390281998552381992e-01
4.364228108897805214e-01
4.938621029723435640e-01
3.968175470363348722e-01
3.720391169190406799e-01
3.625416909344494343e-01
3.234958949033170938e-01
5.222555189393460751e-01
4.378243028186261654e-01
4.375308218877762556e-01
4.163478531409054995e-01
4.957080371677875519e-01
6.156851418782025576e-01
5.255259808618575335e-01
5.192345948889851570e-01
4.689547780435532331e-01
6.684661200270056725e-01
5.266814830247312784e-01
4.321900689974427223e-01
4.177159331738948822e-01
4.329163609072566032e-01
4.382094349712133408e-01
4.802000541239976883e-01
5.441992480773478746e-01
5.195371748413890600e-01
3.971910229884088039e-01
3.549219230189919472e-01
4.057648880407214165e-01
4.053809430915862322e-01
5.058288380969315767e-01
6.358965740073472261e-01
5.086559550836682320e-01
4.055032380856573582e-01
4.789402480237185955e-01
6.265116578433662653e-01
5.268784631043672562e-01
3.915942499879747629e-01
5.376108367927372456e-01
4.383772241417318583e-01
4.386287010274827480e-01
4.380895430222153664e-01
5.330967679619789124e-01
3.841496850363910198e-01
4.825106500647962093e-01
4.884030418470501900e-01
4.888612590730190277e-01
4.372639420907944441e-01
4.336468810215592384e-01
4.179390929639339447e-01
4.379857841413468122e-01
4.706516191363334656e-01
4.387667500413954258e-01
6.268274250905960798e-01
5.276820780709385872e-01
5.767936022020876408e-01
5.231994199566543102e-01
4.425065170507878065e-01
5.000590819399803877e-01
3.781265818979591131e-01
4.086309450212866068e-01
4.209277441259473562e-01
5.383356190286576748e-01
4.412545030936598778e-01
5.189430620521306992e-01
5.296665029600262642e-01
4.963412759825587273e-01
5.535723550710827112e-01
5.205237721092998981e-01
4.368253720458596945e-01
5.765708570834249258e-01
6.286944849416613579e-01
5.101154739968478680e-01
4.987206400837749243e-01
4.787662359885871410e-01
5.257322629913687706e-01
5.245353921782225370e-01
4.977618630509823561e-01
4.382032679859548807e-01
4.378344900906085968e-01
5.050296811386942863e-01
4.963918880093842745e-01
5.108368981163948774e-01
4.318414221052080393e-01
4.242331599816679955e-01
3.467521108686923981e-01
4.239422858227044344e-01
3.899011770263314247e-01
4.328197620343416929e-01
5.016150039155036211e-01
5.856719650328159332e-01
6.472497649956494570e-01
5.864143879152834415e-01
5.972726671025156975e-01
6.684710201807320118e-01
4.092182130552828312e-01
4.343175301328301430e-01
5.150133140850812197e-01
4.947021880652755499e-01
5.718284510076045990e-01
3.897425278555601835e-01
5.405755778774619102e-01
4.000251931138336658e-01
4.179453279357403517e-01
4.084483028855174780e-01
5.060792050790041685e-01
4.354816358536481857e-01
4.816713081672787666e-01
5.863120560534298420e-01
5.264336669351905584e-01
4.374780398793518543e-01
4.678120738826692104e-01
4.399006131570786238e-01
5.241821871604770422e-01
5.254872331861406565e-01
3.643557608593255281e-01
4.352132219355553389e-01
3.725367558654397726e-01
4.381223961245268583e-01
4.902876119595021009e-01
4.393088088836520910e-01
4.366548159159719944e-01
4.389700458850711584e-01
4.397610230371356010e-01
4.367589219473302364e-01
6.365084990393370390e-01
4.782994820270687342e-01
5.252678070683032274e-01
5.846223400440067053e-01
4.592732740566134453e-01
4.386015699710696936e-01
5.103141888976097107e-01
5.437252440024167299e-01
3.635891329031437635e-01
5.227044471539556980e-01
4.885856509208679199e-01
5.129653390031307936e-01
4.355338509194552898e-01
4.377472810447216034e-01
4.148750479798763990e-01
5.186673121061176062e-01
5.036762361414730549e-01
4.788808638695627451e-01
5.462938989512622356e-01
6.365373509470373392e-01
6.364387499634176493e-01
6.154980480205267668e-01
5.851151919923722744e-01
4.817613710183650255e-01
5.753683880902826786e-01
5.856291549280285835e-01
5.446827530395239592e-01
4.234080230817198753e-01
4.788014350924640894e-01
4.387780728284269571e-01
3.810837799683213234e-01
4.361806260421872139e-01
4.391083260998129845e-01
5.330275418236851692e-01
5.396536050830036402e-01
4.801808909978717566e-01
3.809735809918493032e-01
4.357984529342502356e-01
5.594995419960469007e-01
5.208638729527592659e-01
6.482050688937306404e-01
5.260054750833660364e-01
4.699621631298214197e-01
5.754447127692401409e-01
4.915795028209686279e-01
3.842390340287238359e-01
3.250686910469084978e-01
4.397291000932455063e-01
4.342616780195385218e-01
4.394572097808122635e-01
4.380200910381972790e-01
4.375447689089924097e-01
4.366598769556730986e-01
4.359668260440230370e-01
4.375925089698284864e-01
3.646492699626833200e-01
4.364104019477963448e-01
4.243950850795954466e-01
5.222385281231254339e-01
4.984777728095650673e-01
5.183624951168894768e-01
6.582965899724513292e-01
6.398945960681885481e-01
4.580427110195159912e-01
5.961302351206541061e-01
6.066072250250726938e-01
6.176057669799774885e-01
5.231905600521713495e-01
5.072428919374942780e-01
5.244941310957074165e-01
4.331992198713123798e-01
5.489198591094464064e-01
5.393358860164880753e-01
5.559390690177679062e-01
4.095824800897389650e-01
5.494248629547655582e-01
5.232128370553255081e-01
5.569765218533575535e-01
5.115229771472513676e-01
5.232693508733063936e-01
6.106523140333592892e-01
6.092973861377686262e-01
4.386088720057159662e-01
5.795313559938222170e-01
5.141153188887983561e-01
4.915976088959723711e-01
4.371033571660518646e-01
5.213381950743496418e-01
4.967528900597244501e-01
5.331259241793304682e-01
5.093184500001370907e-01
5.088743900414556265e-01
5.066395448520779610e-01
5.069236920680850744e-01
4.978909490164369345e-01
5.267248139716684818e-01
5.901744489092379808e-01
7.005023132078349590e-01
6.470310948789119720e-01
5.985457969363778830e-01
5.259518758393824100e-01
4.608435130212455988e-01
4.912355549167841673e-01
5.059271662030369043e-01
4.398445719853043556e-01
4.085179970134049654e-01
5.744598999153822660e-01
4.379930419381707907e-01
4.965483450796455145e-01
5.157476919703185558e-01
3.763853099662810564e-01
5.686410421039909124e-01
6.075038849376142025e-01
4.804026091005653143e-01
6.600293859373778105e-01
6.206553329247981310e-01
6.097170589491724968e-01
5.888210271950811148e-01
6.082996779587119818e-01
5.313521279022097588e-01
3.828100371174514294e-01
4.371803379617631435e-01
4.017996110487729311e-01
3.662202660925686359e-01
5.758507740683853626e-01
4.389778359327465296e-01
4.402619958855211735e-01
4.037626469507813454e-01
4.392770850099623203e-01
5.574831289704889059e-01
5.115609180647879839e-01
5.387814368586987257e-01
5.872031159233301878e-01
6.312849000096321106e-01
5.258783148601651192e-01
4.487262449692934752e-01
5.875211150851100683e-01
6.710516908206045628e-01
5.662144268862903118e-01
5.246760130394250154e-01
4.467923669144511223e-01
5.060270689427852631e-01
4.329075987916439772e-01
3.643314777873456478e-01
4.373995808418840170e-01
5.125562041066586971e-01
4.424487960059195757e-01
4.368129621725529432e-01
5.220379908569157124e-01
5.213769008405506611e-01
4.913841248489916325e-01
4.383695130236446857e-01
5.278716050088405609e-01
5.195796610787510872e-01
5.262424710672348738e-01
4.375722801778465509e-01
5.034202290698885918e-01
4.381230520084500313e-01
4.371915662195533514e-01
4.374119320418685675e-01
4.321062418166548014e-01
3.131534759886562824e-01
3.900989610701799393e-01
4.884013868868350983e-01
4.380378511268645525e-01
3.975294169504195452e-01
5.050879598129540682e-01
4.390985060017555952e-01
3.909856649115681648e-01
4.914036560803651810e-01
4.588731571566313505e-01
5.240120529197156429e-01
6.067873430438339710e-01
4.908216849435120821e-01
5.014804550446569920e-01
5.257498438004404306e-01
4.416373320855200291e-01
4.356255738530308008e-01
4.317696439102292061e-01
3.725968399085104465e-01
4.363441781606525183e-01
4.395027840510010719e-01
3.737667009700089693e-01
5.134692299179732800e-01
5.257069689687341452e-01
5.089546130038797855e-01
4.960949970409274101e-01
5.975803190376609564e-01
6.050393851473927498e-01
6.382266979198902845e-01
5.975404111668467522e-01
4.999290960840880871e-01
5.289633481297641993e-01
4.166318569332361221e-01
5.012362150009721518e-01
4.395434861071407795e-01
4.396734358742833138e-01
4.353909629862755537e-01
3.061582280788570642e-01
5.259464001283049583e-01
5.070221000351011753e-01
4.392210920341312885e-01
4.264987411443144083e-01
3.400060720741748810e-01
6.302295210771262646e-01
4.610920308623462915e-01
6.105808438733220100e-01
6.076027418021112680e-01
4.491572829429060221e-01
6.073039800394326448e-01
5.204343290533870459e-01
4.290610759053379297e-01
4.423552728258073330e-01
4.424278149381279945e-01
5.190881181042641401e-01
4.082108470611274242e-01
3.446321689989417791e-01
5.160202800761908293e-01
4.399519748985767365e-01
5.221657662186771631e-01
5.264956178143620491e-01
6.596944450866430998e-01
4.999308320693671703e-01
5.875140789430588484e-01
5.288262041285634041e-01
5.262206720653921366e-01
5.891125679481774569e-01
5.985682820901274681e-01
4.098654692061245441e-01
4.394052510615438223e-01
4.389292690902948380e-01
4.375449740327894688e-01
3.405643289443105459e-01
4.859135469887405634e-01
5.358029028866440058e-01
4.183138359803706408e-01
5.338610280305147171e-01
5.533908889628946781e-01
4.389982901047915220e-01
4.907934989314526320e-01
3.668859219178557396e-01
4.402121210005134344e-01
5.015735900960862637e-01
4.896182129159569740e-01
5.222258700523525476e-01
4.497191258706152439e-01
6.497442701365798712e-01
5.271947400178760290e-01
4.494980350136756897e-01
5.879816920496523380e-01
4.356666700914502144e-01
3.908216208219528198e-01
4.372144341468811035e-01
5.319315739907324314e-01
4.817668579053133726e-01
3.558534279000014067e-01
3.822379619814455509e-01
3.479044940322637558e-01
5.500729610212147236e-01
3.839519959874451160e-01
4.069284358993172646e-01
4.376145710702985525e-01
4.404624879825860262e-01
4.477244508452713490e-01
5.270951609127223492e-01
4.497192020062357187e-01
5.264275970403105021e-01
5.265564639121294022e-01
6.705588840413838625e-01
5.245567299425601959e-01
6.084191510453820229e-01
4.375672650057822466e-01
4.378303419798612595e-01
3.969600698910653591e-01
3.883222059812396765e-01
3.977927779778838158e-01
4.394407158251851797e-01
4.374765208922326565e-01
3.888138181064277887e-01
5.221257740631699562e-01
4.151477040722966194e-01
5.244266090448945761e-01
4.477283991873264313e-01
5.277346051298081875e-01
4.388778181746602058e-01
6.482054449152201414e-01
5.283074679318815470e-01
6.158753200434148312e-01
5.265522380359470844e-01
6.876549611333757639e-01
4.325807250570505857e-01
4.360026200301945210e-01
4.369434539694339037e-01
4.792702828999608755e-01
5.161736519075930119e-01
4.384211760479956865e-01
5.232515651732683182e-01
5.287333729211241007e-01
5.393769689835608006e-01
4.365785021800547838e-01
4.310037940740585327e-01
5.214352980256080627e-01
5.253301979973912239e-01
5.894976509734988213e-01
6.055601539555937052e-01
5.269158799201250076e-01
5.248151849955320358e-01
6.691473519895225763e-01
4.354360930155962706e-01
4.328283369541168213e-01
4.217539411038160324e-01
4.941568518988788128e-01
5.130811370909214020e-01
4.859070710372179747e-01
4.351141348015516996e-01
4.226943918038159609e-01
3.983665469568222761e-01
5.224059571046382189e-01
5.259062070399522781e-01
5.279030511155724525e-01
5.991161989513784647e-01
6.173565450590103865e-01
5.971214708406478167e-01
6.494920791592448950e-01
4.682636510115116835e-01
3.627885049208998680e-01
4.959748331457376480e-01
5.044539880473166704e-01
4.305460851173847914e-01
4.321818340104073286e-01
5.204197249840945005e-01
5.214749290607869625e-01
4.389015049673616886e-01
3.711677088867872953e-01
3.550502590369433165e-01
4.351021079346537590e-01
4.364295289851725101e-01
5.052615879103541374e-01
5.878736861050128937e-01
5.258496121969074011e-01
6.479728131089359522e-01
5.251237261109054089e-01
6.286481199786067009e-01
6.251520698424428701e-01
4.018250152003020048e-01
4.376178400125354528e-01
4.784144039731472731e-01
5.294782351702451706e-01
4.966236408799886703e-01
4.974446359556168318e-01
3.991913399659097195e-01
