7.687529909890145063e-01
4.530432911124080420e-01
6.218292140401899815e-01
6.381869618780910969e-01
6.364079557824879885e-01
8.149969629012048244e-01
7.266764268279075623e-01
6.578353478107601404e-01
7.347496498841792345e-01
6.316992468200623989e-01
7.999299769289791584e-01
6.617995591368526220e-01
6.003093121107667685e-01
8.051244982052594423e-01
6.047469130717217922e-01
8.088751470204442739e-01
6.081432658247649670e-01
6.317485829349607229e-01
5.985704960767179728e-01
6.383037120103836060e-01
8.143407909665256739e-01
5.788680301047861576e-01
5.263412389904260635e-01
7.667347751557826996e-01
6.732871248386800289e-01
6.633312280755490065e-01
6.679983108770102262e-01
6.502976398915052414e-01
5.877822630573064089e-01
6.244495280552655458e-01
6.341900050174444914e-01
6.240281229838728905e-01
5.907867939677089453e-01
4.566598550882190466e-01
5.736079278867691755e-01
4.443735680542886257e-01
5.618798739742487669e-01
5.952574550174176693e-01
5.603499650023877621e-01
5.499310030136257410e-01
5.562152799684554338e-01
5.245893029496073723e-01
4.555428531020879745e-01
4.339765780605375767e-01
5.345080930273979902e-01
5.736730599310249090e-01
5.732212008442729712e-01
5.312322699464857578e-01
4.968427969142794609e-01
5.475553360302001238e-01
5.476621980778872967e-01
5.731285400688648224e-01
3.974442468024790287e-01
5.488117861095815897e-01
5.304417531006038189e-01
5.001265259925276041e-01
4.445360691752284765e-01
5.295398959424346685e-01
4.948503221385180950e-01
5.455008929129689932e-01
3.871893819887191057e-01
5.391642549075186253e-01
6.211285120807588100e-01
4.467400771100074053e-01
4.446202379185706377e-01
4.432712348643690348e-01
6.243333609309047461e-01
4.498955120798200369e-01
5.397779589984565973e-01
4.470480149611830711e-01
5.314398549962788820e-01
4.987048709299415350e-01
4.466542128939181566e-01
4.509170579258352518e-01
5.647647969890385866e-01
4.499175900127738714e-01
6.026898799464106560e-01
4.860880819614976645e-01
5.209774901159107685e-01
5.887351001147180796e-01
6.519521179143339396e-01
4.521655780263245106e-01
5.763873930554836988e-01
5.748058559838682413e-01
5.558355369139462709e-01
5.832296500448137522e-01
5.231395810842514038e-01
5.476480319630354643e-01
5.733873657882213593e-01
5.666989129967987537e-01
5.211106529459357262e-01
5.870963048655539751e-01
5.303624139633029699e-01
4.807070940732955933e-01
5.800874019041657448e-01
6.156135131604969501e-01
5.188377629965543747e-01
4.521098160184919834e-01
5.286088851280510426e-01
4.289510839153081179e-01
3.684985688887536526e-01
4.426691711414605379e-01
5.483512459322810173e-01
6.083560818806290627e-01
5.549322941806167364e-01
5.835075811482965946e-01
5.307251238264143467e-01
4.445039641577750444e-01
5.033567869104444981e-01
4.477822179906070232e-01
5.739043559879064560e-01
5.719935048837214708e-01
4.401392119470983744e-01
4.426935790106654167e-01
5.644139819778501987e-01
6.268884991295635700e-01
3.934283850248903036e-01
3.860911249648779631e-01
4.924983279779553413e-01
5.034530388657003641e-01
6.154987129848450422e-01
5.458641299046576023e-01
5.394495709333568811e-01
5.288214939646422863e-01
6.084170190151780844e-01
5.113066490739583969e-01
5.845045291353017092e-01
6.530178810935467482e-01
5.318705460522323847e-01
5.230110781267285347e-01
5.318765039555728436e-01
6.197809427976608276e-01
6.017588209360837936e-01
6.097833749372512102e-01
5.482347600627690554e-01
3.964474340900778770e-01
5.567424481268972158e-01
5.329857580363750458e-01
4.538322559092193842e-01
5.112192458473145962e-01
5.563241848722100258e-01
4.444557970855385065e-01
5.381989281158894300e-01
5.346734230406582355e-01
5.105531699955463409e-01
5.831955429166555405e-01
5.933299069292843342e-01
4.451427431777119637e-01
5.215842218603938818e-01
5.485092359595000744e-01
5.566262460779398680e-01
5.740309001412242651e-01
5.125598891172558069e-01
5.507133319042623043e-01
5.491661571431905031e-01
4.537638721521943808e-01
5.055403448641300201e-01
4.143698620609939098e-01
5.054823888931423426e-01
5.052036109846085310e-01
5.499459540005773306e-01
5.114921322092413902e-01
4.504077630117535591e-01
6.008735909126698971e-01
4.056647981051355600e-01
4.413286510389298201e-01
4.969994740094989538e-01
4.072928719688206911e-01
4.468370589893311262e-01
5.402435371652245522e-01
5.186798148788511753e-01
4.450119319371879101e-01
5.484200040809810162e-01
4.314474000129848719e-01
4.443297060206532478e-01
5.036784210242331028e-01
5.223837469238787889e-01
5.235551670193672180e-01
5.786898350343108177e-01
4.472432669717818499e-01
5.233919159509241581e-01
4.536477511283010244e-01
5.475054918788373470e-01
4.577240948565304279e-01
3.810524609871208668e-01
5.131953312084078789e-01
3.858251660130918026e-01
5.281657399609684944e-01
5.754667869769036770e-01
6.106684408150613308e-01
4.572193319909274578e-01
5.297765200957655907e-01
5.892092499416321516e-01
4.306538770906627178e-01
4.500921110156923532e-01
4.248942320700734854e-01
5.245153061114251614e-01
5.507584610022604465e-01
5.401817150413990021e-01
3.707970120012760162e-01
5.244513580109924078e-01
5.594069799408316612e-01
5.324539488647133112e-01
4.440906920935958624e-01
4.449812809471040964e-01
4.540193930733948946e-01
4.563157029915601015e-01
4.533449599985033274e-01
5.001133340410888195e-01
4.971143859438598156e-01
5.436797579750418663e-01
5.399052489083260298e-01
5.053379999008029699e-01
4.050712038297206163e-01
4.445234609302133322e-01
5.312313858885318041e-01
4.039691169746220112e-01
3.864155560731887817e-01
4.454687030520290136e-01
5.040285380091518164e-01
3.426706690806895494e-01
4.426018379162997007e-01
4.437488170806318521e-01
5.380525561049580574e-01
6.020918090362101793e-01
5.393652899656444788e-01
5.020885060075670481e-01
4.956589329522103071e-01
4.948981180787086487e-01
3.831300169695168734e-01
4.305965991225093603e-01
4.532469420228153467e-01
5.341752329841256142e-01
5.480644898489117622e-01
4.452613629400730133e-01
5.052804141305387020e-01
3.762216782197356224e-01
3.900347140152007341e-01
6.102753479499369860e-01
5.139136540237814188e-01
3.702928710263222456e-01
4.446299299597740173e-01
5.427581530530005693e-01
5.065129688009619713e-01
5.590970499906688929e-01
5.188249379862099886e-01
5.111699078697711229e-01
5.990430479869246483e-01
5.168680921196937561e-01
5.520114970859140158e-01
5.480099050328135490e-01
6.033812819514423609e-01
5.409506668802350760e-01
4.569757820572704077e-01
4.447703321930021048e-01
4.082706470508128405e-01
5.409545598085969687e-01
5.043715049978345633e-01
5.432302909903228283e-01
5.389334480278193951e-01
4.458353570662438869e-01
5.364083838649094105e-01
4.982504169456660748e-01
4.106888999231159687e-01
3.815391950774937868e-01
6.172893589828163385e-01
5.071382839232683182e-01
4.350146520882844925e-01
4.023910549003630877e-01
4.504230059683322906e-01
5.167257890570908785e-01
3.961876051034778357e-01
5.203772850800305605e-01
6.016871239989995956e-01
6.213714769110083580e-01
5.408437920268625021e-01
5.572157891001552343e-01
3.829891618806868792e-01
4.478573109954595566e-01
5.406786401290446520e-01
4.557901578955352306e-01
4.513443869072943926e-01
5.942067259456962347e-01
5.210632469970732927e-01
4.476710960734635592e-01
5.745557539630681276e-01
5.202824310399591923e-01
5.490386241581290960e-01
5.253302510827779770e-01
5.351779630873352289e-01
4.243509510997682810e-01
6.072194890584796667e-01
5.187157951295375824e-01
4.452127700205892324e-01
4.470495670102536678e-01
5.330314340535551310e-01
5.204951919149607420e-01
3.594084531068801880e-01
5.343462238088250160e-01
5.245591958519071341e-01
4.533496820367872715e-01
4.411442768760025501e-01
5.091775350738316774e-01
4.485984160564839840e-01
5.326714611146599054e-01
5.493572992272675037e-01
3.990950831212103367e-01
4.995297968853265047e-01
5.713573188986629248e-01
5.763410232029855251e-01
6.446895869448781013e-01
5.651829310227185488e-01
5.280541470274329185e-01
5.495218147989362478e-01
3.611229299567639828e-01
5.652902240399271250e-01
4.991556270979344845e-01
5.539960670284926891e-01
5.350506261456757784e-01
3.429529229179024696e-01
4.446770809590816498e-01
5.336104950401932001e-01
4.084955928847193718e-01
3.821792928501963615e-01
5.064689610153436661e-01
5.287867649458348751e-01
5.229247459210455418e-01
5.021118340082466602e-01
4.432187599595636129e-01
4.424067300278693438e-01
4.378150589764118195e-01
5.209556890185922384e-01
5.480489390902221203e-01
5.285735949873924255e-01
4.466740640345960855e-01
4.833231950178742409e-01
5.477895990479737520e-01
5.654069341253489256e-01
5.751225268468260765e-01
4.499235309194773436e-01
5.226834521163254976e-01
5.670489710755646229e-01
6.092504828702658415e-01
5.649908750783652067e-01
6.167555849533528090e-01
6.529798980336636305e-01
5.432233770843595266e-01
5.592014051508158445e-01
4.374597140122205019e-01
6.189099070616066456e-01
3.467957379762083292e-01
4.525333519559353590e-01
4.981070591602474451e-01
4.307212890125811100e-01
3.908374339807778597e-01
5.635305359028279781e-01
4.442947600036859512e-01
3.918869278859347105e-01
4.166416379157453775e-01
5.039817451033741236e-01
4.468032589647918940e-01
4.439610629342496395e-01
4.469758570194244385e-01
5.490566431544721127e-01
6.429235830437391996e-01
5.093134869821369648e-01
4.183822870254516602e-01
5.001773820258677006e-01
5.375615782104432583e-01
5.038892829325050116e-01
4.476341940462589264e-01
5.841720760799944401e-01
4.467167938128113747e-01
6.387864011339843273e-01
5.686063070315867662e-01
4.450808230321854353e-01
5.201512190978974104e-01
5.315252000000327826e-01
5.076552690006792545e-01
5.903470758348703384e-01
5.162671150173991919e-01
5.586409100797027349e-01
4.452118449844419956e-01
4.458914611022919416e-01
5.076122609898447990e-01
5.154932290315628052e-01
3.215904028620570898e-01
4.024410981219261885e-01
4.491408320609480143e-01
5.076416940428316593e-01
5.226678510662168264e-01
4.463810499291867018e-01
5.209608331788331270e-01
4.446478039026260376e-01
5.164030760060995817e-01
5.764846510719507933e-01
4.086653299164026976e-01
5.900186258368194103e-01
4.493704799097031355e-01
5.638371030800044537e-01
4.521360010839998722e-01
5.612676918972283602e-01
5.457002790644764900e-01
4.984144240152090788e-01
3.886947401333600283e-01
5.221609061118215322e-01
5.328922339249402285e-01
5.230525019578635693e-01
3.403591301757842302e-01
5.156612109858542681e-01
5.767825718503445387e-01
4.464615751057863235e-01
4.240158980246633291e-01
4.236413559410721064e-01
5.242586531676352024e-01
5.618309800047427416e-01
5.508414399810135365e-01
5.233646018896251917e-01
5.433564679697155952e-01
3.947802260518074036e-01
4.879715649876743555e-01
3.825775098521262407e-01
4.493048009462654591e-01
4.100290068890899420e-01
4.923251869622617960e-01
5.162299419753253460e-01
4.425645719747990370e-01
4.418632159940898418e-01
5.826261411421000957e-01
4.969150261022150517e-01
4.927680131513625383e-01
4.446494260337203741e-01
5.250713741406798363e-01
4.418361799325793982e-01
5.321535319089889526e-01
6.052996590733528137e-01
5.091982968151569366e-01
5.022729858756065369e-01
4.018767999950796366e-01
5.682218561414629221e-01
3.680020570755004883e-01
4.425524789839982986e-01
4.965011810418218374e-01
4.450719100423157215e-01
4.447824920061975718e-01
5.415085661225020885e-01
5.186556661501526833e-01
4.500451460480690002e-01
4.256515339948236942e-01
3.900750798638910055e-01
4.502327169757336378e-01
4.061267389915883541e-01
5.910271739121526480e-01
4.904839240480214357e-01
4.436926620546728373e-01
4.436205918900668621e-01
5.220696900505572557e-01
3.696342289913445711e-01
4.417177480645477772e-01
4.437587701249867678e-01
4.465169471222907305e-01
4.442910677753388882e-01
6.169704308267682791e-01
3.808685441035777330e-01
5.889246840961277485e-01
4.500264269299805164e-01
3.834997890517115593e-01
5.515709961764514446e-01
4.964453321881592274e-01
4.824456661008298397e-01
5.061336730141192675e-01
4.493890469893813133e-01
5.149064871948212385e-01
4.464354778174310923e-01
5.402195060160011053e-01
4.441746440716087818e-01
4.127735788933932781e-01
5.350260611157864332e-01
5.080900229513645172e-01
5.152279569301754236e-01
5.066347240936011076e-01
3.536616971250623465e-01
3.879342160653322935e-01
4.370268229395151138e-01
4.471057120244950056e-01
5.424807029776275158e-01
3.661060649901628494e-01
3.994686128571629524e-01
5.683349110186100006e-01
4.960933779366314411e-01
4.973657501395791769e-01
5.166273671202361584e-01
4.265254188794642687e-01
5.611383980140089989e-01
5.177695299498736858e-01
5.303598227910697460e-01
5.105077510233968496e-01
4.330791109241545200e-01
4.422344251070171595e-01
4.096711508464068174e-01
3.976722760125994682e-01
4.447688248474150896e-01
4.418157979380339384e-01
4.244634460192173719e-01
5.131196470465511084e-01
4.802031100261956453e-01
5.312591879628598690e-01
5.124259139411151409e-01
4.968091680202633142e-01
4.508018009364604950e-01
4.500539561267942190e-01
5.155906160362064838e-01
4.393555489368736744e-01
5.138995971065014601e-01
5.078049350995570421e-01
4.393236790783703327e-01
4.433505020570009947e-01
5.373333739116787910e-01
5.100299380719661713e-01
5.340363159775733948e-01
5.364531718660145998e-01
4.482560679316520691e-01
5.352940938901156187e-01
4.869223290588706732e-01
4.334874979685992002e-01
5.431688560638576746e-01
5.472189129795879126e-01
4.462073310278356075e-01
4.444394290912896395e-01
5.656921830959618092e-01
5.206396020948886871e-01
4.418557509779930115e-01
4.419052489101886749e-01
4.228370029013603926e-01
4.147913958877325058e-01
4.917146728839725256e-01
4.386632621753960848e-01
5.593084029387682676e-01
5.821295659989118576e-01
5.306237379554659128e-01
5.409938558004796505e-01
4.859465439803898335e-01
5.586940101347863674e-01
5.383802012074738741e-01
3.283513539936393499e-01
4.223878961056470871e-01
4.154557548463344574e-01
4.440700251143425703e-01
4.256421958561986685e-01
4.448125620838254690e-01
4.973316988907754421e-01
4.421257490757852793e-01
4.490386049728840590e-01
4.987894890364259481e-01
4.463228550739586353e-01
4.950898780953139067e-01
4.220348999369889498e-01
5.434565390460193157e-01
3.866986900102347136e-01
5.353962189983576536e-01
4.541309901978820562e-01
5.579303510021418333e-01
3.900750221218913794e-01
5.358627310488373041e-01
5.031256501097232103e-01
5.371465359348803759e-01
4.488862040452659130e-01
5.461310779210180044e-01
4.505891280714422464e-01
5.132342011202126741e-01
5.706812010612338781e-01
4.446757331024855375e-01
4.446082860231399536e-01
5.937156809959560633e-01
5.023227499332278967e-01
4.530221698805689812e-01
4.503124079201370478e-01
4.338972219265997410e-01
5.477174781262874603e-01
4.439292910974472761e-01
5.719504510052502155e-01
4.507104919757694006e-01
4.460651041008532047e-01
4.966985769569873810e-01
5.208883231971412897e-01
5.220426029991358519e-01
3.937585451640188694e-01
5.118773248977959156e-01
5.355446229223161936e-01
5.215448350645601749e-01
4.454734490718692541e-01
4.246806669980287552e-01
4.321353980340063572e-01
5.843501850031316280e-01
4.227069918997585773e-01
4.136476889252662659e-01
5.351055271457880735e-01
5.310821530874818563e-01
4.451745420228689909e-01
5.265743469353765249e-01
4.416335669811815023e-01
4.415889680385589600e-01
4.487995340023189783e-01
5.320266950875520706e-01
4.237058151047676802e-01
5.396289280615746975e-01
5.549738581757992506e-01
4.991619759239256382e-01
5.097195240668952465e-01
5.035450991708785295e-01
4.510556010063737631e-01
5.116045919712632895e-01
5.812001049052923918e-01
4.411056491080671549e-01
5.126485368236899376e-01
5.525866709649562836e-01
4.515396619681268930e-01
4.212161619216203690e-01
5.633450159803032875e-01
5.626842018682509661e-01
4.535584698896855116e-01
4.402883579023182392e-01
5.219992129132151604e-01
3.709105048328638077e-01
4.892904609441757202e-01
4.511967569123953581e-01
4.382715600077062845e-01
5.741068620700389147e-01
5.210180999711155891e-01
5.701110309455543756e-01
4.129061070270836353e-01
4.460922279395163059e-01
4.527898079250007868e-01
3.438938951585441828e-01
5.137370319571346045e-01
5.333112869411706924e-01
4.333672560751438141e-01
5.148593219928443432e-01
5.724709080532193184e-01
5.203765218611806631e-01
5.318283131346106529e-01
4.382998580113053322e-01
5.559587299358099699e-01
4.395750288385897875e-01
4.475082620047032833e-01
4.400971399154514074e-01
4.541389511432498693e-01
5.361183150671422482e-01
5.238472810015082359e-01
4.923199061304330826e-01
5.692899480927735567e-01
5.275798039510846138e-01
5.010753748938441277e-01
3.986769851762801409e-01
4.470209050923585892e-01
3.642905671149492264e-01
4.314634890761226416e-01
3.912564690690487623e-01
4.997224449180066586e-01
4.175297990441322327e-01
4.009340759366750717e-01
4.510995959863066673e-01
4.540659759659320116e-01
5.106126780156046152e-01
4.897539520170539618e-01
4.421513690613210201e-01
5.594225891400128603e-01
5.032819658517837524e-01
4.446229999884963036e-01
4.436225600074976683e-01
3.199067260138690472e-01
4.460368051659315825e-01
4.341379660181701183e-01
4.534660931676626205e-01
5.153074669651687145e-01
3.914529888425022364e-01
5.230176169425249100e-01
3.633998548611998558e-01
5.668746351730078459e-01
3.780665630474686623e-01
5.060498600360006094e-01
4.407661759760230780e-01
4.288791608996689320e-01
4.299902298953384161e-01
4.309600600972771645e-01
5.291460661683231592e-01
5.654316109139472246e-01
4.234707199502736330e-01
3.345189429819583893e-01
4.987426609732210636e-01
4.872771240770816803e-01
4.197595678269863129e-01
4.513128688558936119e-01
5.707728657871484756e-01
5.338465101085603237e-01
5.387466109823435545e-01
4.458060418255627155e-01
5.881859778892248869e-01
5.394785380922257900e-01
4.414208671078085899e-01
4.446638650260865688e-01
5.771122560836374760e-01
3.823261540383100510e-01
5.362932940479367971e-01
6.084595839492976665e-01
5.754541561473160982e-01
4.433392928913235664e-01
5.308923691045492887e-01
5.545760528184473515e-01
5.686770810279995203e-01
5.079738229978829622e-01
4.513278310187160969e-01
4.465422569774091244e-01
5.766839161515235901e-01
4.308595370966941118e-01
4.083424077834933996e-01
5.384640579577535391e-01
3.922642250545322895e-01
5.835050658788532019e-01
5.260052259545773268e-01
5.332094850018620491e-01
5.041674608364701271e-01
5.392157901078462601e-01
5.167040720116347075e-01
4.505277089774608612e-01
5.511562491301447153e-01
5.002159129362553358e-01
5.049202649388462305e-01
5.647526099346578121e-01
4.447493639308959246e-01
4.472181070595979691e-01
4.192498719785362482e-01
4.460107618942856789e-01
4.374150279909372330e-01
5.239272420294582844e-01
4.975167890079319477e-01
3.499262470286339521e-01
5.207517030648887157e-01
5.803520150948315859e-01
5.018116610590368509e-01
5.721348100341856480e-01
4.472792008891701698e-01
4.443274668883532286e-01
5.061586510855704546e-01
4.479704531840980053e-01
4.507886790670454502e-01
4.031686179805546999e-01
5.616774931550025940e-01
4.158004829660058022e-01
4.435150509234517813e-01
4.949572940822690725e-01
5.484594791196286678e-01
4.344067070633172989e-01
5.224229600280523300e-01
5.488434401340782642e-01
5.220885050948709249e-01
4.175648600794374943e-01
4.517196980305016041e-01
4.501710908953100443e-01
4.500695660244673491e-01
4.507286080624908209e-01
4.505894389003515244e-01
4.100252708885818720e-01
5.579942611511796713e-01
3.603507338557392359e-01
4.423683059867471457e-01
4.950901428237557411e-01
4.375162241049110889e-01
4.443237690720707178e-01
4.463169840164482594e-01
4.434995590709149837e-01
4.475697709713131189e-01
4.992071080487221479e-01
5.082623159978538752e-01
3.898611569311469793e-01
5.280856639146804810e-01
4.072635851334780455e-01
4.447134409565478563e-01
4.462168519385159016e-01
5.130373409483581781e-01
5.109371200669556856e-01
5.484122009947896004e-01
5.122028030455112457e-01
4.464200069196522236e-01
4.350919441785663366e-01
5.146029500756412745e-01
5.441287299618124962e-01
4.294868430588394403e-01
5.033105949405580759e-01
5.006984809879213572e-01
4.513086772058159113e-01
5.039995419792830944e-01
4.374234220013022423e-01
5.120673719793558121e-01
5.384345198981463909e-01
3.950273171067237854e-01
4.451046730391681194e-01
5.323219110723584890e-01
5.012369120959192514e-01
5.473180590197443962e-01
4.422752249520272017e-01
3.591993099544197321e-01
4.948411188088357449e-01
4.469323870725929737e-01
5.011992480140179396e-01
3.786104770842939615e-01
5.095838119741529226e-01
3.941501681692898273e-01
4.442103228066116571e-01
5.477721749339252710e-01
5.399049129337072372e-01
5.067448189947754145e-01
5.500333360396325588e-01
4.547766898758709431e-01
5.714775570668280125e-01
4.499739040620625019e-01
4.846930829808115959e-01
4.030135378707200289e-01
4.060753399971872568e-01
5.051326691173017025e-01
5.531500370707362890e-01
3.671615449711680412e-01
5.053037491161376238e-01
4.512369970325380564e-01
5.366412040311843157e-01
5.185934808105230331e-01
4.221063859295099974e-01
4.950365219265222549e-01
5.156524411868304014e-01
4.969754561316221952e-01
5.136653289664536715e-01
5.205607921816408634e-01
5.674863990861922503e-01
4.462374288123100996e-01
5.045922768767923117e-01
5.005730849225074053e-01
3.690484310500323772e-01
4.422607489395886660e-01
4.382696619722992182e-01
4.435735060833394527e-01
4.317404178436845541e-01
5.127889891155064106e-01
4.271235410124063492e-01
5.301758861169219017e-01
4.486068601254373789e-01
5.436303559690713882e-01
3.677115130703896284e-01
4.409901371691375971e-01
4.027494550682604313e-01
4.450836998876184225e-01
4.467810981441289186e-01
5.096034361049532890e-01
5.047114011831581593e-01
4.520661530550569296e-01
5.275733449961990118e-01
5.460388788487762213e-01
4.426641790196299553e-01
4.444410009309649467e-01
4.151154588907957077e-01
4.454631058033555746e-01
4.139166511595249176e-01
4.247675731312483549e-01
5.180775839835405350e-01
5.354567121248692274e-01
5.010713550727814436e-01
5.222949888557195663e-01
5.237040231004357338e-01
4.463501200079917908e-01
3.534234850667417049e-01
5.125115090049803257e-01
5.013409580569714308e-01
4.502595711965113878e-01
4.043777498882263899e-01
5.113767238799482584e-01
3.522682460024952888e-01
5.140558641869574785e-01
5.286358299199491739e-01
4.509089800994843245e-01
5.102432121057063341e-01
3.899706520605832338e-01
3.519477990921586752e-01
5.141804260201752186e-01
4.315503779798746109e-01
5.484237961936742067e-01
4.499116418883204460e-01
4.506684220395982265e-01
4.301191279664635658e-01
4.514091711025685072e-01
5.025101979263126850e-01
5.006498459260910749e-01
4.449731239583343267e-01
4.432316948659718037e-01
4.238078410271555185e-01
4.443827331997454166e-01
5.055448990315198898e-01
4.446103440131992102e-01
5.554745749104768038e-01
5.015763728879392147e-01
4.911311261821538210e-01
4.431075709871947765e-01
3.513111548963934183e-01
4.447506719734519720e-01
5.493789000902324915e-01
5.055007601622492075e-01
5.163812679238617420e-01
5.151138349901884794e-01
5.345122921280562878e-01
3.553429229650646448e-01
4.413984860293567181e-01
4.456762799527496099e-01
4.066437350120395422e-01
4.472487429156899452e-01
3.945371271111071110e-01
4.280772448983043432e-01
4.441370440181344748e-01
4.438221049495041370e-01
4.413392860442399979e-01
4.437924621161073446e-01
4.314258699305355549e-01
4.955412179697304964e-01
4.003354809246957302e-01
4.212835798971354961e-01
5.733902389183640480e-01
4.468676201067864895e-01
5.019387670326977968e-01
4.936487080994993448e-01
4.299168190918862820e-01
4.453866910189390182e-01
3.969916671048849821e-01
5.065224939025938511e-01
4.972877330146729946e-01
5.151057019829750061e-01
4.499878080096095800e-01
4.550566070247441530e-01
5.536832979414612055e-01
4.945508970413357019e-01
5.058344500139355659e-01
5.232944018207490444e-01
5.253979258704930544e-01
4.040173359680920839e-01
5.130747479852288961e-01
4.521243521012365818e-01
5.306350151076912880e-01
4.144461748655885458e-01
5.240406449884176254e-01
3.802829461637884378e-01
5.061380129773169756e-01
4.996015920769423246e-01
5.799110308289527893e-01
5.281901778653264046e-01
4.974932752083986998e-01
3.729595451150089502e-01
3.822006459813565016e-01
5.244203170295804739e-01
5.687856310978531837e-01
5.705636991187930107e-01
5.194013300351798534e-01
4.447573400102555752e-01
5.487874529790133238e-01
5.899313371628522873e-01
3.911153241060674191e-01
4.500963159371167421e-01
4.476062029134482145e-01
4.517130791209638119e-01
3.672571980860084295e-01
5.096984889823943377e-01
4.975051369983702898e-01
3.704120381735265255e-01
4.052104090806096792e-01
5.399977930355817080e-01
4.447466630954295397e-01
5.114555880427360535e-01
4.340144412126392126e-01
4.447973151691257954e-01
5.167992208153009415e-01
4.254176320973783731e-01
4.483455598820000887e-01
4.504570900462567806e-01
4.063009668607264757e-01
4.350904109887778759e-01
4.396971778478473425e-01
5.512825839687138796e-01
5.201637800782918930e-01
4.319698230829089880e-01
4.291812458541244268e-01
4.794439631514251232e-01
4.462943698745220900e-01
4.427575950976461172e-01
4.443446430377662182e-01
4.961551369633525610e-01
3.877189070917665958e-01
5.216825760435312986e-01
5.169872988481074572e-01
4.482817519456148148e-01
4.012292430270463228e-01
4.498920161277055740e-01
4.995880899950861931e-01
3.899850819725543261e-01
3.986779111437499523e-01
5.012655621394515038e-01
4.324965691193938255e-01
5.027299989014863968e-01
4.477038700133562088e-01
4.449120650533586740e-01
4.499896299093961716e-01
4.500368330627679825e-01
5.284170480445027351e-01
4.544694409705698490e-01
5.195517709944397211e-01
3.206254688557237387e-01
4.335092520341277122e-01
4.433699510991573334e-01
4.478161770384758711e-01
5.489485550206154585e-01
5.196415879763662815e-01
3.820657250471413136e-01
4.465231162030249834e-01
4.173230079468339682e-01
3.765215380117297173e-01
4.414409899618476629e-01
4.156388400588184595e-01
4.443768560886383057e-01
4.468029888812452555e-01
4.469395941123366356e-01
5.373720000497996807e-01
4.434371199458837509e-01
4.068533130921423435e-01
3.281086580827832222e-01
4.337917759548872709e-01
4.473313980270177126e-01
4.463311610743403435e-01
3.828545960132032633e-01
4.320727048907428980e-01
3.812113429885357618e-01
5.311933641787618399e-01
5.362875650171190500e-01
4.536078160163015127e-01
4.282069080509245396e-01
5.209568638820201159e-01
4.400600539520382881e-01
5.137723491061478853e-01
4.499983571004122496e-01
4.467521400656551123e-01
4.278030449058860540e-01
5.001071409787982702e-01
5.582019488792866468e-01
4.321701559238135815e-01
4.239343840163201094e-01
3.719863400328904390e-01
4.481624690815806389e-01
4.967528248671442270e-01
4.503252420108765364e-01
3.607440029736608267e-01
4.010850400663912296e-01
5.619380201678723097e-01
5.081625480670481920e-01
4.515902318526059389e-01
4.446611979510635138e-01
5.313730309717357159e-01
5.179016459733247757e-01
4.525054132100194693e-01
4.511946379207074642e-01
5.977715719491243362e-01
4.463179791346192360e-01
4.436836219392716885e-01
5.409231849480420351e-01
4.447136181406676769e-01
4.488848068285733461e-01
5.078626968897879124e-01
4.532709380146116018e-01
5.284487800672650337e-01
4.439585590735077858e-01
5.013847879599779844e-01
4.402080420404672623e-01
5.337934219278395176e-01
5.087071522139012814e-01
5.378907618578523397e-01
3.624748871661722660e-01
4.460133411921560764e-01
4.395913600455969572e-01
4.448152349796146154e-01
5.163236390799283981e-01
4.421009412035346031e-01
4.927808661013841629e-01
4.498898640740662813e-01
4.976312650833278894e-01
4.334244451019912958e-01
4.443804649636149406e-01
4.930699118413031101e-01
4.412940649781376123e-01
4.429054891224950552e-01
4.199602268636226654e-01
3.949586639646440744e-01
4.471155670471489429e-01
3.913755200337618589e-01
5.083280450198799372e-01
5.205375340301543474e-01
4.968074839562177658e-01
4.459830168634653091e-01
5.149276349693536758e-01
5.496838020626455545e-01
4.513430290389806032e-01
4.126940260175615549e-01
4.293632169719785452e-01
4.205040400847792625e-01
5.230527978856116533e-01
3.729467019438743591e-01
5.236896520946174860e-01
3.802094759885221720e-01
5.640864500310271978e-01
4.036308478098362684e-01
4.508602609857916832e-01
4.006637020502239466e-01
3.864413360133767128e-01
5.016188339795917273e-01
5.308144381269812584e-01
3.813962619751691818e-01
4.244797129649668932e-01
4.429166270419955254e-01
5.345238309819251299e-01
4.521730139385908842e-01
4.495671840850263834e-01
4.871439749840646982e-01
4.365442630369216204e-01
5.233193100430071354e-01
4.974768511019647121e-01
5.445630019530653954e-01
4.452205181587487459e-01
4.408802001271396875e-01
5.622674440965056419e-01
5.475336599629372358e-01
4.380825408734381199e-01
3.921698760241270065e-01
5.215522460639476776e-01
4.474573768675327301e-01
3.661799470428377390e-01
4.530575408134609461e-01
3.889248501509428024e-01
3.886530660092830658e-01
5.334278109949082136e-01
3.901104431133717299e-01
4.375682710669934750e-01
4.440141089726239443e-01
4.471514190081506968e-01
5.388607759959995747e-01
4.422230690252035856e-01
5.193891259841620922e-01
4.038631019648164511e-01
4.063123089727014303e-01
3.979026698507368565e-01
5.025390451774001122e-01
5.558678510133177042e-01
4.398614531382918358e-01
5.500597029458731413e-01
5.062857088632881641e-01
3.946127567905932665e-01
4.851736619602888823e-01
5.263467459008097649e-01
5.287933449726551771e-01
4.456801800988614559e-01
5.488818951416760683e-01
5.039864031132310629e-01
5.257588359527289867e-01
4.033075990155339241e-01
4.279308500699698925e-01
4.427344410214573145e-01
5.791130380239337683e-01
4.317399279680103064e-01
4.295905900653451681e-01
5.107524429913610220e-01
4.206506398040801287e-01
3.757544881664216518e-01
5.265178720001131296e-01
5.338999459054321051e-01
4.376775037962943316e-01
5.269103879109025002e-01
4.128438960760831833e-01
5.363238009158521891e-01
4.514955589547753334e-01
4.545220909640192986e-01
5.168198139872401953e-01
3.911034830380231142e-01
5.386183331720530987e-01
4.245875210035592318e-01
4.437834520358592272e-01
4.064176541287451982e-01
4.525899081490933895e-01
5.223934489767998457e-01
5.506981760263442993e-01
3.785880380310118198e-01
4.441370379645377398e-01
4.179353341460227966e-01
5.573082950431853533e-01
4.432776828762143850e-01
3.717131318990141153e-01
4.513742011040449142e-01
4.474906800314784050e-01
3.863670891150832176e-01
4.486980128567665815e-01
4.437958709895610809e-01
5.025393459945917130e-01
4.029717389494180679e-01
4.453812579158693552e-01
5.184440130833536386e-01
4.562973340507596731e-01
5.598144440446048975e-01
4.466427350416779518e-01
4.456297440920025110e-01
3.914326080121099949e-01
4.962311109993606806e-01
4.447780000045895576e-01
4.427795319352298975e-01
5.280427329707890749e-01
5.336916099768131971e-01
5.113352569751441479e-01
3.876453968696296215e-01
4.331055369693785906e-01
4.946630869526416063e-01
5.226554251275956631e-01
3.716058311983942986e-01
3.526555460412055254e-01
4.452565100509673357e-01
5.165973959956318140e-01
5.093627299647778273e-01
4.219046758953481913e-01
5.235786370467394590e-01
4.453906109556555748e-01
4.960440669674426317e-01
5.455918288789689541e-01
5.332877840846776962e-01
5.708285840228199959e-01
4.514265561010688543e-01
5.226565571501851082e-01
4.511281140148639679e-01
4.475603350438177586e-01
5.461698430590331554e-01
5.176260231528431177e-01
5.514185919892042875e-01
3.855210850015282631e-01
3.972438578493893147e-01
4.522193090524524450e-01
4.528332729823887348e-01
3.945396000053733587e-01
3.952230529394000769e-01
5.535039410460740328e-01
3.421544809825718403e-01
4.284593157935887575e-01
4.410123669076710939e-01
4.023795900866389275e-01
4.434632109478116035e-01
4.099405510351061821e-01
4.859678100328892469e-01
4.525962199550122023e-01
5.145137058570981026e-01
4.506595230195671320e-01
4.045329180080443621e-01
4.403011698741465807e-01
3.461691241245716810e-01
4.054612768813967705e-01
4.455503069330006838e-01
5.033236599992960691e-01
4.087645078543573618e-01
5.036710028070956469e-01
4.520883779041469097e-01
3.937246620189398527e-01
5.750854990910738707e-01
5.675845630466938019e-01
4.465856549795717001e-01
5.314376561436802149e-01
5.368073841091245413e-01
4.985068230889737606e-01
4.211908539291471243e-01
4.023495819419622421e-01
4.495802829042077065e-01
5.226345069240778685e-01
4.410237669944763184e-01
4.039287788327783346e-01
4.040367070119827986e-01
5.043090970721095800e-01
5.128287998959422112e-01
4.482475139666348696e-01
4.434326880145817995e-01
5.438217101618647575e-01
5.347305880859494209e-01
4.949287879280745983e-01
4.420618650037795305e-01
4.428051118738949299e-01
3.693619309924542904e-01
4.450446839910000563e-01
5.159088629297912121e-01
4.569969309959560633e-01
5.615229920949786901e-01
5.581919089891016483e-01
5.318089879583567381e-01
4.976218747906386852e-01
5.229889559559524059e-01
4.443453429266810417e-01
4.027751248795539141e-01
3.925812519155442715e-01
4.517303758766502142e-01
5.163894961588084698e-01
4.528722038958221674e-01
4.554668269120156765e-01
4.995741490274667740e-01
5.036808769218623638e-01
5.564948939718306065e-01
5.567934669088572264e-01
4.265505489893257618e-01
5.411732939537614584e-01
5.447566430084407330e-01
5.223694669548422098e-01
5.298148950096219778e-01
3.579336479306221008e-01
5.030811720062047243e-01
4.247238021343946457e-01
5.174784809350967407e-01
5.174367460422217846e-01
4.313039451371878386e-01
4.428937991615384817e-01
5.063033639453351498e-01
4.294613688252866268e-01
4.549920719582587481e-01
5.467074548359960318e-01
4.474792960099875927e-01
4.404802140779793262e-01
3.681967060547322035e-01
4.502162029966711998e-01
4.542489799205213785e-01
4.482690370641648769e-01
4.457333511672914028e-01
5.487996989395469427e-01
3.274864971172064543e-01
4.469780151266604662e-01
4.559771369677037001e-01
4.456201060675084591e-01
4.560009550768882036e-01
5.416955859400331974e-01
4.473531681578606367e-01
4.436964590568095446e-01
4.434649120084941387e-01
4.490256009157747030e-01
4.465405920054763556e-01
3.755693228449672461e-01
5.461767951492220163e-01
4.135239860042929649e-01
4.531575469300150871e-01
6.016889109741896391e-01
5.408014289569109678e-01
4.432247041258960962e-01
4.045675708912312984e-01
5.432118300814181566e-01
5.061248971614986658e-01
5.230547778774052858e-01
4.478886900469660759e-01
3.906039628200232983e-01
5.049037521239370108e-01
4.949109160806983709e-01
4.395898149814456701e-01
5.600517219863831997e-01
4.202790788840502501e-01
4.560545140411704779e-01
5.047338199801743031e-01
5.460978320334106684e-01
4.375585368834435940e-01
4.952268649358302355e-01
4.291504030115902424e-01
4.486404780764132738e-01
5.044732990209013224e-01
4.532185951247811317e-01
3.727574390359222889e-01
4.511517139617353678e-01
5.158937070518732071e-01
5.126050100661814213e-01
5.339174249675124884e-01
4.528648769482970238e-01
4.466521339491009712e-01
5.452144269365817308e-01
3.900172640569508076e-01
4.425884878728538752e-01
5.312703659292310476e-01
5.367017290554940701e-01
4.470455660484731197e-01
3.710175228770822287e-01
5.116290189325809479e-01
4.935654520522803068e-01
4.426807370036840439e-01
5.099408379755914211e-01
5.019667849410325289e-01
5.735831041820347309e-01
4.152963429223746061e-01
4.097961571533232927e-01
4.287794930860400200e-01
5.351848572026938200e-01
3.518284929450601339e-01
4.213763158768415451e-01
3.936719940975308418e-01
4.419647001195698977e-01
4.830315739382058382e-01
4.403404321055859327e-01
3.958340890239924192e-01
3.940549981780350208e-01
5.425679180771112442e-01
5.339072858914732933e-01
4.097727099433541298e-01
4.420538069680333138e-01
5.513404770754277706e-01
5.369173898361623287e-01
3.942542639560997486e-01
5.091837448999285698e-01
4.196276809088885784e-01
4.398941001854836941e-01
3.930909940972924232e-01
4.496985301375389099e-01
4.365948301274329424e-01
3.853502031415700912e-01
4.462257369887083769e-01
5.864684460684657097e-01
4.029926999937742949e-01
5.723232128657400608e-01
5.089837510604411364e-01
4.417550319340080023e-01
4.119877601042389870e-01
4.204303140286356211e-01
5.036684221122413874e-01
4.381077778525650501e-01
3.600564128719270229e-01
3.574308489914983511e-01
5.031636320054531097e-01
5.008958459366112947e-01
5.406894369516521692e-01
4.418693708721548319e-01
5.117652530316263437e-01
5.295489961281418800e-01
4.506026210729032755e-01
5.382752690929919481e-01
5.359022079501301050e-01
4.422427769750356674e-01
4.934667102061212063e-01
5.411882810294628143e-01
4.507268879096955061e-01
5.356646920554339886e-01
4.303184619639068842e-01
4.132238780148327351e-01
4.852565540932118893e-01
4.117219140753149986e-01
4.937431837897747755e-01
4.527807049453258514e-01
4.534604279324412346e-01
4.491751089226454496e-01
4.469318380579352379e-01
4.435215101111680269e-01
5.553465830162167549e-01
4.378899929579347372e-01
4.386864979751408100e-01
4.284256219398230314e-01
3.925905032083392143e-01
4.491086881607770920e-01
4.924987640697509050e-01
4.760271369013935328e-01
4.493097970262169838e-01
4.498626999557018280e-01
4.192745978944003582e-01
3.939996890258044004e-01
4.427501768805086613e-01
4.997528861276805401e-01
5.015894391108304262e-01
5.273945480585098267e-01
3.768021438736468554e-01
5.457926769740879536e-01
4.998578149825334549e-01
4.440552359446883202e-01
4.499362509232014418e-01
5.257477769628167152e-01
4.415789351332932711e-01
5.096708661876618862e-01
4.933350218925625086e-01
4.049225449562072754e-01
5.280005938839167356e-01
5.427478249184787273e-01
5.255671199411153793e-01
5.085523589514195919e-01
3.956732570659369230e-01
4.434348749928176403e-01
5.093928358983248472e-01
5.270923380739986897e-01
5.790010450873523951e-01
5.959399938583374023e-01
4.391097498591989279e-01
5.185363730415701866e-01
4.372132748831063509e-01
5.695932619273662567e-01
4.491444679442793131e-01
4.276142257731407881e-01
5.473021180368959904e-01
4.386631888337433338e-01
5.181470690295100212e-01
5.357436458580195904e-01
5.515919681638479233e-01
4.285036178771406412e-01
4.454444032162427902e-01
4.468064319808036089e-01
5.455899508669972420e-01
5.946105241309851408e-01
4.300181330181658268e-01
3.616376488935202360e-01
4.939047279767692089e-01
5.032768920063972473e-01
5.186741698998957872e-01
5.612362241372466087e-01
4.378092191182076931e-01
5.694593670777976513e-01
4.987658921163529158e-01
5.105386099312454462e-01
5.279834289103746414e-01
4.933296910021454096e-01
5.199348919559270144e-01
5.441541839390993118e-01
5.126764420419931412e-01
4.425032229628413916e-01
5.441027199849486351e-01
5.529735418967902660e-01
4.535793259274214506e-01
3.254942242056131363e-01
5.100264858920127153e-01
3.688912200741469860e-01
4.441534469369798899e-01
5.086099440231919289e-01
4.392055668868124485e-01
3.928902670741081238e-01
5.099471837747842073e-01
4.408099418506026268e-01
4.944699408952146769e-01
4.285525630693882704e-01
4.509911921340972185e-01
5.255663129501044750e-01
4.427219298668205738e-01
3.770974050275981426e-01
5.352169021498411894e-01
4.432177869603037834e-01
4.039469738490879536e-01
5.010872040875256062e-01
4.496411301661282778e-01
5.084408270195126534e-01
4.508107360452413559e-01
4.578338449355214834e-01
4.477340241428464651e-01
4.415522280614823103e-01
5.041520688682794571e-01
5.024988860823214054e-01
5.000925729982554913e-01
3.726338539272546768e-01
5.100799559149891138e-01
4.284234449733048677e-01
5.359042459167540073e-01
4.031471980269998312e-01
4.278017499018460512e-01
5.181878199800848961e-01
4.523887990508228540e-01
4.111225509550422430e-01
4.934790779370814562e-01
5.463886240031570196e-01
4.226269179489463568e-01
4.403867390938103199e-01
4.872204649727791548e-01
5.128670481499284506e-01
5.265985201112926006e-01
4.120173391420394182e-01
4.968878407962620258e-01
4.430955599527806044e-01
4.045121341478079557e-01
4.510539982002228498e-01
4.143442010972648859e-01
5.090147799346596003e-01
5.130253350362181664e-01
5.558237810619175434e-01
5.640572521369904280e-01
4.528550179675221443e-01
4.510004611220210791e-01
5.269063380546867847e-01
4.418965110089629889e-01
4.946670939680188894e-01
4.447878899518400431e-01
5.276823888998478651e-01
5.017920949030667543e-01
5.097744080703705549e-01
5.419230379629880190e-01
4.416592400521039963e-01
4.410589279141277075e-01
3.762335390783846378e-01
5.268613400403410196e-01
4.943950939923524857e-01
5.176366220694035292e-01
4.488111189566552639e-01
5.775013980455696583e-01
5.179577409289777279e-01
3.854472881648689508e-01
3.940548389218747616e-01
3.852958199568092823e-01
5.624530960340052843e-01
5.110489579383283854e-01
3.949964269995689392e-01
5.358611780684441328e-01
4.425413131248205900e-01
4.938715938478708267e-01
4.427005420438945293e-01
4.243320669047534466e-01
4.488694830797612667e-01
5.339403091929852962e-01
5.081670319195836782e-01
5.268891090527176857e-01
3.492041970603168011e-01
5.098431149963289499e-01
5.275946378242224455e-01
4.360726419836282730e-01
5.198838158976286650e-01
4.300620900467038155e-01
3.748525800183415413e-01
4.930987618863582611e-01
4.424500190652906895e-01
5.525541899260133505e-01
5.708957379683852196e-01
4.005523589439690113e-01
4.106948489788919687e-01
4.481972220819443464e-01
4.484918708913028240e-01
5.199047878850251436e-01
5.166215018834918737e-01
5.281487209722399712e-01
5.606212918646633625e-01
4.464957301970571280e-01
3.667096081189811230e-01
4.167673911433666945e-01
5.333023141138255596e-01
4.480877809692174196e-01
5.338071610312908888e-01
5.205377619713544846e-01
5.353711410425603390e-01
5.334250880405306816e-01
4.212353199254721403e-01
4.510478160809725523e-01
4.012675140984356403e-01
4.500061429571360350e-01
4.532908089458942413e-01
5.421434619929641485e-01
4.399722791276872158e-01
5.429923110641539097e-01
4.405541880987584591e-01
5.167144641745835543e-01
5.577323678880929947e-01
4.282309659756720066e-01
4.016592630650848150e-01
5.006307151634246111e-01
4.778232499957084656e-01
6.024819919839501381e-01
4.506429629400372505e-01
4.492935601156204939e-01
3.738434740807861090e-01
4.919491880573332310e-01
4.453600088600069284e-01
3.900792030617594719e-01
5.510430641006678343e-01
5.634223690722137690e-01
5.159471069928258657e-01
4.465294091496616602e-01
4.549120238516479731e-01
4.026080740150064230e-01
4.504112179856747389e-01
5.482361579779535532e-01
4.016776061616837978e-01
4.410413140431046486e-01
3.866611130069941282e-01
4.407616870012134314e-01
4.821272420231252909e-01
5.657905261032283306e-01
5.520957598928362131e-01
4.920363749843090773e-01
4.270918411202728748e-01
5.272278250195086002e-01
3.593965820036828518e-01
4.198433689307421446e-01
5.642681480385363102e-01
4.484392979647964239e-01
5.930300799664109945e-01
4.444927270524203777e-01
5.418320230673998594e-01
3.853505640290677547e-01
4.436066460330039263e-01
4.423447737935930490e-01
5.669387530069798231e-01
5.254383871797472239e-01
5.004380310419946909e-01
5.033899820409715176e-01
4.462632350623607635e-01
3.832926840987056494e-01
4.178461278788745403e-01
4.908625781536102295e-01
5.016861401963979006e-01
5.009267630521208048e-01
5.596252430696040392e-01
5.018860860727727413e-01
4.417236938606947660e-01
5.186839019879698753e-01
4.019018048420548439e-01
4.489664810243993998e-01
4.516796220559626818e-01
3.780999400187283754e-01
5.481884579639881849e-01
5.093464548699557781e-01
4.947526887990534306e-01
5.350705501623451710e-01
5.292203729040920734e-01
3.966284841299057007e-01
3.938148929737508297e-01
5.032302399631589651e-01
5.107319857925176620e-01
4.918822050094604492e-01
5.541201638989150524e-01
4.533311629202216864e-01
5.152463309932500124e-01
3.760637422092258930e-01
3.921141540631651878e-01
4.402931779623031616e-01
5.772166959941387177e-01
3.970432318747043610e-01
4.093038339633494616e-01
5.104787689633667469e-01
4.209882831200957298e-01
4.552839100360870361e-01
4.984989778604358435e-01
4.483637590892612934e-01
5.089022018946707249e-01
4.240710900630801916e-01
4.370859959162771702e-01
5.036320758517831564e-01
5.333020060788840055e-01
5.289211601484566927e-01
4.017206288408488035e-01
5.101556610316038132e-01
4.915491610299795866e-01
3.938109709415584803e-01
4.183942731469869614e-01
4.446018200833350420e-01
5.346881551668047905e-01
4.977914618793874979e-01
4.412236982025206089e-01
4.272831080015748739e-01
4.370996821671724319e-01
4.021626061294227839e-01
4.397315189708024263e-01
4.461204668041318655e-01
5.094650660175830126e-01
4.363022418692708015e-01
4.841076959855854511e-01
4.406502449419349432e-01
4.275615049991756678e-01
4.473328380845487118e-01
5.049294878263026476e-01
5.180221849586814642e-01
5.506282178685069084e-01
4.211192610673606396e-01
4.908222069498151541e-01
5.680985429789870977e-01
4.421547758392989635e-01
4.110761668998748064e-01
5.961419011000543833e-01
3.923530729953199625e-01
5.179475080221891403e-01
5.187312839552760124e-01
3.855652988422662020e-01
4.511317429132759571e-01
5.037568630650639534e-01
4.493270718958228827e-01
4.306504838168621063e-01
4.919224549084901810e-01
3.758858530782163143e-01
4.407535099890083075e-01
5.043536270968616009e-01
4.513177007902413607e-01
4.227088640909641981e-01
4.548355778679251671e-01
4.510499259922653437e-01
5.121259388979524374e-01
5.115835149772465229e-01
3.842298719100654125e-01
5.206658178940415382e-01
4.374705660156905651e-01
5.264427259098738432e-01
4.217567229643464088e-01
4.440661889966577291e-01
5.195482389535754919e-01
3.929495348129421473e-01
3.851974748540669680e-01
5.334459689911454916e-01
4.964102739468216896e-01
4.467512371484190226e-01
4.479328508023172617e-01
4.539760590996593237e-01
5.193686308339238167e-01
4.393852229695767164e-01
5.262142850551754236e-01
4.107414321042597294e-01
4.925448999274522066e-01
5.318593769334256649e-01
4.520489790011197329e-01
3.796966259833425283e-01
4.879782469943165779e-01
4.445128219667822123e-01
4.425588930025696754e-01
4.929796140640974045e-01
4.235608489252626896e-01
5.420002699829638004e-01
3.903471380472183228e-01
5.129766091704368591e-01
5.225920551456511021e-01
4.408676950260996819e-01
5.290342271327972412e-01
5.640172350686043501e-01
4.425558981020003557e-01
5.227591618895530701e-01
4.502874999307096004e-01
4.514790209941565990e-01
4.431242081336677074e-01
4.471205729059875011e-01
5.177400289103388786e-01
3.500590329058468342e-01
5.162790149915963411e-01
3.960491409525275230e-01
4.029402739834040403e-01
4.370425180532038212e-01
4.263675529509782791e-01
4.414937850087881088e-01
3.839379418641328812e-01
3.664749329909682274e-01
5.032314551062881947e-01
4.525066779460757971e-01
4.499449138529598713e-01
3.954397630877792835e-01
5.291917962022125721e-01
4.456698910798877478e-01
5.013717140536755323e-01
5.001366320066154003e-01
5.007581210229545832e-01
5.267666890285909176e-01
5.043336439412087202e-01
5.281227929517626762e-01
5.074274491053074598e-01
4.421748660970479250e-01
4.404890639707446098e-01
4.438090180046856403e-01
3.632433561142534018e-01
4.478464249987155199e-01
3.550366819836199284e-01
5.206911640707403421e-01
4.465642708819359541e-01
4.498410108499228954e-01
4.073829909320920706e-01
4.419337769504636526e-01
4.423644961789250374e-01
4.410018571652472019e-01
4.455760940909385681e-01
5.210382030345499516e-01
5.979521139524877071e-01
4.437586630228906870e-01
5.349227450788021088e-01
4.108273941092193127e-01
3.936648620292544365e-01
4.440825630445033312e-01
3.863404041621834040e-01
4.424221939407289028e-01
5.022669590543955564e-01
4.962869870942085981e-01
4.440457830205559731e-01
3.846126431599259377e-01
5.047846829984337091e-01
4.470634299796074629e-01
5.263031679205596447e-01
4.408994209952652454e-01
5.291230389848351479e-01
5.315819939132779837e-01
5.246256049722433090e-01
5.524609650019556284e-01
3.928303038701415062e-01
3.587524548638612032e-01
4.275856569875031710e-01
3.863376390654593706e-01
4.944148079957813025e-01
3.766932820435613394e-01
4.422990181483328342e-01
4.938064508605748415e-01
4.486783239990472794e-01
4.485603549983352423e-01
5.392357290256768465e-01
5.249717249535024166e-01
4.826068719848990440e-01
4.386522329878062010e-01
5.005232938565313816e-01
5.229246059898287058e-01
3.592182090505957603e-01
5.067090298980474472e-01
4.561475571244955063e-01
4.478882078547030687e-01
3.774533630348742008e-01
4.436389908660203218e-01
4.358712909743189812e-01
5.243461609352380037e-01
4.257372999563813210e-01
5.113503469619899988e-01
4.524901402182877064e-01
4.437957480549812317e-01
3.988757019396871328e-01
4.956383639946579933e-01
4.422873060684651136e-01
4.487583099398761988e-01
5.210749588441103697e-01
3.661090210080146790e-01
5.140521649736911058e-01
4.072827270720154047e-01
4.483169210143387318e-01
4.955715260002762079e-01
4.968199359718710184e-01
3.779187479522079229e-01
4.421870401129126549e-01
4.439494109246879816e-01
3.864213840570300817e-01
4.376216190867125988e-01
4.437196180224418640e-01
4.494719670619815588e-01
4.525775690563023090e-01
4.474285950418561697e-01
4.468409370165318251e-01
4.458435371052473783e-01
4.417979109566658735e-01
3.866320259403437376e-01
4.922594139352440834e-01
5.448912938591092825e-01
5.468500400893390179e-01
5.055543640628457069e-01
4.456938907969743013e-01
5.366148180328309536e-01
4.112342230509966612e-01
5.265689908992499113e-01
5.254897628910839558e-01
3.939083989243954420e-01
4.040347218979150057e-01
4.133808838669210672e-01
4.532492849975824356e-01
4.172242060303688049e-01
4.464184870012104511e-01
4.419663748703896999e-01
3.867744710296392441e-01
4.909667889587581158e-01
3.934221249073743820e-01
4.396891100332140923e-01
5.234133810736238956e-01
4.448436531238257885e-01
4.400581570807844400e-01
4.490253371186554432e-01
5.329060219228267670e-01
4.418959359172731638e-01
5.484881878364831209e-01
5.168559949379414320e-01
4.511874439194798470e-01
5.043092181440442801e-01
5.251460359431803226e-01
4.437801239546388388e-01
5.046786929015070200e-01
4.421877460554242134e-01
4.420247678644955158e-01
3.606426729820668697e-01
5.306170959956943989e-01
4.497495989780873060e-01
4.504751269705593586e-01
4.476354101207107306e-01
4.183512888848781586e-01
4.001902120653539896e-01
5.137287159450352192e-01
3.714175370987504721e-01
5.050015251617878675e-01
4.901194409467279911e-01
4.913354860618710518e-01
5.402483600191771984e-01
4.473900580778717995e-01
4.086589971557259560e-01
4.510216019116342068e-01
5.303308549337089062e-01
5.316312848590314388e-01
3.932285180781036615e-01
4.406756889075040817e-01
3.774514349643141031e-01
3.778060411568731070e-01
4.413030948489904404e-01
4.034030309412628412e-01
3.842471500393003225e-01
4.430905561894178391e-01
5.014409150462597609e-01
4.526958190836012363e-01
4.183903380762785673e-01
5.229844339191913605e-01
4.456646060571074486e-01
5.483254599384963512e-01
