9.254658580757677555e-01
5.501615619286894798e-01
7.589133069850504398e-01
7.807476019952446222e-01
7.960119589697569609e-01
9.993439768441021442e-01
7.451828811317682266e-01
6.816925988532602787e-01
7.540686400607228279e-01
6.500013498589396477e-01
8.176268620882183313e-01
6.698843759950250387e-01
6.166039551608264446e-01
8.239716081880033016e-01
6.125379409641027451e-01
8.268400409724563360e-01
6.144736588466912508e-01
7.701265909709036350e-01
7.380647971294820309e-01
7.843805591110140085e-01
9.957689701113849878e-01
7.209994189906865358e-01
6.518279740121215582e-01
7.883861339651048183e-01
6.872154991142451763e-01
6.849130340851843357e-01
6.933371250052005053e-01
6.604840341024100780e-01
6.082419001031666994e-01
6.413552111480385065e-01
6.428692920599132776e-01
6.300829611718654633e-01
7.424784661270678043e-01
8.052819580771028996e-01
1.000394562957808375e+00
9.661290808580815792e-01
9.488762170076370239e-01
7.741472758352756500e-01
8.010023601818829775e-01
5.972705008462071419e-01
6.940515369642525911e-01
7.042476469650864601e-01
6.518275148700922728e-01
6.784206461161375046e-01
8.436367958784103394e-01
8.618395030498504639e-01
6.693693071138113737e-01
8.053866780828684568e-01
8.213991711381822824e-01
9.863240669947117567e-01
1.001899790950119495e+00
8.288916198071092367e-01
7.273102509789168835e-01
8.299954081885516644e-01
8.033275338821113110e-01
6.131529218982905149e-01
6.141314459964632988e-01
6.226653128396719694e-01
6.239783789496868849e-01
6.486168547999113798e-01
6.236764418426901102e-01
6.359248100779950619e-01
5.996494740247726440e-01
6.528490849304944277e-01
7.473126540426164865e-01
6.410923488438129425e-01
6.612305559683591127e-01
6.586469460744410753e-01
9.941107789054512978e-01
7.837111041881144047e-01
8.042421778663992882e-01
7.881091828458011150e-01
7.560698848683387041e-01
8.111434981692582369e-01
6.611462058499455452e-01
6.168668970931321383e-01
6.793253400828689337e-01
6.849291850812733173e-01
6.650237960275262594e-01
6.204402651637792587e-01
6.861258379649370909e-01
5.797140889335423708e-01
6.343106019776314497e-01
6.806954580824822187e-01
9.189686109311878681e-01
7.705542410258203745e-01
9.615442319773137569e-01
7.470009010285139084e-01
7.483487641438841820e-01
9.152355410624295473e-01
7.083281669765710831e-01
7.603632591199129820e-01
5.838432589080184698e-01
6.367254210636019707e-01
6.772536521311849356e-01
8.203704380430281162e-01
6.546114480588585138e-01
7.966217899229377508e-01
5.885858079418540001e-01
6.368515619542449713e-01
6.480467431247234344e-01
6.764342100359499454e-01
7.443798489402979612e-01
7.147954499814659357e-01
6.513212039135396481e-01
1.008675152203068137e+00
7.633648309856653214e-01
4.549598470330238342e-01
7.923727349843829870e-01
6.633337589446455240e-01
6.134388251230120659e-01
6.631289711222052574e-01
6.316398349590599537e-01
6.658585160039365292e-01
5.503598649520426989e-01
6.157419329974800348e-01
8.269217179622501135e-01
8.365405448712408543e-01
6.941090610343962908e-01
8.269495649728924036e-01
1.035905031953006983e+00
7.813756698742508888e-01
7.574317869730293751e-01
7.978094150312244892e-01
6.043148869648575783e-01
8.180403730366379023e-01
8.046657098457217216e-01
7.987080588936805725e-01
6.346118778456002474e-01
8.132241119164973497e-01
6.806438791099935770e-01
6.498002479784190655e-01
6.509146620519459248e-01
6.842139270156621933e-01
7.745098001323640347e-01
8.120118239894509315e-01
7.421939619816839695e-01
7.369114281609654427e-01
8.050753739662468433e-01
7.894248110242187977e-01
6.419944609515368938e-01
5.873905490152537823e-01
6.654945400077849627e-01
6.813784099649637938e-01
6.472233340609818697e-01
6.338415048085153103e-01
6.341112689115107059e-01
6.470252678263932467e-01
6.001119141001254320e-01
6.684118539560586214e-01
8.477902729064226151e-01
6.586897389497607946e-01
8.397214310243725777e-01
8.389130160212516785e-01
7.702356928493827581e-01
8.268340700305998325e-01
7.764533229637891054e-01
9.250666499137878418e-01
9.974921711254864931e-01
7.311662470456212759e-01
6.680749559309333563e-01
5.504786800593137741e-01
6.762401808518916368e-01
6.913529159501194954e-01
7.487545169424265623e-01
6.768395099788904190e-01
6.647065398283302784e-01
7.841381710022687912e-01
6.407991161104291677e-01
7.884644218720495701e-01
9.857313039246946573e-01
9.028423549607396126e-01
7.304847831837832928e-01
7.701621679589152336e-01
8.192383858840912580e-01
9.154789589811116457e-01
5.926045230589807034e-01
7.809907209593802691e-01
6.948718810454010963e-01
7.723832649644464254e-01
6.091211820021271706e-01
8.272835779935121536e-01
6.382879789452999830e-01
8.028018660843372345e-01
6.245381941553205252e-01
6.763854660093784332e-01
6.736068590544164181e-01
7.326420238241553307e-01
7.837480620946735144e-01
7.499955890234559774e-01
9.824770099949091673e-01
9.939810589421540499e-01
7.859811019152402878e-01
7.739754819776862860e-01
6.797289720270782709e-01
6.410831899847835302e-01
6.791484199929982424e-01
5.397697889711707830e-01
6.299756800290197134e-01
8.261771439574658871e-01
6.868657509330660105e-01
6.502899359911680222e-01
6.402265368960797787e-01
6.615752889774739742e-01
8.065819360781461000e-01
8.008059638086706400e-01
9.112078591715544462e-01
7.858181099873036146e-01
8.269251720048487186e-01
9.765971901360899210e-01
1.003913666121661663e+00
6.562569749075919390e-01
6.525114178657531738e-01
7.469285370316356421e-01
6.029897618573158979e-01
8.189317670185118914e-01
8.540513881016522646e-01
8.142826291732490063e-01
6.598503279965370893e-01
5.616116870660334826e-01
7.673298178706318140e-01
6.234661079943180084e-01
7.376911500468850136e-01
7.935021871235221624e-01
9.832437839359045029e-01
8.305329971481114626e-01
7.893460700288414955e-01
7.189652021043002605e-01
8.377284740563482046e-01
7.843836490064859390e-01
8.484452518168836832e-01
8.440693039447069168e-01
6.515022818930447102e-01
5.849367291666567326e-01
6.102400808595120907e-01
5.476280369330197573e-01
8.017597747966647148e-01
6.676832512021064758e-01
6.525106190238147974e-01
6.742455160710960627e-01
8.889200829435139894e-01
9.447456649504601955e-01
8.018869231455028057e-01
7.834033458493649960e-01
7.676496070344001055e-01
9.795184012036770582e-01
6.650437100324779749e-01
8.281183589715510607e-01
6.335735148750245571e-01
6.586600551381707191e-01
6.405122110154479742e-01
6.422069009859114885e-01
6.691941530443727970e-01
5.884792350698262453e-01
7.720905931200832129e-01
7.697644669096916914e-01
6.229704190045595169e-01
9.670266699977219105e-01
9.542778918985277414e-01
7.447540420107543468e-01
7.725967951118946075e-01
8.058647280558943748e-01
9.702207420486956835e-01
8.850751288700848818e-01
6.363170070108026266e-01
6.171450060792267323e-01
6.165396538563072681e-01
8.085118010640144348e-01
7.768348329700529575e-01
6.151465610601007938e-01
8.481510628480464220e-01
7.908250540494918823e-01
8.056832270231097937e-01
6.394497721921652555e-01
6.330854869447648525e-01
6.867984889540821314e-01
9.899378640111535788e-01
9.158171280287206173e-01
7.852811191696673632e-01
7.603078731335699558e-01
7.295717920642346144e-01
8.161735341418534517e-01
6.703613901045173407e-01
6.882212108466774225e-01
6.597683180589228868e-01
6.219325109850615263e-01
6.183716098312288523e-01
8.564807840157300234e-01
8.178282629232853651e-01
5.697618739213794470e-01
6.447259490378201008e-01
8.321131798438727856e-01
6.557448301464319229e-01
8.011377339717000723e-01
9.660940221510827541e-01
7.247355761937797070e-01
7.995556320529431105e-01
9.864989200141280890e-01
6.678592630196362734e-01
6.385092700365930796e-01
6.194930959027260542e-01
6.689376709982752800e-01
6.344161641318351030e-01
8.062169749755412340e-01
6.250446690246462822e-01
5.985463459510356188e-01
8.027923009358346462e-01
6.435630039777606726e-01
6.491144299507141113e-01
7.033589428756386042e-01
9.599535870365798473e-01
7.689946119207888842e-01
9.418447790667414665e-01
9.362840978428721428e-01
8.018673439510166645e-01
7.367353229783475399e-01
6.166138809639960527e-01
6.148073370568454266e-01
6.230255470145493746e-01
6.118321649264544249e-01
6.292951998766511679e-01
5.219691931270062923e-01
6.453409879468381405e-01
6.215410998556762934e-01
7.275218348950147629e-01
1.001056993147358298e+00
7.458642940036952496e-01
9.708148210775107145e-01
9.897154900245368481e-01
7.037386971060186625e-01
6.665558910463005304e-01
6.199375109281390905e-01
6.467395259533077478e-01
6.753792499657720327e-01
6.665101770777255297e-01
7.998189809732139111e-01
6.547105330973863602e-01
6.505210399627685547e-01
6.644267980009317398e-01
6.688112088013440371e-01
6.761989800725132227e-01
5.149750099517405033e-01
6.634274779353290796e-01
8.149048259947448969e-01
8.472266988828778267e-01
7.200809300411492586e-01
7.785997791215777397e-01
7.753973649814724922e-01
7.560798227787017822e-01
7.648008801043033600e-01
9.752219188958406448e-01
7.624680590815842152e-01
8.007513110060244799e-01
6.754225920885801315e-01
8.331944469828158617e-01
8.095794520340859890e-01
7.994580341037362814e-01
5.979092500638216734e-01
8.139345669187605381e-01
6.215688390657305717e-01
6.547009518835693598e-01
7.843801770359277725e-01
7.125525439623743296e-01
7.866467270068824291e-01
8.142442819662392139e-01
7.470593829639256001e-01
7.501878170296549797e-01
6.923735358286648989e-01
6.631526630371809006e-01
8.129501750227063894e-01
6.552809968125075102e-01
6.572092929854989052e-01
8.115827650763094425e-01
6.469395579770207405e-01
6.296463850885629654e-01
7.964600818231701851e-01
6.201209970749914646e-01
8.070287199225276709e-01
5.679181020241230726e-01
6.337494319304823875e-01
8.090013160835951567e-01
6.570672839879989624e-01
7.450651489198207855e-01
9.896525109652429819e-01
8.155462609138339758e-01
8.068244880996644497e-01
9.899560580961406231e-01
7.948301581200212240e-01
7.417286981362849474e-01
6.339784939773380756e-01
5.904635440092533827e-01
7.999385080765932798e-01
7.812349749729037285e-01
6.633153699804097414e-01
6.719535859301686287e-01
6.242927131243050098e-01
6.277690059505403042e-01
6.033184509724378586e-01
5.998961490113288164e-01
5.804616562090814114e-01
6.783050259109586477e-01
9.485951901879161596e-01
6.887327539734542370e-01
7.646948508918285370e-01
9.911964298225939274e-01
8.132690829224884510e-01
7.323060040362179279e-01
7.807789931539446115e-01
6.354582640342414379e-01
6.558416108600795269e-01
6.461664279922842979e-01
8.155347150750458241e-01
8.103363970294594765e-01
6.139796019997447729e-01
7.769104149192571640e-01
6.343896340113133192e-01
6.616563480347394943e-01
8.293908410705626011e-01
1.009051105938851833e+00
9.544619941152632236e-01
7.523752041161060333e-01
7.318390251602977514e-01
7.673992610070854425e-01
8.257362621370702982e-01
6.838853890076279640e-01
6.215510540641844273e-01
6.658206379506736994e-01
6.378540170844644308e-01
7.843911820091307163e-01
5.919425229076296091e-01
6.479600260499864817e-01
8.046019149478524923e-01
6.131080398336052895e-01
6.429027721751481295e-01
8.263813068624585867e-01
7.827164358459413052e-01
9.076060990337282419e-01
7.651822790503501892e-01
7.373049519956111908e-01
7.125353419687598944e-01
7.445103840436786413e-01
9.461258510127663612e-01
9.688206720165908337e-01
8.143695460166782141e-01
8.160948071163147688e-01
6.675764960236847401e-01
5.420250061433762312e-01
6.879025469534099102e-01
7.372526170220226049e-01
5.787731730379164219e-01
6.207440218422561884e-01
6.165256469976156950e-01
6.396893470082432032e-01
7.867682941723614931e-01
8.161172729451209307e-01
6.326793858315795660e-01
7.664912419859319925e-01
7.520832980517297983e-01
7.840238378848880529e-01
9.369712239131331444e-01
7.887429450638592243e-01
7.990014988463371992e-01
6.092670541256666183e-01
6.534262727946043015e-01
8.039076479617506266e-01
8.426844200585037470e-01
6.567768130917102098e-01
7.881888560950756073e-01
5.877653660718351603e-01
6.383816488087177277e-01
6.518655768595635891e-01
8.356563169509172440e-01
5.712149641476571560e-01
7.953021219000220299e-01
7.115585249848663807e-01
9.142965751234441996e-01
7.532368018291890621e-01
7.274347608909010887e-01
7.903588209301233292e-01
8.998840150889009237e-01
6.389815709553658962e-01
7.751028849743306637e-01
6.218633758835494518e-01
6.662046250421553850e-01
8.373200539499521255e-01
6.145823360420763493e-01
5.598785460460931063e-01
6.113836250733584166e-01
7.540738740935921669e-01
7.709016159642487764e-01
7.364987679757177830e-01
9.190243768971413374e-01
7.525778762064874172e-01
9.584393978584557772e-01
9.610217409208416939e-01
7.162152659147977829e-01
8.287702079396694899e-01
6.213036070112138987e-01
6.690597829874604940e-01
7.515266400296241045e-01
7.897554750088602304e-01
6.424297909252345562e-01
6.531676049344241619e-01
8.390174200758337975e-01
6.494373949244618416e-01
7.902582280803471804e-01
7.883649980649352074e-01
7.765435371547937393e-01
7.223294409923255444e-01
7.478196939919143915e-01
7.737505971454083920e-01
9.581734188832342625e-01
8.362820660695433617e-01
6.258820479270070791e-01
5.972969019785523415e-01
8.237706259824335575e-01
6.438136899378150702e-01
6.035281189251691103e-01
6.059630881063640118e-01
6.116503409575670958e-01
6.291500860825181007e-01
5.860514279920607805e-01
7.636738140136003494e-01
7.353547250386327505e-01
7.667105819564312696e-01
7.744396510533988476e-01
7.095162561163306236e-01
7.761109080165624619e-01
7.737304719630628824e-01
9.927870309911668301e-01
6.037375549785792828e-01
8.283859109506011009e-01
8.014390310272574425e-01
6.025309599936008453e-01
8.024997469037771225e-01
6.322087680455297232e-01
6.781425811350345612e-01
6.780830719508230686e-01
6.305196511093527079e-01
7.906249968800693750e-01
6.794382748194038868e-01
7.656313350889831781e-01
6.279274898115545511e-01
7.075204132124781609e-01
9.102678028866648674e-01
9.177716330159455538e-01
9.411629319656640291e-01
7.753784670494496822e-01
8.171065449714660645e-01
7.329902930650860071e-01
6.439659770112484694e-01
6.093950769864022732e-01
7.821714680176228285e-01
8.080458620097488165e-01
7.908449999522417784e-01
6.159664380829781294e-01
6.394524490460753441e-01
6.796776480041444302e-01
8.279939549975097179e-01
7.548231850378215313e-01
7.669874569401144981e-01
7.570138589944690466e-01
7.535488160792738199e-01
7.576080688741058111e-01
7.976210410706698895e-01
7.696783619467169046e-01
7.755659399554133415e-01
8.082008019555360079e-01
6.335399029776453972e-01
6.014965500216931105e-01
7.761926508974283934e-01
6.773248910903930664e-01
6.186448538210242987e-01
6.725504000205546618e-01
5.922150870319455862e-01
8.228889510501176119e-01
8.044542719144374132e-01
5.475457310676574707e-01
6.424859908875077963e-01
8.131138330791145563e-01
6.920938519760966301e-01
9.890310298651456833e-01
7.844676128588616848e-01
7.298461950849741697e-01
7.527099878061562777e-01
7.415775030385702848e-01
7.189242900349199772e-01
6.310128031764179468e-01
6.222021048888564110e-01
4.186606898438185453e-01
6.500207181088626385e-01
6.313913089688867331e-01
4.502668569330126047e-01
6.329538528807461262e-01
6.080359469633549452e-01
6.690273201093077660e-01
6.410144639667123556e-01
7.466099520679563284e-01
7.958466608542948961e-01
9.927418681327253580e-01
7.297932051587849855e-01
7.078213042113929987e-01
7.345253389794379473e-01
7.511089681647717953e-01
7.339889861177653074e-01
7.708392029162496328e-01
8.162485929206013680e-01
8.100537150166928768e-01
8.532628470566123724e-01
7.454059310257434845e-01
6.075135429855436087e-01
8.324948248919099569e-01
7.882028389722108841e-01
8.024735387880355120e-01
6.139244399964809418e-01
7.485479901079088449e-01
7.322746880818158388e-01
7.646064318250864744e-01
9.821786668617278337e-01
8.964779211673885584e-01
9.616116639226675034e-01
7.941568121314048767e-01
7.016006668563932180e-01
7.877293098717927933e-01
7.774820988997817039e-01
8.154811221174895763e-01
8.158258758485317230e-01
6.241054928395897150e-01
8.129981129895895720e-01
6.704984819516539574e-01
6.002869370859116316e-01
6.730711949057877064e-01
6.316765730734914541e-01
7.905146640259772539e-01
6.735249839257448912e-01
8.861090850550681353e-01
7.662080749869346619e-01
7.501059309579432011e-01
7.288583701010793447e-01
7.434427109546959400e-01
7.915625090245157480e-01
8.412897540256381035e-01
6.548340439330786467e-01
7.655006819404661655e-01
6.689748580101877451e-01
7.982361679896712303e-01
6.179862180724740028e-01
6.574237397871911526e-01
5.599048109725117683e-01
5.956165839452296495e-01
8.241690329741686583e-01
7.209154830779880285e-01
1.000848710071295500e+00
9.485809430480003357e-01
8.941832471173256636e-01
7.121872010175138712e-01
6.763256890699267387e-01
6.547956068534404039e-01
8.087212019599974155e-01
6.071790428832173347e-01
8.393349749967455864e-01
8.286819099448621273e-01
6.619019911158829927e-01
6.766424470115453005e-01
5.908052909653633833e-01
5.125328500289469957e-01
6.441438929177820683e-01
7.654707550536841154e-01
7.851273438427597284e-01
7.564012738876044750e-01
7.642235998064279556e-01
9.656967089977115393e-01
7.777758499141782522e-01
7.664627390913665295e-01
6.733652271796017885e-01
8.335602269507944584e-01
5.748366138432174921e-01
6.326901309657841921e-01
6.254277119878679514e-01
5.735674409661442041e-01
6.533482279628515244e-01
7.983104160521179438e-01
8.266596258617937565e-01
7.624402921646833420e-01
9.357504111248999834e-01
7.014428479596972466e-01
7.534292268101125956e-01
7.852541038300842047e-01
1.006112056085839868e+00
7.970084219705313444e-01
8.922619968652725220e-01
6.228762059472501278e-01
6.011775939259678125e-01
6.320649809204041958e-01
6.033439438324421644e-01
6.554269460029900074e-01
6.828669470269232988e-01
7.659429840277880430e-01
6.360551279503852129e-01
6.183879780583083630e-01
8.135672369971871376e-01
6.478730831295251846e-01
7.650156840682029724e-01
6.258139738347381353e-01
6.447226090822368860e-01
8.785065240226686001e-01
7.856718050315976143e-01
7.229324879590421915e-01
9.864375940524041653e-01
7.553149508312344551e-01
9.621411070693284273e-01
7.761371161323040724e-01
7.890097489580512047e-01
7.695426610298454762e-01
6.380233559757471085e-01
6.412788007874041796e-01
5.651375830639153719e-01
8.023511639330536127e-01
6.019803620874881744e-01
7.674108901992440224e-01
6.466233539395034313e-01
5.855431931558996439e-01
6.761423421557992697e-01
6.949980349745601416e-01
7.322241261135786772e-01
1.001934407977387309e+00
9.270819989033043385e-01
7.334300859365612268e-01
7.232839490752667189e-01
8.128130659461021423e-01
7.206416521221399307e-01
5.063879799563437700e-01
3.859627598430961370e-01
7.631976739503443241e-01
6.207452409435063601e-01
6.637967601418495178e-01
7.635936469305306673e-01
6.027306688483804464e-01
6.452825118321925402e-01
6.157639320008456707e-01
6.282817749306559563e-01
8.034636471420526505e-01
9.906023079529404640e-01
9.799168328754603863e-01
6.697552117984741926e-01
9.966910490766167641e-01
7.005228418856859207e-01
7.359072559047490358e-01
7.623564999084919691e-01
6.125631649047136307e-01
6.348145219963043928e-01
6.670419238507747650e-01
8.106830450706183910e-01
6.004595709964632988e-01
8.222556789405643940e-01
6.112319359090179205e-01
7.856201811227947474e-01
6.029097929131239653e-01
9.203379268292337656e-01
7.941090178210288286e-01
8.118979930877685547e-01
9.588927899021655321e-01
8.019930149894207716e-01
8.174254270270466805e-01
8.187217870727181435e-01
7.875580419786274433e-01
6.386535300407558680e-01
5.920020481571555138e-01
5.951683470048010349e-01
6.836245420854538679e-01
7.673665171023458242e-01
7.837480269372463226e-01
6.233826179523020983e-01
8.364615039899945259e-01
6.365663339383900166e-01
7.307766508311033249e-01
7.475327828433364630e-01
7.852679479401558638e-01
7.210406509693711996e-01
7.326528569683432579e-01
7.852052901871502399e-01
7.829483330715447664e-01
7.252325580921024084e-01
6.461615280713886023e-01
8.086457799654453993e-01
6.001449138857424259e-01
6.103890079539269209e-01
7.993396371603012085e-01
8.215666669420897961e-01
6.595525420270860195e-01
5.991249710787087679e-01
6.445489500183612108e-01
8.163131170440465212e-01
6.179643101058900356e-01
6.294105760753154755e-01
6.516425139270722866e-01
7.833841389510780573e-01
7.621885160915553570e-01
7.191531821154057980e-01
9.225323789287358522e-01
8.071763219777494669e-01
7.404480229597538710e-01
7.976348970551043749e-01
5.973780150525271893e-01
6.528749309945851564e-01
6.075452829245477915e-01
6.491278668399900198e-01
6.405455470085144043e-01
6.452646739780902863e-01
6.604927461594343185e-01
6.279478101059794426e-01
5.798755639698356390e-01
6.455062469467520714e-01
6.730581498704850674e-01
5.626008408144116402e-01
6.246257319580763578e-01
7.943570760544389486e-01
9.570601230952888727e-01
7.934173070825636387e-01
8.061095708981156349e-01
7.610577619634568691e-01
7.825473940465599298e-01
7.619949260260909796e-01
6.248820619657635689e-01
6.417379400227218866e-01
6.162783750332891941e-01
7.998798880726099014e-01
8.089653749484568834e-01
6.179982197936624289e-01
6.597267820034176111e-01
8.048352759797126055e-01
6.768714021891355515e-01
6.460162261500954628e-01
6.454736168961971998e-01
6.164815390948206186e-01
6.622151329647749662e-01
7.863887639250606298e-01
7.467076580505818129e-01
7.256386280059814453e-01
8.013869798742234707e-01
7.693090939428657293e-01
7.692877540830522776e-01
6.337427790276706219e-01
5.827519721351563931e-01
8.261267528869211674e-01
6.002107888925820589e-01
6.321681858971714973e-01
6.507420660927891731e-01
6.597232439089566469e-01
8.034169529564678669e-01
8.262113770470023155e-01
6.132378419861197472e-01
5.894722789525985718e-01
7.454209940042346716e-01
7.631237448658794165e-01
7.564568251837044954e-01
9.893674359191209078e-01
7.307305529247969389e-01
8.124833619222044945e-01
7.028678001370280981e-01
7.757629170082509518e-01
6.356535090599209070e-01
5.906979560386389494e-01
8.246134109795093536e-01
8.330357631202787161e-01
8.012609321158379316e-01
6.101256560068577528e-01
7.428464859258383512e-01
7.742958161979913712e-01
7.629416398704051971e-01
7.931046530138701200e-01
6.363484249450266361e-01
9.194175009615719318e-01
7.258277148939669132e-01
7.686855341307818890e-01
1.004929526941850781e+00
7.556476618628948927e-01
6.812120699323713779e-01
8.416711809113621712e-01
5.585541659966111183e-01
8.049449562095105648e-01
6.788989570923149586e-01
6.342871598899364471e-01
6.304842610843479633e-01
8.306344649754464626e-01
6.628884049132466316e-01
6.527986868750303984e-01
6.672778781503438950e-01
7.956826260779052973e-01
7.730228500440716743e-01
7.649949921760708094e-01
7.493810369633138180e-01
9.689738629385828972e-01
7.768481790553778410e-01
7.632767369505017996e-01
7.996931099332869053e-01
7.476883309427648783e-01
6.547181310597807169e-01
6.063585360534489155e-01
6.498088350053876638e-01
6.523982249200344086e-01
6.447078490164130926e-01
6.013206969946622849e-01
6.393197590950876474e-01
6.208273100201040506e-01
6.713479741010814905e-01
6.015923321247100830e-01
6.471264699939638376e-01
6.599907970521599054e-01
7.416809471324086189e-01
9.273125559557229280e-01
9.705298510380089283e-01
9.570675119757652283e-01
7.126200629863888025e-01
7.204718419816344976e-01
7.220213499385863543e-01
6.434078279417008162e-01
6.186005449853837490e-01
7.878496551420539618e-01
6.194118252024054527e-01
8.077067339327186346e-01
6.614767489954829216e-01
8.297337018884718418e-01
6.015337600838392973e-01
6.546035360079258680e-01
9.954722609836608171e-01
9.265692699700593948e-01
8.048074769321829081e-01
8.230231499765068293e-01
9.024905210826545954e-01
9.982854740228503942e-01
6.134951489511877298e-01
6.244524710346013308e-01
6.405901380348950624e-01
7.449807079974561930e-01
8.262323730159550905e-01
6.150152951013296843e-01
6.151294088922441006e-01
8.046911859419196844e-01
7.734539099037647247e-01
5.955223161727190018e-01
7.611149309668689966e-01
6.638511631172150373e-01
9.883544300682842731e-01
9.948250260204076767e-01
8.967617878224700689e-01
7.143059500958770514e-01
7.406257388647645712e-01
7.543417920824140310e-01
8.109466868918389082e-01
6.498711211606860161e-01
6.187069341540336609e-01
6.708754249848425388e-01
6.540728199761360884e-01
6.278113911394029856e-01
8.147627711296081543e-01
6.160922918934375048e-01
7.156264251098036766e-01
7.915552270133048296e-01
7.791700039524585009e-01
8.134648280683904886e-01
9.348004220519214869e-01
7.701857709325850010e-01
8.169647259637713432e-01
6.422876790165901184e-01
8.179161120206117630e-01
8.231772789731621742e-01
6.601570730563253164e-01
6.169809650164097548e-01
6.790226511657238007e-01
6.479839212261140347e-01
6.261998540721833706e-01
5.999840248841792345e-01
5.988248989451676607e-01
6.754495180211961269e-01
7.899209139868617058e-01
6.363961030729115009e-01
6.759477530140429735e-01
7.270205789245665073e-01
7.273467849008738995e-01
7.725214231759309769e-01
9.841955071315169334e-01
7.304819740820676088e-01
9.448700631037354469e-01
9.761312599293887615e-01
8.087157299742102623e-01
6.193734230473637581e-01
5.766175130847841501e-01
5.813110170420259237e-01
6.809807131066918373e-01
5.913042980246245861e-01
6.225594219285994768e-01
5.962214670144021511e-01
6.457801219075918198e-01
7.448218588251620531e-01
8.097979552112519741e-01
6.005520669277757406e-01
6.299057730939239264e-01
9.775814549066126347e-01
1.008456683019176126e+00
7.352464529685676098e-01
8.193857278674840927e-01
7.613032781518995762e-01
8.155928179621696472e-01
6.704607869032770395e-01
8.214618659112602472e-01
6.526387589983642101e-01
6.415573230478912592e-01
6.803613191004842520e-01
8.083160098176449537e-01
5.121130349580198526e-01
6.369881480932235718e-01
6.508323161397129297e-01
6.435785938519984484e-01
6.117134089581668377e-01
7.801435019355267286e-01
6.387602230533957481e-01
8.402251228690147400e-01
6.951315479818731546e-01
7.259899189230054617e-01
8.916871100664138794e-01
7.234344820026308298e-01
9.820925542153418064e-01
7.354408809915184975e-01
7.433475460857152939e-01
7.189494788181036711e-01
7.657678730320185423e-01
6.394558830652385950e-01
6.258171829394996166e-01
7.610876569524407387e-01
6.127897799015045166e-01
6.116314879618585110e-01
6.348102979827672243e-01
8.134142640046775341e-01
6.943261499982327223e-01
7.284656700212508440e-01
8.261035040486603975e-01
6.936012208461761475e-01
6.825660690665245056e-01
7.551556520629674196e-01
6.912746520247310400e-01
6.896582418121397495e-01
6.602967069484293461e-01
5.968580481130629778e-01
6.676764870062470436e-01
8.241125079803168774e-01
6.158895490225404501e-01
8.005950259976089001e-01
6.442334151361137629e-01
6.180177461355924606e-01
6.370407941285520792e-01
6.390029860194772482e-01
6.135560600087046623e-01
9.554113389458507299e-01
9.821496319491416216e-01
6.977083520032465458e-01
7.423621949274092913e-01
9.832663838751614094e-01
7.415780280716717243e-01
7.365162218920886517e-01
5.785481480415910482e-01
6.666130151133984327e-01
7.726538418792188168e-01
5.750680379569530487e-01
6.734801928978413343e-01
7.817816878668963909e-01
7.985172299668192863e-01
6.538734629284590483e-01
6.652448300737887621e-01
6.540088180918246508e-01
6.223474061116576195e-01
7.648621320258826017e-01
9.806864289566874504e-01
7.653284471016377211e-01
7.793857818469405174e-01
7.397026480175554752e-01
7.772643091157078743e-01
9.902694919146597385e-01
6.123727220110595226e-01
6.359823739621788263e-01
6.266860868781805038e-01
6.469214260578155518e-01
6.851115289609879255e-01
8.087461229879409075e-01
6.784021649509668350e-01
5.529971478972584009e-01
6.029602540656924248e-01
6.058845489751547575e-01
6.715904830489307642e-01
7.842589658685028553e-01
9.795270969625562429e-01
7.421273230575025082e-01
9.254040049854665995e-01
6.789009599015116692e-01
7.721347459591925144e-01
7.400471260771155357e-01
6.444565721321851015e-01
6.267641771119087934e-01
6.300920420326292515e-01
6.538857540581375360e-01
4.126502920407801867e-01
6.122793010435998440e-01
6.705423279199749231e-01
5.646512489765882492e-01
7.927852820139378309e-01
6.283908600453287363e-01
5.979180401191115379e-01
6.581313270144164562e-01
7.990492938552051783e-01
8.074127519503235817e-01
7.539166731294244528e-01
9.867167209740728140e-01
7.515647970139980316e-01
8.043115958571434021e-01
9.959716231096535921e-01
6.372621851041913033e-01
6.623338421341031790e-01
5.857791630551218987e-01
6.474272469058632851e-01
6.667967219837009907e-01
6.752527379430830479e-01
6.474840689916163683e-01
6.204978411551564932e-01
6.759715380612760782e-01
7.912616659887135029e-01
7.490896519739180803e-01
7.454226780682802200e-01
7.241254069376736879e-01
7.756758409086614847e-01
9.451836419757455587e-01
7.531695989891886711e-01
7.692544551100581884e-01
7.038190539460629225e-01
6.222120230086147785e-01
7.995758811011910439e-01
6.735146739520132542e-01
6.747820668388158083e-01
6.196249399799853563e-01
8.056113841012120247e-01
5.919958860613405704e-01
6.585587409790605307e-01
5.294716379139572382e-01
6.360930309165269136e-01
5.920993341132998466e-01
8.036139269825071096e-01
7.913539779838174582e-01
7.595740819815546274e-01
7.513266699388623238e-01
7.717397189699113369e-01
7.816290529444813728e-01
7.714345599524676800e-01
7.461016019806265831e-01
6.064134598709642887e-01
6.352413778658956289e-01
8.078774991445243359e-01
6.252141380682587624e-01
6.624559338670223951e-01
8.275012769736349583e-01
6.429257991258054972e-01
6.356716058216989040e-01
4.120144220069050789e-01
7.376840480137616396e-01
7.511946221347898245e-01
7.764029500540345907e-01
6.839894470758736134e-01
7.760967898648232222e-01
7.400889219716191292e-01
6.403947297949343920e-01
6.534488159231841564e-01
5.965397208929061890e-01
6.866468579974025488e-01
8.198726831469684839e-01
5.828090030699968338e-01
6.309447910171002150e-01
6.119756610132753849e-01
7.535865469835698605e-01
7.465554620139300823e-01
5.814090019557625055e-01
7.604646589607000351e-01
9.707988500595092773e-01
7.226638251449912786e-01
9.857598200906068087e-01
7.850209618918597698e-01
7.960341279394924641e-01
7.009826819412410259e-01
9.065768900327384472e-01
6.213093511760234833e-01
6.289457788225263357e-01
6.257063110824674368e-01
8.215107438154518604e-01
5.815388141199946404e-01
6.760090871248394251e-01
6.436376508790999651e-01
6.739007479045540094e-01
5.915587230119854212e-01
3.599636408034712076e-01
7.221926669590175152e-01
9.778380380012094975e-01
9.781103879213333130e-01
8.120589870959520340e-01
7.724966441746801138e-01
8.031283230520784855e-01
9.336159389931708574e-01
6.730926150921732187e-01
6.358908221591264009e-01
6.332619090098887682e-01
5.549849639646708965e-01
6.158411409705877304e-01
6.259910620283335447e-01
6.750440129544585943e-01
5.975840098690241575e-01
5.973573361989110708e-01
6.621843059547245502e-01
6.225163210183382034e-01
6.332914109807461500e-01
8.989813209045678377e-01
7.206652997992932796e-01
9.877471220679581165e-01
9.678474199026823044e-01
7.625950460787862539e-01
7.523086098954081535e-01
5.774353318847715855e-01
5.452065190766006708e-01
6.307401359081268311e-01
5.678793131373822689e-01
4.601776639465242624e-01
5.935864259954541922e-01
8.119753168430179358e-01
6.572092168498784304e-01
6.600728621706366539e-01
8.313487819395959377e-01
6.815515130292624235e-01
4.532899609766900539e-01
6.682407439220696688e-01
7.967836789321154356e-01
7.824659850448369980e-01
8.100954690016806126e-01
7.610041769221425056e-01
7.529715059790760279e-01
6.453139730729162693e-01
8.986146850511431694e-01
8.279481551144272089e-01
8.263144679367542267e-01
6.573131089098751545e-01
8.315054408740252256e-01
7.424360499717295170e-01
6.463350981939584017e-01
6.131625119596719742e-01
7.649974010419100523e-01
6.575368989724665880e-01
6.173753491602838039e-01
6.340833010617643595e-01
7.458391420077532530e-01
7.879141550511121750e-01
7.416765608359128237e-01
9.838833969552069902e-01
8.131356949452310801e-01
7.415672729257494211e-01
7.976923619862645864e-01
9.566271030344069004e-01
8.365570069290697575e-01
6.152179609052836895e-01
7.677801239769905806e-01
6.591802290640771389e-01
5.926053631119430065e-01
6.207724551204591990e-01
6.019454819615930319e-01
6.286561328452080488e-01
6.549755439627915621e-01
7.969212369062006474e-01
6.881357149686664343e-01
8.044257329311221838e-01
7.571204139385372400e-01
7.932592339348047972e-01
9.383963840082287788e-01
7.482762490399181843e-01
7.681458359584212303e-01
7.896505731623619795e-01
6.300945230759680271e-01
5.819302378222346306e-01
6.311520228628069162e-01
6.492364199366420507e-01
5.532986971084028482e-01
7.860007770359516144e-01
6.458698480855673552e-01
6.567655389662832022e-01
6.169996890239417553e-01
6.464775179047137499e-01
6.543291041161864996e-01
6.289245011284947395e-01
6.739350990392267704e-01
7.538776148576289415e-01
7.958489530719816685e-01
7.513855248689651489e-01
8.242948360275477171e-01
7.648071299772709608e-01
7.394353179261088371e-01
7.217449089512228966e-01
6.080942880362272263e-01
6.224081648979336023e-01
8.520501570310443640e-01
6.404075580649077892e-01
6.775287298951297998e-01
6.725380951538681984e-01
5.987291228957474232e-01
6.647357170004397631e-01
6.407481299247592688e-01
8.104475999716669321e-01
7.220241650938987732e-01
7.720958939753472805e-01
6.551580999512225389e-01
8.976824779529124498e-01
9.758060150779783726e-01
8.150753241498023272e-01
9.798009039368480444e-01
8.578401999548077583e-01
5.947812569793313742e-01
7.711985968053340912e-01
6.091820809524506330e-01
6.779946349561214447e-01
6.299246181733906269e-01
6.034630830399692059e-01
6.396648960653692484e-01
6.721915148664265871e-01
5.388686100486665964e-01
8.004785990342497826e-01
9.974406780675053596e-01
7.981650461442768574e-01
7.753854091279208660e-01
7.525761679280549288e-01
8.065102640539407730e-01
9.584491548594087362e-01
9.510397871490567923e-01
6.387309478595852852e-01
6.068802741356194019e-01
6.002698771189898252e-01
6.857243299018591642e-01
7.951940060593187809e-01
6.315951889846473932e-01
6.660721059888601303e-01
6.017584609799087048e-01
6.398488988634198904e-01
7.974390198942273855e-01
6.773497480899095535e-01
6.815088270232081413e-01
7.319758210796862841e-01
7.182106180116534233e-01
7.730622501112520695e-01
8.085945460479706526e-01
7.011053441092371941e-01
5.182259320281445980e-01
8.071168591268360615e-01
5.621996771078556776e-01
6.505442480556666851e-01
5.951856691390275955e-01
6.287390319630503654e-01
5.931333110202103853e-01
8.135914369486272335e-01
7.933687740005552769e-01
6.112310809548944235e-01
7.706461451016366482e-01
6.105810138396918774e-01
6.538828930351883173e-01
7.128289421088993549e-01
7.951537889894098043e-01
7.313166130334138870e-01
7.106736979912966490e-01
7.080677601043134928e-01
7.547125949058681726e-01
6.997160122264176607e-01
6.484930031001567841e-01
6.851808719802647829e-01
6.595489699393510818e-01
7.753800810314714909e-01
6.713142818771302700e-01
7.660795238334685564e-01
6.301355499308556318e-01
6.564351299311965704e-01
6.121127649676054716e-01
6.676963989157229662e-01
7.447766910772770643e-01
7.667111619375646114e-01
7.328794649802148342e-01
7.755773190874606371e-01
7.543963200878351927e-01
9.372341330163180828e-01
8.060914101079106331e-01
5.802181039471179247e-01
8.422245499677956104e-01
6.439485989976674318e-01
6.468270998448133469e-01
5.860243828501552343e-01
6.473690690472722054e-01
6.262296100612729788e-01
6.445904688443988562e-01
7.474838579073548317e-01
6.112480030860751867e-01
6.735013329889625311e-01
9.728528379928320646e-01
7.521935030817985535e-01
7.636434058658778667e-01
9.187830609735101461e-01
7.661913761403411627e-01
9.592732659075409174e-01
9.771136590279638767e-01
6.343748359940946102e-01
5.995157989673316479e-01
6.350723018404096365e-01
6.044850379694253206e-01
7.630821389611810446e-01
6.544833821244537830e-01
8.259011628106236458e-01
6.455770949833095074e-01
7.453325618989765644e-01
6.344102858565747738e-01
9.207313410006463528e-01
7.749393249396234751e-01
9.692142889834940434e-01
7.851687138900160789e-01
8.044748029205948114e-01
9.878269010223448277e-01
9.479468911886215210e-01
6.165163440164178610e-01
6.458797808736562729e-01
5.984531119465827942e-01
5.466897631995379925e-01
5.812965198419988155e-01
8.416654369793832302e-01
6.784159541130065918e-01
7.419189279899001122e-01
6.183542287908494473e-01
5.721138438675552607e-01
6.085414511617273092e-01
7.068258060608059168e-01
7.318164089228957891e-01
7.847109430003911257e-01
8.059550488833338022e-01
9.264502329751849174e-01
7.490311739966273308e-01
7.643929598852992058e-01
8.749031280167400837e-01
8.190210941247642040e-01
5.464899030048400164e-01
6.633454510010778904e-01
5.838481269311159849e-01
7.962950060609728098e-01
6.419273139908909798e-01
8.276085350662469864e-01
6.025256309658288956e-01
6.272961129434406757e-01
6.640775869600474834e-01
7.811393439769744873e-01
5.485480800271034241e-01
5.920104258693754673e-01
9.406458558514714241e-01
7.768847339320927858e-01
7.783126290887594223e-01
7.789307329803705215e-01
7.773827800992876291e-01
7.462053610943257809e-01
6.056202489417046309e-01
6.484761810861527920e-01
6.797220050357282162e-01
7.543395562097430229e-01
6.697718109935522079e-01
6.236215550452470779e-01
6.409333681222051382e-01
6.660800899844616652e-01
6.820639709476381540e-01
6.697281710803508759e-01
6.356497709639370441e-01
6.650875150226056576e-01
1.017316414043307304e+00
8.255068780854344368e-01
1.005372000159695745e+00
7.387071740813553333e-01
7.572938699740916491e-01
7.464386250358074903e-01
7.567194649018347263e-01
8.342705140821635723e-01
8.356234850361943245e-01
6.161489400546997786e-01
6.267557810060679913e-01
6.229783960152417421e-01
8.030489410739392042e-01
7.980801719240844250e-01
8.175595379434525967e-01
6.633172370493412018e-01
6.447977209463715553e-01
6.315348281059414148e-01
6.830494687892496586e-01
7.250604561995714903e-01
7.912789131514728069e-01
7.966983930673450232e-01
7.640282651409506798e-01
7.732181600295007229e-01
7.396180350333452225e-01
7.944182399660348892e-01
6.421466458123177290e-01
6.432073700707405806e-01
6.104275549296289682e-01
8.134269129950553179e-01
8.268806280102580786e-01
8.301822301000356674e-01
5.634709231089800596e-01
8.329046438448131084e-01
8.048799671232700348e-01
6.106654040049761534e-01
8.402946339920163155e-01
6.524771940894424915e-01
7.365055219270288944e-01
9.729629219509661198e-01
9.720713309943675995e-01
9.502268789801746607e-01
8.271392129827290773e-01
9.736430130433291197e-01
7.812306049745529890e-01
6.996595561504364014e-01
8.352987640537321568e-01
6.592897910159081221e-01
8.229493820108473301e-01
6.841913640964776278e-01
7.405420897994190454e-01
5.927642898168414831e-01
6.328175480011850595e-01
5.830848461482673883e-01
8.502920330502092838e-01
6.126273188274353743e-01
6.575464659836143255e-01
8.025782599579542875e-01
7.382983141578733921e-01
7.809293349273502827e-01
9.805630799382925034e-01
7.315095020458102226e-01
8.957086941227316856e-01
7.053583080414682627e-01
9.373999570962041616e-01
8.289622659794986248e-01
6.636690709274262190e-01
6.209036549553275108e-01
8.113832918461412191e-01
7.926296091172844172e-01
6.330401781015098095e-01
6.447741792071610689e-01
6.815567919984459877e-01
6.607849069405347109e-01
5.921226451173424721e-01
7.187338669318705797e-01
7.509128300007432699e-01
9.553457840811461210e-01
8.267864061053842306e-01
7.515320640522986650e-01
7.682822900824248791e-01
8.139290099497884512e-01
9.086359809152781963e-01
8.387304991483688354e-01
6.833213639911264181e-01
6.258878072258085012e-01
8.404843178577721119e-01
6.277859408874064684e-01
6.542326030321419239e-01
5.907798600383102894e-01
6.009256429970264435e-01
6.645775530487298965e-01
6.375540609005838633e-01
6.437661820091307163e-01
7.389986170455813408e-01
6.921667188871651888e-01
7.906646279152482748e-01
9.687121480237692595e-01
9.574071348179131746e-01
8.212165948934853077e-01
9.946361540351063013e-01
6.336011681705713272e-01
6.844529421068727970e-01
7.764471611008048058e-01
8.021875198464840651e-01
6.594108650460839272e-01
6.255276771262288094e-01
6.595126409083604813e-01
6.029524581972509623e-01
6.842250709887593985e-01
7.718779349233955145e-01
7.000289438292384148e-01
1.008885888149961829e+00
7.644734519999474287e-01
7.401340289507061243e-01
7.303517109248787165e-01
7.226572029758244753e-01
8.318283441476523876e-01
6.448558960109949112e-01
6.095440338831394911e-01
8.228784720413386822e-01
6.536025430541485548e-01
6.745064461138099432e-01
6.699237341526895761e-01
6.539072820451110601e-01
8.413598898332566023e-01
6.532355179078876972e-01
6.377000599168241024e-01
6.284151461441069841e-01
6.468614721670746803e-01
6.042187041603028774e-01
7.081228289753198624e-01
7.012684498913586140e-01
8.120421071071177721e-01
9.977337559685111046e-01
9.156023741234093904e-01
8.095551249571144581e-01
7.673066339921206236e-01
7.075136820785701275e-01
5.805931608192622662e-01
8.154337571468204260e-01
6.282166589517146349e-01
6.621220409870147705e-01
6.372394009958952665e-01
6.086387289687991142e-01
6.444946900010108948e-01
6.542496569454669952e-01
5.754322649445384741e-01
6.093145459890365601e-01
9.336387140210717916e-01
7.132416488602757454e-01
7.628351908642798662e-01
1.000771258026361465e+00
6.272436811123043299e-01
8.928333539515733719e-01
6.818194470833986998e-01
8.061588611453771591e-01
6.155881050508469343e-01
6.443024200852960348e-01
6.599860598798841238e-01
5.988998059183359146e-01
6.194678819738328457e-01
6.000973600894212723e-01
6.551989801228046417e-01
5.869031469337642193e-01
7.704925530124455690e-01
7.409387610387057066e-01
8.056821429636329412e-01
7.519724851008504629e-01
8.089860000181943178e-01
9.962549419142305851e-01
7.775173999834805727e-01
8.034693421795964241e-01
6.968896149192005396e-01
6.649602970574051142e-01
6.740773129276931286e-01
6.062743118964135647e-01
8.124302420765161514e-01
5.587957960087805986e-01
5.999276270158588886e-01
8.130913709755986929e-01
6.434203640092164278e-01
7.624677410349249840e-01
8.171506561338901520e-01
7.895940379239618778e-01
7.754023550078272820e-01
9.211795011069625616e-01
7.477496310602873564e-01
7.873955089598894119e-01
6.776675861328840256e-01
7.761071731802076101e-01
8.073293429333716631e-01
7.962100219447165728e-01
6.315833178814500570e-01
6.383981360122561455e-01
8.014966431073844433e-01
8.195232821162790060e-01
8.354386570863425732e-01
6.099942419677972794e-01
7.126712079625576735e-01
8.226454919204115868e-01
9.022609340026974678e-01
7.300056780222803354e-01
7.940593590028584003e-01
9.574965829961001873e-01
9.897142311092466116e-01
7.293434559833258390e-01
6.772802351042628288e-01
6.773097298573702574e-01
6.491346508264541626e-01
7.663662950508296490e-01
6.098593750502914190e-01
6.458185520023107529e-01
5.250476649962365627e-01
6.626399680972099304e-01
5.847853089217096567e-01
6.330947349779307842e-01
7.041260248515754938e-01
7.720225970260798931e-01
7.922882710117846727e-01
9.476966171059757471e-01
9.518835230264812708e-01
7.528130731079727411e-01
9.724112390540540218e-01
6.540963458828628063e-01
6.044877078384160995e-01
6.083686640486121178e-01
6.372363721020519733e-01
6.694098170846700668e-01
5.869888199958950281e-01
6.067540871445089579e-01
6.313123628497123718e-01
6.352468570694327354e-01
6.093537949491292238e-01
6.048276780638843775e-01
9.463247698731720448e-01
8.146760249510407448e-01
7.443976849317550659e-01
7.541471421718597412e-01
9.692497060168534517e-01
7.444475630763918161e-01
8.006030230317264795e-01
6.915167390834540129e-01
6.599952718243002892e-01
5.831619838718324900e-01
6.549435488414019346e-01
8.239802268799394369e-01
6.435638929251581430e-01
6.656635920517146587e-01
6.819679909385740757e-01
6.817211289890110493e-01
7.449555441271513700e-01
6.739569578785449266e-01
7.775211369153112173e-01
7.204346989747136831e-01
7.277171220630407333e-01
7.100941860117018223e-01
7.488242420367896557e-01
7.887122840620577335e-01
7.142740911804139614e-01
8.030533650889992714e-01
6.343917699996381998e-01
8.113539440091699362e-01
6.606518540065735579e-01
7.881861920468509197e-01
6.497131248470395803e-01
6.835009618662297726e-01
8.521500399801880121e-01
8.106903799343854189e-01
8.320049310568720102e-01
7.478105342015624046e-01
7.316158160101622343e-01
7.850546960253268480e-01
7.843559640459716320e-01
9.708984389435499907e-01
9.782311189919710159e-01
7.888252818956971169e-01
6.377025360707193613e-01
6.659578790422528982e-01
5.847804551012814045e-01
6.631700810976326466e-01
8.208655759226530790e-01
6.295935041271150112e-01
6.171167029533535242e-01
6.117329099215567112e-01
6.291995069477707148e-01
5.995586318895220757e-01
6.253654069732874632e-01
6.020704112015664577e-01
7.778884570579975843e-01
9.367161879781633615e-01
9.890117300674319267e-01
9.313930089119821787e-01
8.996059261262416840e-01
7.156137300189584494e-01
7.762156899552792311e-01
6.525916599202901125e-01
6.036196390632539988e-01
6.863060039468109608e-01
6.370918429456651211e-01
6.245900720823556185e-01
6.555638688150793314e-01
6.657390450127422810e-01
3.995086371432989836e-01
7.546501960605382919e-01
6.588832188863307238e-01
8.071983288973569870e-01
6.307959738187491894e-01
7.545990410726517439e-01
7.278621080331504345e-01
7.747266469523310661e-01
7.868668569717556238e-01
7.635719859972596169e-01
7.339649691712111235e-01
6.989042439963668585e-01
1.008014411898329854e+00
7.228929060511291027e-01
6.634553419426083565e-01
6.575792739167809486e-01
5.769364610314369202e-01
6.274552890099585056e-01
6.306373050902038813e-01
6.178048579022288322e-01
7.804020158946514130e-01
6.545676700770854950e-01
5.999062790069729090e-01
6.029540251474827528e-01
6.751088099554181099e-01
6.444390879478305578e-01
6.267765699885785580e-01
6.814990141429007053e-01
9.665745659731328487e-01
8.227611389011144638e-01
9.145760100800544024e-01
9.966118189040571451e-01
7.748144811484962702e-01
6.407377719879150391e-01
7.961484380066394806e-01
7.536311100702732801e-01
7.928591067902743816e-01
8.061052018310874701e-01
7.967246519401669502e-01
6.620295180473476648e-01
6.404805530328303576e-01
6.514073938596993685e-01
6.326828689780086279e-01
6.558727400843054056e-01
6.654274130705744028e-01
6.701282688882201910e-01
7.104007899761199951e-01
9.616769130807369947e-01
7.510618111118674278e-01
9.572670408524572849e-01
7.104482620488852262e-01
7.352994058746844530e-01
8.150292939972132444e-01
8.096247920766472816e-01
7.823071919847279787e-01
6.299133580178022385e-01
6.374189690686762333e-01
6.531062929425388575e-01
7.851732859853655100e-01
6.735522749368101358e-01
6.090358600486069918e-01
8.137031560763716698e-01
6.489059550222009420e-01
6.313473589252680540e-01
6.484522060491144657e-01
7.509516312275081873e-01
7.805819490458816290e-01
1.009286951972171664e+00
1.021165252896025777e+00
7.784896690864115953e-01
9.245533039793372154e-01
8.432474029250442982e-01
6.679917711298912764e-01
8.161161020398139954e-01
7.584405380766838789e-01
8.219529220368713140e-01
8.402720550075173378e-01
8.197719689924269915e-01
8.141099410131573677e-01
6.257226769812405109e-01
6.000179280526936054e-01
5.718909851275384426e-01
6.241012390237301588e-01
6.212336830794811249e-01
7.964735371060669422e-01
9.837747788988053799e-01
7.942789369262754917e-01
5.473303562030196190e-01
8.176139718852937222e-01
8.549815639853477478e-01
6.569083558861166239e-01
6.286201139446347952e-01
6.676552281714975834e-01
5.896828100085258484e-01
6.408293859567493200e-01
6.512954100035130978e-01
6.141153150238096714e-01
6.260860420297831297e-01
6.146395020186901093e-01
5.961170848459005356e-01
6.222588899545371532e-01
5.972573999315500259e-01
6.371998479589819908e-01
7.820478559006005526e-01
7.645250798668712378e-01
8.163918489590287209e-01
1.000513219973072410e+00
9.292260468937456608e-01
9.351062360219657421e-01
8.100981099996715784e-01
5.885410602204501629e-01
6.269370231311768293e-01
7.664096970111131668e-01
8.036655639298260212e-01
6.390708021353930235e-01
6.448153860401362181e-01
8.145424039103090763e-01
6.416367560159415007e-01
7.969621000811457634e-01
8.159070389810949564e-01
5.997568529564887285e-01
6.167504189070314169e-01
7.387087419629096985e-01
9.159847069531679153e-01
6.680015418678522110e-01
8.116584219969809055e-01
7.786657488904893398e-01
9.559603268280625343e-01
9.070860350038856268e-01
7.703708629123866558e-01
3.958299648948013783e-01
6.627354240044951439e-01
6.611275870818644762e-01
6.766362399794161320e-01
5.921770471613854170e-01
5.765748459380120039e-01
6.524127020966261625e-01
7.900086441077291965e-01
6.467150000389665365e-01
6.373531089629977942e-01
7.946383429225534201e-01
7.298620841465890408e-01
7.833191058598458767e-01
7.240737630054354668e-01
7.750198729336261749e-01
1.007165094139054418e+00
9.486997250933200121e-01
6.917328550480306149e-01
7.273366830777376890e-01
6.306744820903986692e-01
5.740328649990260601e-01
6.366148530505597591e-01
6.359598210547119379e-01
6.122885849326848984e-01
6.000313209369778633e-01
7.690175839234143496e-01
6.195912491530179977e-01
6.072772529441863298e-01
6.510324578266590834e-01
6.704792939126491547e-01
9.444305230863392353e-01
7.536259139887988567e-01
9.683318098541349173e-01
9.430277480278164148e-01
1.015063766157254577e+00
8.889033128507435322e-01
6.794022370595484972e-01
6.151794029865413904e-01
6.270375598687678576e-01
6.623487388715147972e-01
6.281066099181771278e-01
6.006090759765356779e-01
6.090958749409765005e-01
6.293754598591476679e-01
6.641099660191684961e-01
5.830135990399867296e-01
7.031898631248623133e-01
7.376169380731880665e-01
6.983168791048228741e-01
8.041012370958924294e-01
7.429460531566292048e-01
7.218354791402816772e-01
9.814828562084585428e-01
7.759117679670453072e-01
6.167503220494836569e-01
6.284533259458839893e-01
5.903163780458271503e-01
6.544097010046243668e-01
5.269517709966748953e-01
7.905823080800473690e-01
6.160281980410218239e-01
6.526929610408842564e-01
5.853922099340707064e-01
8.240247231442481279e-01
7.794142931234091520e-01
9.864747738465666771e-01
7.856467152014374733e-01
8.104642489925026894e-01
9.804177149198949337e-01
7.650918350555002689e-01
7.430539692286401987e-01
8.187881889753043652e-01
4.626895179972052574e-01
6.894744760356843472e-01
6.533851420972496271e-01
8.099776650778949261e-01
6.130094218533486128e-01
6.740293481852859259e-01
5.764701650477945805e-01
6.094861892051994801e-01
6.460962421260774136e-01
8.240435000043362379e-01
7.698729201219975948e-01
6.479008239693939686e-01
7.348136620130389929e-01
7.594815981574356556e-01
7.774635551031678915e-01
6.097302180714905262e-01
6.557354009710252285e-01
8.532010170165449381e-01
5.870157461613416672e-01
8.277738820761442184e-01
6.768519489560276270e-01
6.240698569454252720e-01
6.729074721224606037e-01
