9.781299968031340660e-04
9.439367838588995927e-04
9.596530398648813430e-04
9.467238229946611447e-04
9.783021263014119416e-04
9.908017686852839661e-04
9.794036110865099540e-04
9.563528210955685388e-04
9.941310167250493914e-04
9.574737730668345321e-04
9.253430261830098823e-04
9.855291901441334736e-04
9.888521302098211407e-04
9.900193494688108459e-04
9.909142644952081448e-04
9.631627954148359308e-04
9.994757690092918954e-04
9.605109238808236553e-04
9.318963003629023934e-04
9.774734759677673399e-04
9.193067639012452623e-04
9.201427680340720913e-04
9.947969422256304657e-04
9.539073287659246810e-04
8.514683729355433141e-04
8.207760878345159768e-04
8.621852279500275733e-04
9.700704012234191405e-04
9.879823580154377047e-04
9.940711370184278708e-04
9.910009880762093038e-04
9.495531697832637359e-04
9.820991124667309731e-04
9.770935185080260703e-04
9.703851110424453535e-04
9.419287402432161959e-04
9.396996576276317155e-04
9.950561259402025162e-04
9.410917429456892554e-04
9.899881782399696812e-04
9.793796521625876619e-04
9.425314535083684784e-04
9.702085120165704910e-04
9.860870137114940374e-04
9.454414338930804173e-04
9.185704289164786781e-04
9.515091130083750239e-04
9.239179501029130218e-04
9.187912738146677364e-04
9.974479503327576303e-04
9.461525813206451757e-04
9.759298566723486733e-04
9.148878911288789917e-04
9.500194208303018931e-04
9.823430215635598536e-04
9.656111895868369063e-04
9.963948523345439283e-04
9.413873791304227124e-04
9.240014749685863038e-04
9.594246898476103047e-04
9.262164339222870961e-04
8.907075605543343091e-04
9.756800577750701382e-04
9.888738358507971355e-04
9.258831244375800981e-04
9.498010777549721747e-04
8.595800202946297800e-04
9.576222056109362502e-04
9.707893357496000025e-04
9.985725675063662071e-04
9.847973321524833984e-04
9.907287837130612090e-04
9.329771504871023618e-04
9.338938702157152270e-04
9.905096592112395092e-04
9.746076153680686234e-04
9.685616963788589275e-04
9.451680646389689017e-04
9.726710578650236841e-04
9.304535014474279910e-04
9.963512679390567131e-04
9.520027850127887924e-04
9.657100018233428498e-04
9.194139515822933239e-04
9.338751543505307553e-04
9.659566568450460387e-04
9.532589001167292124e-04
9.287326690719325531e-04
9.862115314707927977e-04
9.664168623822013467e-04
9.585905342595890926e-04
9.608817437268949747e-04
9.784413182631686735e-04
9.737624534133516559e-04
9.372646813993780468e-04
9.250624297445285242e-04
9.505050528834240202e-04
9.922936226623186185e-04
9.490877402895547430e-04
9.804880375333356601e-04
9.626910342301897572e-04
9.511135043561253985e-04
9.280245518711571209e-04
9.431550478079756689e-04
9.584547238072850181e-04
9.274737185113652617e-04
8.268682975323822211e-04
9.493664851692996910e-04
9.909087947611284163e-04
9.541802238919193293e-04
9.587758840547644336e-04
9.976742573436592296e-04
9.716190029983288621e-04
9.769162883485602890e-04
9.182789125255282504e-04
9.420325321790469063e-04
9.369032227466954355e-04
9.388434944429559486e-04
9.340896581351506873e-04
9.515406692437511967e-04
9.432493411954171424e-04
9.396382970221466967e-04
9.871705409585833715e-04
9.582061828564354721e-04
9.305850251265977919e-04
9.871587186325006449e-04
9.685145390250707439e-04
9.897408985740183823e-04
9.583473286364580174e-04
8.535578948440850208e-04
9.983847137102757219e-04
9.989711778841787147e-04
9.453660830562752920e-04
9.724498343666600859e-04
9.264734000450595020e-04
9.226426221374897391e-04
9.470798913606079134e-04
9.400338045963947762e-04
9.681962607779766306e-04
9.536856859653590739e-04
9.487385946675333916e-04
9.048733586884717683e-04
9.731451617285624212e-04
9.717834129019152847e-04
9.127617168491080658e-04
9.326562114896715019e-04
9.952437898747786872e-04
9.352778526798541164e-04
9.872067415487013713e-04
9.099838024804704798e-04
9.916523849901686359e-04
9.729032597090718536e-04
9.695496123006052888e-04
9.675055040758520370e-04
9.639718026031045186e-04
8.826302521293645032e-04
9.845342764312930203e-04
9.565679771324400293e-04
9.580352255294241138e-04
9.584760803010459670e-04
9.397787898748827858e-04
9.498452817102893703e-04
9.768357725855316906e-04
9.893526390018837248e-04
9.872464531141356223e-04
8.929099963222681758e-04
9.484372787286043244e-04
9.892343934940176116e-04
9.805130267271609801e-04
9.023351396258918891e-04
9.938603452606697194e-04
9.275158043822017556e-04
9.665856532817601252e-04
9.619524364861643459e-04
9.529831055293474336e-04
9.594363208245040419e-04
9.762563434558850419e-04
8.495967412480157554e-04
9.772351202599403701e-04
9.277798137882880538e-04
9.315948364673155499e-04
9.140170927870889259e-04
9.990053668358100675e-04
9.343357253980028466e-04
9.043683198995362349e-04
9.314909849308817408e-04
9.610032542619712740e-04
9.575453649351770968e-04
9.683484447009708777e-04
9.570713014309578702e-04
9.879719179979931914e-04
9.932018530144979922e-04
9.489118954991556049e-04
9.902577641341424926e-04
9.810008765903251680e-04
9.594743984952759305e-04
9.279518592353351103e-04
9.331790284969274920e-04
9.612157114044328314e-04
9.675568569953355404e-04
9.575096691665564187e-04
9.437423689762862835e-04
9.695060749767676032e-04
9.877505168223083866e-04
9.453054303291759559e-04
9.440129678647028125e-04
9.731377223684939100e-04
9.738202620665542455e-04
9.344575677167035917e-04
9.176086716052069816e-04
9.709554610125993145e-04
9.497858548593538517e-04
9.452253616256765106e-04
9.892838604372729532e-04
9.941135177155824548e-04
9.538864827343260721e-04
9.876025006258083543e-04
9.394870649980213142e-04
9.612445464495692838e-04
9.032200636513442208e-04
9.941418690027606277e-04
9.703812645295973151e-04
9.492019782474999268e-04
9.636060232118370643e-04
9.254177682818836344e-04
9.224864193177323684e-04
9.828918733575733868e-04
8.904329604614272167e-04
9.913312331990900561e-04
9.755176426578159249e-04
9.458701462655248879e-04
9.699511165598953457e-04
9.963177143290729253e-04
9.575727377547786677e-04
9.671861612830011477e-04
9.826305654739308799e-04
9.184043563763991461e-04
8.981114400066985510e-04
8.839905032982033235e-04
8.891785989373466757e-04
9.601883172173049982e-04
9.723630807632403479e-04
9.423337677489965983e-04
9.159585067925449155e-04
9.655220511939703034e-04
9.683142178861125398e-04
9.230902320353907928e-04
9.951445310432626389e-04
9.853431130735989477e-04
9.650033812271880318e-04
9.768495042552732908e-04
9.423394220285395478e-04
9.949669272411448828e-04
9.915901631609169448e-04
9.789999088479406277e-04
9.902770266127685402e-04
9.384028508759216600e-04
8.317600897468394820e-04
9.881877922273767621e-04
9.971240605075439110e-04
8.749469774052052009e-04
9.249030502436751374e-04
9.449190320977314929e-04
9.383572011938922904e-04
9.748437521705962923e-04
9.809957741172060149e-04
9.836011912526148367e-04
8.409306081823247469e-04
9.061477843160318764e-04
9.731157518350707454e-04
9.476075500329990148e-04
9.435030758005902470e-04
9.828792093448278019e-04
9.338374297664099296e-04
9.657657428500123452e-04
9.811816223097083456e-04
9.892663153229534420e-04
9.364090427163085980e-04
9.566236921838935144e-04
9.953895143704582886e-04
9.965464176028174074e-04
9.720467206626306556e-04
9.930182495144989317e-04
9.280654436657937182e-04
9.859978378925187813e-04
9.504726495988357173e-04
9.923428552981595607e-04
9.750085058595295848e-04
9.382189052821467666e-04
9.433442897123065938e-04
9.889603790801096330e-04
9.762435254152062539e-04
9.039639239089046008e-04
9.442697746980158830e-04
9.623304015526193455e-04
9.397575875219229798e-04
9.735608595695026488e-04
9.919699913508990378e-04
9.839450365428904170e-04
9.874696162626816608e-04
9.836428215788334609e-04
8.825680936393954156e-04
9.412361857188872348e-04
9.330697330459396168e-04
9.689010771210602828e-04
9.961118135326612038e-04
9.357620171737286155e-04
9.348477686601376450e-04
9.540953438101743055e-04
9.360152850198889861e-04
9.874132349290177819e-04
9.919323141737064215e-04
9.318120610520562756e-04
9.503364292057965308e-04
8.927772748601104551e-04
9.553528756402766744e-04
9.581746465498948992e-04
8.487895741107810178e-04
9.414504936404894135e-04
9.384781110774916826e-04
9.545723150074827664e-04
9.933644295066273652e-04
9.556034129248700427e-04
8.716275516199975450e-04
8.939429551590912524e-04
9.350753377343925914e-04
8.512549336181509611e-04
9.872289692403563108e-04
9.346549713887423788e-04
9.868730275077953942e-04
9.536342506872184585e-04
9.775479161693236170e-04
9.784887857407938410e-04
9.807572349285118268e-04
9.820492638894563232e-04
9.242509042904578859e-04
9.377948549529311912e-04
9.301986233729203678e-04
9.649101491826803448e-04
9.827934688627151805e-04
9.544060045292452341e-04
9.013549801271358549e-04
9.850141700594619402e-04
9.882370231256607743e-04
9.975563965133242648e-04
8.775957929227014591e-04
9.836314450819205399e-04
9.391109803917827839e-04
9.486113087194116087e-04
9.913418442880346342e-04
9.878783895631733630e-04
9.887191218088864277e-04
9.816721603454112675e-04
9.829677516887591528e-04
9.793415191057914474e-04
9.623801593346265320e-04
9.103142097013690748e-04
9.310330096244302149e-04
9.885289031578920263e-04
9.917731833355633575e-04
9.592243323450933435e-04
9.601926838172157542e-04
9.571134512001851745e-04
9.339994917516971154e-04
9.500931421158539687e-04
8.405256157281038726e-04
9.842978847106999621e-04
9.503614805016680125e-04
9.667040377524551125e-04
9.863438391162647392e-04
9.715052374547755720e-04
9.980706068482645549e-04
9.149398277019281855e-04
9.689690032523472565e-04
9.532775072979618718e-04
9.865405506590551894e-04
9.146866999960251779e-04
9.278509665612676843e-04
9.620279994603370393e-04
9.717535982452777570e-04
9.855268779679845787e-04
9.727354476448999516e-04
9.572263170744812946e-04
9.879833665212313376e-04
9.726087094359716885e-04
9.065765595178654993e-04
9.248641270510813122e-04
9.810181528796457426e-04
9.624578591276356822e-04
9.859799330140888406e-04
9.606630753992968872e-04
9.754447687785536281e-04
9.116771316291031853e-04
9.482738221592524816e-04
9.145858608993245788e-04
9.819793933290318997e-04
9.593596054199762108e-04
9.827513822688056094e-04
9.324216506420769006e-04
9.955755925388858583e-04
9.517817050597461147e-04
9.465325372945177255e-04
8.493148270057541277e-04
9.877491582913114875e-04
9.703934575025578149e-04
9.795921277185347994e-04
9.986060561590201154e-04
9.506972105427349612e-04
9.976992494831107144e-04
9.714653727851275521e-04
9.826742301774276864e-04
9.446122011713603333e-04
8.939232358050107439e-04
9.445125337321334672e-04
9.419780978035526909e-04
9.316199420611642789e-04
9.309033149270064169e-04
9.658385727433272706e-04
9.595963993700520629e-04
9.423014919002243184e-04
9.897275613987041414e-04
9.829403262654010532e-04
9.381831354792751366e-04
9.241479709847895884e-04
9.546368488750305156e-04
9.943607754226953602e-04
9.462810268428501967e-04
9.525789065609638166e-04
9.495516927774723002e-04
9.426283716515190640e-04
9.510498099377862535e-04
9.391387361845063200e-04
9.103182190475113790e-04
9.450494707409183570e-04
9.221499049643594546e-04
9.948576606502257478e-04
9.362588239336085486e-04
9.457880384696777795e-04
9.203911695817667106e-04
9.813651511725481058e-04
9.734824358031761134e-04
8.997248863135300220e-04
8.872071271932069131e-04
8.957467598332942644e-04
9.709693949247438609e-04
9.465464459261105313e-04
9.995431022721552438e-04
9.271259672056464092e-04
9.490539248379301377e-04
9.055548382026220406e-04
9.918211738970791804e-04
9.310059278263851067e-04
9.579682404426278445e-04
9.969259396995493617e-04
9.883715187345386548e-04
9.732207687883013669e-04
9.537157989030197467e-04
9.580271171530776791e-04
9.311218265090898246e-04
9.435415816512400826e-04
9.483074484117895919e-04
9.241699566979548735e-04
9.028707829580875314e-04
9.550540901816095699e-04
9.821923187525805413e-04
9.706597191798264955e-04
9.561164127345642095e-04
9.569897024073235978e-04
9.831085216883701360e-04
9.866447788385297561e-04
9.470900152869469882e-04
9.858227551667419868e-04
9.913749934560660542e-04
9.769079704845754636e-04
9.223223868836992814e-04
9.607739244620718336e-04
9.990568425535533044e-04
9.358705908012375724e-04
9.784830134273467348e-04
9.834059288512577574e-04
9.550513394447535023e-04
9.393293230164866375e-04
9.751523336425689395e-04
9.435862565320122684e-04
9.195746247961115918e-04
9.528826668527722770e-04
9.685826293071006293e-04
9.646434072916340672e-04
9.713402404332116503e-04
9.877593490118018269e-04
9.864948083107094676e-04
9.987404811939543884e-04
9.999368683984903670e-04
9.852663615043861546e-04
9.833937061218070170e-04
9.928511780785897415e-04
9.922953577533178814e-04
9.559090178701913415e-04
9.678138684751963657e-04
9.846623513406745163e-04
9.346343849867067358e-04
9.647780532690702644e-04
9.622359448521269638e-04
9.856915157392066775e-04
9.648276821019612006e-04
9.414283519193606363e-04
9.286019971996351853e-04
9.880010351320399255e-04
9.959490049298114298e-04
9.635483347486114777e-04
9.997785047368595076e-04
9.287640529616283556e-04
9.870007142145703280e-04
9.989403721434773030e-04
9.655031853903828839e-04
9.356318338996657104e-04
9.739003560105474137e-04
9.293274656216990491e-04
9.639840767712541539e-04
9.477654820044289271e-04
9.869080543911134575e-04
9.923827799013819600e-04
9.832169504835025324e-04
9.103031460630983587e-04
9.465989588371133238e-04
9.309290808011027240e-04
9.330011915137495547e-04
9.241264301323867886e-04
9.169078104999037453e-04
9.761135390067383552e-04
9.228340983235168438e-04
9.047898867534118292e-04
9.245543746239217936e-04
9.804624844465107715e-04
9.352290095225395360e-04
9.362304564316828405e-04
9.166460205263632886e-04
9.355623500910183752e-04
9.297508245644863726e-04
9.177898157395497115e-04
9.323340437684257817e-04
9.338426445252918017e-04
9.469288220057529458e-04
9.708411745438156638e-04
9.810992536617316271e-04
9.113600645319884248e-04
9.771876429527431504e-04
9.355751878296278412e-04
9.958615727418433303e-04
9.379536635873544958e-04
8.844582431109229616e-04
9.480524924418598683e-04
9.597639489487160263e-04
8.947525506813554024e-04
9.610667973946233162e-04
9.703866962530715299e-04
9.638742337359178626e-04
9.666824239678832196e-04
9.062982365480351087e-04
9.079357286045662339e-04
9.449616603095428507e-04
9.920883501642555752e-04
9.943093843290879471e-04
9.690634177454069938e-04
9.845388651372568353e-04
9.175798796597355337e-04
9.823312709537526232e-04
9.356315598938225219e-04
9.015414330822253079e-04
9.733024699172968062e-04
9.530208146899273427e-04
9.776205376527621633e-04
9.909112424773686145e-04
9.295775022414023373e-04
9.397123370670282510e-04
9.612776232932976903e-04
9.799608673733885972e-04
9.772477693532673898e-04
9.392930951011112381e-04
9.611641414559885530e-04
9.491938793020162669e-04
9.575323318526300989e-04
9.814464666225983843e-04
9.815637122166408820e-04
9.009283910187241857e-04
9.448109181881882710e-04
9.656299688072389345e-04
9.576451911446518884e-04
9.799690641553143299e-04
9.636006083361854657e-04
9.751123006342507678e-04
9.455971293241548529e-04
9.532682550494272784e-04
8.905700524522349717e-04
9.880780739082825788e-04
9.674885411031785036e-04
9.561632353611692475e-04
9.282871938337114220e-04
9.482263312100536710e-04
9.823714718538109104e-04
9.662347740650636257e-04
9.644493703020864473e-04
9.556954643684775937e-04
8.138572493932550410e-04
9.283841275828720900e-04
9.452788755011873063e-04
9.339201243398568544e-04
9.576463549591030574e-04
9.874258184977959072e-04
9.450379563214501150e-04
9.870883220796334775e-04
9.512799333709428965e-04
9.342068267917616074e-04
9.586799036112682087e-04
9.287574254081686510e-04
9.461928614307205890e-04
9.454744707098382620e-04
9.143770573827935755e-04
9.433420940609045817e-04
9.651807459804545445e-04
9.744972607296277251e-04
9.926097401552419833e-04
9.270167150818539896e-04
9.240632645954384742e-04
9.223322609637425772e-04
9.323292602101919055e-04
9.916686194578524377e-04
9.402033159404059141e-04
9.330176414126735863e-04
9.501946417391606350e-04
8.741105684636366144e-04
9.971044387789120347e-04
9.797822848158848578e-04
9.388868916364181234e-04
9.809284455720805856e-04
9.757065206468647179e-04
9.368792090022367951e-04
9.927813531539013935e-04
9.577496896214626179e-04
9.593198428113213112e-04
9.235381397306572813e-04
9.633758394314525554e-04
9.482570748309720240e-04
9.603892689444948989e-04
9.385244572010864941e-04
9.503273721303171721e-04
9.631131513628871012e-04
9.305445396642293742e-04
9.844541332317286592e-04
9.416130972790144864e-04
9.123177521919103748e-04
8.596561598617643261e-04
9.634799613673750802e-04
9.811710592725481073e-04
9.844629852871335327e-04
9.849010640473740072e-04
9.296894923939891166e-04
9.988327444156494105e-04
9.426430736739743179e-04
9.718929414260790451e-04
9.978890613776471730e-04
9.974407157181421329e-04
9.754675988784454682e-04
9.875802033013142064e-04
9.962328990977889487e-04
9.411080565559165959e-04
9.778015432381249872e-04
9.830404050741609751e-04
9.797592564185593142e-04
9.544969782869735554e-04
9.392343033988786657e-04
9.840011871189080148e-04
9.994473330955622962e-04
9.761498299968780247e-04
9.605253339107926213e-04
9.967736606709899812e-04
8.971641429991459357e-04
9.333972890426989362e-04
9.270402070775591620e-04
9.820220509121101778e-04
9.406492048728901361e-04
9.495685139998999609e-04
9.574659808522191159e-04
9.529176804982270607e-04
9.873668874547346375e-04
9.393393150930114425e-04
9.634919935576970748e-04
9.027930331781291225e-04
9.467447161602311756e-04
9.775447680708138770e-04
9.892354588165216522e-04
9.528363808999521867e-04
9.729921105523041793e-04
9.794208055381684475e-04
9.663618752212950686e-04
9.252645668885013880e-04
9.947326660476587742e-04
9.347427333748353773e-04
9.383926399081687951e-04
9.925668677838838782e-04
9.398053370962795383e-04
9.924478991859481732e-04
9.446159591308738931e-04
9.650246751370242845e-04
9.664279226113019813e-04
9.598923272916927213e-04
9.933188502228150907e-04
9.534968100650132979e-04
9.598356233854293514e-04
9.801303634628048388e-04
9.770370329299220714e-04
9.604445649333961466e-04
9.679549355831167665e-04
8.596128328540158375e-04
9.927765359311452840e-04
9.455429340861810786e-04
9.707111404681865313e-04
9.193410305626482839e-04
9.355778514327337154e-04
9.806547010066568766e-04
9.837188400935014537e-04
9.182239641272386781e-04
9.472170579368741376e-04
9.934097737276370837e-04
9.260225017334532648e-04
9.602214444568615403e-04
9.513681392931932611e-04
9.261465852044593059e-04
9.225619751653759857e-04
9.641187570887531540e-04
9.913298080120713091e-04
9.644160248717124949e-04
9.462296559321791605e-04
9.714264652644557119e-04
9.801526106660506891e-04
9.834303406981098963e-04
9.891714055852624844e-04
9.549652769147760510e-04
9.945550090125199454e-04
9.582523899647697177e-04
9.294781078384816006e-04
9.635270099431235196e-04
9.440130557179911503e-04
9.212813855450007958e-04
9.023031720351847333e-04
9.424166403571857453e-04
9.837283443758825310e-04
9.512228557792242259e-04
8.994004595680170659e-04
9.436080344056546176e-04
9.933515409058478463e-04
9.305222455007603789e-04
9.816931354651029559e-04
9.352028596503711736e-04
9.940274657860360182e-04
9.526853680760657105e-04
9.672820395152921611e-04
9.588231952574750427e-04
9.931326245957051036e-04
9.524399028264223660e-04
9.120824193801455601e-04
8.686015473896685187e-04
9.576891254002975256e-04
9.275831090646409439e-04
9.906628024360006855e-04
9.779341809964317827e-04
9.339136244868581410e-04
9.475396233677907181e-04
9.457500823959322841e-04
9.661167464031668577e-04
9.875582132016569922e-04
9.539584716794568620e-04
9.899015476933731381e-04
9.057205321166232745e-04
9.365477679227487496e-04
9.767046852139015748e-04
9.375503838734027852e-04
9.600630306862545761e-04
9.433479107100788347e-04
9.915049446206662329e-04
9.934447864011675036e-04
9.344296102846762772e-04
9.524567182517451516e-04
9.515045412319776815e-04
9.513368283348221750e-04
9.101019254927030563e-04
9.719600895334675654e-04
9.998915181210464315e-04
9.677706423880596967e-04
9.895821914995175505e-04
9.275616524034337174e-04
9.600102360963610679e-04
9.405156927588062153e-04
9.914481769155486426e-04
9.541362938750477373e-04
9.932993406435277131e-04
9.380427229219183340e-04
9.946914772385791886e-04
9.664008110216272063e-04
9.577870162779817667e-04
9.846584174808994776e-04
9.496300768424485554e-04
9.760708728600848809e-04
9.299610117243348097e-04
9.933943558811885420e-04
9.195591140987184522e-04
9.592530170928930452e-04
9.918177362777751659e-04
9.682807975993261776e-04
9.180059237700812121e-04
9.511024314427876398e-04
9.847288922824558571e-04
9.586839866419870739e-04
9.785126144638864147e-04
9.092340024478602492e-04
9.791420580624213103e-04
9.270044441299651623e-04
9.926596204573459939e-04
9.849899782776937954e-04
9.881040119411816161e-04
9.382585765429945265e-04
9.938675244262524817e-04
9.536168437486118978e-04
9.328320501706006138e-04
9.614505656077052898e-04
9.611101455924515521e-04
9.713961894842303027e-04
9.397172107092166375e-04
9.665498153572139612e-04
9.624415319145737712e-04
9.660777990085881069e-04
9.840329944665498259e-04
9.489571366157211786e-04
9.923460083896325917e-04
9.759077584453023637e-04
9.872941695113458208e-04
9.949309446032276582e-04
9.989926413991208603e-04
9.923163821047326517e-04
9.774884363701915983e-04
9.709121574523646133e-04
9.722712052604198015e-04
9.701865510522330845e-04
9.720804358063147048e-04
9.918786407644073193e-04
9.563946328728853419e-04
9.511644899750827534e-04
9.367946956860448123e-04
9.841207874002238024e-04
9.870704989593226918e-04
9.622835138077822119e-04
9.468798355896297951e-04
9.669659054770835807e-04
9.768080213470007895e-04
9.575993170747095374e-04
9.679606461459232475e-04
9.708525808183759466e-04
9.258834464867066140e-04
9.849405575501962370e-04
9.472957398221791211e-04
9.429184688560884485e-04
9.391557955870773406e-04
9.760479159736561508e-04
9.699387092977452629e-04
9.084339905471569337e-04
9.644864360457772526e-04
9.222893460904939018e-04
9.319861243861637945e-04
9.188510680543790152e-04
9.615618476931558955e-04
9.412552167275261162e-04
9.695392415481125141e-04
9.911359421581555050e-04
9.439567786837895673e-04
9.433900439008442284e-04
9.838870951308182830e-04
9.954870629384222468e-04
9.424859196710919530e-04
9.383740012367036221e-04
9.307335169218864746e-04
9.785937119269161148e-04
9.394862945973687538e-04
9.294512442602931735e-04
9.947394005729841976e-04
9.652687471099850175e-04
9.613373325905338234e-04
9.162334673306784085e-04
9.533576058346681856e-04
9.202326489155859737e-04
9.477845558915355120e-04
9.931415062297923625e-04
9.549137956068517183e-04
9.604924982030840037e-04
9.228757795622054543e-04
9.954049099073719684e-04
9.853422597227371859e-04
9.085252567819908321e-04
9.595956720961971000e-04
9.746635339769049722e-04
9.464072282958225883e-04
9.669479371193210639e-04
9.358455734305886394e-04
9.424800569883431782e-04
9.639712550045370079e-04
9.755913194707374527e-04
9.189667540865617589e-04
9.742450668784247755e-04
9.246494346457448952e-04
8.608332047620437764e-04
9.603139913558287732e-04
9.150405429686967991e-04
9.745040051962695817e-04
9.812915498364559001e-04
9.879817025589287573e-04
9.303908901384131888e-04
9.542357534166458037e-04
9.454205960588169802e-04
9.411172392111870951e-04
9.563798303764992634e-04
9.366823181364578119e-04
9.144015847188599350e-04
9.759340479967828965e-04
9.382388448935958256e-04
9.962000686334496549e-04
9.654706584666304615e-04
9.315756205910174018e-04
9.486514628123701416e-04
9.867320631698468878e-04
9.317868733572709289e-04
9.888301833005702559e-04
9.860301860441049709e-04
9.593908894097890510e-04
9.736844663631536584e-04
9.777099962236441601e-04
9.494084200621742816e-04
9.873546374319921385e-04
9.173731670264242402e-04
8.350004072698813612e-04
9.759464570135948248e-04
9.363302279208061182e-04
9.945835567057670443e-04
9.171854370465632681e-04
9.194568446877376434e-04
9.428153138924095199e-04
9.735011219296099520e-04
9.601530239982679392e-04
9.986457959326041581e-04
9.803421810819672785e-04
9.960243879178209969e-04
8.991104291387587650e-04
9.998872928804207385e-04
9.392607128260116803e-04
9.528649989464214485e-04
9.363110968432311349e-04
9.422089632701682090e-04
9.530635132068921095e-04
9.817257204893746741e-04
9.706282404087507049e-04
9.988020812031427574e-04
9.572061278065604160e-04
9.696669642589229214e-04
9.867544416986920048e-04
9.339749009876068550e-04
9.865912697319878175e-04
9.317771939488193053e-04
9.516844141842955348e-04
8.965920966514700141e-04
9.966617800754250765e-04
9.483264089057297924e-04
9.810064620742176261e-04
9.533225409521688468e-04
9.923174907420834103e-04
9.839268409813186397e-04
9.442841455412023409e-04
9.641860060397668998e-04
9.957065653414495007e-04
9.487270142977250170e-04
9.757245683994036868e-04
9.554985298129184098e-04
9.601786909389062492e-04
9.722797917628274401e-04
9.530911894109018795e-04
9.586976500957346227e-04
9.676913561709946229e-04
9.755940070135703723e-04
9.665949217988201994e-04
9.480058178746575675e-04
9.589151570010017887e-04
9.638554938841714138e-04
9.724139911544609025e-04
9.989650162419972095e-04
9.336014123773226595e-04
9.295269958092411281e-04
9.644635532869593646e-04
9.267268109765731173e-04
9.974226792087155079e-04
8.353576937995757382e-04
9.786774369892579928e-04
9.983875899798866620e-04
9.727250078515200203e-04
9.762507849833845135e-04
9.121381256341620910e-04
9.728435537300502388e-04
9.585945701583505497e-04
9.849838759616986149e-04
8.599874330228623499e-04
9.380548380406437308e-04
9.871345205026066990e-04
9.699689020417312209e-04
9.395013806969507728e-04
9.770942994134610045e-04
9.956635603442245096e-04
9.992621018381385098e-04
9.759618211900073946e-04
9.698142884693193360e-04
9.676295169525609601e-04
9.977499280828055171e-04
9.385034286782163336e-04
9.346358658687623899e-04
9.588957738780042950e-04
9.628048755806204242e-04
9.011189480565648001e-04
9.708791440730058170e-04
9.671680628224614464e-04
9.337199824139643702e-04
9.522199220104842626e-04
9.200452353635128365e-04
9.511736989796452501e-04
9.512498996654975220e-04
9.481599167631472348e-04
9.828257760684125464e-04
9.728262416723513877e-04
9.608632570495249546e-04
9.631146733278450264e-04
9.041073450296375873e-04
9.728326782759186926e-04
9.669934125369136768e-04
9.208556773070662727e-04
9.617180074772256225e-04
9.758763509693723585e-04
9.787725157529125319e-04
8.925998302924486151e-04
9.495428547951317551e-04
9.282327194700190154e-04
9.843076708290034778e-04
9.700630276916323656e-04
9.888905283058002302e-04
9.243539159633508938e-04
9.610904190632535557e-04
9.091313697869567861e-04
9.528608826179139034e-04
9.567983237354454841e-04
9.567342580513606533e-04
9.828163807468379923e-04
9.461035405306640698e-04
9.356379524394454680e-04
8.960395646292497723e-04
9.740804156952128420e-04
9.565494866803807891e-04
9.340339598451278787e-04
9.489879462230350242e-04
9.575232198401987258e-04
9.691943467542270480e-04
9.630857337718413827e-04
8.923553888424793235e-04
9.866425824562343166e-04
9.903297671811786898e-04
9.236586853180882468e-04
9.706349867177525934e-04
9.338094499417907111e-04
9.531958323307728777e-04
9.814618411879676846e-04
9.779487871954442146e-04
9.859490751861355994e-04
9.498497219405445694e-04
9.945827528063928922e-04
9.721729391779420021e-04
9.376722818424471301e-04
9.810651144737899711e-04
9.441111036447092167e-04
9.174667164492949925e-04
9.622259170072449156e-04
9.502032073885411777e-04
9.954541555581121817e-04
9.395651079066362705e-04
9.575104194952213958e-04
9.982243348373534032e-04
9.585185852484843323e-04
9.918978272349383667e-04
9.533179057781788817e-04
9.525426099820815708e-04
9.456343182342319279e-04
9.782772577487290969e-04
9.450610426139145369e-04
9.725990814823032076e-04
8.857575307698576815e-04
9.855844912303973575e-04
9.579980343732647039e-04
9.353973544353341935e-04
9.553077073681784295e-04
9.567442639527013164e-04
9.292105413880778981e-04
9.514228287746329593e-04
9.446198188466596981e-04
9.127943495842745893e-04
9.570869235614439061e-04
9.443347989112494539e-04
9.351441563964106368e-04
9.755200254013466190e-04
9.487127818790001225e-04
9.740883978615103543e-04
9.755454582756076460e-04
9.994731548610693520e-04
9.158298451302195530e-04
9.694525364045793788e-04
9.552306971720348925e-04
9.706354735231841708e-04
9.694604524536880189e-04
9.979077497086926134e-04
9.576476927322471631e-04
9.768027879259021801e-04
9.611515265419316245e-04
9.142473760954989044e-04
9.604473908479814904e-04
9.848678773646908288e-04
9.978185167230861196e-04
9.489663238967955411e-04
9.882426956642821093e-04
9.825794822080735191e-04
9.399902291305017128e-04
9.573084235269949723e-04
9.084416520404230231e-04
9.874347981188033932e-04
9.972956841505433313e-04
9.945582250836244691e-04
9.372400675301088835e-04
9.699309379377136402e-04
9.152818688864652668e-04
9.295572847833259537e-04
9.319533206986652281e-04
9.668808936249701771e-04
9.672841118734540810e-04
9.986420901693211175e-04
8.986194844312653078e-04
9.259660874234118978e-04
9.678734747157876836e-04
9.614000513283149207e-04
9.705053436996757951e-04
9.042162456418467113e-04
9.363622683748322765e-04
9.350092499569541069e-04
9.842591319976241176e-04
9.390178622128147069e-04
9.235327398961549984e-04
9.648565686019526782e-04
9.310522166710896285e-04
9.644272335532220238e-04
9.424452521805355481e-04
9.130653890571667052e-04
9.587080885721314645e-04
9.244665066671208919e-04
9.762265965764570317e-04
8.583930518482294240e-04
9.577183045452311366e-04
9.656911131196053381e-04
9.798282595994563769e-04
9.352329420089344324e-04
9.833294655990074996e-04
9.390227080607151718e-04
9.312618275903870218e-04
9.442457687172330126e-04
9.415297729100766295e-04
9.603636364110292294e-04
9.549343176135313433e-04
9.331935600195876909e-04
9.924960945231315560e-04
9.350545618803995712e-04
9.914031689110755236e-04
9.741611418677728184e-04
9.505914863338117433e-04
9.619942789402655039e-04
9.653863524360851338e-04
9.344198042320339681e-04
9.558725642678622247e-04
9.820478443416890118e-04
9.830484780275505242e-04
9.642766540768549829e-04
9.977705527996713099e-04
9.785991003074102999e-04
9.377245112956916805e-04
9.440566908991361627e-04
9.467019595636520487e-04
9.553834449034873935e-04
9.795067336154212288e-04
9.010690438930613879e-04
9.274667882883082725e-04
9.119222869352905381e-04
9.892253059627059524e-04
9.538575316052179745e-04
8.477137041589037593e-04
9.742150600324510790e-04
9.623046486905750862e-04
9.668966967532178049e-04
9.675890889476780349e-04
9.610032184895748357e-04
9.724385538705213354e-04
9.781458776909307106e-04
9.844760035289550938e-04
9.424572433583744196e-04
9.426702038377316861e-04
9.335264466218704069e-04
9.515992668812107286e-04
9.819032492001038108e-04
9.505879040016776849e-04
9.283029952273164553e-04
9.525217668353127068e-04
9.449671472677903094e-04
9.657765990911829166e-04
9.306873462353101997e-04
9.737368180331245314e-04
9.566114268257899962e-04
9.073564182889907971e-04
9.383323100208370736e-04
9.424910656747172372e-04
9.102470935201181779e-04
9.443070297085588791e-04
9.960306283415825031e-04
9.796390809825522919e-04
9.504448060289848177e-04
9.415092461345006807e-04
9.692443717683051248e-04
9.429108966455774848e-04
9.186589614055435402e-04
9.282514039637346963e-04
9.676266896094081740e-04
9.991711502976966842e-04
9.744834089371669531e-04
9.571358023155962470e-04
9.015905567736089534e-04
9.575302511920685041e-04
9.985509087116904887e-04
9.587633497448097824e-04
9.818784929895192637e-04
9.933183527598362945e-04
9.029374596712962846e-04
9.958961748217439076e-04
9.848749684929444283e-04
9.717742007576412070e-04
9.477454634264604553e-04
9.885022105162160483e-04
9.638248783674115269e-04
9.446704992622314851e-04
9.192888130219263512e-04
9.738525402223743074e-04
9.797829870937639369e-04
9.569336596221570063e-04
9.164136410929793041e-04
9.661555747801348461e-04
9.850349410359940036e-04
9.639280792565745742e-04
9.533283413970677651e-04
9.421761598998781417e-04
9.889138675015125834e-04
9.615288274498927975e-04
9.534586755589518963e-04
9.630682208469147328e-04
9.654768039326118304e-04
9.941069013496271235e-04
9.292452154791880792e-04
9.351057311307998769e-04
9.190480926646809419e-04
9.557449373268621937e-04
9.362939165999435579e-04
9.526834722814625945e-04
9.304019372345616323e-04
9.681949020616182396e-04
9.492692966809810869e-04
9.447723476542339328e-04
9.303357923167201700e-04
9.265101310241908097e-04
9.520878474363750951e-04
9.803457184442108951e-04
9.732884867369432811e-04
9.505970113227399116e-04
9.369947332914787749e-04
9.607716107947268831e-04
9.754828327049269937e-04
9.578657390387019990e-04
9.397179307957217098e-04
9.606863886651137484e-04
9.375192359087646844e-04
9.974424895461575947e-04
9.701638897460121251e-04
9.980544105110036174e-04
9.579516518833400230e-04
9.252570246744471318e-04
9.438803183853777638e-04
9.590375191831923551e-04
9.274603364928998015e-04
9.678476853108017915e-04
9.454672649632307919e-04
9.578147650701971652e-04
9.594186157613977849e-04
9.384909473662369399e-04
9.435570681313062936e-04
9.907307140909937977e-04
8.884358255776382898e-04
9.593393695129196364e-04
9.815963197059582659e-04
9.764311583004151376e-04
9.521667576929238692e-04
9.777514576492652831e-04
9.548072846326991457e-04
9.556315897401894887e-04
9.479416885932315847e-04
9.972406613321816576e-04
9.232923389206805108e-04
9.669477829307406491e-04
9.546770523375205150e-04
9.842790836520074263e-04
9.436975086314757649e-04
9.488343186605494072e-04
9.353820549494592726e-04
9.561017772370736375e-04
8.514344988876306223e-04
9.767666871893308355e-04
9.323067586548583778e-04
9.419247688473167748e-04
9.651137236468148618e-04
9.805712390963353554e-04
9.282567598649223107e-04
9.937497831246197739e-04
9.339629377639429826e-04
9.936477769372717428e-04
9.240820049744807949e-04
9.287559301115320314e-04
9.319297600390691848e-04
9.223710554957769824e-04
9.231333553002134306e-04
9.687115557486641318e-04
9.704366105969170798e-04
9.617411392467749244e-04
9.801615067265810610e-04
9.449283501202259327e-04
9.238585408056476092e-04
9.663328714387723565e-04
9.917688950701769070e-04
9.043501629296496437e-04
9.746029264060537345e-04
9.904546786385036699e-04
9.770825919875700694e-04
9.517970403810543977e-04
9.976632007196669944e-04
9.550571382084481996e-04
9.797718366089055737e-04
9.358057434459590403e-04
9.256156293899839987e-04
9.642981243387460481e-04
9.719393417366299940e-04
9.231751794706162485e-04
9.452506134704431913e-04
9.191328521228947284e-04
9.760163675208334425e-04
9.563926192791716990e-04
9.921053577904694141e-04
9.744866728771930855e-04
9.912926686212698499e-04
8.974728571132386352e-04
9.558349180924237236e-04
9.913438339728155007e-04
9.542957092268454077e-04
9.809637217311152537e-04
9.524987543360661319e-04
9.618960122104108041e-04
9.419996511976309796e-04
9.099755059867133990e-04
9.957852542773093941e-04
9.501266540483211754e-04
9.955900139979418847e-04
9.568686709441211581e-04
9.388034572501620942e-04
9.269112531679260655e-04
9.757304260724599309e-04
9.633013337937921519e-04
9.666155843148275216e-04
9.730257340240437789e-04
9.683534666167365997e-04
9.966307683584680818e-04
9.606890958775628642e-04
9.630059534024453839e-04
9.821248901864373850e-04
9.647337905314761711e-04
9.861253354404165682e-04
9.012048662310066967e-04
9.467909576365757035e-04
9.654105294267975286e-04
9.367270608829635385e-04
9.938909488698788146e-04
9.316196145340449207e-04
9.782473683088966331e-04
9.155726442963268161e-04
9.997531496303061187e-04
9.112634947665471151e-04
9.575272523874227108e-04
9.567360205544006525e-04
9.380434508807222477e-04
9.470292616256741980e-04
9.970628935495762929e-04
9.892963972295799272e-04
9.999177527089213573e-04
9.946144384431828030e-04
9.518353877403575589e-04
9.252710131676267907e-04
9.533029493127035889e-04
9.500536409938143073e-04
9.499401125021453242e-04
9.687830599682662174e-04
9.554319565546170578e-04
9.957397632936117356e-04
9.354522925924894363e-04
9.367393976584193404e-04
9.799983033620086274e-04
9.487928026149891787e-04
9.871656956396451972e-04
9.666910308169108634e-04
8.882831319216391054e-04
9.873886330202387256e-04
8.575126605539258465e-04
8.979345475247992340e-04
9.602420152617301792e-04
8.926106749200716063e-04
9.521362162505909131e-04
9.535982127398313392e-04
9.745261271546867094e-04
9.231750873769255022e-04
9.471164405649378469e-04
9.239933968854151724e-04
9.196855112427684440e-04
9.748444270940028432e-04
9.558000909856195684e-04
9.869807949414084215e-04
9.745779437467116555e-04
9.801707228635388180e-04
8.982207945233157669e-04
9.870046160947896444e-04
9.980995136557918503e-04
9.936428985632356301e-04
9.103889162796531022e-04
9.552018031019842521e-04
9.683760553728316045e-04
9.409337556586767166e-04
9.610191342853822071e-04
9.976954167243855167e-04
9.775882330219465115e-04
9.707106534892565855e-04
9.852502930477713937e-04
9.630430591871641912e-04
8.918171438420656894e-04
9.995807149310676019e-04
9.865229269074029216e-04
9.800066946250426611e-04
9.838602044007196869e-04
9.888371252531680863e-04
8.971014339310840737e-04
9.572477158011348823e-04
9.854667065116748479e-04
9.632466566571816057e-04
9.386685742568436075e-04
9.370108689965148856e-04
9.243754662187243917e-04
9.888297783299919170e-04
9.332563672200750240e-04
9.769344301391368144e-04
8.824658191099284598e-04
9.559197058749810318e-04
9.828985613276265861e-04
9.829097077785815297e-04
9.545816464492690341e-04
9.465045694240030970e-04
9.627806372680140692e-04
9.936673980491354807e-04
9.454909697812574707e-04
8.907220529936545365e-04
9.622088354605032832e-04
9.839347914582751136e-04
9.546615559020523497e-04
9.408439680618401260e-04
9.433127184112819310e-04
9.908814704080021445e-04
9.734161522390199529e-04
9.852691284709615051e-04
9.351867144527650300e-04
9.486884173019644083e-04
9.393749577374928099e-04
9.719152759614365982e-04
9.801990186725925095e-04
9.622039222352012002e-04
9.379171268531868349e-04
9.653098468960736927e-04
9.372411659894009425e-04
9.843693992974027803e-04
9.049871852309841974e-04
9.784536852785674036e-04
9.741257451738992044e-04
9.311888264364718854e-04
9.778901311441909154e-04
9.920520315819002840e-04
9.925252419888800672e-04
9.312733156807179342e-04
9.176915390270261319e-04
9.335577774668732225e-04
9.290268293670769740e-04
9.356084325600698935e-04
9.436833769999846810e-04
9.718408863551319422e-04
9.277982334664939363e-04
9.683787032758253699e-04
9.659833859385458894e-04
8.919216962832794606e-04
9.576144983797215760e-04
9.625008174249008019e-04
9.392162289199827837e-04
9.814030579921632046e-04
9.083556120133884403e-04
9.389146658588958015e-04
9.999443000454221082e-04
9.327704283626422075e-04
9.195378869013793796e-04
9.804725981613503401e-04
9.109404684470084543e-04
9.523241388304564065e-04
9.895582251700444764e-04
8.944135472430052953e-04
8.935035321643733592e-04
9.740660973422640180e-04
9.521158190461312789e-04
9.029034996066399518e-04
9.879373489498587384e-04
9.934446715872604240e-04
9.958558135348882442e-04
8.466773424341297698e-04
9.389895342964872530e-04
8.508394302047464367e-04
9.419913865919470270e-04
9.352488672577654542e-04
9.424874216679367776e-04
9.998230250683850292e-04
9.058576084074802500e-04
9.206298524268266732e-04
9.556890929119619960e-04
9.755092220921243685e-04
9.853119459303529264e-04
9.445539063079068636e-04
9.453117351918089101e-04
9.480082382364242617e-04
9.734793789344604919e-04
9.721575436609620298e-04
9.105944787296391856e-04
9.582151061183919599e-04
9.819103012556839281e-04
9.237599757755914206e-04
9.593111497228161942e-04
9.127769411845958799e-04
9.472595588571875152e-04
8.934272767865062814e-04
9.408931202352095301e-04
9.004601131818479624e-04
9.571910471709919703e-04
9.374142814199946418e-04
9.979536643890459403e-04
9.718689476763970724e-04
9.916809821470917285e-04
9.551467818807022519e-04
9.539890984179783331e-04
9.225287017339536474e-04
9.492497962945067782e-04
9.881748096925869335e-04
9.775107227401956100e-04
9.939087681487244769e-04
9.697672558670143847e-04
9.103284859190339216e-04
9.767945067502513661e-04
8.996613700497739768e-04
9.589570040920801638e-04
9.990023935713097936e-04
9.857351210702523011e-04
9.313585783396709358e-04
9.339285624198753136e-04
9.113978011925479494e-04
9.209134363159381153e-04
9.647514692984387802e-04
9.988154308501861599e-04
9.881824365899395408e-04
9.862060526004800664e-04
9.544740383952410572e-04
9.369042616312904309e-04
9.891608775158811356e-04
9.602958176179527327e-04
9.875679987461402198e-04
9.653436408121720061e-04
9.579794990294829629e-04
9.868904804370786082e-04
9.505983773476033407e-04
9.627396277536696837e-04
9.446190167995931327e-04
9.415068875373046580e-04
8.700750870924014264e-04
9.163256433288407806e-04
9.676081503197564351e-04
9.208177006880159535e-04
9.813524176358263181e-04
9.972670331452539345e-04
8.248569277630037966e-04
9.276150630005076036e-04
9.512019563457171792e-04
9.853234626359813619e-04
9.575741003551602615e-04
9.570037947604507003e-04
9.356296836122080700e-04
9.233519008469723115e-04
9.479673725805724859e-04
9.894802089260824277e-04
9.908100122300715108e-04
9.072088259042280969e-04
9.923073931483780002e-04
9.708177435880757829e-04
9.817401436122230683e-04
9.865252900434992329e-04
9.173858498651132334e-04
9.509276849741702233e-04
9.767196618845053451e-04
9.522516566917991251e-04
9.930383881402396907e-04
9.445517198309007949e-04
9.470254947963497195e-04
9.608845234127110250e-04
9.800244468956263201e-04
9.521667449297762341e-04
9.081347372553181044e-04
9.389732125572938792e-04
9.672839645408429091e-04
9.963489987653869999e-04
9.874910547009944483e-04
9.726170878745505743e-04
9.461236259992454904e-04
9.138769999501771208e-04
8.862257574396374118e-04
9.242589771308175155e-04
9.668292427001216058e-04
9.378961041050619396e-04
9.993892262833404226e-04
9.278560267218710416e-04
9.807434824209467893e-04
9.696025081298605261e-04
9.865292352696018556e-04
8.263058545110903022e-04
9.487056414018593502e-04
9.957214185430810285e-04
9.779387158338767941e-04
9.805442644598917797e-04
9.822551399181671337e-04
9.685999115968686301e-04
9.432021925574214779e-04
9.115864125085316018e-04
9.874115479999330796e-04
9.940108986094674682e-04
9.572555234303373314e-04
9.475866714572751337e-04
9.655100696626081917e-04
9.889278173343700115e-04
9.861045319699464091e-04
9.525411501776839818e-04
9.508259590001563906e-04
9.725940460756785566e-04
9.795801177760053886e-04
9.528661975199709949e-04
9.998476431302475136e-04
9.417237070730231745e-04
9.823313257728565236e-04
9.644188776317526258e-04
9.479441036300566194e-04
9.622784818334621315e-04
8.941426945082553814e-04
9.986007929161703177e-04
9.718636311721926381e-04
9.882131874599721800e-04
8.704547462472225425e-04
9.717895108108571840e-04
9.846357315330060266e-04
8.885094863996212096e-04
9.783587717840315674e-04
9.322757610328419840e-04
9.410355764824295064e-04
9.233098482879205718e-04
9.637215791080266806e-04
9.742686918862735650e-04
9.866915807904635093e-04
9.672953783390092789e-04
9.317792491169410354e-04
9.957297240529676408e-04
9.660496064114121534e-04
9.839961010772793615e-04
9.275031524691969764e-04
9.791603823890450940e-04
9.488621039566030608e-04
9.531463455776494889e-04
9.067207168710053394e-04
9.446446509568814064e-04
9.292183125468955838e-04
9.772382534738183885e-04
9.496413482628673127e-04
9.659798307095596821e-04
9.589322824895782924e-04
9.922188827733568074e-04
9.865595319058697438e-04
9.825156148489853046e-04
9.270988962391581980e-04
9.524340237173990796e-04
9.121765287062828581e-04
9.894871841268889148e-04
9.760243338229795994e-04
9.835258959051526497e-04
9.786339397081405319e-04
9.486938692981958373e-04
9.667491729232838022e-04
9.924250618738685633e-04
9.819778584668962911e-04
9.895933617286645830e-04
9.539372876774247128e-04
9.526811799416298829e-04
9.598964523304341894e-04
9.780917188681862752e-04
9.921461685790779542e-04
9.250181540379812627e-04
9.895709525205649733e-04
9.722859390756874703e-04
9.829172675283822953e-04
9.723399561248467380e-04
9.569098053585116869e-04
9.917441473740453914e-04
9.682676153545261011e-04
9.795687443338431475e-04
9.683988263690395835e-04
9.567958607602564504e-04
9.460469085624797830e-04
9.919545575691646362e-04
9.743685918052025869e-04
9.664975379250172194e-04
9.697449552571567192e-04
8.962539259255708751e-04
9.949578569659210583e-04
9.579267322040892468e-04
9.861454193963610764e-04
9.272196835660869406e-04
9.927362521266363312e-04
9.338748789774133259e-04
9.551733500439854672e-04
8.510506640267699900e-04
9.242746642395498593e-04
9.394547224921099161e-04
9.762901715935373313e-04
9.684959741314463954e-04
9.980225198303390322e-04
9.584285128318134660e-04
9.819318063981966049e-04
9.670259947407728717e-04
9.515132583104865755e-04
8.822158822105346555e-04
9.258762033505819888e-04
9.671840954594602708e-04
9.858345216290334730e-04
9.478457355702270184e-04
9.530749986230033438e-04
8.977006575974753617e-04
9.804468063542460133e-04
9.543703347868086936e-04
9.649608205871917877e-04
9.803052516217936052e-04
9.480751928115951866e-04
9.918041005474382069e-04
9.704479484295059797e-04
9.307981159575451488e-04
9.435787232481628950e-04
9.344637486663069691e-04
9.316424967914716708e-04
9.496465545414970941e-04
9.350014698541374509e-04
9.841518252544237746e-04
9.909563921504515194e-04
9.581696179605585185e-04
9.199503407875303561e-04
9.805995717302388569e-04
9.491232368439677910e-04
9.979729916308516160e-04
9.665645673906332266e-04
9.561414755518518908e-04
9.311413324038896999e-04
9.444272766443106114e-04
9.433781157636771065e-04
9.525118172194842105e-04
9.752359477577601538e-04
9.602872190948955359e-04
9.804406541926351335e-04
9.497025440627292984e-04
9.347468583331857480e-04
9.115636917061808314e-04
9.185427542729888506e-04
9.268368894643086312e-04
9.897758258490387071e-04
9.618805851071683633e-04
9.333594526425396942e-04
9.844027229969313109e-04
9.467943204811517504e-04
9.993262609953054796e-04
8.823879226268481783e-04
9.580969703835980978e-04
9.815969591263236631e-04
9.756559127558666255e-04
9.959625355751042068e-04
9.846883051782030771e-04
9.464461361201598330e-04
9.614234710203991034e-04
9.825040425113880024e-04
9.875351825428012927e-04
9.850006383081639019e-04
9.920781219533529854e-04
9.191063092976738905e-04
9.622817865488759960e-04
9.777679319757136625e-04
9.479236000247004282e-04
9.867399246628371159e-04
9.827794250900293970e-04
9.463841246567054064e-04
9.964584063551357174e-04
9.927363357953578049e-04
9.914752821066094655e-04
9.934301845035597902e-04
9.525089872655805078e-04
9.376367211774196955e-04
9.712755747554700650e-04
9.656320380167288846e-04
9.468355922699789751e-04
9.905794009056403948e-04
9.936960609395494894e-04
9.603886274071560215e-04
9.592879841112747497e-04
9.672127884852122978e-04
9.992275286299975162e-04
9.368324311929726762e-04
9.304557186384560972e-04
9.376910113671464188e-04
8.857627374381071145e-04
9.293372304024809715e-04
9.456906971932961580e-04
9.159652467883973651e-04
9.801406850876070911e-04
9.260429337404088536e-04
9.702867749551776118e-04
9.871177857515771141e-04
9.757138688456984182e-04
9.556697704912913479e-04
9.189328947492211288e-04
9.549814103220241168e-04
9.128470819232057916e-04
9.359488580001435127e-04
9.368877955661266115e-04
9.741068218810304373e-04
9.244410913766014024e-04
9.889195984000833869e-04
9.506272558825011728e-04
9.648381746349724789e-04
9.548404593635958669e-04
9.449113260227403732e-04
9.674330137224508748e-04
9.473389195372193062e-04
9.689321274223310814e-04
9.618899651265331143e-04
9.536264801455093506e-04
9.227130406147299223e-04
9.932177520725117038e-04
9.704038206655208904e-04
9.381773620068383510e-04
9.582193046112227018e-04
9.095617526844410614e-04
9.695231176150633260e-04
9.682241421165833179e-04
9.456309447004755458e-04
9.265995942526550691e-04
9.563403820953481679e-04
9.258959637445405904e-04
9.959752460898000856e-04
9.823602471210996726e-04
9.747698884675711113e-04
8.455479817256961661e-04
9.527178995435971144e-04
9.759527872259921672e-04
9.477430089660139351e-04
9.409470660542950922e-04
9.741117896218217569e-04
8.990446997488789511e-04
9.304175417602154712e-04
9.635183450711991672e-04
9.501728314111666882e-04
9.707661194029645890e-04
9.532784521603146185e-04
9.297515113790203291e-04
9.902746751139911586e-04
9.047373778345041027e-04
9.265457888079508967e-04
9.796080985406932680e-04
9.644027953632686818e-04
9.734943232974270109e-04
9.432756767338726454e-04
9.384055761358200531e-04
9.917337495768687415e-04
9.570721802514399685e-04
9.862124327472364654e-04
9.664049896716559590e-04
9.768477751773167392e-04
9.845473872562916003e-04
9.660564392538246873e-04
9.913548292009295541e-04
8.367664337814048571e-04
9.965674412894399547e-04
9.845539883373498856e-04
9.554031756494712731e-04
9.284324966916472069e-04
9.804507796317069642e-04
9.410292208346038778e-04
9.879706865931828230e-04
9.420384719107458005e-04
9.880361039764668386e-04
9.935952683762406135e-04
9.172267153263237178e-04
9.845845594914424785e-04
9.816146058575269187e-04
9.459040845468377539e-04
9.363724435724586972e-04
9.706191067984637749e-04
9.684237936677189424e-04
9.986924460278088968e-04
9.940353982589057724e-04
9.688553262057500405e-04
9.426331078490625924e-04
9.968505919393598046e-04
9.925629806639974916e-04
9.772769526167370251e-04
9.802408404927160680e-04
9.786972147404027038e-04
9.662827463178323521e-04
9.635375387539326210e-04
9.547059427299045857e-04
9.918190055889909793e-04
9.631125118679529891e-04
9.783119826613508822e-04
9.703552455381945965e-04
9.676483621262931337e-04
9.636786417669784659e-04
9.870258693796736017e-04
9.568459698681125837e-04
9.820974967647804876e-04
9.125235624139541035e-04
9.841902350176709273e-04
9.471525996495947777e-04
8.578204879729918984e-04
9.445647970232982221e-04
9.763809120070750030e-04
9.889091809774086788e-04
9.028234811831013654e-04
9.340531553691064793e-04
9.723919299721759486e-04
9.447000882826555234e-04
9.977811923568447473e-04
9.018580395746697781e-04
9.795821228421302401e-04
9.135690772203754195e-04
9.437176356192179079e-04
9.507714712853734601e-04
9.283246024862291034e-04
9.927583426206044656e-04
9.135191646684971602e-04
9.440811823462449178e-04
9.525082307329080624e-04
9.247446207262998092e-04
9.912816689135240701e-04
9.548062012629322023e-04
9.752045501207410845e-04
9.547752662610401722e-04
9.571392621365498515e-04
9.014528700154178509e-04
9.151121670572054606e-04
9.586650867361806673e-04
9.259222691390261994e-04
9.251641178617153087e-04
9.827341475008102584e-04
9.643761418927756027e-04
9.591163435830156458e-04
9.755548552954492695e-04
9.631265955934450269e-04
9.423333146163714261e-04
