1.179665998186730635e-03
9.439367838588995927e-04
3.868017527189682604e-03
6.355271680318260938e-03
7.219265331843277567e-03
2.335043113104230163e-03
1.025386594582102613e-03
7.717647662667214727e-03
1.106448087776393252e-03
5.363020651776770169e-03
1.830382769000014247e-03
6.054035837688157701e-03
4.378758577353487891e-03
1.971748036198462360e-03
5.787358812789510434e-03
2.320767599395208436e-03
3.679362897039208796e-03
5.945075150273326087e-03
3.668209347370119180e-03
6.744762140959011457e-03
2.212412779677432832e-03
2.621017784863661267e-03
1.283528981873581064e-03
1.288858833992436673e-03
8.514683729355433141e-04
8.207760878345159768e-04
8.621852279500275733e-04
6.966801875494177052e-03
5.235901389507242702e-03
6.602088166104977743e-03
5.806633339853162386e-03
6.289649858377646327e-03
3.233136465949789339e-03
7.921629999109043021e-04
2.703544518005253708e-03
6.748326038771983474e-04
2.120343409146198052e-03
2.852736204236139966e-03
1.929666235984446414e-03
1.630174732085163183e-03
1.592581890152428578e-03
1.913950540661618540e-03
1.080695004506626415e-03
1.074305188660639940e-02
1.448603677088809195e-03
3.184974941794893079e-03
2.497411775988418216e-03
6.658677815917115987e-03
1.732447125306770842e-03
3.091091570182474824e-03
4.113127458198613008e-03
2.138255268704007325e-03
1.387505074833724752e-03
1.249602094524470330e-03
2.142181654463130771e-03
2.147536880784188442e-03
9.821442504596756846e-04
1.951525285345976192e-03
8.304494831396641574e-03
3.046733631405962924e-03
8.340232912381050643e-04
2.671539009099010726e-03
1.335328175908784059e-03
2.865750031068976626e-03
2.324148202272168038e-03
1.773650195048161529e-03
1.979376869724103639e-03
3.037206209087605930e-03
2.790590948435831952e-03
8.265061090753417564e-03
2.084183624982998816e-03
1.536047899242923634e-03
1.199638633591462332e-03
2.925369093613273963e-03
1.930902426271279308e-03
2.605748467596975641e-03
2.669233055298301117e-03
6.968806608682637412e-03
9.566488659227321764e-03
8.895283776093535063e-04
1.675070883899558005e-03
2.866197732879911721e-03
3.434209394885622598e-03
2.386105084995120661e-03
1.754012495355916331e-03
2.815313835897895016e-03
1.135371276716820067e-03
2.006405381536294913e-03
8.526511312919925287e-04
2.950204483766184337e-03
1.459914759171928103e-03
8.425458360273557767e-03
1.080414543825565553e-03
2.063835249146987304e-03
1.617136842410425625e-03
5.369526570272651483e-03
5.328713586025280065e-03
1.146068508930152014e-03
7.287184221029960546e-04
1.052833863100173994e-03
1.264100288512911034e-03
1.506078111852320262e-03
2.798784686256280876e-03
1.966271186008464178e-03
1.099302305248495886e-03
1.101999182268584765e-03
2.279480748299055493e-03
3.024058173611871014e-03
3.428314146497592283e-03
1.730901040300398402e-03
9.778147074150189515e-04
9.987821613316326570e-04
2.404837444102176421e-03
1.003288027285199890e-03
2.202350622337144546e-03
1.361965494323412636e-03
2.414588245544449421e-03
3.123933754927189516e-03
4.753363596306544973e-03
1.178769255871579000e-03
1.098883655136999055e-03
1.517317465585232492e-03
1.569927888156261468e-03
5.390795841037408428e-03
1.724062999139624932e-03
1.146543108082431978e-03
3.589027587217096405e-03
1.214644709474822825e-03
9.928316988496552371e-04
3.079941306436308722e-03
8.375779762383278549e-04
7.601644894188207269e-03
3.593973319162937705e-03
5.191979966140178489e-03
1.164785058176568159e-03
1.900174638633447041e-03
1.267931563780415154e-02
1.313930072720565076e-03
3.114690985386287577e-03
1.344811599163784656e-02
5.416674267784133204e-03
8.492414446479619331e-04
1.051709453263589052e-03
1.126387701651073055e-02
3.781845104481713470e-03
1.844797076677248768e-03
2.296973235509096496e-03
2.167675830289417065e-03
1.394849905697010100e-03
3.945453036984182885e-03
1.790052444988804144e-03
1.951898208368462112e-03
3.091848098227195814e-03
2.912416921735921666e-03
2.733425295439670388e-03
3.792442537423593076e-03
3.041496576633048472e-03
8.200334567404867978e-03
1.854031786919326050e-03
3.298561599367079173e-03
1.564594171578349282e-03
1.653691074920449287e-03
1.844220418058584859e-03
6.581781221679852516e-03
2.163829755435657531e-03
1.075229122802993757e-02
1.595935384296245582e-03
1.606836369579998057e-03
2.951239630646467372e-03
9.497126511673554053e-04
7.663589702308689668e-03
1.894512227447476107e-03
3.382556827789573537e-03
1.577518851170165793e-03
8.923880355698415954e-04
9.409497752463874369e-04
7.388998547134972665e-03
3.378127648177508494e-03
3.656173757511894766e-03
2.384017348608961570e-03
2.357148040734006328e-03
1.049638223099449812e-03
7.958242541015303874e-04
8.684669890782131330e-04
7.265902588623100213e-03
1.320725544674481973e-03
5.121911565696639530e-03
1.065224656286389848e-03
1.627721383433996735e-03
3.770908473771579159e-03
6.959900500323581811e-03
8.956096122371389259e-04
1.862715984177811760e-03
1.947092521966663561e-03
9.066560756652930833e-03
1.544584242231863795e-03
1.181193353188494163e-03
1.227454552555942626e-03
1.509136848221065332e-03
1.098813896848191115e-03
2.294555680103115090e-03
2.501451175410264894e-03
1.732139472978447801e-03
1.543817580975001243e-03
1.586688515654996511e-03
1.651024181212784213e-03
6.945884331950267013e-03
1.826388414258259827e-03
9.861023448043688532e-04
2.348415794203181049e-03
4.678763781822391395e-03
1.544831108173500738e-03
2.904657396119691461e-03
1.140647496897809199e-03
1.240410486248715504e-03
1.874959884839704372e-03
1.007549580148288729e-03
1.737206874803116701e-03
1.740277804622512641e-03
8.869564793738296364e-04
1.362564110962031366e-03
3.157896792701410469e-03
1.200789415363607724e-03
9.582057416033459580e-04
1.476357247986796436e-03
1.256598797707034589e-03
9.460535524704634510e-04
8.988177534039232296e-04
1.214398880397389536e-03
9.350103158961482232e-04
1.593931388152996110e-03
3.091704917005593661e-03
1.782061254769965472e-03
1.271320079515190918e-03
1.655037544426778444e-03
5.596680598164628651e-03
1.481132323639790986e-03
5.603513632915717302e-03
1.508786015372088393e-03
1.847891156900984769e-03
2.738051148161483109e-03
1.036243594468305804e-03
2.541258372410730090e-03
1.009026424582878511e-03
1.121157398901346863e-03
2.442646111726851435e-03
1.275820704732801188e-03
1.697433945214855532e-03
1.802535959523536872e-03
1.073547053502987196e-03
1.275772519343446737e-02
4.577294816158653662e-03
1.316243519594513176e-03
1.011196843272034246e-03
1.355910738411852381e-03
1.197467026088312953e-03
1.795706931007674161e-03
8.750810424032622091e-04
1.452441625101793957e-03
1.063201485759080259e-03
9.976245248596133167e-03
3.978996817809683090e-03
9.885989852169338975e-04
1.162724275665575182e-03
1.570557568392321910e-03
1.430716352871056873e-03
2.908477571302837093e-03
8.445150207760941706e-04
1.451116028453692652e-03
1.186167011454365141e-03
1.655184313152025443e-03
9.321357089840515402e-04
1.259287577464106040e-03
8.611477144553974020e-03
2.553719067387629198e-03
2.292665765866279837e-03
1.753070593240194401e-03
2.549145295781494406e-03
9.070480331147675809e-04
3.520212613693806270e-03
1.009011188116841311e-03
1.321048732354595167e-03
9.304037327452362345e-04
3.356819202597424116e-03
4.991362693630225361e-03
5.912683576204662284e-03
2.452486625932738182e-03
1.331129590695252166e-03
1.454963172037848250e-03
9.252247642914173623e-04
1.239325725874352050e-03
8.188207649586171175e-04
8.469436552386675355e-04
1.315243159697515856e-03
7.535430173358653033e-03
2.611973278724206548e-03
5.864226607766196038e-03
1.136506222619381064e-03
2.613491168698039383e-03
2.632156039522050642e-03
6.069566672986038622e-03
1.481509396141808804e-03
2.542869483866107456e-03
2.271406743916130639e-03
9.717456398653921039e-04
2.114878945775289839e-03
1.712795752327645957e-03
1.535999883064913425e-03
1.294994344543485805e-03
1.095103166416484591e-03
1.874248267581772728e-03
2.340528499011205327e-03
1.889176750025515876e-03
1.082512672082632313e-02
2.533216908273575301e-03
1.517238979111103139e-03
7.406788055647923856e-03
2.516054463138062830e-03
3.986023082681293232e-03
3.055654348186761637e-03
6.022173831220962309e-03
1.021933468214469625e-03
1.676083076712896322e-03
2.084476883732754547e-03
7.988511826258143725e-03
1.222005351264555603e-03
8.059874269129539692e-04
2.046173777483485234e-03
2.992299914420913469e-03
1.469408354440435291e-03
7.923225262550169208e-04
4.800738995764967584e-03
8.999909842638060186e-04
4.167102741099304973e-03
9.012770107201979741e-04
1.074774899538577695e-02
1.065938431483949480e-03
5.867414530704695950e-03
2.900810045969014379e-03
8.231213165877174220e-04
2.285128133721310052e-03
9.705677477796673764e-04
1.216261281437286401e-03
8.037113611874180039e-04
1.721317598993751504e-03
1.899059773511944417e-03
1.199804688899585615e-02
2.067535642513457922e-03
5.212668110795379110e-03
2.472113342524420894e-03
1.135347627594997981e-03
8.940446053068120324e-04
1.655026723815277876e-03
9.509708958140925938e-04
2.112250801201703485e-03
4.859853236483648552e-03
2.115805829047014315e-03
7.619805272312759909e-04
8.758226559870487026e-04
1.504375556604075617e-03
1.103826228066519905e-03
1.322650887041952128e-03
4.317562864604326985e-03
3.234799980372789034e-03
1.105901327718900257e-03
3.789304197655510732e-03
1.538471621165872017e-03
1.001914966328383864e-03
6.888936372593284369e-03
1.340310949218757788e-03
2.200464866954623174e-03
5.408260162687777983e-03
4.966388218578111739e-03
9.034515952688534088e-04
2.184037633895186559e-03
1.495753677783406496e-03
1.592349767891202729e-03
1.690854030191569178e-03
1.346685436408134049e-03
2.354714009719708918e-03
4.161889346982611260e-03
1.103562409949934448e-03
1.523440512319221112e-02
2.489830699453927671e-03
7.500946314456647225e-04
2.293685185463768643e-03
1.261208430172130546e-03
1.661503366362905012e-03
9.321036731341422743e-03
5.320716623183559084e-03
1.097770974351848852e-03
6.389031972759138742e-03
9.328375993476842754e-04
1.342967438421661854e-03
1.124028671315351231e-02
2.671756319618425000e-03
3.114427972302186154e-03
2.319994726898056206e-03
1.383991574265990010e-03
3.412745682104351315e-03
1.186556883508245149e-03
3.187368990274105657e-03
8.956344423664287227e-04
1.573912540849886155e-03
1.931788998771427363e-03
1.544891390583875848e-03
7.000173565302592439e-04
9.439967923105569043e-04
1.860003917642366871e-03
1.201412359590060212e-03
1.092823017885077245e-03
1.054420991248873488e-03
6.369196512704821886e-03
2.803404257615773557e-03
2.083186670323252960e-03
1.287446360263462975e-03
8.297320583517022851e-04
2.346910935519000169e-03
3.540732572188162296e-03
1.139577691483828438e-03
1.324212911274097156e-03
1.615956084469221321e-03
1.244117808596751067e-03
8.981199493900633756e-04
1.719399040966263946e-03
8.166221493312006462e-04
1.268988152031060891e-03
2.356835430371992651e-03
1.711772965799296083e-03
4.072994232101287762e-03
6.350845911291255926e-03
2.856252330047488568e-03
4.966476440528676956e-03
1.195364149340811177e-03
8.072535625876432752e-03
2.528603841342790936e-03
2.788991103119448089e-03
1.108858721881202927e-03
8.151646030359319030e-04
1.838594466134013151e-03
2.748790415582156015e-03
1.095870835998061232e-03
1.069866612994571382e-03
2.790345896543822320e-03
1.364834713189555689e-03
7.122867720035022665e-04
8.642172030335182982e-04
2.834727111464604900e-03
7.122539469220301933e-04
8.828021846592816815e-03
2.663722324979283813e-03
1.637903049636413484e-03
1.526369459996013579e-03
6.186843489087753833e-03
2.224933108784614682e-03
7.016716693909586357e-04
1.256667655670391402e-03
9.244315294295900928e-04
8.910118966567474787e-04
9.804003256911409184e-04
7.673178476417135026e-03
2.016351372789001485e-03
1.839258623001958264e-03
1.610147152295350733e-03
1.056204698765260538e-03
2.940676661375621077e-03
1.095577277942114298e-02
1.001814631357764423e-03
9.000998446222710113e-04
1.063566698033986463e-03
1.701047793268474799e-03
1.231069988624650243e-03
1.790026946404113181e-03
1.523946576279979880e-03
1.460457613026437413e-03
4.918081415443355427e-03
1.348322800174188950e-03
1.513042103917603938e-03
2.363456891382864113e-03
2.164548563149529693e-03
4.195626498112294510e-03
1.827084267526869884e-03
1.465517794073441498e-03
1.074794866911380148e-03
9.470916461638231344e-04
9.803104130086976332e-04
1.319639654987553616e-03
1.271071362469240089e-03
1.227756584545634105e-03
1.491108116228190804e-03
4.880587457899291000e-03
1.403047073926830084e-03
1.084879455600313083e-03
2.430929889298550674e-03
7.038499987237696901e-04
2.008899081730426001e-03
7.867979115948471949e-03
1.019449423303114095e-03
1.080868507942251431e-03
8.474072249063302129e-03
9.591744656306255140e-03
1.332675613953442084e-03
1.039871078224761025e-03
7.398960913108452997e-03
6.102755427142981214e-03
4.528371228911030541e-03
1.870205781441060299e-03
1.383168933566271321e-03
1.673947906480212139e-03
9.833959401005503299e-04
1.424646197623412975e-03
5.696042375817079832e-03
7.575931242800683146e-04
1.333820047827454554e-03
8.686783609996033724e-04
6.433437551813215964e-03
7.865436130502418723e-04
1.216091243194845212e-03
1.156104884140051131e-03
2.168851737363929316e-03
9.851621503653399010e-04
1.943779036160788419e-03
4.327672850300376406e-03
4.194308474201231124e-03
1.064445042763300514e-03
3.514591054952628021e-03
2.539615861219209937e-03
1.410138290225888477e-03
1.217475844912988730e-03
1.602931876700839893e-03
3.950158401214552521e-03
1.436710600718672185e-03
5.551185977906025401e-03
1.307887312451070858e-03
7.064551551655748503e-03
1.703072600335895932e-03
1.053435776663315393e-03
1.501363788882211425e-03
6.704553812051689161e-03
3.621776860853119420e-03
1.465930067320658867e-03
1.165777223170634536e-03
8.321572505201514256e-04
1.034899727291011635e-03
2.110467980004476427e-03
6.982534813175457836e-03
3.282842083288127922e-03
1.121332789013751311e-03
2.059485639781082067e-03
1.028686937731413363e-03
1.001667635827971576e-03
4.924007450291953240e-03
3.791847773066146787e-03
1.174037391314291037e-03
8.296472166326510338e-04
8.239962335786903689e-04
8.532567705745869313e-04
8.834809783249285200e-04
1.400680149198057405e-03
5.376665413001304253e-03
1.139159708726660957e-03
2.032102566544078618e-03
1.625477334541066245e-03
8.942636802598510123e-04
8.697044745049271539e-03
1.667145171291691853e-03
2.557772579153368749e-03
1.288245215781265397e-03
1.473398585237648169e-03
1.617402340788675046e-03
1.537025468762584762e-03
7.651866272357921162e-04
5.075331254115097654e-03
1.305047719773490310e-03
2.092863150768627546e-03
1.366265033511761262e-03
1.325654287032004396e-03
1.226459412080179714e-03
1.585073182959373557e-03
8.469064936200709076e-03
1.631413322295520744e-03
2.621870321975403907e-03
9.847687390776680046e-04
1.519008435449574913e-03
1.392146462818336311e-03
1.180941998939404524e-03
6.098397803980190775e-03
5.347522309835204754e-03
9.762859327615808864e-04
1.002078812380439608e-03
4.210247063162694987e-03
1.070820071820406281e-03
7.075949290068915716e-04
1.830132701583830467e-03
1.976023324300085413e-03
9.531536819214702326e-04
2.739224180179078427e-03
3.717209326794392726e-03
5.352974233339857779e-03
1.220821550966727292e-03
1.419488057822439111e-03
7.919095711582611321e-04
2.938360467422859203e-03
6.556321445355308558e-03
2.452893697347073142e-03
1.256164748245451211e-03
9.067069802992844176e-04
6.167747726966371115e-03
2.122547556434870204e-03
3.478293088732732456e-03
2.327446047989002471e-03
1.087993239930861410e-03
1.294394787215915861e-03
5.500401087485598875e-03
1.207113050052539263e-03
9.349926293116275983e-04
2.317294771799407061e-03
1.164747068715991278e-03
2.918183977904081038e-03
7.993008542412240571e-04
1.007995719215838389e-03
9.045565983410714175e-03
1.949063346906461684e-03
1.052415655640077507e-03
9.875256404662420551e-04
1.418610002142146973e-03
1.505736475054212254e-03
2.703250293681330480e-03
5.917351765168799363e-03
1.386824204598410088e-03
1.448020335677892333e-03
7.790210909403709992e-03
9.620656167778377996e-04
4.533997226119801383e-03
2.230716221872540948e-03
1.270546131989726789e-02
4.373029534330064201e-03
7.727198342630729570e-03
9.279884262863686509e-04
1.353546957333707276e-03
7.323088849923853469e-04
1.262242696180295495e-03
1.099834157641695759e-03
1.790763056853914926e-03
9.070758652038818717e-03
8.583083471025058182e-04
9.514274261573399090e-04
7.919788238835400980e-04
1.019671138314619729e-03
1.482879703078933496e-03
9.138706010182772507e-04
6.996253506256571407e-03
6.237078617923910674e-04
1.741926917410352091e-03
1.273032381567634373e-03
4.579721576484164364e-03
1.036801199089045812e-02
1.574717328721589879e-03
1.942972022019788829e-03
2.001129573858780302e-03
4.584068281125970763e-03
2.456552770318826389e-03
6.819847586734064521e-03
1.578836573641959583e-03
1.607740580265949520e-03
8.682978785367828981e-04
2.778090429014426835e-03
6.301911330848626591e-03
4.386966247767074174e-03
1.106632168118615138e-03
1.123740372732556650e-03
4.730382189722059233e-03
1.916553925375995109e-03
9.311539597936836082e-03
4.833479338467671325e-03
1.819677341643319768e-03
7.110023607980971161e-03
3.272423290633424443e-03
7.897290290229284568e-03
8.429123167352498133e-04
1.305942231962009320e-03
3.949934189648562043e-03
2.862463946286869596e-03
5.360887635121888185e-03
1.877899663419038386e-03
5.096251964590622213e-03
8.647699216360382746e-03
8.162607850331239992e-03
2.769554815990111444e-03
6.019998424508484283e-03
4.290220827914809597e-03
1.034649166638466162e-03
2.013219101423805238e-03
4.856875146987592318e-03
1.262114468109579472e-03
1.174974444792140906e-03
1.277171938037685410e-03
1.371174895083291734e-03
5.090394670697803541e-03
8.756158761775670752e-04
2.347621857420734929e-03
1.522127242634673926e-03
1.271913322837321930e-03
2.322885455829994637e-03
1.967629042635450111e-03
1.297547618347849509e-03
1.062214879634768580e-03
8.799801218208077799e-03
1.423926588099750160e-03
8.933764372104656187e-04
1.222092939935702548e-03
2.236449630081807204e-03
1.172841636678412019e-03
7.709251342164298929e-03
1.619517319636925223e-03
3.229679545633427819e-03
3.160246166682658363e-03
7.801711390419634575e-04
8.846602713818326998e-04
1.656826651891233834e-03
5.173480403196871122e-03
8.605246329203038299e-04
3.426062165922524969e-03
9.955351897453777396e-03
1.387433838956843215e-03
1.429488879531159735e-03
4.971064672989834732e-03
9.864101692730615611e-04
9.353494612330665297e-04
5.963395652420829841e-03
9.647489192264664020e-04
1.029564243381057018e-03
9.439938660443849281e-04
1.532242187906194576e-03
3.315043044137180612e-03
1.476133718451937832e-03
1.232182589576330100e-03
1.170409580412998989e-03
6.730775732224855007e-03
4.039722860502767930e-03
1.813061346741255209e-03
1.049993624638637189e-03
1.501526039828813847e-03
7.467446261343161935e-04
4.816997765494623364e-03
8.451314226480300144e-04
8.895028991859036012e-04
4.351764108166643330e-03
7.497181064572583939e-04
1.033888560459735864e-03
1.779167016560411797e-03
1.512791171744589996e-03
5.628439601377903910e-03
2.451305803523014162e-03
1.195028957440283628e-03
1.215030082887366214e-03
3.012211144449743281e-03
1.067767486714728698e-03
7.515103213434805177e-04
1.368225864902492331e-03
1.046278791443839380e-03
4.738036860854481606e-03
4.484613074842609681e-03
1.338841135128759430e-03
1.841584023543899962e-03
2.510032376924185588e-03
1.118526917435617822e-03
4.123019368693851827e-03
6.737414998375548629e-03
4.478869601849897082e-03
9.551272682643654251e-04
5.850264791798153070e-03
1.078693355342750029e-02
3.031242147683607929e-03
1.357715898456638738e-03
4.795495486235675300e-03
1.517547887683611029e-03
1.701770226349710695e-03
4.946810049273831812e-03
1.058289630792254386e-03
8.794289312190581602e-04
1.165029530077805369e-03
2.157102406292992023e-03
2.512166137558041051e-03
1.126336707051465037e-03
8.423403689338953854e-04
1.430448540062179618e-03
8.632739684325969323e-04
1.248426910309888196e-03
1.665720720568999742e-03
1.021546748610196098e-03
1.994403618022329988e-03
4.702509658934308709e-03
5.557369998625770989e-03
1.215096253084405357e-03
8.899021355071579358e-04
7.972453866690990031e-04
7.474711534715732181e-04
7.354966439487944409e-03
1.957970114908978015e-03
7.170729123608260598e-03
6.920429294446537975e-03
1.361574432869715277e-03
1.469460072953427494e-03
4.141863898385012184e-03
1.154256088952278691e-03
2.039861217521616622e-03
8.810524208169163681e-04
5.045568548625384980e-03
7.042080799725266085e-03
8.443458383043668872e-03
1.651486895510189843e-03
5.523630028924937825e-03
1.891858010017613860e-03
6.587836670604456206e-03
3.136704630931663393e-03
2.119543864088270328e-03
2.456524263949115897e-03
2.101090603013595990e-03
7.163576993323979118e-04
1.182518811489846481e-03
1.755225762990755443e-03
1.367145387580335396e-03
2.562569773239467032e-03
1.538201206166435377e-03
1.340890490723176467e-03
1.819650083965585700e-03
7.730069597526915103e-03
1.422926997504802421e-03
3.528857089022543504e-03
6.088223214470193587e-03
8.728186416483279045e-03
2.436307048399122786e-03
6.121550943282893543e-03
5.780141857393834674e-03
1.222107120675039633e-02
1.912804469232618409e-03
1.494027208589873658e-03
1.227696219836517172e-03
1.431854642615565994e-03
1.349345403745046135e-03
1.375586446454953558e-03
1.180820752384504919e-03
4.495208372975375948e-03
2.543198953429945224e-03
5.773928434325764809e-03
4.791216218875576568e-03
8.393017278520940047e-04
9.068309935989837811e-03
9.097234016624008643e-03
2.311141661978009798e-03
7.951889209100719991e-04
1.314352990861000423e-03
1.380076571380152873e-03
1.390814820478175401e-03
1.186952221955760427e-03
4.122024840438246948e-03
1.364700724742597257e-03
1.769909844240940460e-03
8.847927936065359128e-03
7.960952438469561313e-03
6.069817728958291220e-03
1.629418128726030151e-03
8.915654525776757272e-04
1.427989121959711378e-03
3.608983712170207858e-03
1.884467586676966903e-03
1.663157826101789366e-03
1.208682878784324809e-03
1.040429602143129895e-03
4.323713564284562515e-03
2.956079847596551017e-03
1.126912472848125117e-03
6.489896521113962084e-03
1.691353805101095207e-03
8.068156639654183509e-04
1.932970909768942473e-03
1.650608974195662097e-03
9.789209396565278117e-04
1.610244000198608966e-03
1.336400892060412909e-03
1.520444646760463247e-03
1.146576870446026301e-03
1.245500675735688187e-03
4.392047330156116473e-03
5.470674428741314176e-03
5.007345163149033197e-03
2.743427357975491369e-03
1.548763449711252271e-03
7.449294770476042960e-04
1.365753439676449261e-03
2.324041532519886908e-03
9.799578593297761375e-03
1.963351797439197906e-03
1.679255729620408736e-03
1.433486646252083406e-03
8.843746347622650703e-03
5.593729904102769622e-03
2.641359681004962299e-03
2.864243227179795633e-03
1.387143398163321727e-03
2.191655579344146693e-03
1.091117069209394464e-03
1.530688909480059940e-03
4.630165938597421461e-03
9.263953925808633217e-04
1.706861670172753935e-03
1.780052737427893121e-03
1.132456939106707980e-03
5.292892582370656469e-03
1.289884017766185264e-03
1.287282438804180111e-03
1.616104284088165036e-03
2.172780899620193468e-03
1.008160601431461406e-03
7.623314843340278646e-03
8.571582361528283121e-04
1.043537268846671945e-02
9.302010506322387975e-03
1.430880011163204952e-03
5.174594024160325025e-03
9.894916885885604151e-04
2.708737229467373612e-03
1.831004267382833547e-03
3.797839310037025903e-03
9.238884312409961341e-04
3.973824381316369038e-03
6.683656776565319486e-03
3.463739306639244345e-03
4.261094700614437986e-03
9.647006466130730656e-04
8.058013308399704150e-04
1.138105527236962788e-02
8.322776200227862331e-04
1.090109030953479927e-03
1.811835039678206822e-03
2.173006785158590384e-03
6.516898408912241009e-03
8.903129103340287360e-04
2.053207973813301300e-03
1.629542893103298664e-03
1.266691735892322250e-03
5.127335047632607286e-03
3.367342652436814375e-03
1.466142621464215515e-03
1.020827011062851132e-03
8.759402391115084230e-03
8.540327099709534584e-04
1.414728859601343527e-03
1.081160457547686304e-02
1.453571013996967287e-03
2.602919155446894919e-03
1.096160610917135559e-03
1.178082204520856848e-03
1.212842084410186523e-03
1.253357668875757164e-03
2.660385299470862525e-03
5.976163912448656176e-03
7.385836148934547428e-04
2.093083881348573906e-03
2.641929562896053012e-03
1.110138076964202296e-02
3.360823325431481871e-03
1.202493608685494811e-03
9.591619968413872543e-04
1.905806472544238237e-03
9.452541098332297234e-04
1.307087715470831848e-03
1.071565773302341667e-03
1.169964033270767985e-03
7.781868674087965296e-04
1.058108548630183263e-03
9.627069042018396175e-04
4.223004370915092731e-03
1.913245649562859930e-03
1.486845882094342108e-03
8.817221264458011349e-04
1.438870911797135487e-03
2.534541139489853226e-03
7.526796825670939049e-04
7.270586927006794133e-04
1.583883000924870979e-03
7.391747864385743048e-04
1.400653958066430411e-03
5.704562116040907613e-03
9.735462073710050715e-04
8.366992794925888965e-04
1.245592901160841488e-03
6.763494155049562051e-04
1.391176218308955810e-03
1.222572661715914813e-03
3.379445571174989268e-03
4.146648965341346096e-03
1.105821357488466668e-03
3.061118291154154864e-03
2.761840294485527324e-03
3.871889248099013008e-03
5.673257392971674425e-03
1.109973327841987708e-03
1.508059593584713896e-03
7.288204171648623650e-04
1.576850421949253398e-03
1.170163661251288423e-03
1.973821725847443084e-03
1.262137117432344385e-02
1.429981295567880374e-03
1.146981705766665421e-03
1.764139837097240121e-03
2.905045931215059687e-03
1.706878010013322851e-03
9.131187135865349164e-03
7.406647947476787276e-04
4.302268113875492954e-03
7.796537635610686998e-04
1.462407261228746303e-03
1.417938394254053547e-03
2.536868333210281264e-03
1.241399621535926694e-03
1.845420910082182968e-03
1.304666722507005078e-03
9.934931292902120237e-04
1.939108630597894799e-03
8.258495877564041646e-03
8.588221322218400015e-04
1.227806178483437788e-03
7.629617460245706126e-04
8.388579871943279906e-03
8.178560944061620845e-04
1.219974159279152773e-03
7.422522350987793057e-04
9.332734547693948652e-04
9.189300400151999065e-04
1.583319709256228317e-03
8.064705160310358875e-03
1.248602950926712939e-03
7.783663054610381448e-04
7.631093404574919824e-03
1.324804478243077691e-03
7.653202208850195826e-04
1.785987747042462994e-03
3.263529080660230487e-03
1.117755770413635238e-03
1.566700014076646830e-03
9.239951721447946242e-03
5.347389415258551638e-03
1.060926722091244234e-03
7.823735508094753835e-03
3.323004315267976284e-03
9.723346725678398347e-03
7.795467059132710815e-04
1.301964875589837253e-03
2.346620176416260289e-03
2.816488559246626243e-03
1.191103685079379073e-03
8.573247520154602536e-03
1.260524311713033486e-03
5.899032656030369151e-03
9.469883562529895181e-04
2.475454295848806153e-03
1.005630609208825943e-03
7.580551384397987875e-04
2.759818654825210802e-03
1.704914844222246663e-03
4.733806289363569689e-03
1.411666699563827445e-03
4.367028550189963262e-03
3.250928458488105705e-03
1.447901862583064140e-03
5.047029207249874132e-03
6.921521883723288047e-03
1.195576856513479993e-03
3.152542155018124136e-03
2.207350305482210992e-03
5.164946013897505663e-03
5.493875189065884103e-03
8.237038998770291861e-04
1.216604487687266258e-03
2.918424002382894421e-03
9.551266648068466609e-04
9.441350430429161543e-04
1.294090872373687088e-03
9.176532976458979043e-03
1.982507411898348868e-03
2.155877078648840966e-03
1.029319689244502511e-03
5.487137119158944434e-03
1.439974527566820206e-03
8.163853795074321046e-03
9.985459997635202228e-04
7.422688257031142016e-04
1.400675820712551835e-03
1.389367039646303894e-03
8.704820584981891535e-04
4.913942457160196120e-03
3.907012920282109704e-03
3.655035357638510875e-03
8.779544859683756928e-04
2.019173087882969106e-03
1.503017862408090625e-03
1.511787007940848396e-03
1.082588449098111777e-03
1.200031978776748510e-03
7.287873231101577162e-04
2.025247735882667720e-03
1.270143488295168025e-03
1.385508651760575987e-03
1.874119826620788357e-03
6.855925835949075930e-04
1.361215080381419440e-03
1.377516161790549995e-03
3.016892327568209721e-03
8.873780759253459532e-04
2.136505957430337183e-03
8.256592390063814679e-03
8.599323508354597429e-04
2.451590472451909211e-03
8.124993298820253973e-04
7.599118172863564800e-03
5.395176134353131710e-03
8.104058920494784917e-04
4.462219504529943773e-03
1.348863535395250762e-03
1.142909808108152556e-03
9.318823532608234593e-04
8.065228780772875847e-03
1.516475625139800370e-03
1.563101692398662828e-03
9.204243126041770093e-04
3.746875320386987545e-03
2.070778587480579490e-03
1.136473933572569118e-03
2.159109434865217388e-03
9.388986716043149893e-04
3.179555669011254956e-03
2.285101526611260560e-03
8.526997408201848760e-03
4.257882859568237928e-03
2.158599958976221544e-03
1.500501153509670692e-03
9.794964909209842585e-04
1.666234119705276235e-03
2.527260765776061409e-03
7.796877020716534192e-03
3.983320971071226298e-03
8.436153702211396941e-04
1.726388524312179101e-03
9.070937183469118857e-04
1.999854766983080907e-03
7.946638713135199122e-03
5.051587074066325733e-03
8.607105426186574624e-04
7.818313123343817493e-04
9.844545791835731217e-04
2.260197897584701257e-03
3.366741202555977117e-03
1.710266583365575898e-03
2.544758496102341328e-03
9.929689603074263494e-04
1.276460488387996589e-03
8.224568820258838092e-03
1.376530603419450632e-03
1.053818890091917041e-03
7.884087221225706066e-04
9.187948942985395316e-04
1.547964994016446392e-03
1.468106660690259285e-03
1.242157346477982833e-03
3.292376239228836463e-03
1.034515723559754734e-02
9.476466208098016913e-04
1.742863924195817192e-03
9.235235533017948847e-04
8.598185169992011946e-04
5.449309152624129751e-03
8.974945609391510142e-04
5.066911861018334219e-03
1.633642162840096479e-03
1.673506596238817602e-03
8.695606866561554973e-03
8.755048822664484144e-04
5.072203302015123802e-03
7.578484062058602096e-03
9.078411101493601707e-04
1.054755625827487591e-03
1.232732378601536245e-03
1.116368673576413574e-03
8.021459674355851856e-04
8.006547092311686216e-04
1.315487588606033655e-03
1.863536582951269126e-03
8.369647420529310834e-04
9.039367668700551070e-03
1.151701516755604220e-03
8.656139110302567621e-03
3.528199833031782969e-03
1.564647621898326629e-03
7.098258284953001818e-03
7.204255132683193980e-03
1.262473579295280649e-03
5.561121673998175446e-03
4.860286378634708776e-03
1.034528344074468840e-03
9.622617196874656094e-04
1.873234450595971223e-03
1.334652075854031146e-03
4.977589672055329068e-03
6.353238768675707054e-03
1.446615926435728099e-03
1.310349298371650886e-03
1.934383366960981589e-03
8.488654540830036996e-03
2.302106999787308875e-03
1.008452058226464842e-03
6.853957277692578065e-03
9.161930121588136031e-04
1.286888536567038768e-03
3.589213703927423681e-03
8.551136089316156014e-03
3.481349244645048045e-03
6.640310752056716344e-03
4.777574167440521227e-03
1.606534755978548815e-03
3.597600076780913068e-03
1.394887615859282445e-03
1.082041277645361512e-03
9.487075287870175592e-04
1.249657422353180579e-03
4.837833251250482809e-03
1.476009896616978278e-03
8.745596166337730277e-04
1.218801209511155646e-03
1.575079354360092547e-03
5.418997121327148898e-03
5.814132518181914545e-03
1.654737031694441651e-03
5.482507814921548824e-03
6.497085634962164978e-03
4.364749783922515676e-03
1.086228066549430309e-03
1.544166948712543015e-03
1.336184307834803030e-03
2.501922226020727915e-03
1.271636034231489638e-03
2.144220606396056699e-03
3.174889414526651903e-03
1.663972769030774932e-03
1.408470405580040247e-03
5.158242088511699221e-03
1.203222322021006317e-03
6.945549624662348620e-04
2.659977844020668895e-03
1.111767612546443523e-03
7.458579941929594122e-03
1.404316471716619396e-03
7.747766429675166005e-04
3.966698321573084406e-03
4.833094973088365547e-03
2.264978227777250577e-03
6.340551808845240611e-03
1.027656080017323769e-03
3.250345713722975222e-03
1.002080427991671211e-03
3.163555912157480811e-03
3.907152725408342443e-03
5.969883877221457413e-03
5.947624919814407246e-03
1.346317705668162662e-03
8.532028618755717331e-04
1.528518245400032304e-03
3.210782532138914663e-03
2.184588531611635250e-03
5.576851450023202587e-03
1.095154095263384730e-03
2.638945866028133500e-03
4.293707796467750165e-03
8.533483855376743522e-04
1.157598503545161214e-03
2.525719752943473683e-03
5.205397866657687084e-03
9.059869558144677953e-03
8.587180667820084852e-04
3.175207848969175111e-03
8.695344019692966475e-04
1.250162736736479523e-03
6.834302608946430822e-04
1.766292748919040751e-03
7.626614079779960942e-04
1.619462249000024057e-03
1.916380594194195229e-03
9.278722336479902199e-04
1.573335606153318435e-03
1.209440602480706161e-03
2.906159670718666110e-03
2.120104293725358965e-03
8.317087372469042722e-04
5.707424795175458469e-03
7.981333663051177725e-04
1.108469663293875718e-03
5.750760990947983986e-03
8.732328100481365771e-04
8.311891901402899876e-04
1.302123352400467613e-03
1.337721567118448172e-03
1.658338780009804012e-03
1.111660347535915619e-03
8.646883196423741594e-04
1.579127901710328631e-03
4.975220883909149683e-03
5.072946024138708446e-03
1.044618588626555680e-03
7.727363874834791094e-04
2.338131643451965558e-03
1.821350404998073715e-03
8.823417032754617660e-04
6.305659898663194991e-03
1.040133221035420162e-03
3.887367239027374362e-03
6.418588689332974193e-04
1.068350410695496737e-02
1.205245205204065733e-03
5.174880383351160469e-03
1.931194482953558014e-03
4.373523730145402293e-03
1.770365747922939817e-03
7.119659995053334405e-03
1.177384589469761050e-03
2.150226243589069362e-03
1.596753094955051218e-03
3.263893716877200313e-03
8.425603774407994587e-03
2.155757126665229419e-03
1.731831899249467724e-03
4.165647713658796741e-03
7.389319160628881819e-03
6.665604950701124916e-03
1.181660024723805427e-03
9.021385105152271260e-04
1.048047793773625906e-03
4.213295781422023156e-03
1.529676032575853903e-03
9.169914434680936574e-04
1.765741982743428227e-03
5.011006282378451492e-03
9.052450706938400477e-04
6.754759598921874705e-03
1.080834234300013900e-02
9.002395131459073286e-04
7.816226350683972215e-03
9.533628093457258796e-04
9.209671172895434951e-04
4.332897610941664063e-03
9.836986686911630695e-04
3.461941450617110963e-03
8.594253134620855310e-04
7.714981134619178747e-03
7.292392014603655496e-04
8.106180459512841562e-04
1.187300045509501190e-03
3.849790369451660307e-03
5.200394837670581881e-03
9.108524957859945878e-04
1.525016944125720010e-03
5.173312520198179894e-03
1.959308815944339754e-03
1.284813480595425319e-03
9.071578480698571940e-04
9.994453448615020497e-04
1.023589136148489063e-03
1.048124966151470130e-03
1.444659175751345816e-03
2.012902213938024855e-03
2.176959961354625692e-03
6.442224984518348874e-04
1.488084993426944634e-03
9.004823057967834866e-04
2.072366987988580669e-03
4.188094505143259531e-03
1.038201821134088557e-03
1.050049885793151450e-03
3.035229555091029964e-03
7.998332610510812618e-04
1.394242585793537687e-02
1.682375037797346692e-03
4.723246831906078268e-03
3.946715895124461478e-03
7.188946621753871356e-03
1.110854493129467043e-03
6.317309954080261095e-03
9.629463218748156523e-04
2.659239216097319600e-03
1.088640621174713106e-03
1.740075164583872571e-03
3.317128737098100355e-03
9.705030339249649980e-04
9.857123790093244922e-04
1.249050662860061575e-03
1.209515916572819578e-03
1.590449205631869461e-03
1.961113067987106835e-03
2.269625849836437708e-03
9.717822683786594929e-04
5.013763536783291501e-03
1.329322890794639193e-03
1.070059830823331254e-02
1.161567953562768528e-03
7.437507281420764182e-04
1.750362424812865322e-03
1.071462917114915933e-03
6.058878792030591466e-03
2.832142357877442257e-03
3.220359233878339333e-03
4.508257423123258542e-03
3.217264524579320582e-03
8.160091049185165882e-03
1.255921565089346097e-03
4.556007240833533610e-03
1.246136679877518118e-03
7.370801978205238341e-04
7.891094446888607256e-03
4.254520004520634217e-03
1.356309925655937521e-03
7.528475963996219406e-03
7.106797107451558486e-04
7.679836904432382500e-04
2.207696701294836316e-03
1.422461504941463289e-03
1.103843419072031385e-03
1.238197371444220343e-03
6.304425017822966847e-03
5.923923338760688113e-03
1.483038266599481748e-03
6.480710016102093386e-03
4.361237607130538131e-03
1.015781253821789864e-03
1.447063915792840168e-03
4.528163592643947785e-03
1.284069992762762284e-03
9.471652164318843797e-03
8.287933460350526945e-04
2.754463295597364692e-03
9.411362403700408979e-04
3.169258971237964503e-03
6.502370043709723713e-03
2.587023627585567642e-03
7.698165545389376542e-04
1.297770869440594997e-03
1.703725550767184582e-03
8.407985360618451098e-04
3.404014658987476911e-03
8.141390285697077626e-04
9.403632420057427520e-04
8.693463994690218879e-04
1.405843392734571580e-03
7.813238250674588853e-03
1.173040839054240994e-03
1.102333603837613203e-03
9.528659039405144165e-03
9.591558328336590800e-04
1.978750850565570273e-03
1.327495881792598942e-03
3.361471603740257864e-03
1.070459637741478717e-03
1.008710571313474295e-03
5.387363479758259209e-03
4.408977190908225548e-03
7.058132924734519809e-03
1.745517109785348596e-03
2.262905904333183810e-03
1.001239742737875015e-03
4.142054470351526005e-03
9.764707503751233727e-04
7.344007910510775769e-03
2.047768152967319524e-03
1.740508933847631804e-03
1.398022366583520984e-03
6.233601397879360607e-03
9.606770789608023650e-04
1.639730975092229450e-03
8.898977118980655162e-04
1.420424359275676476e-03
1.249635991945579738e-03
8.518170298158971726e-03
6.561709612456300723e-03
1.599356975178711348e-03
3.065183856090613300e-03
1.517568332266691763e-03
4.063606239575757659e-03
8.474965669598949307e-04
1.309919636275873886e-03
9.904707483463003146e-04
1.700242611705914467e-03
1.823892378608193542e-03
1.819869423635327122e-03
1.351180691272721793e-03
1.214422228981383708e-03
8.795965459865808835e-04
8.937010945293693588e-04
5.824361295950377174e-03
4.253760226412039817e-03
7.350878913216800283e-04
1.219578240962774932e-03
4.236650744290503152e-03
3.350200481647729739e-03
1.055526791444942126e-03
8.497809122216874690e-04
5.366006226295618950e-03
7.671592013564525669e-04
9.643318516667291314e-04
1.280552510967918273e-03
9.422581624861870115e-04
2.137430726046385399e-03
1.761478485106323299e-03
1.083719076742798012e-03
1.516881952739317649e-03
1.048100303743289795e-02
1.507461944448631802e-03
1.137853313215478161e-03
1.859218822206373670e-03
1.323448093359691144e-03
8.704365351553273187e-04
7.766950266184880023e-04
1.198916794634430263e-03
8.475232940008492564e-04
8.369057975148747617e-04
1.695067605580203359e-03
6.719403268940988064e-03
1.272555140699634102e-03
9.501775564294311430e-04
1.039935418526625110e-03
1.111793740586601619e-03
1.411125401111279877e-03
9.922379673360751540e-04
2.070832529882298510e-03
3.520844462948252620e-03
8.887179812681627765e-04
4.805559659305494793e-03
2.620393177565411100e-03
8.883198475363706650e-04
7.778786853854936616e-04
5.325711854992522427e-03
1.225985585510535637e-03
1.222477092497771837e-03
1.098775292249390455e-03
1.098718349225819100e-03
8.605622140654364295e-04
5.541640352827960012e-03
5.237094278789840469e-03
4.788346230484222601e-03
1.035928937259958859e-03
1.236083309918874435e-03
3.815643995693122209e-03
9.138729548937189274e-04
4.174627524153846393e-03
1.403707980649641484e-03
8.125295853061391751e-03
8.142955664345501252e-04
1.120766900424704452e-03
1.083051319359072846e-03
4.128300683582840185e-03
1.126476142757817022e-03
6.368025465587562675e-03
6.021288991313262888e-03
5.403374209934604273e-03
4.614390952451231064e-03
8.922984111654784284e-04
1.069221151356820497e-03
1.146919187983140706e-03
1.198090979984648948e-03
3.783546812641543512e-03
8.247322221626724858e-04
4.676582618827548540e-03
1.566309193113181366e-03
9.241880486373446352e-04
2.085262369645785822e-03
4.233669950319811359e-03
2.173491136341918709e-03
1.198452565026529712e-03
9.069631878612380640e-04
1.312501726590019260e-03
5.094715630589055459e-03
8.749026911882377142e-04
1.164064961149650782e-03
7.653262408710454238e-04
2.590394537397653924e-03
2.752991834054642397e-03
5.557332007561682947e-03
6.260241891409420827e-03
1.941962934947182376e-03
1.287968534117250440e-03
3.162110385650506415e-03
6.865304633230072569e-03
8.048263193756970265e-04
6.634321130152417804e-03
1.874897256086529304e-03
8.897186081061405922e-04
4.001942188483214799e-03
4.689606164989040468e-03
3.568935676313571628e-03
3.552068533347411614e-03
1.535548943322899472e-03
3.325441830021570299e-03
1.105025986209359551e-03
7.951607400275259628e-04
8.886364781298205064e-04
3.656057747383124456e-03
1.866483135512720781e-03
1.309120572345120938e-03
1.259928582563574857e-03
8.843509276339516422e-04
3.883207744945759658e-03
1.561781251991583132e-03
9.954562592602012299e-04
1.090463338327055673e-03
1.726512165683748981e-03
3.613994542402578728e-03
1.265374611069444710e-03
5.851902045525600622e-03
9.295054462306322641e-04
1.090696199524784221e-03
1.297115203912158369e-03
1.300431971715772629e-03
9.130120703626494558e-04
1.251075873981239307e-03
7.611322775794403120e-04
1.690428634369729385e-03
9.065359314300952499e-04
1.837125299680670253e-03
1.416484387487156700e-03
1.225285057960898453e-03
1.259137151863291490e-03
9.916872986939452225e-04
2.793160617503620113e-03
1.601635561494890421e-03
1.376211077650009700e-03
8.408496440429477289e-04
5.758081641718525504e-03
1.325920603439861845e-03
4.945473413577271098e-03
1.005163739568062280e-03
4.076427917774714388e-03
3.959465436250466860e-03
1.324021002103427770e-03
9.695661767279891699e-04
8.560918127735304582e-04
1.050921683603836749e-03
1.353007593766949275e-03
1.193209689313590128e-03
1.206579099754301332e-03
9.254697791088501227e-03
1.011621260869240580e-03
9.932292253815153040e-04
5.170381312152503434e-03
1.308743432436162415e-03
5.471441324938938235e-03
7.910361662703639662e-04
5.163277053003394179e-03
1.698459565782936380e-03
1.640772058724279106e-03
9.098270488239868338e-04
2.859950210723453436e-03
1.585209456748405124e-03
2.562044494248926375e-03
8.392797159464535778e-03
2.424454120127568849e-03
1.440471759987406149e-03
4.446585625017275209e-03
2.062422568131709166e-03
1.089948271932296214e-03
3.688286188945761202e-03
1.228351887344490126e-03
4.671128461305878998e-03
9.244019735480475588e-04
3.550053470059770684e-03
1.075415838130529527e-03
2.280358680140390313e-03
6.699259372957839034e-03
5.617345925008489227e-03
4.793140719680380815e-03
1.085085739378839577e-03
8.218076418170962424e-04
8.846332805141166131e-04
5.627084170910769123e-03
1.023145600400615553e-03
1.068854815793268383e-03
1.170221993021376434e-03
1.299721764407807444e-03
1.258029823079113464e-03
9.653970054027667756e-04
1.590445177960098056e-03
1.383135528429502159e-03
8.512530326324647132e-04
9.270236115041713409e-03
6.287286581369713225e-03
3.632571097867537662e-03
9.273657910757446277e-03
7.774501297771298572e-04
1.604447604956861680e-03
5.515588015763373333e-03
4.087290584556527683e-03
7.272744479982122014e-03
3.882418774174618403e-03
1.366855285114907965e-03
3.568363829705749161e-03
6.662356497500687702e-03
9.857466912460346054e-04
9.181677745796399098e-04
1.737351714749748362e-03
1.166657462858846066e-03
1.192575416283881687e-03
5.950379051287004589e-03
1.573363877085199539e-03
2.617486890639366976e-03
4.362842585247874924e-03
5.719292653644930668e-03
3.557632263978572316e-03
2.466164187866426265e-03
7.880530559565131167e-04
1.113801237247109745e-03
1.962168262751091095e-03
7.372595425666742973e-04
1.735189119250596422e-03
7.471508725670008427e-03
1.835033690241721655e-03
1.525138176762693126e-03
3.868844449099937115e-03
2.182256383402478208e-03
6.993794448220260612e-03
6.617425631904230027e-04
2.118614869793619508e-03
5.301314402153301658e-03
1.141939785528612661e-03
8.581806536889233575e-04
8.079418671895374727e-04
1.302320195799062334e-03
5.403703284717909124e-03
2.974024260863344406e-03
1.551915517254024183e-03
1.444731177513666840e-03
1.075315356037341834e-03
7.011125943278578507e-03
9.109133372277649840e-03
9.582459452395752355e-04
1.223412145545859980e-03
9.604587715584463363e-04
3.716240065103681121e-03
1.114922557297281418e-03
4.930250416704660965e-03
1.047727380799618087e-02
8.584047112918302344e-04
1.039169973160796031e-03
8.041556590639142030e-04
8.285471115828581951e-04
3.473690053370997923e-03
9.515420386452244899e-04
7.923271103686403390e-04
6.463946945264900353e-04
3.867814246225647744e-03
1.293073314891425053e-03
7.638606887157706063e-04
4.479051150205567121e-03
9.171619519402227170e-04
3.741632613682903483e-03
7.967559435428209907e-03
3.857511911231789343e-03
7.676175638168475021e-03
7.065027850331202786e-03
7.798072201886703395e-04
7.921126916314185674e-04
1.263797192290193848e-03
1.338455440547629089e-03
9.345746754969917573e-04
1.456558887968728870e-03
1.382849246180694117e-03
1.721315388358694333e-03
1.295541134371926226e-03
8.051008635896283669e-03
2.053935957658738123e-03
4.048423377321161074e-03
5.736363557537352623e-03
2.327465087594676220e-03
1.869341071069699663e-03
1.361126729906956536e-03
7.585473138907822222e-04
5.712586740232798201e-03
1.659393695485721206e-03
1.534463113514491659e-03
9.601870812722415821e-04
6.067459720813386283e-03
1.017098800953476854e-03
7.541601723255285513e-04
1.284369058400292680e-03
4.826166332676970830e-03
7.000958300417309786e-03
7.824387892847705630e-04
6.984264057020114769e-03
2.221685274553046683e-03
7.174343267553405339e-03
7.753738724776948997e-04
8.248303242218588084e-04
4.439278868031899458e-03
1.162665291913357645e-03
1.043849098041808518e-03
5.173065293349107287e-03
1.315728295720741030e-03
9.395344533798234915e-04
4.756956198254104658e-03
2.925578618887422939e-03
1.435598854283306157e-03
1.832473351933801807e-03
5.942018807208833929e-03
7.390118593725310660e-04
2.468905056969205800e-03
8.624446275346524683e-04
1.749483224027645204e-03
1.491746132683176686e-03
1.412399183746190084e-03
7.001110159924820407e-03
8.443803021024520392e-03
1.923216132414598111e-03
1.618694322445465242e-03
1.015701248600028731e-03
1.834035354932252128e-03
7.275695988405941721e-03
2.702822010686915886e-03
1.303761131516171070e-03
3.838667486055653659e-03
1.043087356112556161e-03
1.103247571154243167e-03
1.191975517319110141e-03
5.032698582525033798e-03
1.050086386598731575e-02
5.499833800292251718e-03
3.639917330713450007e-03
1.053995274221808517e-03
7.891927465213157680e-04
2.628498857754663683e-03
5.021044532063847522e-03
9.593577357976610645e-04
1.244427091292097786e-03
7.760629112588845373e-04
9.924436481008947538e-04
3.890641183507805544e-03
7.921003332969434388e-03
8.539988057187949781e-04
1.943093326359991669e-03
4.409356627447832098e-03
1.444839701459645423e-03
8.098991862684638615e-04
9.159067257609066360e-04
4.545543107544475908e-03
7.943147928110762951e-03
9.308899714086689555e-04
7.925420024281784560e-04
1.395050115618730628e-03
1.577126229006453433e-03
1.138430141516742072e-03
1.931574560414707833e-03
1.664764882824549576e-03
1.205898369432159296e-03
5.365595262322444929e-03
5.563191007109803514e-03
4.199294748937484195e-03
5.618381438272337242e-03
1.731797655367161345e-03
8.184243797514695676e-03
9.917132693820272880e-04
1.021933621922349817e-03
7.503086203153910535e-04
2.939189038074069109e-03
3.957925467286534278e-03
1.621037032581414865e-03
9.116256761590120277e-04
3.466193413209011937e-03
1.005114014655772350e-03
1.404343942065167800e-03
7.404817452383293539e-04
7.657856092148425387e-03
5.022298902794620871e-03
8.877653735255115145e-04
4.358964568572346217e-03
9.834630576079071186e-04
4.212360348299729398e-03
1.160849536341426172e-03
4.073999477819287632e-03
1.099040922887470784e-03
1.095939915208968491e-03
4.959649201050906828e-03
9.725212082553619112e-04
1.668721697274149190e-03
5.926413787141967225e-03
7.210392136746737561e-03
3.284658670182473081e-03
1.448117977049335169e-03
1.074636061762155627e-03
9.038006140773148902e-04
6.281632289685531306e-03
2.537523158721848894e-03
1.388366792474228636e-03
1.740621320154498971e-03
7.240052272413310085e-03
8.300268883156018337e-04
4.256634478421512068e-03
8.349202127457351543e-04
8.808808978822227700e-03
3.523786758091395754e-03
7.129563574625519045e-04
1.289471107847483915e-03
3.929888872961641647e-03
1.814948098229245306e-03
1.628847469116885419e-03
2.358090649541740025e-03
1.299576086507641315e-03
1.446287483768892877e-03
9.109578713407438062e-04
7.664964659835547117e-03
4.552858378835184482e-03
3.958507008957817125e-03
1.481711869172688822e-03
1.462092990084263395e-03
4.364320353424567048e-03
1.122368349982251620e-03
3.610094389415091209e-03
2.187806703926550335e-03
1.454596612163052078e-03
5.593027423450267453e-03
4.749277477882275951e-03
1.936175893195098661e-03
1.993184140519676465e-03
2.045870690521647654e-03
3.560313651381711436e-03
1.113569995224671571e-03
1.401243444436347683e-03
9.455032312276615740e-04
2.701053306008849037e-03
1.439201723614681391e-03
1.044691036635514002e-03
5.557364841110306805e-03
1.885809145333063519e-03
8.993362197339164294e-04
1.737633454725259329e-03
8.443391748771690011e-04
8.212024497477943882e-04
7.464370699819711415e-04
6.310586685921278083e-03
1.332927741689710760e-03
1.018658941461535227e-03
1.064921988729471917e-03
4.726688672169458705e-03
1.780263821426506920e-03
2.963385005656698438e-03
1.949754904900923881e-03
3.173888136545681155e-03
1.406835166012822139e-03
3.815309745965789374e-03
7.119239942728037424e-03
1.545209122101189264e-03
1.434607127363157417e-03
8.131269394306526880e-04
8.409093251979764391e-04
3.863745669223438844e-03
8.739512789081149008e-03
1.063407358372071322e-02
4.600688810317490537e-03
6.886383239380971470e-04
9.729929193629558793e-04
7.653303918049229708e-04
7.565006608844976159e-03
1.373403617673697383e-03
8.714314094185364934e-04
4.437314715308766574e-03
1.017857641682211106e-03
4.703100481066551167e-03
1.466267149955474518e-03
4.384547140881166032e-03
1.511060451740423331e-03
1.876927535045588152e-03
1.573086556098998029e-03
8.009878049403048065e-04
7.115917257789498331e-03
9.511999997944892886e-04
8.994819664755022114e-04
6.235050818901597368e-03
6.482991915920001532e-04
1.223179305493599621e-03
4.969714433837681133e-03
9.841199843443140544e-04
8.167982047690260441e-04
1.194119564725666183e-03
8.274668128357790323e-03
1.222914705719346101e-03
9.554986042743747248e-04
2.577188037595894935e-03
1.879872645916392518e-03
1.886203284952960892e-03
1.206680117201456128e-03
6.934753907186386006e-03
8.784077252814210699e-04
2.535403113663089666e-03
9.878772966434776464e-04
8.629115750243398358e-03
