6.255188491195440292e-04
1.325706602074205875e-03
1.164388610050082207e-03
5.794019671157002449e-04
1.083834562450647354e-03
7.878978503867983818e-04
6.892471574246883392e-04
5.498955142684280872e-04
9.563433704897761345e-04
1.321570132859051228e-03
9.697418427094817162e-04
7.430640398524701595e-04
5.871764733456075191e-04
7.830174872651696205e-04
1.263689249753952026e-03
6.323368288576602936e-04
9.582441998645663261e-04
8.982833824120461941e-04
4.997163196094334126e-04
6.097141886129975319e-04
5.691805272363126278e-04
1.004019519314169884e-03
1.438176957890391350e-03
6.834215018898248672e-04
1.215913216583430767e-03
6.832964136265218258e-04
1.215192489326000214e-03
5.848526488989591599e-04
1.241030171513557434e-03
5.637009162455797195e-04
7.351209642365574837e-04
4.828276869375258684e-04
1.608363119885325432e-03
1.200886210426688194e-03
6.467110943049192429e-04
9.820330888032913208e-04
6.748554296791553497e-04
1.016295049339532852e-03
6.841174326837062836e-04
9.335192153230309486e-04
6.631430587731301785e-04
6.098263547755777836e-04
7.193177007138729095e-04
8.941831765696406364e-04
8.277161978185176849e-04
4.218506510369479656e-04
5.211032694205641747e-04
7.359255105257034302e-04
9.877842385321855545e-04
7.428179378621280193e-04
4.367187793832272291e-04
8.761180797591805458e-04
8.924630237743258476e-04
7.258147234097123146e-04
6.378772668540477753e-04
8.399265352636575699e-04
8.505900041200220585e-04
8.092146599665284157e-04
8.508636965416371822e-04
7.181011606007814407e-04
9.910149965435266495e-04
1.027598744258284569e-03
8.289972902275621891e-04
6.320835091173648834e-04
7.417803863063454628e-04
1.062845578417181969e-03
5.561321740970015526e-04
9.594260482117533684e-04
9.729454177431762218e-04
9.727053111419081688e-04
8.176917908713221550e-04
7.422439521178603172e-04
7.006323430687189102e-04
9.568217210471630096e-04
6.419616984203457832e-04
7.975962944328784943e-04
9.312237380072474480e-04
4.451098502613604069e-04
1.063648844137787819e-03
8.052346529439091682e-04
1.493789721280336380e-03
7.323055178858339787e-04
8.367660921066999435e-04
7.611961336806416512e-04
8.831404848024249077e-04
8.475615177303552628e-04
7.010804256424307823e-04
1.571813016198575497e-03
1.268725143745541573e-03
4.487867117859423161e-04
1.184428576380014420e-03
8.153467788361012936e-04
5.369664286263287067e-04
4.980206722393631935e-04
1.941142953000962734e-03
8.161721634678542614e-04
1.300987438298761845e-03
1.184892607852816582e-03
6.850593490526080132e-04
1.177551690489053726e-03
6.211315630935132504e-04
5.174373509362339973e-04
6.492480169981718063e-04
7.850219262763857841e-04
4.699185956269502640e-04
6.861248984932899475e-04
9.982653427869081497e-04
3.512418188620358706e-04
9.252111194655299187e-04
9.099615272134542465e-04
6.582813803106546402e-04
3.838448901660740376e-04
7.717019761912524700e-04
1.248054672032594681e-03
9.305820567533373833e-04
6.960274185985326767e-04
7.128280121833086014e-04
8.659962913952767849e-04
7.952371961437165737e-04
7.477167528122663498e-04
6.918070721440017223e-04
6.245210533961653709e-04
6.451877416111528873e-04
7.569554727524518967e-04
1.233604038134217262e-03
4.066507972311228514e-04
5.999368149787187576e-04
4.166549479123204947e-04
8.256277069449424744e-04
5.238477606326341629e-04
1.001270255073904991e-03
1.128271920606493950e-03
7.987873395904898643e-04
1.120913890190422535e-03
9.583648061379790306e-04
5.023501580581068993e-04
1.014154637232422829e-03
1.289940439164638519e-03
6.744395359419286251e-04
6.899621803313493729e-04
5.667350487783551216e-04
4.842035705223679543e-04
6.899959989823400974e-04
9.605848463252186775e-04
5.294508882798254490e-04
7.883086800575256348e-04
1.377171720378100872e-03
6.832737708464264870e-04
8.534671505913138390e-04
1.289729727432131767e-03
9.440359426662325859e-04
4.684340092353522778e-04
4.427333478815853596e-04
7.833283743821084499e-04
3.840073186438530684e-04
6.615224410779774189e-04
6.886124028824269772e-04
8.932249620556831360e-04
6.928879301995038986e-04
5.594289978034794331e-04
4.961743834428489208e-04
8.327762479893863201e-04
4.915882018394768238e-04
8.230514940805733204e-04
7.436054293066263199e-04
1.090766396373510361e-03
6.424146122299134731e-04
6.302506662905216217e-04
9.870325447991490364e-04
9.306409629061818123e-04
8.409254951402544975e-04
1.422946574166417122e-03
1.074614003300666809e-03
6.584766670130193233e-04
4.337294376455247402e-04
7.509149145334959030e-04
4.541389644145965576e-04
7.826224900782108307e-04
6.863242015242576599e-04
1.201001228764653206e-03
8.350937860086560249e-04
8.500819094479084015e-04
1.158475177362561226e-03
8.538995753042399883e-04
7.702614529989659786e-04
8.648844668641686440e-04
9.825369343161582947e-04
7.270595524460077286e-04
3.905770427081733942e-04
9.078427683562040329e-04
6.874597165733575821e-04
3.716466017067432404e-04
9.028899366967380047e-04
1.231818459928035736e-03
1.376344356685876846e-03
8.136583492159843445e-04
6.658236961811780930e-04
6.351055926643311977e-04
1.541202305816113949e-03
5.953859072178602219e-04
4.547573043964803219e-04
9.106739889830350876e-04
1.024490571580827236e-03
4.871892160736024380e-04
7.155680796131491661e-04
9.302280377596616745e-04
5.447899457067251205e-04
8.866530843079090118e-04
1.642892253585159779e-03
3.630620485637336969e-04
9.678959613665938377e-04
3.931947576347738504e-04
1.116583007387816906e-03
5.326791433617472649e-04
9.271086892113089561e-04
5.403324612416327000e-04
4.346123896539211273e-04
1.056002685800194740e-03
8.406444685533642769e-04
8.212878601625561714e-04
7.076996844261884689e-04
6.986035732552409172e-04
1.078374451026320457e-03
6.186357932165265083e-04
7.529408903792500496e-04
7.009941618889570236e-04
8.430277230218052864e-04
8.921768749132752419e-04
6.709630833938717842e-04
7.103307871147990227e-04
1.041722949594259262e-03
4.645970475394278765e-04
1.174599747173488140e-03
6.266515702009201050e-04
4.846848896704614162e-04
7.697577821090817451e-04
1.514379284344613552e-03
8.443036349490284920e-04
9.079754818230867386e-04
7.917709881439805031e-04
8.238237933255732059e-04
4.990941379219293594e-04
1.277508563362061977e-03
1.083558658137917519e-03
9.006098844110965729e-04
6.727149011567234993e-04
1.423629000782966614e-03
6.862463196739554405e-04
7.955313194543123245e-04
4.541260423138737679e-04
6.884087342768907547e-04
7.177407387644052505e-04
9.062744211405515671e-04
7.289805798791348934e-04
7.200605468824505806e-04
8.777884067967534065e-04
5.793273448944091797e-04
1.147505827248096466e-03
9.509830852039158344e-04
7.665050216019153595e-04
9.161646012216806412e-04
5.940175615251064301e-04
5.459095118567347527e-04
1.025090459734201431e-03
1.232060836628079414e-03
1.191819203086197376e-03
1.321180025115609169e-03
7.712648948654532433e-04
1.021976582705974579e-03
5.875118076801300049e-04
6.353791686706244946e-04
1.391997560858726501e-03
7.770602824166417122e-04
1.163004199042916298e-03
7.413816056214272976e-04
7.134182378649711609e-04
1.486748456954956055e-03
9.390104678459465504e-04
6.544691859744489193e-04
1.188232214190065861e-03
8.156393887475132942e-04
4.899184568785130978e-04
1.546967774629592896e-03
1.065794145688414574e-03
1.041095820255577564e-03
1.234133029356598854e-03
7.258573314175009727e-04
8.754454320296645164e-04
9.835436940193176270e-04
7.842485792934894562e-04
1.492225332185626030e-03
8.970272028818726540e-04
6.454902468249201775e-04
1.551298657432198524e-03
8.212350076064467430e-04
8.856374770402908325e-04
9.975899010896682739e-04
9.000109275802969933e-04
5.753309233114123344e-04
1.054208492860198021e-03
7.772519020363688469e-04
6.883299793116748333e-04
4.338672733865678310e-04
7.626818842254579067e-04
6.387395551428198814e-04
8.851668681018054485e-04
6.698600482195615768e-04
5.720765329897403717e-04
1.049514859914779663e-03
6.833228399045765400e-04
1.025626785121858120e-03
1.229102839715778828e-03
7.733414531685411930e-04
7.195797516033053398e-04
1.374751329421997070e-03
8.468007436022162437e-04
6.219299975782632828e-04
9.860403370112180710e-04
6.333094788715243340e-04
8.139444398693740368e-04
6.471779197454452515e-04
7.328361389227211475e-04
1.587951555848121643e-03
7.557696662843227386e-04
3.676291962619870901e-04
1.747292932122945786e-03
7.371783722192049026e-04
6.139473989605903625e-04
7.736735278740525246e-04
4.855166480410844088e-04
9.300025412812829018e-04
9.112030966207385063e-04
6.121606566011905670e-04
1.033782260492444038e-03
6.203593220561742783e-04
5.621875752694904804e-04
8.639293955639004707e-04
8.676139404997229576e-04
4.806574143003672361e-04
7.514042663387954235e-04
8.050804026424884796e-04
6.629418348893523216e-04
9.712913306429982185e-04
1.169657916761934757e-03
9.581073536537587643e-04
9.873274248093366623e-04
9.896669071167707443e-04
9.178654290735721588e-04
6.829929770901799202e-04
1.096494961529970169e-03
9.384588920511305332e-04
1.149575924500823021e-03
5.789138376712799072e-04
1.116375322453677654e-03
1.002643024548888206e-03
5.799544742330908775e-04
1.408440642990171909e-03
1.211681636050343513e-03
1.084908610209822655e-03
6.829461199231445789e-04
1.152839628048241138e-03
1.091945450752973557e-03
5.677056033164262772e-04
5.629354855045676231e-04
8.336567552760243416e-04
8.533769287168979645e-04
8.069286122918128967e-04
5.643614567816257477e-04
7.096123881638050079e-04
7.043083314783871174e-04
7.303392631001770496e-04
1.055207801982760429e-03
7.761053275316953659e-04
1.282467041164636612e-03
9.796898812055587769e-04
8.348664268851280212e-04
3.800079575739800930e-04
1.395807252265512943e-03
6.519460002891719341e-04
8.153785602189600468e-04
8.366137626580893993e-04
1.016834750771522522e-03
6.225004326552152634e-04
6.016587140038609505e-04
9.083369513973593712e-04
7.740873843431472778e-04
1.361120957881212234e-03
6.517961155623197556e-04
4.570345336105674505e-04
7.368884398601949215e-04
1.637081732042133808e-03
4.298469284549355507e-04
9.876310359686613083e-04
9.142445633187890053e-04
5.102293798699975014e-04
2.725563244894146919e-04
1.089042983949184418e-03
7.935611065477132797e-04
1.366074662655591965e-03
1.580168725922703743e-03
4.920664941892027855e-04
6.552410777658224106e-04
5.295088631100952625e-04
4.924520617350935936e-04
1.032886561006307602e-03
7.869915571063756943e-04
1.168306916952133179e-03
5.588047788478434086e-04
6.017823470756411552e-04
1.323167001828551292e-03
5.816215416416525841e-04
1.052158419042825699e-03
6.613989826291799545e-04
5.415200139395892620e-04
4.695559036917984486e-04
9.513156837783753872e-04
1.093507860787212849e-03
9.306473657488822937e-04
9.024612372741103172e-04
1.019448507577180862e-03
8.310058619827032089e-04
1.644856063649058342e-03
5.414132028818130493e-04
1.269119558855891228e-03
7.546523702330887318e-04
8.813551394268870354e-04
1.008570892736315727e-03
8.133013616316020489e-04
9.603208163753151894e-04
4.803223127964884043e-04
8.593254024162888527e-04
1.300016650930047035e-03
8.311206474900245667e-04
7.961943047121167183e-04
7.622389821335673332e-04
1.059665577486157417e-03
9.008710039779543877e-04
1.271229819394648075e-03
6.607410032302141190e-04
7.082554511725902557e-04
1.114343060180544853e-03
6.420775316655635834e-04
7.858852040953934193e-04
7.013890426605939865e-04
7.341514574363827705e-04
8.462141850031912327e-04
7.884337101131677628e-04
6.290946621447801590e-04
8.523836149834096432e-04
7.255258387885987759e-04
1.231541624292731285e-03
1.262566191144287586e-03
4.882589564658701420e-04
6.578533211722970009e-04
6.357615930028259754e-04
8.972669020295143127e-04
9.702594252303242683e-04
1.347917364910244942e-03
7.719984860159456730e-04
8.435064228251576424e-04
6.672516465187072754e-04
1.031810883432626724e-03
5.363223608583211899e-04
5.398322828114032745e-04
1.126875053159892559e-03
9.309043525718152523e-04
7.011245470494031906e-04
6.976148579269647598e-04
3.594010777305811644e-04
8.993714000098407269e-04
7.378774462267756462e-04
1.321902615018188953e-03
9.751158650033175945e-04
1.109559554606676102e-03
5.820257356390357018e-04
9.199066553264856339e-04
7.064677774906158447e-04
8.687569061294198036e-04
6.439626449719071388e-04
6.942496402189135551e-04
9.038195130415260792e-04
6.780474213883280754e-04
7.577073993161320686e-04
8.092090720310807228e-04
1.253013149835169315e-03
1.439574174582958221e-03
5.727194948121905327e-04
1.581780961714684963e-03
9.411276550963521004e-04
8.324314840137958527e-04
3.783849533647298813e-04
6.086921785026788712e-04
1.000005984678864479e-03
4.303130845073610544e-04
8.569463388994336128e-04
6.457437993958592415e-04
5.285641527734696865e-04
7.641976699233055115e-04
6.330625037662684917e-04
9.554595453664660454e-04
6.932378746569156647e-04
1.204787869937717915e-03
8.107910980470478535e-04
1.046942081302404404e-03
8.701739716343581676e-04
4.840869223698973656e-04
8.425418054684996605e-04
1.083806855604052544e-03
6.479094736278057098e-04
1.071881153620779514e-03
5.563614540733397007e-04
8.868973236531019211e-04
8.574688690714538097e-04
9.464777540415525436e-04
4.957215278409421444e-04
7.687787874601781368e-04
9.135265136137604713e-04
4.600326356012374163e-04
1.009878935292363167e-03
7.870906847529113293e-04
6.972119444981217384e-04
1.022576238028705120e-03
7.875232840888202190e-04
9.227595874108374119e-04
9.373198263347148895e-04
8.641093154437839985e-04
4.384703061077743769e-04
5.697064334526658058e-04
8.551735663786530495e-04
1.475701574236154556e-03
7.974520558491349220e-04
6.004690658301115036e-04
1.765880151651799679e-03
7.471230346709489822e-04
6.219779606908559799e-04
6.127250380814075470e-04
9.062418248504400253e-04
7.412700215354561806e-04
4.701731959357857704e-04
6.074634147807955742e-04
1.024294993840157986e-03
7.184030255302786827e-04
8.564831223338842392e-04
5.229137605056166649e-04
8.619998116046190262e-04
6.462526507675647736e-04
9.992541745305061340e-04
1.599471434019505978e-03
7.591955363750457764e-04
1.400848035700619221e-03
7.866017404012382030e-04
1.021852251142263412e-03
5.127518670633435249e-04
1.199969090521335602e-03
7.305617327801883221e-04
8.994415402412414551e-04
6.927709328010678291e-04
1.246060011908411980e-03
5.372525192797183990e-04
7.678506663069128990e-04
9.317725198343396187e-04
9.413554216735064983e-04
4.264799645170569420e-04
1.390001736581325531e-03
1.002537901513278484e-03
6.798348040319979191e-04
9.043244644999504089e-04
5.317831528373062611e-04
8.068394381552934647e-04
8.603126625530421734e-04
1.003570854663848877e-03
6.710928864777088165e-04
4.698515404015779495e-04
7.788260700181126595e-04
6.745151476934552193e-04
1.163372071459889412e-03
1.353578642010688782e-03
4.730469081550836563e-04
1.213476294651627541e-03
1.196039142087101936e-03
7.001345511525869370e-04
5.523579893633723259e-04
7.539750076830387115e-04
6.621860666200518608e-04
3.193164011463522911e-04
1.054418273270130157e-03
8.590857032686471939e-04
4.635567893274128437e-04
9.724588016979396343e-04
4.247487231623381376e-04
8.805328980088233948e-04
6.481460877694189548e-04
7.726016920059919357e-04
1.346237724646925926e-03
1.370050013065338135e-03
4.052900476381182671e-04
8.827476995065808296e-04
7.736751576885581017e-04
9.580173064023256302e-04
6.560130859725177288e-04
5.457254010252654552e-04
5.995159735903143883e-04
4.226127639412879944e-04
7.616869406774640083e-04
8.832823950797319412e-04
1.092961174435913563e-03
3.402060247026383877e-04
8.613722166046500206e-04
6.701092352159321308e-04
1.082408241927623749e-03
1.141255954280495644e-03
1.071169273927807808e-03
7.019974291324615479e-04
6.442905869334936142e-04
9.783587884157896042e-04
1.178138889372348785e-03
6.372296484187245369e-04
9.783594869077205658e-04
7.416736916638910770e-04
6.507922662422060966e-04
1.487313769757747650e-03
8.289826218970119953e-04
9.975640568882226944e-04
8.530102204531431198e-04
4.218216636218130589e-04
1.311561791226267815e-03
7.147490978240966797e-04
1.030301908031105995e-03
7.550884038209915161e-04
7.496514008380472660e-04
6.415063980966806412e-04
1.290591200813651085e-03
5.875208298675715923e-04
7.490397547371685505e-04
8.506472222506999969e-04
1.079378649592399597e-03
6.011535879224538803e-04
1.545102568343281746e-03
7.246863679029047489e-04
1.419449923560023308e-03
8.457682561129331589e-04
4.308604984544217587e-04
8.015071507543325424e-04
9.405302116647362709e-04
3.341089759487658739e-04
1.047720899805426598e-03
4.320063453633338213e-04
4.460727213881909847e-04
9.178587351925671101e-04
5.406441632658243179e-04
1.205156557261943817e-03
8.975029923021793365e-04
9.986113291233778000e-04
8.377525955438613892e-04
1.602683681994676590e-03
1.068366458639502525e-03
5.888065788894891739e-04
4.067899426445364952e-04
8.039276581257581711e-04
5.742717185057699680e-04
8.127105538733303547e-04
6.844277959316968918e-04
7.943214732222259045e-04
9.184115915559232235e-04
6.276341737248003483e-04
1.077080261893570423e-03
1.553603331558406353e-03
7.384027121588587761e-04
1.090917736291885376e-03
5.763969384133815765e-04
1.063829404301941395e-03
1.656681532040238380e-03
9.374155779369175434e-04
1.401585410349071026e-03
8.143399609252810478e-04
1.016975380480289459e-03
1.069566118530929089e-03
4.068631096743047237e-04
1.099306857213377953e-03
1.126970164477825165e-03
8.133394876495003700e-04
5.682025803253054619e-04
9.218576014973223209e-04
5.663476767949759960e-04
4.455204471014440060e-04
6.278724758885800838e-04
6.995233707129955292e-04
6.878905114717781544e-04
6.151036359369754791e-04
6.189040723256766796e-04
1.061210408806800842e-03
6.792032509110867977e-04
1.095131505280733109e-03
7.794188568368554115e-04
6.034545367583632469e-04
1.046205637976527214e-03
6.833064835518598557e-04
4.453425062820315361e-04
1.125949900597333908e-03
9.526400244794785976e-04
1.110986922867596149e-03
8.029352175071835518e-04
6.493084365501999855e-04
3.554713912308216095e-04
1.607092446647584438e-03
1.094880746677517891e-03
1.278913579881191254e-03
1.042367191985249519e-03
5.457755760289728642e-04
1.613692846149206161e-03
6.359119433909654617e-04
8.747814572416245937e-04
7.168131414800882339e-04
8.489130414091050625e-04
9.755768114700913429e-04
8.171784575097262859e-04
8.026220602914690971e-04
4.965871339663863182e-04
8.200847078114748001e-04
6.263307877816259861e-04
1.038647023960947990e-03
6.092907860875129700e-04
8.789064013399183750e-04
7.757949642837047577e-04
7.570181041955947876e-04
4.957274068146944046e-04
6.757465307600796223e-04
9.302778635174036026e-04
5.894809728488326073e-04
8.700561593286693096e-04
9.680005023255944252e-04
8.660224266350269318e-04
7.620506221428513527e-04
9.257541969418525696e-04
1.563834026455879211e-03
7.212742930278182030e-04
7.838170859031379223e-04
1.082313712686300278e-03
9.301913669332861900e-04
1.074434025213122368e-03
5.039464449509978294e-04
5.383654497563838959e-04
1.273669768124818802e-03
1.074018655344843864e-03
6.933462573215365410e-04
9.620309574529528618e-04
6.859885761514306068e-04
7.944044191390275955e-04
6.411294452846050262e-04
7.308685453608632088e-04
1.058840658515691757e-03
6.882432498969137669e-04
8.436450734734535217e-04
7.719981949776411057e-04
1.206938410177826881e-03
1.091112848371267319e-03
5.009158048778772354e-04
8.720819605514407158e-04
9.846749017015099525e-04
8.475006325170397758e-04
5.869679152965545654e-04
8.920783875510096550e-04
1.082037109881639481e-03
1.075264997780323029e-03
8.291301783174276352e-04
4.734021204058080912e-04
4.367426445242017508e-04
1.046301797032356262e-03
7.862658821977674961e-04
6.377428071573376656e-04
7.755465921945869923e-04
8.606135961599647999e-04
7.530910079367458820e-04
7.554983603768050671e-04
8.685195934958755970e-04
7.182571571320295334e-04
7.555274059996008873e-04
7.003139471635222435e-04
7.212772034108638763e-04
7.958133355714380741e-04
7.077576592564582825e-04
9.043572354130446911e-04
2.972075890284031630e-04
1.243953360244631767e-03
7.062542717903852463e-04
3.963027847930788994e-04
6.373093347065150738e-04
1.422116300091147423e-03
1.039533643051981926e-03
1.243167091161012650e-03
7.773706456646323204e-04
1.223132247105240822e-03
4.411612171679735184e-04
1.046449644491076469e-03
6.141802296042442322e-04
9.054107940755784512e-04
6.627907278016209602e-04
4.276483668945729733e-04
3.956083673983812332e-04
6.115857977420091629e-04
6.934739649295806885e-04
5.281114717945456505e-04
1.177700003609061241e-03
7.044943049550056458e-04
9.163496433757245541e-04
8.811623556539416313e-04
8.322250214405357838e-04
1.061917981132864952e-03
7.272959919646382332e-04
1.024396391585469246e-03
6.445203907787799835e-04
4.295127000659704208e-04
8.079608669504523277e-04
9.433515369892120361e-04
1.174176693893969059e-03
1.119658816605806351e-03
8.156574331223964691e-04
7.764446781948208809e-04
5.347154801711440086e-04
1.145814196206629276e-03
8.847892750054597855e-04
9.454757673665881157e-04
8.017948130145668983e-04
4.117097414564341307e-04
8.266482036560773849e-04
9.212091099470853806e-04
6.347683956846594810e-04
4.229891055729240179e-04
6.010064389556646347e-04
9.857692057266831398e-04
1.116272527724504471e-03
5.279353936202824116e-04
9.744268609210848808e-04
8.733570575714111328e-04
7.386239012703299522e-04
9.862803854048252106e-04
1.069483347237110138e-03
6.368787144310772419e-04
1.061895512975752354e-03
8.501245756633579731e-04
1.036141067743301392e-03
7.538539939559996128e-04
9.887531632557511330e-04
2.054146490991115570e-03
8.952378993853926659e-04
1.819794299080967903e-03
1.803542487323284149e-03
1.317735761404037476e-03
2.436849987134337425e-03
7.611131295561790466e-04
3.472838550806045532e-03
1.079893554560840130e-03
2.808982506394386292e-03
1.409246120601892471e-03
8.339092601090669632e-04
2.006178721785545349e-03
1.786131411790847778e-03
1.200653729028999805e-03
1.745473593473434448e-03
7.495951140299439430e-04
6.155786104500293732e-04
2.170538296923041344e-03
1.436252146959304810e-03
5.622075404971837997e-04
1.871217042207717896e-03
1.360757509246468544e-03
1.372526865452528000e-03
1.538068288937211037e-03
1.333639491349458694e-03
7.349565275944769382e-04
9.838060941547155380e-04
9.054437978193163872e-04
1.144763547927141190e-03
6.754118949174880981e-04
5.168197676539421082e-04
7.615622016601264477e-04
2.948440378531813622e-04
5.629107472486793995e-04
8.721385383978486061e-04
4.261312424205243587e-04
6.332693737931549549e-04
1.110221375711262226e-03
9.840168058872222900e-04
5.929258186370134354e-04
8.100389968603849411e-04
5.386545090004801750e-04
1.190844923257827759e-03
1.059559173882007599e-03
9.704420808702707291e-04
8.716810843907296658e-04
8.893975755199790001e-04
9.996441658586263657e-04
7.242929423227906227e-04
6.772439228370785713e-04
6.130185211077332497e-04
8.282341877929866314e-04
1.073945779353380203e-03
6.257208297029137611e-04
1.229178626090288162e-03
5.331049324013292789e-04
5.592310335487127304e-04
8.938383543863892555e-04
7.346430211327970028e-04
7.464403752237558365e-04
1.028942177072167397e-03
2.512566861696541309e-04
1.029151957482099533e-03
1.178571023046970367e-03
6.099082529544830322e-04
1.048274687491357327e-03
8.659923332743346691e-04
7.761002052575349808e-04
7.710601203143596649e-04
8.683418855071067810e-04
7.541049853898584843e-04
5.792501615360379219e-04
5.662946496158838272e-04
1.039371709339320660e-03
1.058736466802656651e-03
8.132240036502480507e-04
8.339857449755072594e-04
6.104551721364259720e-04
6.930147064849734306e-04
1.326774596236646175e-03
9.416563552804291248e-04
7.127578137442469597e-04
6.257400964386761189e-04
8.456599898636341095e-04
7.077883929014205933e-04
5.662795156240463257e-04
7.992799510248005390e-04
1.025778008624911308e-03
5.941676208749413490e-04
8.251864928752183914e-04
1.044289674609899521e-03
5.287321400828659534e-04
5.527146859094500542e-04
4.990765592083334923e-04
6.650114082731306553e-04
1.318842638283967972e-03
1.144341658800840378e-03
1.295224647037684917e-03
1.607374055311083794e-03
9.930031374096870422e-04
8.455982897430658340e-04
1.529133412986993790e-03
6.209257408045232296e-04
1.091172220185399055e-03
1.271562417969107628e-03
1.065060030668973923e-03
1.768098096363246441e-03
3.170904237776994705e-04
1.327677629888057709e-03
6.110854446887969971e-04
6.441369187086820602e-04
1.306057209149003029e-03
7.981922826729714870e-04
1.135461498051881790e-03
9.621097706258296967e-04
5.932747153565287590e-04
1.312781008891761303e-03
9.248146088793873787e-04
5.981952999718487263e-04
1.096671330742537975e-03
6.512961117550730705e-04
1.287164515815675259e-03
9.113047271966934204e-04
6.748696905560791492e-04
9.230979485437273979e-04
1.088649267330765724e-03
6.740677054040133953e-04
8.657815633341670036e-04
6.100296741351485252e-04
8.886654977686703205e-04
9.395742090418934822e-04
1.066045835614204407e-03
7.268446497619152069e-04
9.530829265713691711e-04
6.885745096951723099e-04
1.016363501548767090e-03
1.264632330276072025e-03
6.875113467685878277e-04
7.129068253561854362e-04
7.963787065818905830e-04
7.682261057198047638e-04
5.814612377434968948e-04
8.047560695558786392e-04
9.183626389130949974e-04
6.806848687119781971e-04
1.545088365674018860e-03
9.465013281442224979e-04
1.344271237030625343e-03
5.323166260495781898e-04
8.947796886786818504e-04
9.210106218233704567e-04
1.541078556329011917e-03
9.599525365047156811e-04
1.147413742728531361e-03
2.608833601698279381e-04
7.367300568148493767e-04
9.741018875502049923e-04
7.339571602642536163e-04
8.623035391792654991e-04
1.134216436184942722e-03
4.682120925281196833e-04
9.102530311793088913e-04
1.414714381098747253e-03
1.096221618354320526e-03
