1.480772916693240404e-04
1.428125542588531971e-04
8.469846798107028008e-04
6.490407977253198624e-04
9.676839690655469894e-04
9.314504568465054035e-04
3.899193834513425827e-04
2.149889332940801978e-04
3.379912814125418663e-04
3.848277265205979347e-04
5.395541083998978138e-04
3.093088453169912100e-04
4.548812285065650940e-04
3.127569216303527355e-04
5.007437430322170258e-04
8.700230391696095467e-04
4.758737049996852875e-04
5.697952001355588436e-04
4.129703156650066376e-04
4.610389878507703543e-04
5.697162705473601818e-04
7.025840459391474724e-04
3.670198493637144566e-04
2.588657080195844173e-04
2.772877342067658901e-04
8.950521005317568779e-04
3.901373129338026047e-04
4.241520073264837265e-04
4.509798018261790276e-04
6.861132569611072540e-04
4.870832199230790138e-04
6.633197190240025520e-04
2.823335235007107258e-04
6.905487971380352974e-04
4.144341801293194294e-04
6.417409749701619148e-04
4.752282984554767609e-04
5.611958331428468227e-04
5.084004369564354420e-04
8.596821571700274944e-04
4.765222547575831413e-04
5.568128544837236404e-04
9.554412827128544450e-05
2.865923743229359388e-04
6.890385411679744720e-04
1.067098462954163551e-03
4.372920375317335129e-04
7.108174031600356102e-04
5.086132441647350788e-04
4.324518085923045874e-04
5.352774169296026230e-04
9.325834689661860466e-04
1.958813751116394997e-03
5.433371989056468010e-04
4.030406125821173191e-04
5.616761045530438423e-04
2.879625535570085049e-04
1.132839359343051910e-03
4.830421821679919958e-04
4.358857113402336836e-04
4.681675345636904240e-04
4.614198696799576283e-04
4.448878462426364422e-04
3.388152108527719975e-04
6.454868707805871964e-04
2.781533694360405207e-04
6.015160470269620419e-04
4.773587861564010382e-04
6.493568653240799904e-04
5.374499596655368805e-04
2.632055839058011770e-04
6.664866814389824867e-04
1.931245788000524044e-04
3.353997017256915569e-04
7.831266266293823719e-04
4.584412090480327606e-04
5.190530791878700256e-04
4.033515579067170620e-04
5.846040439791977406e-04
3.934642882086336613e-04
6.760250544175505638e-04
5.940108094364404678e-04
4.521969240158796310e-04
4.751826927531510592e-04
2.888481831178069115e-04
6.412323564291000366e-04
3.792250645346939564e-04
1.510323258116841316e-03
9.333458729088306427e-04
6.243858952075242996e-04
4.930235445499420166e-04
9.672017185948789120e-04
2.924890723079442978e-04
6.482706521637737751e-04
2.776831097435206175e-04
2.317132893949747086e-04
2.666584332473576069e-04
3.921004827134311199e-04
3.917537396773695946e-04
3.294639755040407181e-04
4.244427254889160395e-04
6.374170188792049885e-04
4.484150558710098267e-04
3.212428418919444084e-04
4.596759390551596880e-04
4.151105531491339207e-04
3.901889722328633070e-04
4.647832538466900587e-04
4.432894347701221704e-04
3.890543594025075436e-04
8.425030391663312912e-04
8.188546635210514069e-04
7.734186947345733643e-04
9.692011517472565174e-04
3.034220426343381405e-04
3.959390160162001848e-04
7.291533984243869781e-04
4.698498232755810022e-04
7.133794715628027916e-04
3.912107786163687706e-04
4.882258363068103790e-04
3.222845843993127346e-04
3.144105721730738878e-04
4.793588595930486917e-04
4.602140688803046942e-04
5.647432990372180939e-04
6.406844477169215679e-04
3.922799951396882534e-04
7.456139428541064262e-04
1.990020391531288624e-04
2.840545494109392166e-04
5.573873640969395638e-04
5.557460826821625233e-04
4.573814512696117163e-04
6.880030268803238869e-04
5.567729822359979153e-04
3.898363502230495214e-04
5.780160427093505859e-04
6.249256548471748829e-04
4.857688909396529198e-04
7.220784318633377552e-04
3.039470466319471598e-04
7.694124942645430565e-04
6.792717031203210354e-04
7.369493832811713219e-04
6.905015325173735619e-04
6.146231899037957191e-04
9.871127549558877945e-04
1.970088924281299114e-04
3.247697895858436823e-04
3.260447119828313589e-04
6.318294326774775982e-04
2.832886239048093557e-04
5.844132974743843079e-04
7.329697837121784687e-04
6.569540128111839294e-04
2.956608368549495935e-04
8.830525912344455719e-04
3.759842948056757450e-04
5.243755294941365719e-04
1.091270823962986469e-03
6.945059867575764656e-04
3.903859760612249374e-04
2.885597641579806805e-04
6.050222436897456646e-04
1.082836650311946869e-03
5.121305584907531738e-04
6.990168476477265358e-04
3.589660045690834522e-04
3.772281925193965435e-04
6.327521987259387970e-04
4.189332248643040657e-04
2.646390057634562254e-04
4.728318890556693077e-04
1.358012901619076729e-03
3.899524454027414322e-04
8.620208827778697014e-04
6.604473455809056759e-04
1.164971734397113323e-03
7.291274960152804852e-04
9.389059850946068764e-04
8.002636604942381382e-04
6.514569395221769810e-04
9.143423521891236305e-04
5.413768813014030457e-04
5.166974151507019997e-04
7.515412289649248123e-04
1.530941459350287914e-03
4.620608524419367313e-04
6.975120049901306629e-04
6.250917213037610054e-04
3.201671352144330740e-04
4.475743626244366169e-04
6.366398883983492851e-04
3.490252129267901182e-04
1.202975516207516193e-03
5.014837952330708504e-04
7.286821492016315460e-04
8.942355052568018436e-04
3.087402146775275469e-04
2.999663702212274075e-04
4.544032854028046131e-04
1.194477081298828125e-03
4.710538196377456188e-04
6.050224183127284050e-04
7.591695757582783699e-04
4.771005187649279833e-04
2.869029995054006577e-04
5.195203702896833420e-04
6.772849010303616524e-04
6.680889055132865906e-04
5.243578925728797913e-04
4.841904155910015106e-04
6.459450814872980118e-04
3.615504538174718618e-04
2.947948523797094822e-04
3.630719147622585297e-04
4.867011448368430138e-04
2.798206151055637747e-05
5.592703819274902344e-04
2.317868784302845597e-04
7.813380798324942589e-04
3.542116028256714344e-04
1.290428102947771549e-03
8.326815441250801086e-04
4.736975533887743950e-04
5.266618682071566582e-04
5.677683511748909950e-04
6.387607427313923836e-04
2.150615910068154335e-04
8.301260531879961491e-04
6.525659700855612755e-04
2.623187028802931309e-04
5.436826031655073166e-04
3.239926300011575222e-04
4.695142561104148626e-04
8.377499179914593697e-04
2.636744466144591570e-04
4.055409226566553116e-04
5.772920558229088783e-04
6.427788757719099522e-04
1.646726450417190790e-04
7.227679016068577766e-04
3.064630436711013317e-04
4.130208690185099840e-04
3.036087437067180872e-04
1.667215401539579034e-04
4.372483235783874989e-04
2.211260725744068623e-04
4.929704591631889343e-04
6.669159047305583954e-04
5.652896943502128124e-04
3.435435646679252386e-04
5.754913436248898506e-04
5.991427460685372353e-04
6.949158851057291031e-04
5.683980416506528854e-04
5.927874008193612099e-04
4.191076150164008141e-04
4.243822768330574036e-04
9.418934350833296776e-04
6.799361435696482658e-04
4.179072129772976041e-05
6.381077691912651062e-04
2.332760195713490248e-04
5.841248203068971634e-04
3.319510724395513535e-04
2.105322637362405658e-04
6.472623208537697792e-04
3.120938199572265148e-04
5.081711569800972939e-04
3.624533128459006548e-04
3.468919603619724512e-04
4.340755986049771309e-04
6.822537980042397976e-04
5.445728311315178871e-04
1.161838765256106853e-03
3.349311882629990578e-04
4.899543710052967072e-04
4.014777950942516327e-04
2.920151455327868462e-04
4.134880728088319302e-04
7.793568656779825687e-04
5.362476222217082977e-04
4.815678403247147799e-04
3.862124576698988676e-04
3.282885008957237005e-04
9.608940454199910164e-04
1.951736921910196543e-04
3.207125701010227203e-04
8.259658934548497200e-04
4.552939499262720346e-04
3.079192538280040026e-04
3.058314905501902103e-04
5.645280471071600914e-04
4.660985432565212250e-04
3.705110284499824047e-04
3.866391489282250404e-04
7.488455157727003098e-04
2.309942501597106457e-04
9.089901577681303024e-04
4.250719211995601654e-04
5.122604779899120331e-04
4.001750494353473186e-04
6.457931012846529484e-04
1.101038535125553608e-03
3.980300389230251312e-04
1.192210009321570396e-03
7.007591193541884422e-04
1.355400774627923965e-03
5.988626508042216301e-04
5.612031091004610062e-04
4.005942028015851974e-04
4.216584493406116962e-04
4.020079504698514938e-04
6.020223954692482948e-04
3.644313255790621042e-04
6.225189426913857460e-04
4.361691826488822699e-04
8.648681687191128731e-04
4.874255391769111156e-04
3.165492089465260506e-04
6.728218868374824524e-04
5.987175973132252693e-04
6.520232418552041054e-04
9.496266720816493034e-04
7.742616580799221992e-04
3.958099987357854843e-04
4.239407426211982965e-04
9.669881546869874001e-04
8.810225408524274826e-04
2.611234667710959911e-04
1.143669825978577137e-03
4.592341720126569271e-04
4.855921142734587193e-04
6.997219170443713665e-04
5.261385813355445862e-04
5.817700875923037529e-04
4.821021575480699539e-04
3.373860090505331755e-04
5.900951800867915154e-04
1.150852534919977188e-03
5.110687343403697014e-04
4.766162601299583912e-04
4.120052035432308912e-04
4.798689333256334066e-04
1.181851373985409737e-03
2.624883200041949749e-04
5.292784189805388451e-04
6.959314923733472824e-04
4.082496452610939741e-04
8.995438693091273308e-04
8.018069784156978130e-04
8.441827958449721336e-04
7.857356686145067215e-04
4.559767839964479208e-04
1.007300685159862041e-03
5.682396003976464272e-04
3.310669271741062403e-04
6.041213637217879295e-04
6.802931311540305614e-04
4.699002893175929785e-04
8.391979499720036983e-04
7.392178522422909737e-04
8.472644258290529251e-04
1.032207277603447437e-03
8.152315858751535416e-04
7.777170394547283649e-04
8.728529792279005051e-04
7.798708975315093994e-04
4.575322964228689671e-04
1.107414020225405693e-03
5.052020424045622349e-04
9.322443511337041855e-04
7.006591768004000187e-04
1.192063558846712112e-03
5.729815457016229630e-04
1.395321916788816452e-03
7.314481190405786037e-04
4.131089663133025169e-04
8.354556048288941383e-04
1.116015948355197906e-03
4.529646830633282661e-04
9.207191178575158119e-04
8.460519602522253990e-04
4.164176061749458313e-04
4.199746181257069111e-04
5.300614284351468086e-04
1.058361725881695747e-03
4.410363035276532173e-04
3.160070336889475584e-04
9.100760216824710369e-04
1.077979104593396187e-03
5.919602117501199245e-04
6.763182464055716991e-04
1.183590851724147797e-03
7.227527094073593616e-04
6.344157154671847820e-04
5.124996532686054707e-04
6.532525294460356236e-04
5.081997369416058064e-04
7.184226997196674347e-04
1.164373825304210186e-03
4.918664926663041115e-04
4.415998701006174088e-04
8.897345978766679764e-04
6.954937125556170940e-04
7.398609886877238750e-04
9.238874772563576698e-04
4.262828442733734846e-04
7.685360033065080643e-04
8.064262219704687595e-04
9.306530700996518135e-04
8.198741707019507885e-04
5.593491368927061558e-04
5.456187063828110695e-04
4.100213118363171816e-04
1.364535652101039886e-03
2.270140394102782011e-04
4.213100473862141371e-04
3.678135108202695847e-04
5.376612534746527672e-04
5.030133179388940334e-04
7.515077013522386551e-04
8.104275329969823360e-04
3.518968587741255760e-04
5.538692348636686802e-04
1.724985922919586301e-04
1.029933220706880093e-03
7.220403058454394341e-04
4.529045836534351110e-04
3.748158051166683435e-04
2.877322840504348278e-04
5.795899778604507446e-04
9.241333464160561562e-04
4.462028737179934978e-04
5.484056891873478889e-04
6.843982264399528503e-04
8.782443183008581400e-05
3.711539611686021090e-04
3.021438315045088530e-04
4.092835006304085255e-04
4.659209807869046926e-04
6.379996193572878838e-04
7.835013093426823616e-04
9.085832280106842518e-04
2.975168172270059586e-04
3.725037095136940479e-04
2.511340717319399118e-04
6.419867277145385742e-04
3.198703634552657604e-04
2.544052840676158667e-04
4.862790228798985481e-04
3.212123410776257515e-04
3.565192455425858498e-04
5.086773307994008064e-04
2.089182089548557997e-04
8.157994016073644161e-04
3.609586274251341820e-04
3.601222997531294823e-04
3.699372173286974430e-04
6.771147600375115871e-04
6.009048083797097206e-04
6.653229938820004463e-04
8.710932452231645584e-04
4.790351376868784428e-04
2.811522281263023615e-04
3.776647499762475491e-04
7.315775146707892418e-04
6.603860529139637947e-04
3.373036161065101624e-04
5.280878394842147827e-04
4.348786314949393272e-04
3.474738332442939281e-04
5.293837166391313076e-04
6.395842647179961205e-04
2.346960245631635189e-04
4.442906356416642666e-04
3.235139301978051662e-04
7.330527296289801598e-04
7.234794320538640022e-04
4.091890878044068813e-04
6.208986451383680105e-05
5.963813746348023415e-04
6.611237186007201672e-04
1.679788110777735710e-04
4.646716406568884850e-04
5.369866848923265934e-04
5.460430402308702469e-04
3.928324440494179726e-04
2.680680481716990471e-04
5.606528138741850853e-04
4.461318021640181541e-04
3.381206479389220476e-04
4.289007629267871380e-04
3.437366394791752100e-04
4.120703379157930613e-04
5.609289510175585747e-04
6.868215859867632389e-04
6.001710426062345505e-04
2.101560385199263692e-04
4.551287565845996141e-04
4.418728640303015709e-04
4.968892317265272141e-04
3.033789689652621746e-04
3.154238220304250717e-04
7.163573754951357841e-04
2.884211717173457146e-04
4.541977541521191597e-04
1.129804644733667374e-03
5.667703226208686829e-04
6.322397966869175434e-04
4.195710935164242983e-04
3.506493521854281425e-04
3.539236495271325111e-04
5.204353947192430496e-04
5.478366510942578316e-04
4.977084463462233543e-04
3.307416918687522411e-04
4.816367872990667820e-04
4.888876574113965034e-04
3.656938497442752123e-04
3.417013213038444519e-04
6.605014204978942871e-04
6.276348140090703964e-04
9.624817757867276669e-04
7.215408550109714270e-05
7.011590059846639633e-04
4.115065094083547592e-04
6.976770237088203430e-04
6.832237122580409050e-04
6.677164928987622261e-04
1.946737756952643394e-04
1.037468085996806622e-03
4.812327679246664047e-04
5.297203315421938896e-04
3.066589706577360630e-04
1.145898597314953804e-03
7.016033050604164600e-04
2.751854772213846445e-04
5.534656811505556107e-04
7.483635563403367996e-04
2.724684891290962696e-04
1.699217682471498847e-04
6.339128594845533371e-04
3.820132697001099586e-04
1.747506321407854557e-04
3.973145212512463331e-04
2.580421278253197670e-04
8.056494407355785370e-04
4.922224325127899647e-04
2.416718925815075636e-04
6.441838922910392284e-04
4.230951890349388123e-04
4.543390823528170586e-04
4.388510133139789104e-04
3.776503144763410091e-04
5.205601337365806103e-04
4.828979435842484236e-04
6.719228695146739483e-04
6.424740422517061234e-04
4.169169114902615547e-04
1.221464597620069981e-03
5.756217287853360176e-04
4.312128876335918903e-04
8.179873111657798290e-04
2.826075360644608736e-04
5.027926526963710785e-04
6.374598015099763870e-04
4.573386395350098610e-04
8.500668627675622702e-05
3.206164110451936722e-04
6.218043854460120201e-04
3.987011150456964970e-04
6.618365878239274025e-04
4.243020084686577320e-04
2.524372539483010769e-04
5.089775659143924713e-04
4.078471392858773470e-04
4.688513581641018391e-04
3.895086410921066999e-04
6.036147824488580227e-04
5.684865172952413559e-04
4.202308191452175379e-04
6.654731696471571922e-04
6.787194288335740566e-04
4.520624352153390646e-04
4.994181217625737190e-04
2.467839512974023819e-04
2.643777988851070404e-04
5.568739725276827812e-04
4.633793723769485950e-04
6.957679288461804390e-04
3.403474693186581135e-04
3.668002900667488575e-04
3.057265130337327719e-04
2.428955631330609322e-04
2.705151564441621304e-04
3.820454003289341927e-04
3.865023318212479353e-04
3.132217680104076862e-04
4.765487974509596825e-04
3.764356370083987713e-04
7.421171758323907852e-04
6.874015089124441147e-04
7.098937639966607094e-04
4.031116841360926628e-04
7.952071027830243111e-04
8.051526965573430061e-04
3.328887396492063999e-04
1.382690854370594025e-03
6.082228501327335835e-04
4.660812264773994684e-04
5.394211038947105408e-04
1.678563567111268640e-04
9.049168438650667667e-04
8.228530641645193100e-04
3.756773658096790314e-04
4.443374928086996078e-04
2.192196698160842061e-04
4.630240437109023333e-04
5.251512629911303520e-04
7.942722877487540245e-04
3.683146787807345390e-04
3.849300555884838104e-04
5.091030616313219070e-04
5.082192365080118179e-04
5.282839993014931679e-04
9.778366656973958015e-04
2.094936644425615668e-04
4.608295275829732418e-04
1.298550749197602272e-03
7.191555341705679893e-04
6.022588349878787994e-04
1.801738108042627573e-04
2.777623594738543034e-04
7.677894318476319313e-04
3.006872138939797878e-04
6.558893946930766106e-04
8.121131686493754387e-04
1.203814055770635605e-03
7.610989268869161606e-04
4.408980603329837322e-04
4.379785386845469475e-04
6.253144238144159317e-04
4.443156649358570576e-04
4.401932237669825554e-04
4.079720820300281048e-04
6.219760398380458355e-04
4.410283581819385290e-04
6.020006840117275715e-04
6.000911816954612732e-04
3.590597480069845915e-04
5.590589717030525208e-04
2.576137485448271036e-04
2.506530145183205605e-04
7.914646994322538376e-04
5.951306666247546673e-04
1.106821437133476138e-04
1.067811506800353527e-03
2.983151352964341640e-04
8.289067773148417473e-04
5.806989502161741257e-04
5.184779874980449677e-04
4.062369116581976414e-04
4.137351643294095993e-04
4.464368103072047234e-04
3.718420630320906639e-04
6.085907225497066975e-04
4.106408450752496719e-04
5.536668468266725540e-04
7.168854353949427605e-04
5.245416541583836079e-04
6.163999205455183983e-04
8.675393764860928059e-04
6.564822397194802761e-04
2.386706328252330422e-04
3.878241986967623234e-04
2.753440057858824730e-04
2.933189680334180593e-04
4.074759781360626221e-04
2.350892318645492196e-04
8.966876193881034851e-04
4.408416571095585823e-04
4.226149758324027061e-04
5.448317388072609901e-04
2.363539388170465827e-04
2.538113621994853020e-04
3.079277812503278255e-04
4.117366916034370661e-04
1.694485981715843081e-04
3.990785044152289629e-04
6.775116780772805214e-04
4.042414948344230652e-04
2.596249105408787727e-04
4.832068225368857384e-04
4.634713695850223303e-04
6.218596827238798141e-04
7.245527231134474277e-04
5.815963959321379662e-04
6.045841146260499954e-04
3.191169817000627518e-04
1.479482511058449745e-03
1.074343919754028320e-03
7.452688878402113914e-04
6.510844104923307896e-04
7.454557344317436218e-04
5.652530817314982414e-04
5.368335405364632607e-04
7.177502848207950592e-04
1.001321012154221535e-03
8.130820933729410172e-04
7.081578951328992844e-04
6.796439411118626595e-04
2.880137180909514427e-04
6.485456833615899086e-04
1.607431913726031780e-03
6.011902587488293648e-04
1.112613943405449390e-03
9.860571008175611496e-04
8.221722091548144817e-04
1.428987830877304077e-03
5.720363697037100792e-04
5.911897751502692699e-04
7.459368789568543434e-04
4.376475699245929718e-04
3.976324514951556921e-04
6.371622439473867416e-04
5.421013338491320610e-04
7.072340231388807297e-04
3.956927102990448475e-04
5.091250641271471977e-04
6.172733847051858902e-04
4.276124527677893639e-04
6.424010498449206352e-04
5.252101691439747810e-04
8.745123632252216339e-04
6.088291411288082600e-04
4.767599748447537422e-04
7.240592385642230511e-04
1.067543518729507923e-03
1.731720985844731331e-04
4.443773068487644196e-04
3.899871662724763155e-04
6.636766484007239342e-04
3.204094246029853821e-04
3.360847767908126116e-04
4.054838791489601135e-04
5.101565038785338402e-04
4.067363915964961052e-04
7.778739091008901596e-04
2.644883061293512583e-04
3.814485680777579546e-04
5.108306067995727062e-04
4.858853935729712248e-04
1.719119027256965637e-04
9.701487724669277668e-04
4.030867712572216988e-04
7.517964695580303669e-04
7.429039105772972107e-04
5.307536339387297630e-04
4.927980480715632439e-04
6.186150712892413139e-04
8.302090573124587536e-04
2.577912819106131792e-04
4.582795081660151482e-04
2.850088640116155148e-04
2.904104767367243767e-04
5.074067739769816399e-04
7.271961076185107231e-04
3.016794798895716667e-04
5.708532407879829407e-04
7.492091390304267406e-04
9.176470921374857426e-04
2.260434266645461321e-04
4.705230239778757095e-04
4.739981959573924541e-04
3.475950506981462240e-04
6.649319548159837723e-04
5.235687131062150002e-04
6.971434340812265873e-04
4.728527856059372425e-04
4.455848829820752144e-04
3.690736484713852406e-04
8.143289014697074890e-04
2.655030693858861923e-04
5.929685430601239204e-04
4.782367323059588671e-04
5.573332309722900391e-04
2.626759523991495371e-04
9.579620382282882929e-05
5.054260836914181709e-04
4.128398140892386436e-04
5.076366360299289227e-04
6.073878612369298935e-04
3.817788965534418821e-04
6.015377002768218517e-04
2.444486308377236128e-04
2.354892931180074811e-04
8.622200693935155869e-04
7.490473799407482147e-04
9.735645726323127747e-04
6.206004181876778603e-04
7.839407189749181271e-04
4.246330936439335346e-04
6.529770325869321823e-04
2.599196159280836582e-04
1.598520320840179920e-04
1.243790378794074059e-03
4.557023348752409220e-04
3.058260481338948011e-04
5.446932045742869377e-04
4.835149738937616348e-04
2.757238980848342180e-04
6.141890771687030792e-04
6.558026652783155441e-04
2.325113164260983467e-04
4.335886333137750626e-04
2.019848907366394997e-04
1.182075240649282932e-03
3.380213165655732155e-04
5.616626003757119179e-04
6.129379617050290108e-04
3.507742076180875301e-04
4.286804178263992071e-04
4.830242251046001911e-04
4.557974752970039845e-04
1.922575174830853939e-04
5.670635146088898182e-04
4.446133971214294434e-04
6.442827871069312096e-04
4.812132974620908499e-04
3.807417233474552631e-04
7.233520736917853355e-04
1.149640447692945600e-04
4.981455858796834946e-04
3.737711813300848007e-04
4.271820071153342724e-04
3.481280873529613018e-04
3.936375724151730537e-04
2.865537535399198532e-04
3.415313549339771271e-04
4.262913134880363941e-04
2.518684195820242167e-04
4.604814457707107067e-04
3.904456680174916983e-04
7.444337243214249611e-04
5.414384650066494942e-04
4.301703593228012323e-04
5.523085128515958786e-04
5.057777743786573410e-04
1.846311788540333509e-04
3.426603507250547409e-04
5.436657229438424110e-04
4.534006293397396803e-04
5.629999213851988316e-04
9.538478916510939598e-04
6.122633349150419235e-04
2.134171809302642941e-04
5.435879575088620186e-04
2.471691113896667957e-04
5.209530936554074287e-04
4.161438555456697941e-04
7.564524421468377113e-04
2.987522166222333908e-04
6.407714099623262882e-04
4.692608781624585390e-04
3.494017873890697956e-04
5.777842015959322453e-04
6.239004433155059814e-04
5.928667960688471794e-04
9.107072255574166775e-04
5.945358425378799438e-04
7.267223554663360119e-04
1.110465731471776962e-03
3.483908949419856071e-04
3.904808545485138893e-04
3.697463835123926401e-04
6.818976544309407473e-05
1.021084142848849297e-03
2.403252728981897235e-04
8.177494746632874012e-04
1.297251437790691853e-03
3.644101379904896021e-04
8.406039560213685036e-04
9.496046113781630993e-04
3.360307891853153706e-04
8.537396788597106934e-04
1.612608088180422783e-03
7.270995993167161942e-04
1.035408349707722664e-03
7.892557187005877495e-04
2.944662410300225019e-04
5.389384459704160690e-04
6.972734117880463600e-04
4.713321977760642767e-04
9.815336670726537704e-04
7.594410562887787819e-04
6.562817143276333809e-04
1.305530080571770668e-03
7.965874392539262772e-04
3.116606967523694038e-04
6.338985403999686241e-04
4.872080171480774879e-04
7.681981660425662994e-04
4.358261357992887497e-04
3.519193560350686312e-04
9.976036380976438522e-04
4.344946937635540962e-04
6.560634355992078781e-04
5.862615071237087250e-04
3.259017248637974262e-04
6.290139281190931797e-04
4.921859363093972206e-04
5.268703680485486984e-04
1.001537078991532326e-03
2.166341146221384406e-04
1.059875590726733208e-03
2.957313845399767160e-04
4.620684776455163956e-04
7.555014453828334808e-04
6.201261421665549278e-04
2.438747760606929660e-04
3.935626591555774212e-04
4.171906039118766785e-04
8.579371497035026550e-04
1.246571308001875877e-03
2.624932094477117062e-04
4.200889961794018745e-04
2.650674432516098022e-04
4.007387906312942505e-04
6.642678054049611092e-04
5.982799339108169079e-04
4.266160831321030855e-04
3.361861454322934151e-04
2.909497707150876522e-04
2.547512995079159737e-04
5.333807785063982010e-04
4.488164267968386412e-04
6.335770012810826302e-04
6.827493198215961456e-04
5.062209675088524818e-04
5.278132157400250435e-04
3.592804714571684599e-04
1.857203315012156963e-04
4.433723515830934048e-04
3.954089770559221506e-04
9.204057860188186169e-04
3.984997165389358997e-04
3.540364559739828110e-04
4.323508474044501781e-04
2.804594987537711859e-04
5.170139484107494354e-04
7.271951762959361076e-04
3.035916888620704412e-04
2.670886460691690445e-04
6.967544322833418846e-04
4.653249634429812431e-04
4.765065095853060484e-04
7.743215537630021572e-04
4.209063772577792406e-04
4.979406949132680893e-04
3.599497722461819649e-04
3.775975201278924942e-04
7.442615460604429245e-04
4.045730456709861755e-04
4.020222113467752934e-04
8.025954011827707291e-04
6.257640197873115540e-04
4.650371847674250603e-04
6.875460967421531677e-04
4.728347121272236109e-04
3.316559304948896170e-04
1.112328143790364265e-03
3.693347098305821419e-04
6.481145974248647690e-04
5.320176715031266212e-04
8.227243088185787201e-04
1.292015775106847286e-03
2.537817345000803471e-04
4.713736707344651222e-04
5.113772349432110786e-04
2.901709231082350016e-04
4.029499250464141369e-04
8.106984314508736134e-04
5.365309189073741436e-04
5.813805619254708290e-04
4.518083296716213226e-04
4.067366826348006725e-04
4.089173162356019020e-04
2.951553033199161291e-04
6.837355904281139374e-04
1.070878468453884125e-03
1.016307505778968334e-03
7.741854642517864704e-04
6.064117187634110451e-04
6.729593733325600624e-04
4.739278811030089855e-04
3.385212912689894438e-04
4.277470870874822140e-04
4.629105678759515285e-04
4.509791615419089794e-04
1.019341405481100082e-03
6.879011634737253189e-04
2.562304434832185507e-04
2.868552983272820711e-04
4.658903344534337521e-04
4.007164388895034790e-04
1.927276316564530134e-04
4.382330807857215405e-04
3.476610290817916393e-04
4.335340927354991436e-04
