1.179665998186730635e-03
9.439367838588995927e-04
3.868017527189682604e-03
6.355271680318260938e-03
7.219265331843277567e-03
2.335043113104230163e-03
1.025386594582102613e-03
7.717647662667214727e-03
1.106448087776393252e-03
5.363020651776770169e-03
1.830382769000014247e-03
6.054035837688157701e-03
4.378758577353487891e-03
1.971748036198462360e-03
5.787358812789510434e-03
2.320767599395208436e-03
3.679362897039208796e-03
5.945075150273326087e-03
3.668209347370119180e-03
6.744762140959011457e-03
2.212412779677432832e-03
2.621017784863661267e-03
1.283528981873581064e-03
1.288858833992436673e-03
8.514683729355433141e-04
8.207760878345159768e-04
8.621852279500275733e-04
6.966801875494177052e-03
5.235901389507242702e-03
6.602088166104977743e-03
5.806633339853162386e-03
6.289649858377646327e-03
3.233136465949789339e-03
7.107009347597372829e-03
2.136129344262674423e-03
1.222978884072766816e-03
1.237213129685231982e-03
1.096968968028051413e-03
1.266655663721212100e-03
2.012135896016088547e-03
7.816580243915146817e-03
9.425314535083684784e-04
6.203534065117984053e-03
6.065521558021769351e-03
2.239139885792383686e-03
2.458086903818484416e-03
4.716731318024513023e-03
1.573939704299078587e-03
1.821291298748750620e-03
2.403997937339227668e-03
2.238553109190649908e-03
7.680755434867124996e-03
5.819693166868544938e-03
1.398769547536798680e-03
1.734800231703679130e-03
2.674339012913602015e-03
4.668479565107900263e-03
1.194404216541954762e-03
4.922702365680636967e-03
5.468807567482952131e-03
1.392734247106533658e-03
4.970458719754198597e-03
4.117772760697083895e-03
9.324703090103813241e-04
7.222868526856410405e-03
9.496290429093390707e-04
4.299992681032445592e-03
4.601556398311471181e-03
1.052078045494568093e-03
9.471422963522025361e-04
5.353786097782133220e-03
2.156726559488250736e-03
1.547786064801065552e-03
2.286026261568235417e-03
2.528785213364378223e-03
4.760471798393310291e-03
8.409687740234688975e-04
5.761753622476714805e-03
5.845401023494358438e-03
4.634998060250560166e-03
5.046662493762429751e-03
2.437741386157498118e-03
5.367203698899469626e-03
5.977914841704918408e-03
2.839456367030751896e-03
9.554301299577953443e-04
6.218622692049410872e-03
1.618138906366306095e-03
1.792552820305894599e-03
9.471603442082170013e-04
1.223807282948405090e-03
7.947957466542870594e-03
8.735238658575541311e-04
5.728670547876693608e-03
2.033170965606747281e-03
2.116161233109876104e-03
1.808185867337465435e-03
5.033358090364957634e-03
2.604985475875420866e-03
1.228788926300200144e-03
8.232913265426774216e-04
2.334993713685628441e-03
2.348549126003161153e-03
2.235365011276492769e-03
2.699576469682158156e-03
5.965018532671613298e-03
7.550915670658680558e-03
5.595593074648685071e-03
5.590675772052968243e-03
2.299482187184426641e-03
1.637162898705677751e-03
3.146459361588173353e-03
5.202910053890820452e-03
8.496543809006653182e-04
5.665858744098843484e-03
4.711173409145649575e-03
4.842440133064005933e-03
2.726650939730170149e-03
9.450925497503534457e-04
5.475943810284748629e-03
4.297563583168478689e-03
1.167932211498299774e-03
3.470194193656227569e-03
1.881843751018846735e-03
1.979737103220569321e-03
4.043033651211257358e-03
5.286888614488727267e-03
1.729730452699393449e-03
1.867596859232922889e-03
4.189961192019466159e-03
4.234955363174248803e-03
2.500626611458510711e-03
8.801441105382733264e-04
7.822415433578745053e-03
1.176251639035104032e-03
1.234912876759467230e-03
2.530003482522673146e-03
1.714911471533588170e-03
4.192128831040178340e-03
4.157528325647807076e-03
1.862138831013440948e-03
6.703286574633231763e-03
3.773588242006865098e-03
3.770011136338455044e-03
1.968737822106396331e-03
1.452686242320517509e-03
5.462831117196161219e-03
8.023050867317357360e-04
2.379530562070024131e-03
2.441289419049413358e-03
1.384958619280391443e-03
2.540057188246046000e-03
6.993722443809978311e-03
4.278207392066142589e-03
5.254898939531084910e-03
2.894491993464047043e-03
1.021505117905070498e-03
5.366490614180445887e-03
1.952190311224579009e-03
6.114894164632650453e-03
1.255429654291260241e-03
6.290994517330792193e-03
1.998312100512448109e-03
1.668641651236387304e-03
5.376703300799414061e-03
6.830563913945816162e-03
7.292081817557451162e-03
2.524346926952572220e-03
3.061405240575757348e-03
1.635976982554142138e-03
4.234556279641488348e-03
1.328973056398458823e-03
2.019308052554750522e-03
9.504626256106414248e-04
4.463193198029986354e-03
1.561931750409732960e-03
3.753323692131453528e-03
9.275226708867691672e-04
2.843713041278842207e-03
1.857973568754851118e-03
2.860375117815362571e-03
9.571198306404917009e-04
7.277683816226063369e-03
1.642964198735311640e-03
1.693769007183662870e-03
2.049682076814973806e-03
5.091449910699846759e-03
2.189790053512950634e-03
6.713566381691871490e-03
4.424736550489851046e-03
1.416002656995296897e-03
5.860089855900615756e-03
1.835795683271254771e-03
4.716209172227202838e-03
4.306470237739615931e-03
8.598598836228530913e-04
7.769199713671945395e-03
2.243733239766879887e-03
9.460793784275013099e-04
4.776420620042434034e-03
2.481820406223425157e-03
8.507571350401806976e-04
2.083625330457867207e-03
6.123666082755562651e-03
3.923812638647281373e-03
1.966756089388490593e-03
4.669114502033084625e-03
1.005251069855809913e-03
1.914933159706208718e-03
2.533164095069799331e-03
7.087787353498526365e-03
4.771056161989160015e-03
4.689748031567954507e-03
6.043521213876236649e-03
5.061285736234281442e-03
1.903242541260274315e-03
3.248166452406956763e-03
6.155135408989681478e-03
4.205187077863424897e-03
9.233338595292761271e-04
3.223255126336506318e-03
2.305998881820071900e-03
8.686679038189819464e-04
4.041324164130906567e-03
2.377030403687916457e-03
5.188463447190610860e-03
6.113504431887540995e-03
5.457150283415696315e-03
9.358801700140775143e-04
4.890556257240902954e-03
2.045921773186888237e-03
2.579080755327325947e-03
6.172123108778132181e-03
6.345518296593777828e-03
1.077188926189638412e-03
5.599803163003621437e-03
1.205632707450249742e-03
1.925042591914600740e-03
9.250839273655838942e-04
2.042256273431115529e-03
1.889766320241152795e-03
1.912375201739288481e-03
3.864696253806648371e-03
2.116908602704994230e-03
6.486152338343500155e-03
7.046695785814783425e-03
4.796552695426228689e-03
7.502612482245924266e-03
2.382833251380802458e-03
1.043559266384913803e-03
1.493345579893952174e-03
6.019140328982337980e-03
1.448357635446792351e-03
5.949730572175333451e-03
1.694527175337484691e-03
1.428177858413221890e-03
1.817420770437175792e-03
1.034627636851464996e-03
7.299491130283097644e-03
3.316783434141152946e-03
4.450410178090483462e-03
3.527913807662305667e-03
2.824859680873915719e-03
5.173101625507605175e-03
6.511252669824934593e-03
7.153918337765379463e-03
1.173655515856350052e-03
6.700756803005305899e-03
3.251247734824535066e-03
6.711029284758377768e-03
1.090003973269371542e-03
5.876342730437978008e-03
3.576492119457174747e-03
2.231404783519297819e-03
5.323354356093612690e-03
2.650425601148793595e-03
6.653054763281852045e-03
1.585223209316483171e-03
3.382445620044005272e-03
1.087581762031399795e-03
6.112852036491788973e-03
5.862796931680486212e-03
6.555821348570693013e-03
5.149745046680694743e-03
3.349278177396297542e-03
1.788394859662527153e-03
5.192416582434107065e-03
8.442185725947703046e-04
3.480743326268766463e-03
4.687665906254212013e-03
1.090401749483835845e-03
2.483531145070232930e-03
5.417393925963558815e-03
1.976723098008776550e-03
3.526874945909942542e-03
6.346521697666508699e-03
6.839338427790236756e-03
8.502509079584317326e-04
6.713024273678078191e-03
1.267994402649054442e-03
6.835392559653517136e-03
5.681661485988908147e-03
7.898650729958602359e-03
1.218830790113149777e-03
6.241748781288942484e-03
1.003657340368927084e-03
6.014446417944634311e-03
1.812410067488567228e-03
2.160086260125406755e-03
8.280371230674055507e-04
1.392863611589947133e-03
6.028327795865813347e-03
1.770234554316836876e-03
1.518392895801223483e-03
4.745128588307032796e-03
4.822035152504632743e-03
1.940987669054018271e-03
2.549760425848461836e-03
2.116086882079219657e-03
9.159283805855458153e-04
4.374435360288099137e-03
1.057709502288807328e-03
7.126742879707890881e-03
1.250934403523513852e-03
5.532117304900685019e-03
5.680540801945690825e-03
6.146576678374419088e-03
1.691111692184000788e-03
5.203396535539404379e-03
1.533711678159373161e-03
7.557719393282084919e-03
1.848064857625164852e-03
5.699024190509645836e-03
6.043810032184365570e-03
6.682716561309759960e-03
1.198797053290501496e-03
5.826895530475727919e-03
6.771786883977516311e-03
5.297451850371873508e-03
2.483622220639204823e-03
1.512556203741531862e-03
1.178427724473306553e-03
7.531880537248568895e-03
6.055420159308284173e-03
7.154593575171649782e-03
5.422670115033997179e-03
8.450199333129761875e-04
9.383085028974223838e-04
4.634160918710625819e-03
3.792747945243632023e-03
5.756974249372127754e-03
7.545203163996025419e-03
2.260378384939621798e-03
1.164479176332216571e-03
4.376190963922109954e-03
3.554529711161550070e-03
3.569443393928548470e-03
4.608379787438430554e-03
4.704370386111116423e-03
2.066705135823966935e-03
8.720216774997243498e-04
4.473395776609186483e-03
1.283833027291325299e-03
2.153437720151034525e-03
6.745899838034769697e-03
1.222667944651612340e-03
6.273859155388030254e-03
5.869424849286874156e-03
8.158760296939737266e-04
2.271636373322465877e-03
1.193799986682524258e-03
1.881852907444076959e-03
5.286916969223605031e-03
7.681070623595985525e-03
5.309500111083578083e-03
1.430205728997339856e-03
1.392254119015677192e-03
1.145782802408244370e-03
4.544421087422616766e-03
6.985377647380565033e-03
9.461198453864909938e-04
3.326681715071636621e-03
4.531636841003380996e-03
5.872502207988486607e-03
7.287454103711411488e-03
4.050595327597781951e-03
4.145629394618424376e-03
4.350095811796463388e-03
3.779278111553246305e-03
6.565206327340212741e-03
6.575366747477314443e-03
1.402903207515242886e-03
4.037336238334654839e-03
9.212964234806604201e-04
2.378579299466776487e-03
6.057450980916732203e-03
3.076387038710213292e-03
5.341608051347548902e-03
6.435585881921630086e-03
8.827340353909131094e-04
3.390460938317724389e-03
2.072614980515934471e-03
4.139951271693387627e-03
5.455042879610672718e-03
8.606597166834073368e-04
5.185486863706776674e-03
2.188786896715094830e-03
1.074104377176942227e-03
2.730386176306167159e-03
2.896435807668687728e-03
4.199603298677561519e-03
2.242834320792679720e-03
2.725426677167140915e-03
6.697810619334981092e-03
1.598131266729360851e-03
5.367046038141331556e-03
4.279749457337503164e-03
2.423256688266233437e-03
5.074402896097269730e-03
1.967813670309424834e-03
7.809073873537923129e-03
6.437560951794533103e-03
1.626678886692457847e-03
6.105175202576603941e-03
1.407525856716157400e-03
6.361464244366310007e-03
2.994292597355209529e-03
3.221509559898280521e-03
8.569431567919563557e-04
8.767510854794275136e-04
2.123145548612397591e-03
1.672710499821254042e-03
5.601228558996924033e-03
1.539798733532378493e-03
1.403472655977824370e-03
3.793151570861287743e-03
8.557872015622380348e-04
9.361096912025934982e-04
1.462779840777132800e-03
3.247088630349307878e-03
4.522689486420932922e-03
7.436138259082365060e-03
8.430324410471710765e-04
6.992137041966176893e-03
4.632083189871719422e-03
2.466762602654206001e-03
4.722092997871055534e-03
2.145906311093404451e-03
2.940996685916364914e-03
7.082236739332571293e-03
1.968876308106692116e-03
5.542804151939710079e-03
6.367383626120566749e-03
2.656628993028411091e-03
5.555259229998736094e-03
1.571511746530305500e-03
8.790273713993931176e-04
7.543094551008293867e-03
6.114972134290707663e-03
6.430981981426704339e-03
8.719256405552939853e-04
2.303666753463336648e-03
4.841309782289526797e-03
5.244811897444801897e-03
5.831779866220661648e-03
7.577899761571567881e-03
5.383563268905455258e-03
1.908624340999679706e-03
3.333121151561987874e-03
5.237730476663131178e-03
2.329786911404780995e-03
1.595097205212355537e-03
2.327362756450163279e-03
1.956160340816925219e-03
5.538019343916686724e-03
1.566842260477369205e-03
6.960068628976229417e-03
7.517743971283461120e-03
6.120652899912688502e-03
7.869753005936440740e-03
3.914571074224043080e-03
3.276377062447513762e-03
2.369250938349373725e-03
5.589727806590529674e-03
5.583422301214012277e-03
5.805754169569222155e-03
4.175674696455810436e-03
1.023168246881971978e-03
6.866565203319716787e-03
2.002843444140977713e-03
9.138229317956768653e-04
9.634540244799705494e-04
9.612167219851551264e-04
9.650116617934101056e-04
8.387981135997469879e-04
4.390357514005117229e-03
1.689320751621257869e-03
4.891972781365143234e-03
4.142852277979769231e-03
3.806300182940306875e-03
3.891386902506924379e-03
1.727131589263117923e-03
4.981447744201492056e-03
5.681814835949689120e-03
6.964242642023514042e-03
1.009721395622620050e-03
2.389052134678857492e-03
5.651086796377966653e-03
2.295722042257187373e-03
2.118330403670582503e-03
6.813185372474367570e-03
1.968441274573246979e-03
1.061025845827704697e-03
1.634102554552169500e-03
1.873994668748928767e-03
4.991229777132431128e-03
1.860293674641611732e-03
1.124046133335837019e-03
1.797001679758496997e-03
6.513481624274839073e-03
2.736675508826030400e-03
1.250496884895598666e-03
1.273918465080542623e-03
9.841512114079832996e-04
4.929587435656379926e-03
6.609391664684417800e-03
2.879882612838420911e-03
1.093197354178239216e-03
2.013518991248877416e-03
5.628168907972734558e-03
9.354120083078552124e-04
6.186053585678204236e-03
3.836694416948486456e-03
8.429852579254219942e-04
4.919711290173101916e-03
1.922099077035993933e-03
1.133402777806968940e-03
9.172262932675929797e-04
4.251544723569373151e-03
7.546656507204699792e-03
1.170548275370716235e-03
5.995608866069239255e-03
5.642597829938238857e-03
6.663468357035734826e-03
1.794075658429555896e-03
3.546626239417179863e-03
5.456445046426205633e-03
3.287820604008593901e-03
6.631759992920486374e-03
1.726365744180721274e-03
2.422140740478321598e-03
8.638187710956615273e-04
2.199920338661997491e-03
2.960218965600253105e-03
1.070681406464225535e-03
5.518967398015659984e-03
2.369455140548184981e-03
3.728891307439247474e-03
8.968852440483902639e-04
1.997419204967676790e-03
2.093003300062263195e-03
1.394487924666513957e-03
7.575645780637687947e-03
1.918390665121680891e-03
4.547427801851610003e-03
2.543465544937587638e-03
1.901753415594766234e-03
6.570562636532667131e-03
4.436104045220616923e-03
1.284390488761174816e-03
3.070380593915505042e-03
9.890562846727973638e-04
1.296476706068540839e-03
4.276194490434655215e-03
1.111287344815154810e-03
7.713246937951684194e-03
7.754541182608255985e-03
6.829745313259005454e-03
7.182760509287055943e-03
5.529268442968877234e-03
4.036923122084963220e-03
1.076333547414754649e-03
6.435973739164457287e-03
4.308779881679519752e-03
7.311102445701355042e-03
6.431598479248176042e-03
7.187666098192177153e-03
6.120172463314611615e-03
2.561163612322655669e-03
7.290621911466238156e-03
1.033608009712830463e-03
4.851641735546396647e-03
4.818990109589220069e-03
2.054865322809817842e-03
7.189061314318938994e-03
5.857794337426508978e-03
1.862327903409967270e-03
1.014771060756569513e-03
5.204586680243670181e-03
3.326710339342558911e-03
3.477031940526803793e-03
8.050701486084846370e-03
7.425890061217672519e-03
8.640761278273726819e-04
4.670627136688398559e-03
9.590262243003124572e-04
1.891941057704097642e-03
6.431853621769436681e-03
4.075319945706980598e-03
8.332668235076664404e-03
2.378406473190125981e-03
1.080966681826639247e-03
4.703256694381011301e-03
5.230488198405132752e-03
5.977705161352998495e-03
2.408607142567522567e-03
4.984418628555988516e-03
2.197547484034750864e-03
4.167389568610273091e-03
4.241315890410129151e-03
4.185725340665390377e-03
2.662362245115505732e-03
3.805083393903076292e-03
3.474490286770236681e-03
5.473450008857932980e-03
7.744863070437191938e-03
1.588617698122251698e-03
3.591582159340198002e-03
3.923081766954412443e-03
3.104861347881129278e-03
6.416693821512434691e-03
3.319787558814827136e-03
5.028015357735976520e-03
6.729319516242527124e-03
6.860510599723431725e-03
6.040135761807056969e-03
5.868160380610302693e-03
1.198409322061094262e-03
4.272065036363463693e-03
1.648638473344990604e-03
2.466930463337812119e-03
4.386638293435999453e-03
3.439160089632451334e-03
4.095105824967654011e-03
5.356976860954675013e-03
4.602353519623506549e-03
6.792969944709346605e-03
7.400841815850199047e-03
1.319445827948249059e-03
2.731608656486727779e-03
4.689830243192904050e-03
2.050876317399603216e-03
2.237892643601524512e-03
2.540893565964718898e-03
5.829058832324186812e-03
5.819485016988775079e-03
3.650374533040374059e-03
4.754305694094066413e-03
1.106504753343143417e-03
2.251920330520200322e-03
4.281311947928278724e-03
4.449867574256743431e-03
3.617930540179814611e-03
9.281771220264565126e-04
2.004904587968899757e-03
4.349011629615276431e-03
2.079093690629712013e-03
4.921834107299298718e-03
1.041553812806278196e-03
2.065193454369749181e-03
2.840795161785378622e-03
4.469960298299028092e-03
4.986585148006818582e-03
1.400831415791518788e-03
3.361813070001472455e-03
5.052921871747200616e-03
7.221741278983634209e-03
4.294888956100217405e-03
5.993637305564224541e-03
1.205160292397196992e-03
2.307808141804400855e-03
6.107581486369387420e-03
1.912121093615282543e-03
4.583386577402612759e-03
1.008104005252686425e-03
6.946863205880486440e-03
3.491286700243824426e-03
1.183233308714340447e-03
1.886739666306458917e-03
6.334873259464162375e-03
3.190895757947862909e-03
1.722710698312054575e-03
2.215889822327485586e-03
6.048832373240693207e-03
3.353866392699256412e-03
4.815628953078921089e-03
1.380253459590468018e-03
5.203880680690857984e-03
1.483646029576119905e-03
1.865644209515944377e-03
4.566322064483265344e-03
8.650849474830345351e-04
3.927979811543024467e-03
4.638500321099736472e-03
2.512274386884960804e-03
8.401887704050704266e-04
1.696928393227258589e-03
4.660794302355962537e-03
5.797548802902982405e-03
4.151328136947279174e-03
6.879502578928990697e-03
2.310434164055484574e-03
3.307878464286301019e-03
1.925870713521058526e-03
6.850326689707170180e-03
9.367316043937853453e-04
6.991062454205713983e-03
4.316046452032928915e-03
1.787978924484162364e-03
1.304653587116983088e-03
1.726107251911946326e-03
4.255345340459250857e-03
6.728150372912809589e-03
3.337939076186147071e-03
3.702220939358930474e-03
6.786048579499572714e-03
9.937000756960875578e-04
6.180228087670309664e-03
6.615676735465114179e-03
5.011899666036286234e-03
4.563256270436352041e-03
1.003970782154407944e-03
1.507371327877945252e-03
7.068667586503268527e-03
7.696218450076019318e-03
4.320883639683617029e-03
3.609800204591355390e-03
1.956504051135172888e-03
2.406476846865147727e-03
1.010189481153031142e-03
1.685472854892832014e-03
5.905151082519820814e-03
1.054567896808427394e-03
2.222301235370705008e-03
3.474184709784083891e-03
4.897219050891308059e-03
3.286307813407794709e-03
4.490699840750996506e-03
2.005786547445681089e-03
1.318475465283041204e-03
7.810870797038180387e-03
1.371711950318377660e-03
2.594067818694512605e-03
5.991446946660687438e-03
6.796296475956169723e-03
2.348012235826443458e-03
1.138304151194298973e-03
2.349874701705373121e-03
1.671224896718153091e-03
3.597613026004991069e-03
1.998510396992207987e-03
4.094371363203552598e-03
8.624437246285884253e-04
3.338815875436215892e-03
5.715250631819805520e-03
4.892132513121504045e-03
1.548833171040209667e-03
4.867206432531349936e-03
3.317074868368266767e-03
6.113318682639028168e-03
5.740629382585937454e-03
1.539182161361587553e-03
5.240177250217400128e-03
1.345240089542349814e-03
1.156809945749070817e-03
5.545933003260189280e-03
3.697267601127111371e-03
1.053432681153281978e-03
7.827630593154015839e-03
3.593870086125865865e-03
3.315423294843140856e-03
7.594095595732736938e-03
6.850753260079796465e-03
6.227819774655340632e-03
3.808918494812583815e-03
1.791830289362867984e-03
4.370859286774034583e-03
1.974178897278073067e-03
9.967019502475640228e-04
1.891175282191647801e-03
2.214972970721622390e-03
1.006064268292499418e-03
3.613312333478634931e-03
5.732431587575238102e-03
1.702715758938927373e-03
2.969528771084862118e-03
2.019642447902564742e-03
9.380266844203230493e-04
2.862832001299627990e-03
1.600758824108963014e-03
5.432946317082629380e-03
2.124866834886665872e-03
7.872691479544372331e-03
7.334318172058541287e-03
1.011540826131443428e-03
1.830240716990364554e-03
1.201267964930657515e-03
4.418364038998407080e-03
8.500969865566761425e-04
2.684038984211109015e-03
5.360088707608023223e-03
4.504811524645848525e-03
2.303992284552849532e-03
6.196151940248843630e-03
8.576722132402087723e-04
1.776985149480675473e-03
1.125122091692365824e-03
6.171834985486440023e-03
1.336648118318338159e-03
3.592911854605046300e-03
2.581800776918340406e-03
7.628629229095258875e-03
8.871927772163845389e-04
8.252507550432336934e-04
6.842833923866720527e-03
6.426689489783604485e-03
1.975835380642203525e-03
8.905430817599169126e-04
5.713851686349699990e-03
6.552200506744842480e-03
4.908464610548171451e-03
7.121561330048752428e-03
1.968772789811141979e-03
2.472779491520088122e-03
8.535623043155560283e-04
2.475810065731316820e-03
1.049107050308437615e-03
2.330092639993975104e-03
3.129473546557936733e-03
4.842136069191732561e-03
5.014319426585036113e-03
8.270960520185498786e-04
1.426576569805103421e-03
4.874694953232523893e-03
1.697199506931223274e-03
4.146376883770801561e-03
1.936252307962303947e-03
2.996159853083623682e-03
4.164711420256697258e-03
2.769699054365006019e-03
1.124728075991718096e-03
1.279127719993952608e-03
1.494609174986623540e-03
8.640028889806162246e-04
4.766878699973584738e-03
7.427450127789516320e-03
4.179454106114909376e-03
2.041350646867961909e-03
1.628537244750206427e-03
2.416905386818625316e-03
1.789280334942159592e-03
1.497282118973903599e-03
3.237333142846576806e-03
1.915913680323570907e-03
2.373981886257003817e-03
2.210254083728496830e-03
4.607707184036862955e-03
8.195931373019863745e-04
7.760876045816152841e-03
2.443584969779553483e-03
4.929206101801112024e-03
7.266060977049897986e-03
4.768304089547121573e-03
6.033215740413404825e-03
6.390185414628659147e-03
1.500581936421074977e-03
5.306307928270813205e-03
9.582930921017289482e-04
5.343803812341495554e-03
3.624069123640252712e-03
6.981353254909254333e-03
5.800152377658488075e-03
5.573974201681887973e-03
5.587113694314605264e-03
3.031255997644256329e-03
6.518908544838469821e-03
5.451025198773373596e-03
3.029401320839963680e-03
1.176446372267149010e-03
1.135099677180756656e-03
4.950340282989803588e-03
5.005467703745314183e-03
6.911767535295600465e-03
5.258861298574178493e-03
5.260225213521232263e-03
6.322412074460004479e-03
7.520951122208589280e-03
7.606263771817565848e-03
4.522059303899067517e-03
4.542516602730941461e-03
4.076392483251186326e-03
1.004235911551824281e-03
7.448630611071069101e-03
4.725460363450041668e-03
6.006448370418293430e-03
6.202288215417288419e-03
3.999272894963382813e-03
5.523346230542580844e-03
2.498263722475883505e-03
6.495800754974947501e-03
5.751529983070914620e-03
5.213680526267769864e-03
4.647137455376898485e-03
5.736039707970432347e-03
9.219724524739732890e-04
1.219879240434808233e-03
7.733388274005245470e-03
3.927627383665947478e-03
3.210007306456359819e-03
5.960328037012062666e-03
1.629151381856969345e-03
1.167232914078163456e-03
5.735065770904159213e-03
4.682027809293701562e-03
3.972280193369735063e-03
7.231340588504080701e-03
6.102377643557102549e-03
8.318371135614296670e-04
5.986791307647796982e-03
3.615597276220177281e-03
2.210195893168186848e-03
3.994186910187253088e-03
3.309317630001313258e-03
1.365596341456476980e-03
5.048268066396930341e-03
4.006071019246076892e-03
5.649804713688151570e-03
2.182569707733049338e-03
6.099228364507854397e-03
3.016984135117053295e-03
2.459744798822788552e-03
4.159412945544576148e-03
1.913393020143232780e-03
2.427825221705804531e-03
4.774856602787979319e-03
5.600970834730040551e-03
4.259337618870312828e-03
2.785402088963116578e-03
2.211709547707957184e-03
3.137552678066780724e-03
7.159588175564401274e-03
1.112336400539457081e-03
7.699098175164282958e-03
2.000205592540669867e-03
2.623987607562674150e-03
2.287268071856854955e-03
2.160663429833455888e-03
5.764944919600696951e-03
2.277485565113626566e-03
3.582009705490649121e-03
8.503471936480130932e-04
1.953248050701103349e-03
1.250900680857700183e-03
4.286540942168201238e-03
6.067051344281079728e-03
3.708596275210049829e-03
6.750804205027063909e-03
3.074975658111646533e-03
5.121568988182167124e-03
8.479101179646564941e-04
1.268517319473199886e-03
4.568812363093546769e-03
7.410329115200619231e-03
1.202809382773604692e-03
3.123792011487598001e-03
6.472148610350050499e-03
1.427971883684752644e-03
2.132141113125053319e-03
3.590530409979702728e-03
8.471859256853004130e-04
5.702708398908457391e-03
3.319843794423457412e-03
1.001418008524735184e-03
7.624441713631672016e-03
4.919402273077982772e-03
1.041929170697817241e-03
2.279439197880840477e-03
6.604059837496889344e-03
5.557062786607691075e-03
1.970941772044117364e-03
1.638921749206684536e-03
6.113288936305158981e-03
2.148037540236738367e-03
3.173036617345327808e-03
6.342378901652648455e-03
3.350977253227557622e-03
6.049911015660747703e-03
2.120776340307269341e-03
3.288633221565240121e-03
2.201710227699043600e-03
5.796330144656905090e-03
4.617649007014766084e-03
5.451859637161053825e-03
5.968039274524159984e-03
5.485375202450478056e-03
4.699856447044055939e-03
4.630634856302761997e-03
3.364824576109378719e-03
6.143557867549422936e-03
5.449706462794252047e-03
1.448260394006565047e-03
2.831988978470568585e-03
7.202792027617914428e-03
1.204731086856778615e-03
3.886087837585826960e-03
2.184226153385072488e-03
1.687472838161153737e-03
4.951162743248187226e-03
5.098597401595994158e-03
1.133143209221145918e-03
1.284601149003616752e-03
2.232690690130006810e-03
8.928344498655351336e-04
3.454777530171219881e-03
4.836296444553343267e-03
3.754019590511836410e-03
4.451346261052064636e-03
5.123399798771223479e-03
3.131214614220733522e-03
1.181691140399292574e-03
6.828411375983250119e-03
7.560646573279035214e-03
4.173834006159979175e-03
6.252500089821276530e-03
9.166949768208882982e-04
6.934150904560661653e-03
2.215621426968992363e-03
1.563297719726854454e-03
4.503477573273266185e-03
2.201757278058940823e-03
2.235832913973974725e-03
2.498988464782597990e-03
1.018443678099531990e-03
4.314720671015611318e-03
3.697420002147158193e-03
2.580390022717858525e-03
1.888188604366998350e-03
1.906656670600844448e-03
6.149554995273915151e-03
5.217589969866810902e-03
1.608495693970520305e-03
5.125054234488708380e-03
2.963719059847430039e-03
4.506769962378403410e-03
4.149790626594023618e-03
2.288205288329396569e-03
1.320983998116882947e-03
3.646959895419246960e-03
9.036119674850354644e-04
2.770803408799379832e-03
1.319108824333478256e-03
1.100985365597225525e-03
8.868935672861691377e-04
4.212548981647007591e-03
3.774131757624485731e-03
2.150088034968336906e-03
4.056835389916411613e-03
5.453680191629744003e-03
4.488106667658517401e-03
4.381156542807893885e-03
7.670184194447437348e-03
3.325326631012555552e-03
4.569862907084930662e-03
3.685090213486577181e-03
7.200463699158904211e-03
9.319901464600919378e-04
6.243755761500433162e-03
8.765617137193697228e-04
5.940605967810908515e-03
4.077491028831248948e-03
2.547184891010520220e-03
9.921932075270549403e-04
5.090052725761371431e-03
1.652958126579265026e-03
9.354058348382195435e-04
2.569825288296311277e-03
8.285631398260933462e-04
6.867728241988634887e-03
3.077434581895307966e-03
4.871327134039747132e-03
4.958468561585640567e-03
6.199463534178212623e-03
1.231423967504256117e-03
1.023119346738930388e-03
6.620647078424271754e-03
9.180702834722396025e-04
5.909395759077838359e-03
5.409801677590500742e-03
5.374575064423701108e-03
5.207019481540182092e-03
9.692928062327821033e-04
1.166449308197137257e-03
5.903443298899558288e-03
8.234817521714925563e-04
6.311863177043360029e-03
1.559764200866963196e-03
3.406949086799863566e-03
1.563700564022059859e-03
2.664826069974235521e-03
7.612789935342484902e-03
1.187297426256356302e-03
5.655690225373177261e-03
1.573917802067168088e-03
6.858333166105110880e-03
1.020688952178038520e-03
7.181221599850763464e-03
5.107229127898894189e-03
9.337045752578243844e-04
2.710155317488083249e-03
6.566084713442468107e-03
7.551537461623932315e-03
4.999323386123797827e-03
2.237573053825029148e-03
8.586526946890392625e-04
2.211684951539775578e-03
4.790454641159892953e-03
1.365196107118320018e-03
9.055860800177629229e-04
4.488230444298882578e-03
5.628817234740638754e-03
4.975222009959856355e-03
6.944887867490978639e-03
2.518190542952302054e-03
3.229747472724597140e-03
1.843634131064232629e-03
1.496884181628383966e-03
3.612295362803262001e-03
2.119646061175439484e-03
6.730149477491005443e-03
9.836964714606643949e-04
3.002855089274018754e-03
5.550838131507047218e-03
1.173857468121888631e-03
4.712758548698734937e-03
2.324905128666396488e-03
4.343932349098347453e-03
4.576639975673527615e-03
2.585084207933555436e-03
6.602411780369771277e-03
2.014293358102097788e-03
5.696568378047417967e-03
5.387676962492749660e-03
6.408200012866262923e-03
4.914576902933660493e-03
2.888538373426337118e-03
2.330880345773873093e-03
1.443088467692493163e-03
6.044339932404088102e-03
5.510620575169975811e-03
5.279384424143353932e-03
2.172979047445588487e-03
2.585062552327685274e-03
3.237826414005385602e-03
1.019486579020655861e-03
3.709054269866300570e-03
5.007550097042694562e-03
5.075527982231316064e-03
3.167295608662833769e-03
4.081121007215541586e-03
2.902303956719796876e-03
1.573884182272847643e-03
4.366032261305835202e-03
1.568773853419980603e-03
1.185848309620402214e-03
1.253991227471662690e-03
1.925212781024911342e-03
5.442303400919990680e-03
4.008251011911838704e-03
9.662462657238199762e-03
1.417799758877159866e-03
1.051161654529789852e-03
2.025647330408285145e-03
3.781837855767995662e-03
1.562318810646938505e-03
5.487629821715169810e-03
4.026600209334033585e-03
6.196568970248276208e-03
2.085964793200243382e-03
3.836627525568826746e-03
2.656131888568480457e-03
2.933103986230611339e-03
2.766595626461891208e-03
1.065974905782204798e-03
4.121635077579386720e-03
5.035293240812980381e-03
8.405155944780001503e-04
5.365319286556796859e-03
1.054846531423559147e-03
5.286494556989733938e-03
3.800309507459975061e-03
4.212202592153780831e-03
1.954716988574036005e-03
5.827033071728843043e-03
3.847682258913596564e-03
3.281085231458028082e-03
6.706865566483012631e-03
4.818318358624064726e-03
8.547416111450745506e-04
5.414937925665842464e-03
9.270445908643922678e-04
1.178480063609277980e-03
1.377532724081423181e-03
4.498974535663660332e-03
2.959075301281626630e-03
6.698393561647025297e-03
5.667391365654641036e-03
2.948905385296960932e-03
9.454393528260695342e-04
1.124615671869594498e-03
1.870641763844435980e-03
6.896713797498503495e-03
3.516952079431042311e-03
4.812837809746724899e-03
5.027019766809672809e-03
6.081100304880748125e-03
2.344269690271134476e-03
7.028330325746763065e-03
2.729356693299368492e-03
5.478815259568240760e-03
3.494189514630494011e-03
4.670614997052536903e-03
1.285189814479356088e-03
5.174876801509808305e-03
3.698999677140767193e-03
3.385080808210054384e-03
5.224663097801998321e-03
1.935976568742187954e-03
8.938055347959552536e-04
5.920058680820996545e-03
3.857600980523586028e-03
1.764001765255914476e-03
2.782805112120771175e-03
6.227462890104632810e-03
6.437532923907166200e-03
1.047990934630817781e-03
2.371249197138747353e-03
7.170840845867059929e-03
7.366319477122421945e-03
1.203659799438167727e-03
3.468733566654292819e-03
6.565261151705078374e-03
6.422693344645884900e-03
5.281503746775037533e-03
1.187212942618645455e-03
1.254069955689566564e-03
1.039362191249475730e-03
5.237179805248183030e-03
4.632809288375180391e-03
5.875372345326457767e-03
3.310346061761316148e-03
5.728500782345615459e-03
5.545946801235773424e-03
2.542964890755676239e-03
2.026365558882311547e-03
1.833934809031014445e-03
5.710505034256662012e-03
1.589084770863939461e-03
4.259814763550944482e-03
5.647558995902619491e-03
2.235576268751297228e-03
5.473524320274474053e-03
3.944414741386759529e-03
9.720576115378029482e-04
4.413604421972284163e-03
2.405442465128135917e-03
6.068975086685200575e-03
1.589588631869300658e-03
6.072815881839267911e-03
1.708069180744955454e-03
5.983892594995878292e-03
1.974560142715122910e-03
3.696375596271333965e-03
4.207360222540253852e-03
6.990173960275894091e-03
6.036794646564315817e-03
7.065412718933176094e-03
1.163551581721055522e-03
3.974822144671745321e-03
4.891095253783617203e-03
1.088342590970578201e-03
5.130889563178791385e-03
6.887357537916425146e-03
6.892322577961237234e-03
7.030243073519158031e-03
1.713671981201186001e-03
1.709423275400033570e-03
2.456218124287856512e-03
6.241562929184504491e-03
5.931075736945607899e-03
1.727277873091228591e-03
3.393098218671657812e-03
1.235626678031954018e-03
4.879928937678398859e-03
1.864776938452909196e-03
2.409756874072918522e-03
4.768989108874516561e-03
5.964931258612899898e-03
9.294746377002738921e-04
5.381215592814193524e-03
8.806697893693587716e-04
3.815924492670085336e-03
3.669638541370618713e-03
4.583579738082119680e-03
9.624863814187051324e-04
1.861615440923943248e-03
1.055405070499101277e-03
8.462929064319391721e-04
6.263321644450380726e-03
3.446643215618185735e-03
5.918046773741111703e-03
6.313195788525017595e-03
2.214514647777175542e-03
3.004368689805824322e-03
6.702427933989155498e-03
2.030937829236672838e-03
2.369001235113946894e-03
1.121029843374316947e-03
5.564916361733423210e-03
7.208339738597866267e-03
2.512442742999516660e-03
8.579396284432569061e-04
9.036621841109046451e-04
5.451624805826841419e-03
5.206635078052826611e-03
4.929994238181238664e-03
2.127780262238259442e-03
5.652354329866955858e-03
1.431243277652903068e-03
6.964675015697131127e-03
8.855696078674764110e-04
5.940719302908565105e-03
2.543450410696068351e-03
1.380947644350486586e-03
5.699282595346658216e-03
1.488860733909569021e-03
4.449186097877999048e-03
1.899546504018896284e-03
8.856957197790180005e-04
1.760885527826252118e-03
4.624775514527128609e-03
5.357001584637237183e-03
5.087273318121583558e-03
6.830342487512754655e-03
1.020061035972779718e-03
4.747526559149974762e-03
1.412170003797022727e-03
1.883644661013622818e-03
4.614633630634855897e-03
5.534994435729718477e-03
2.212185245601144649e-03
8.427310576333049133e-04
2.251392392025223545e-03
7.294538076428503867e-03
5.836560131666099216e-03
3.452918113010706395e-03
4.917526649557648309e-03
1.313875297010321875e-03
1.747125787281524458e-03
4.078097019773027111e-03
1.216654474462647078e-03
5.047273448283049260e-03
5.139810550615326636e-03
1.728943866190271565e-03
5.511896728630645906e-03
2.454738499726676852e-03
4.823308378567723285e-03
1.049883135354397331e-03
5.562023019480066138e-03
5.054981097306065173e-03
6.564709801298179888e-03
1.160415468333118308e-03
6.221892141560555513e-03
1.410311973145677135e-03
1.968394357531587282e-03
3.984439564725544315e-03
4.361442809644563295e-03
2.300985841181428081e-03
8.743779808272427422e-04
6.337755371331776563e-03
5.413913183987473059e-03
2.302440768531998673e-03
1.126688373519809955e-03
1.355844804516885766e-03
7.310198833454416116e-03
2.550766119922148484e-03
3.927823092841554314e-03
1.061895695078661278e-03
3.563972272669822805e-03
1.564795139405577911e-03
3.733911560551245092e-03
6.387083391041323450e-03
3.844866647323704791e-03
2.233016651499608162e-03
6.444325184295212651e-03
1.756917892316259928e-03
2.101069028088314774e-03
4.775225976566113695e-03
8.297568109789791365e-04
4.814509874535421313e-03
2.984727976728668818e-03
2.391485844986138837e-03
4.483592366878439740e-03
2.037518080574711281e-03
2.208983242357087824e-03
1.260002556569200533e-03
5.760909255518927886e-03
4.411868378737923181e-03
4.276775805420822071e-03
1.967472241284619512e-03
4.617828020175607749e-03
5.488980709996495698e-03
2.279870817364394731e-03
2.117060049601222904e-03
5.264489252068392869e-03
5.396144498867836217e-03
7.132766969113176446e-03
2.234194604970183868e-03
6.459667254297208824e-03
7.159918378472218334e-03
9.229486891244441816e-04
1.013209883594821384e-03
5.756949981828370262e-03
6.486150350502472087e-03
6.133306457667512222e-03
3.656895427737047021e-03
4.879641556941715502e-03
3.960844543044943038e-03
6.521817908751225377e-03
2.756978223268116007e-03
4.884533731998564124e-03
2.482036747328853713e-03
4.301790293085779385e-03
4.069566862593619952e-03
4.056593578461775707e-03
5.731603811114965169e-03
6.387535870695049654e-03
7.327005887672868520e-03
2.417637017071000254e-03
9.335206514550224884e-04
5.167503420274367765e-03
2.646674144699530905e-03
9.395510065063425063e-04
3.402557768933096079e-03
1.497623673455687277e-03
1.333181757716963515e-03
1.018017155716319580e-03
2.348257655834150304e-03
5.284057809530558029e-03
6.736396418193639837e-03
6.115220334530802569e-03
4.559550949433380761e-03
2.301672782435371968e-03
2.224783543542164111e-03
1.160971335267748684e-03
1.215991273351468447e-03
5.912883351383504613e-03
5.131309619708090963e-03
1.725366211791353431e-03
5.837436658231091695e-03
5.384550399813040414e-03
1.043415184284416080e-03
6.063772170371433366e-03
1.637257176196803060e-03
1.406329081416287556e-03
1.644098592311246361e-03
7.760622144588158293e-03
1.854618543486768328e-03
2.182835829878390557e-03
5.643448514303849202e-03
3.597864148222602258e-03
7.164842008020911451e-03
4.476909447814801137e-03
1.975917402961790883e-03
8.650612065392907467e-04
5.648052832028775498e-03
5.458758258950248583e-03
5.337680625510286825e-03
2.978537448845607234e-03
6.724012606926161803e-03
3.662071377061539793e-03
3.210309998717503395e-03
1.192811910878998531e-03
9.833147346028077267e-04
3.052687159024838979e-03
8.991975065214246471e-04
5.303758392053907131e-03
4.208325261910644821e-03
2.302639261970791835e-03
1.838189239941349180e-03
5.810345161545503283e-03
6.259612875978676216e-03
5.831270643995004402e-03
6.567692293999796704e-03
5.196930923668570228e-03
1.981581772284512002e-03
2.540244467927400916e-03
5.979055195661033863e-03
1.302328465997875219e-03
7.311209059517916574e-03
1.654365377690963229e-03
3.828332286195649040e-03
2.234850278464351435e-03
4.768587443822658659e-03
4.882539231926595960e-03
1.046696237250509557e-03
7.370388937966576223e-03
2.374605572966168986e-03
7.877681032975094103e-03
1.147016378544382957e-03
1.456940077104269034e-03
5.739498377749945035e-03
2.960554271709585610e-03
6.098303071338928918e-03
7.431014021022580053e-03
6.254827400339133502e-03
4.561685044378975540e-03
1.754510262507786482e-03
7.152037384148849861e-03
2.477948415688121294e-03
5.651841970650073668e-03
4.594481696155233372e-03
6.706557826072123175e-03
5.431834537883389706e-03
6.894236694484061172e-03
5.152486603318465891e-03
1.900626366595915828e-03
5.656635909148221251e-03
4.292078620657126774e-03
2.475670592635831595e-03
3.345610776281720926e-03
2.228806225030136295e-03
4.524168244726737426e-03
1.769991002439474242e-03
1.027052450569155857e-03
3.260231132747895728e-03
1.482169486067622761e-03
4.905902020219572723e-03
5.739486905411692041e-03
4.861742067014245341e-03
3.804430461309407478e-03
2.481198267804899781e-03
6.280860978600721380e-03
4.048078001830893169e-03
2.047360888363216995e-03
1.537746901643131242e-03
5.355660363050055231e-03
8.013198487456631505e-03
4.325444692579677973e-03
1.634318673721364560e-03
6.959578098687121094e-03
5.930126208823542633e-03
1.974339020587464327e-03
2.454990278451447006e-03
1.532889153541724427e-03
4.308332623593404132e-03
7.446542806660886096e-03
5.957129730409617581e-03
5.204329850888840883e-03
4.719349538214365723e-03
1.330359041539513508e-03
3.954872469030147088e-03
4.222062836050434129e-03
2.147546154837310685e-03
4.425730368379695787e-03
9.283474579538902437e-04
4.417120839631429562e-03
7.644580991568714935e-03
1.899444003998107533e-03
6.326263924436297849e-03
2.043788625562422117e-03
7.708779060570058322e-03
8.894150558215029728e-04
5.073816770993958003e-03
6.743432032304403669e-03
6.544692330842564673e-03
6.312463104080887934e-03
8.563100678934128891e-04
4.630578381414463159e-03
6.627318835661910428e-03
4.735504773074814856e-03
4.995784419055320467e-03
2.262759165645169060e-03
7.395281350409364796e-03
1.709637009746289892e-03
5.144102808593917740e-03
2.989158546608881861e-03
5.759864585369639002e-03
6.172805024767003511e-03
5.338292048476353698e-03
1.139998752765316150e-03
8.090683965505393940e-04
5.677775971023678488e-03
1.271440288900314245e-03
4.237201471455615334e-03
9.646698300976525378e-04
2.696441496679024673e-03
2.874639693810304795e-03
1.009959572420392280e-03
7.457511381177461991e-03
2.456669088295650605e-03
8.616297368400111390e-04
6.494490103035553512e-03
2.694645839966096964e-03
5.441622216808227747e-03
2.805378775443784136e-03
1.162518096351179827e-03
4.632357743285418598e-03
5.735196217527291015e-03
1.115327177911958328e-03
6.677304213854246169e-03
6.803144422240546899e-03
5.116482334621638012e-03
4.730077786687032423e-03
2.556716352251730499e-03
6.164475173729544628e-03
4.665161356900308920e-03
9.907917838084029285e-04
3.155742084699869523e-03
2.160519147784333883e-03
3.882654219203782002e-03
2.021670733092492678e-03
3.149500568379467146e-03
1.542828793300775325e-03
3.542094887680289055e-03
3.504793721606900506e-03
4.905998124333519998e-03
4.936369801603057716e-03
5.608576004672185915e-03
2.000384397164726036e-03
2.781392167680117340e-03
3.710485741807221464e-03
5.630886189350725948e-03
2.375896029549296341e-03
7.355670274980681371e-03
2.977583514246719652e-03
2.100901127349698565e-03
3.988493033989894306e-03
5.377777131917807658e-03
3.845941559911236589e-03
1.168330434714327445e-03
1.493744910348605718e-03
2.804197978544283390e-03
2.138194712209708255e-03
4.167535644352784660e-03
5.272320778756289968e-03
5.832879207341281312e-03
5.153104776912228492e-03
4.544873701893386783e-03
7.799842912280640327e-03
3.959151019626416974e-03
2.148598580805476891e-03
3.821288246044081318e-03
6.306648605552802982e-03
6.275442340015210431e-03
9.752306891519981619e-04
6.641464647058908759e-03
1.817768167637218331e-03
5.042239270032496806e-03
5.221394377381454073e-03
9.164607578173508814e-04
2.464924753771240585e-03
2.209297631122135279e-03
5.042025796075794153e-03
4.804044212538628560e-03
6.436435424810124477e-03
1.154595855643897762e-03
1.129811212621874414e-03
3.189653333724591991e-03
6.340560046329457924e-03
6.208492245963095728e-03
4.089548580328025359e-03
3.563915555205394645e-03
3.385683729319073024e-03
2.087173575021323852e-03
9.316389080795252006e-03
7.443915088084715470e-03
5.838252954278793511e-03
1.799238427068790367e-03
2.313358156052999250e-03
1.777338176605285569e-03
1.070551747454924225e-03
5.295535002142233959e-03
2.262024804582579013e-03
1.294372864523142107e-03
2.552986599336689363e-03
2.438453674601571367e-03
9.292825000224710441e-04
1.766470468203538676e-03
1.749123521446349855e-03
9.639089764838977299e-04
6.253560908906974011e-03
6.206556086391437632e-03
5.997352355370158712e-03
1.792058726126013937e-03
1.703188132973439996e-03
3.111967872209099855e-03
2.465613434036655321e-03
5.273701116353522733e-03
2.301291261279501520e-03
7.562575178992194530e-03
2.621917787469824675e-03
2.551110711458878886e-03
1.737408106865425761e-03
4.453180422126850127e-03
2.358509007565526283e-03
6.647993846589205467e-03
5.277013365419910146e-03
2.485429703510367953e-03
1.251904524643372880e-03
5.758438483526485616e-03
5.484889087767657462e-03
1.887817790350237264e-03
2.971031808535441136e-03
7.752295840713873711e-03
6.262261028362962889e-03
4.756756473170319771e-03
2.581001494935424977e-03
7.341930098987882111e-03
6.930493686192825895e-03
3.206784948870617345e-03
7.033738518729844985e-03
2.199149515914251059e-03
3.793516682675144094e-03
5.527184132412367619e-03
5.115380270081661997e-03
6.192720079157654905e-03
7.367545218411438758e-03
4.453808614508491907e-03
2.420706213172417985e-03
2.396843389538762421e-03
1.891465835528451708e-03
2.992639743973503959e-03
1.721920946633826496e-03
1.063921582032721939e-03
1.651431201185920433e-03
1.749465810586974457e-03
7.140452882076665439e-03
1.806405249924963397e-03
5.181400859649689175e-03
5.938681575061257635e-03
4.314183377515123409e-03
2.239005135499310198e-03
5.846209990804202353e-03
5.454572435055082651e-03
5.298863725469137899e-03
2.885870395543008084e-03
4.870027025325949534e-03
2.283696389087405080e-03
2.342217431418027775e-03
5.020385108933870209e-03
5.073505306936159504e-03
2.854002998418092574e-03
3.114915636600754101e-03
1.701507547923639292e-03
4.899970044567492945e-03
6.405428890187498704e-03
5.394887842466763138e-03
5.097496921518952263e-03
9.835991310206244030e-04
2.545485850368331415e-03
6.177241775573456134e-03
2.123155153600785570e-03
3.794184862976438932e-03
4.482235630092299729e-03
4.984919507037441529e-03
2.298482599057976097e-03
1.612441122544971831e-03
4.137169852852448822e-03
5.770835526420379710e-03
2.678418608249731950e-03
4.855004777860778831e-03
2.504953079649512981e-03
1.814385641366639658e-03
5.362089983711804293e-03
2.334176393847690444e-03
4.665669973326408079e-03
5.960597504268496521e-03
1.673381781002989538e-03
5.959179312971548195e-03
7.031794796457296881e-03
1.136888722572899912e-03
1.630547815992661230e-03
5.242708467094890981e-03
4.799488332029047677e-03
4.881035196636953830e-03
7.735243132029100480e-03
1.041919773111405281e-02
2.357269572059991335e-03
1.015878969656226847e-03
6.473350659888225771e-03
5.741334883461589322e-03
1.596462155183580277e-03
2.581750552523118247e-03
1.906725796075949692e-03
5.766258794963990270e-03
8.799806122282126126e-04
5.530444254085415713e-03
4.935405992189412575e-03
3.360734697248359513e-03
3.948348590766391497e-03
4.591468960612137169e-03
5.865433481525843262e-03
3.607015804112842592e-03
5.258671906065432236e-03
1.927455985280497174e-03
4.095055772857076302e-03
2.439202147314274184e-03
7.736889342338906621e-03
1.296119644011622333e-03
1.973043176592949310e-03
4.239385014790032942e-03
3.510950680577400521e-03
8.612017121837169716e-04
4.285404113999048518e-03
6.400597638547608076e-03
2.785555845448307605e-03
6.477663513920681009e-03
2.683100481808550850e-03
5.112116958244833191e-03
2.196407142370601032e-03
1.070142862681115834e-03
1.440982345576633872e-03
5.354412719283867077e-03
2.044070796263347187e-03
1.429502184361204718e-03
1.174662610287075361e-03
5.643955337833975183e-03
4.059175982303349708e-03
2.779251053345887113e-03
6.377668257780354753e-03
2.167829061983991747e-03
6.063692478886070422e-03
6.114589895970479368e-03
1.055936988006298894e-03
1.804157593001605312e-03
7.799368108304624049e-03
1.910027242257808120e-03
1.278824230768840255e-03
7.598303662025843695e-03
6.692271364126191509e-03
4.818270665376116549e-03
1.978317584501887265e-03
3.830311111160351195e-03
6.692332476603913075e-03
5.872831204066808822e-03
6.899443353669661161e-03
2.907953984484634453e-03
1.246035914977107256e-03
6.997092574744802861e-03
2.465116948738804367e-03
1.882551273584898112e-03
2.155921700396296395e-03
5.067876601800734050e-03
3.267855076947557332e-03
4.495262806923870473e-03
7.126403522380335073e-03
5.556497286907534708e-03
2.035354001062241076e-03
1.495800857511737436e-03
3.513003244635243272e-03
6.219414874181128892e-03
6.233542981247203185e-03
6.279380164823020020e-03
5.209916612198895076e-03
5.952120425164656933e-03
7.205503026767355081e-03
5.491276256551119554e-03
1.714825627372365329e-03
6.574021404019824745e-03
7.305006801964669325e-03
5.262268046794769949e-03
1.115066922919858870e-03
6.996490169189854141e-03
1.350893565732322029e-03
4.872398840241105866e-03
3.020244513307562741e-03
7.032947354160694158e-03
1.775534157126878619e-03
4.819377854126839257e-03
1.238298899796816356e-03
5.650599304134400896e-03
8.202632039535888301e-04
1.550491428041128996e-03
3.163347237780304074e-03
6.131227172829158481e-03
7.131887566935021447e-03
2.792308502324575021e-03
1.958484577456247235e-03
1.208307935349053246e-03
8.518142593390439464e-04
1.998291103150984412e-03
1.771168789620459778e-03
1.177965198248495313e-03
6.747604520142723959e-03
3.408536913258662909e-03
5.823194875636495023e-03
1.036997530007679243e-03
5.939978804410652943e-03
6.482578433035090550e-03
4.780347537751665141e-03
4.608904136773703079e-03
1.886904001569350130e-03
3.036775717497675661e-03
1.177669626857840920e-03
4.867859562944646182e-03
5.335254944004842390e-03
4.649588869674186470e-03
5.553536542904402400e-03
6.212282519413537749e-03
7.476957040974001323e-03
4.553974458854912095e-03
1.387757497105154879e-03
5.316656907604569091e-03
5.266664141968850632e-03
3.484863478137615808e-03
3.481333716722634451e-03
4.285988230670489778e-03
5.851795392468744049e-03
4.286240717740704732e-03
7.898304128457527690e-03
3.604768186240803109e-03
7.098239041880289278e-03
3.659755610331559810e-03
1.828613541923963587e-03
2.825698383426532463e-03
7.649757041956643105e-03
4.516622356303176718e-03
4.738566833901314800e-03
2.282475165577473996e-03
6.275289317138224403e-03
4.365086329155867285e-03
8.544407790391464908e-04
1.202861543097522414e-03
5.192271440208695923e-03
3.308683125312644573e-03
3.182413923181151138e-03
3.331728178152693065e-03
5.049311506006449318e-03
3.631645025977137294e-03
4.156971122742826943e-03
4.473908740335337704e-03
5.800971909581648100e-03
1.558428746762466040e-03
1.455320756021877878e-03
2.330114532182087778e-03
2.989722167651912531e-03
1.000016487350592013e-03
4.353797275194638307e-03
5.644954734624120854e-03
6.145935495032339713e-03
4.880187242837901937e-03
7.170130809411586620e-03
5.568685817516477558e-03
2.013809580585599213e-03
5.804893782316657841e-03
1.645959767749510024e-03
3.077646487214935785e-03
3.982147238000608921e-03
6.772153897999225701e-03
1.066917942116862080e-03
4.018671844443001337e-03
5.465244132406472249e-03
6.838345921498194604e-03
1.676787256951540669e-03
4.437626078495781994e-03
6.883494943250224873e-03
4.289351415397300166e-03
4.586829465296502449e-03
1.011639053354425419e-03
2.200996505518541292e-03
3.744458878786999755e-03
2.363546842155982760e-03
5.328325408876285335e-03
5.574970675458285063e-03
5.740011955819662726e-03
4.454127025826104709e-03
2.126087098803302374e-03
1.575894380998098081e-03
1.795356722627442165e-03
5.742351410618283872e-03
7.079941940655642973e-03
8.993841384030930568e-04
5.605640043371556622e-03
1.051653420066667914e-03
5.094456958128950122e-03
6.764559943095352530e-03
3.399756944753801972e-03
5.937984069371547019e-03
1.333358298299609605e-03
2.913807246112140679e-03
