1.179665998186730635e-03
9.439367838588995927e-04
3.868017527189682604e-03
6.355271680318260938e-03
7.219265331843277567e-03
2.335043113104230163e-03
1.025386594582102613e-03
7.717647662667214727e-03
1.106448087776393252e-03
5.363020651776770169e-03
1.830382769000014247e-03
6.054035837688157701e-03
4.378758577353487891e-03
1.971748036198462360e-03
5.787358812789510434e-03
2.320767599395208436e-03
3.679362897039208796e-03
5.945075150273326087e-03
3.668209347370119180e-03
6.744762140959011457e-03
2.212412779677432832e-03
2.621017784863661267e-03
1.283528981873581064e-03
1.288858833992436673e-03
8.514683729355433141e-04
8.207760878345159768e-04
8.621852279500275733e-04
6.966801875494177052e-03
5.235901389507242702e-03
6.602088166104977743e-03
5.806633339853162386e-03
6.289649858377646327e-03
3.233136465949789339e-03
8.190057028111749626e-04
2.672078896275227686e-03
6.816284680521337127e-04
2.191778750215765941e-03
2.741801327260975571e-03
1.937423700757569126e-03
1.633543230796001555e-03
1.609290068842989885e-03
1.882867084220669375e-03
9.731944200405998838e-04
1.033626567670733673e-02
1.414498684650127534e-03
3.180111217073225936e-03
2.039782917068753802e-03
2.097491561610588268e-03
1.207866226037921384e-03
1.511352357346344233e-03
1.712488528335106425e-03
2.905033882921586978e-03
8.306949483243952770e-03
1.545193469351197491e-03
1.672185345455175611e-03
1.131918642638353543e-03
8.454756687319251330e-04
1.894874917998003085e-03
1.043606878795794689e-03
1.333817628274070735e-03
4.570456410561098658e-03
1.346876509366159817e-03
3.185617130022259415e-03
1.027252286579150888e-02
9.175018549867892600e-03
8.715967735151132706e-04
3.267391590316171511e-03
8.156041722358778421e-04
1.670839225501097314e-03
8.915395844288342151e-04
1.374313005389818203e-03
1.005439349628396879e-03
8.127173879597472455e-04
8.481336951971011045e-04
2.487894731015112635e-03
1.034083707894618669e-02
1.264614024347486543e-02
9.363702308913434335e-04
8.695501005582730470e-04
2.640663917896185400e-03
1.392860752585989292e-03
8.954401841540441786e-04
2.097269134694462311e-03
1.161570016782951555e-03
1.042092646848792950e-02
9.442445003285590815e-04
3.084210442915875407e-03
3.015888403090804214e-03
1.345604857086205638e-03
1.466798600167252111e-03
2.509345682002391258e-03
1.172695740076535502e-03
2.950569582813757866e-03
4.054594031109686782e-03
1.553930208899635245e-03
2.484558598837766259e-03
1.742402698273514414e-03
6.531755022611202173e-03
1.951234236431508961e-03
1.202106766228650502e-03
1.548568679673694446e-03
4.163450971774140287e-03
2.394304938139890735e-03
1.402820015625503864e-03
2.552519606799237648e-03
7.153255996796881871e-03
4.575051563267974047e-03
8.353120600410435248e-03
2.943475948695728397e-03
1.876305369033134766e-03
1.744678128461367135e-03
3.764149179294902330e-03
1.760016457638690062e-03
1.932797585971535821e-03
3.106278852342383382e-03
9.606403763373244295e-03
2.005123110499336826e-03
1.012501462787518012e-03
1.239157507380510932e-03
1.352243317239085890e-02
4.735727345580971297e-03
1.957543324653635529e-03
2.417089041226087951e-03
2.034988376282723457e-03
1.371908222043562381e-03
1.014913821891663768e-03
7.882315739137550625e-03
2.277694736116597177e-03
1.879104539635429155e-03
1.021482772389053530e-03
8.347097026227642174e-04
1.937570612220582827e-03
2.001638645480423480e-03
2.222157125983296056e-03
4.117212458605550539e-03
8.456364331984583121e-03
6.308908494429937321e-03
4.327104722705894281e-03
3.202990724588673961e-03
7.454700749537630615e-04
6.769771222923820844e-03
4.541900729093134581e-03
2.928003851135470032e-03
2.318096917079730257e-03
4.506138327099117567e-03
2.319896446455550591e-03
2.099917000106049474e-03
8.260920194460463079e-03
5.734223515004420284e-03
3.200459004862499842e-03
5.777932614853874792e-03
1.898293173377573482e-03
1.251377364359198109e-03
2.272321439498099262e-03
2.099808787582630072e-03
3.630279838559942983e-03
1.300699308934499506e-03
9.231890306859165223e-04
1.849842313514245794e-03
1.970611430770875284e-03
2.442429558683120467e-03
1.921641044489275736e-03
3.203421138529013914e-03
1.397912886996177531e-03
1.456220692567415567e-03
9.276953064739974124e-04
1.050269339018041880e-03
2.832812098339642076e-03
2.828173604474146750e-03
1.514556777915632970e-03
2.373485014429976576e-03
1.361964482825460615e-03
2.694999585536957468e-03
1.464275042592206146e-03
7.236811721372027112e-04
1.764460500168146297e-03
9.019525874258037734e-04
1.792803839160915383e-03
2.189588058570729120e-03
1.587157492321510230e-03
8.586816970281879085e-04
1.407266009338156449e-03
1.729776495699650741e-03
1.015391197153360731e-03
6.572081296141183207e-04
9.453605612557748356e-04
1.670244716761784889e-03
2.838646724333177430e-03
1.582631878987734303e-03
9.054494367069912397e-03
1.791400161492365120e-03
1.758676626321109158e-03
2.549382164295275078e-03
1.680069449330499638e-03
2.176704344979884295e-03
5.636488528444756098e-03
7.155137187079959812e-04
3.627824478382789524e-03
2.162350926035904158e-03
6.964952921704167799e-03
2.549595540627296823e-03
4.205232457382483170e-03
1.662615002241942409e-03
4.101475040159345727e-03
8.198602177646085922e-04
1.200594248103489066e-03
1.309848071462089243e-03
1.566196381324213693e-03
2.921851547335391902e-03
1.270333251638673449e-03
1.901406177641237890e-03
2.238793826030237039e-03
9.560846275393933367e-04
2.337966515279982227e-03
8.339784309486822063e-04
1.172018118235188281e-03
1.167256189337754655e-03
1.474427505854338611e-03
8.728274919788687330e-03
4.460750432314446699e-03
9.620812230277423719e-04
1.660615311953777097e-03
1.766338885188179159e-03
1.470874766950089211e-03
1.167592351202048628e-03
2.574440881191152053e-03
9.109911548508997821e-04
9.606524438619928321e-04
3.040560262105155599e-03
2.076516582824829236e-03
2.139168186023533702e-03
2.243825029613717367e-03
4.250599378523719184e-03
1.273223674155851996e-03
1.064680267804661183e-03
7.119363277007308664e-03
1.064654579384097721e-03
2.047170874910013427e-03
1.008434552659583788e-03
3.108094885714471865e-03
2.067397349166613055e-03
1.532233369065879236e-03
1.030166130320936228e-03
2.362255557352939579e-03
5.080128781952735796e-03
1.965329981871195494e-03
1.047849361035682256e-03
1.188276819274424780e-02
1.840985996096430226e-03
2.153957820147877743e-03
2.222497013289332669e-03
1.685015184866180300e-03
2.761657641406635964e-03
1.102149325746381225e-03
2.088228739616216061e-03
1.510016838752498971e-03
2.073001917515931384e-03
3.185115482741421138e-03
9.186172577706744249e-04
3.163775440144127055e-03
3.096430527400914883e-03
9.541208605753979770e-04
3.138107901711490854e-03
1.943838193982706450e-03
5.955638526203631961e-03
1.499214815930017359e-03
9.810185246480538149e-03
1.229810017007031651e-03
3.346479069957368317e-03
1.687355947899627472e-03
4.650658483435239111e-03
9.421299701254589069e-04
1.158121294706692013e-03
3.476249603140302291e-03
2.284748944379656581e-03
2.078592135196990522e-03
1.942461309580479668e-03
1.327967429211192622e-03
4.191102065900348048e-03
9.685836123910018065e-04
1.220188513124051801e-03
8.925813179533374168e-04
1.511378838800217722e-03
1.480247576514186940e-03
2.116135483585561677e-03
9.331408312034840044e-03
5.139004645253014182e-03
1.079351588528228850e-03
5.130681948030523659e-03
2.501986151142270888e-03
1.298289719045034232e-03
1.769606662153459190e-03
2.930169928037959677e-03
6.062025916741833019e-03
1.647924510461462860e-03
9.185685746563601812e-04
2.255155717813227267e-03
1.122447783964196019e-03
2.978276109062533497e-03
3.748394484554513212e-03
6.621390097032008731e-03
2.091356823276657294e-03
1.639187967268502556e-03
1.902598269904097255e-03
5.821988827784027251e-03
1.442185249776987196e-03
1.333276422739981468e-03
1.206643589210273319e-03
1.046015900384454243e-03
8.850408452565586715e-04
1.458272235809306800e-03
1.041629948054105005e-02
2.142227273746321638e-03
8.182482716196440298e-04
1.181098003749576041e-02
4.408079308441148134e-03
1.022364082046190153e-03
4.515197593192436451e-03
1.720857803999159032e-03
1.102649469072595036e-03
1.635570015421723830e-03
8.934128606293603161e-04
9.349859046134228460e-04
1.486001375785210490e-03
1.303949474094714435e-02
1.659528320375868804e-03
9.034143581405427829e-04
9.399307527002552683e-04
2.716252129552565019e-03
1.575006182106278296e-03
1.195639464114509271e-03
7.628670487390648396e-03
6.840514376124299037e-03
1.394691247268300223e-03
7.682303098287601717e-03
1.205266200255947001e-03
2.738970136090198432e-03
1.121423408825803153e-03
4.766834368146294874e-03
1.275972607389756330e-03
2.183098836624546620e-03
1.257291999922694565e-03
1.866932370323984118e-03
1.249083028056028645e-03
1.151295013341486649e-03
9.579533576187912371e-04
1.895633832660842920e-03
1.321006951135973587e-03
2.069924489765097297e-03
1.410197557466523000e-03
1.093125902670731044e-03
7.905258315802889124e-03
1.796098845941494250e-03
1.435806044226472502e-03
1.903852924425663553e-03
3.887834631924917076e-03
1.225418357086904136e-03
2.106101644074521561e-03
7.748330234827136573e-04
4.574916119061122992e-03
1.127009404536983336e-03
9.503345146534963048e-04
1.127682225979314765e-03
1.745599884234135587e-03
8.846312107376692879e-03
8.516978312963774389e-04
1.402753485894952168e-03
1.044740011819647856e-03
1.177607059800364316e-03
1.816946872466141489e-03
1.483561427531760856e-03
2.083337229423189857e-03
6.002187524986182104e-03
1.037341088212571797e-03
1.415338890343071331e-03
1.029438900712140214e-03
3.300393385286128512e-03
7.461407863104640688e-04
1.038779285192189400e-03
5.913519490485486321e-03
1.009817001860789610e-03
6.455026155545107169e-03
1.330916163582189374e-03
1.182185192853433403e-03
2.002427140619657611e-03
2.586820350405047517e-03
1.612319335386469326e-03
2.423565007217539421e-03
1.195374578022863647e-03
4.380887998649729727e-03
5.713548108740123394e-03
1.559698469798743515e-03
1.157372532002927000e-03
1.623626842978728247e-03
7.085735178474150079e-04
6.187305805766601594e-03
8.180986344620593464e-04
3.904754409302720487e-03
2.068922929760926618e-03
1.496379688907979429e-03
9.961929685910993811e-04
3.613978556224629185e-03
9.940844252740053608e-04
5.141991937346457667e-03
3.735149129700838285e-03
1.552511962146123749e-03
6.484751732188090943e-03
7.343647890987669083e-03
3.888443440982980275e-03
1.298357617936371977e-03
1.992578559844103425e-03
9.099885647794303924e-04
1.180345880887996189e-03
9.933533983129206116e-04
1.411327946473725980e-03
9.527629663801961447e-04
1.412066237808055598e-03
7.188033049551175368e-04
4.311219588743468722e-03
1.418986460679237064e-03
3.880833008330975865e-03
9.745182732077447944e-04
6.879432628640903000e-04
1.233082245571381951e-03
2.092951831674076408e-03
1.360804280204841931e-03
3.742878885999988050e-03
3.173444787729110331e-03
7.553853789850513683e-04
6.971874500450426192e-04
1.840271022145996502e-03
2.470645837862948772e-03
1.041675579667741044e-03
1.619337621309311932e-03
1.872517791792668732e-03
1.310491452540151836e-03
1.197664508015979738e-03
8.545929009331435650e-04
1.152946120518734061e-03
3.881309797495734269e-03
9.666676287033007303e-04
2.075893533393952366e-03
5.975782010578709579e-03
1.107454649455599663e-03
8.689191742901993584e-04
1.597488071878126270e-03
9.371250479722214883e-04
1.509140040128455857e-03
2.450267609156407071e-03
2.121509543756195174e-03
6.487695636137017115e-03
1.152521819791169945e-03
9.010163621650542744e-04
1.166312870365305079e-03
5.496525757753173078e-03
1.247492476413779305e-03
1.697445327371959736e-03
1.333443139118298607e-03
1.645628455173741688e-03
2.441049434908874795e-03
1.571164361435678156e-03
2.433058787953819042e-03
1.428367122749370395e-03
6.139243653989272416e-03
2.311668686020793787e-03
8.958278520208149851e-04
1.456676077207150026e-03
9.623006056203656233e-04
1.077895424907322373e-03
1.237076412496140691e-03
2.434542448350256270e-03
8.208761361050719886e-04
1.283855221216680803e-03
2.218958721234390828e-03
1.532492584277919331e-03
1.335277393783509221e-03
1.035511332874376311e-03
9.037845889207982283e-04
1.513722204596809878e-03
4.307587643084944545e-03
6.347685103022650786e-03
8.740386736052229745e-04
1.339886686302682638e-03
4.380612323734359506e-03
7.301622092323064792e-03
3.346151512514904548e-03
4.417865900695453971e-03
7.299354825484912065e-04
8.125716490350614772e-04
1.425910427358727467e-03
1.820734902070877915e-03
1.116273419338694069e-03
1.434352989790252430e-03
1.590383556439657273e-03
2.216040068134570752e-03
1.742302009084661886e-03
4.385487247841961776e-03
1.070290942954475136e-03
9.833766317335443374e-03
8.977464382712265411e-04
6.868311286021456727e-03
1.101350767004131287e-03
1.125404290967701960e-03
2.229124378285009516e-03
1.621402041423550006e-03
1.397114646348232830e-03
8.549399229611098642e-04
9.203948078858395498e-03
1.096285581791046774e-03
7.903325419403839890e-04
1.213437876343055784e-03
1.582516996472887018e-03
4.069025068470661852e-03
1.470762793565200555e-03
7.884934886451280779e-04
9.718563306291980652e-04
7.751857570333040362e-03
1.394427702478678041e-03
1.147576124078918776e-03
2.329938919863251690e-03
1.130074241281295517e-03
8.990996043164693622e-04
1.218036527357336434e-03
1.241704691978033192e-03
3.182488783367768467e-03
1.492447448488019770e-03
1.533396201689970085e-03
8.930995272907263360e-04
1.010493363181173398e-03
8.918194659821432682e-03
1.057232640520570140e-03
9.438222752042147541e-04
2.381388871395008142e-03
1.304794386093550756e-03
1.831063127527896408e-03
1.620250825603008213e-03
1.546874769621893290e-03
1.296292729099412892e-03
1.929654082914172971e-03
8.969058110736525006e-04
8.791255398922292541e-04
1.095335560106896425e-03
9.526193196092045887e-04
8.461457387960118594e-04
2.892800919983996594e-03
9.163504415111139306e-03
1.439197022658240867e-03
7.254656129028875210e-04
8.813426612867085713e-04
8.359777131374172918e-04
1.315561319270330039e-03
1.465399763662243076e-03
8.398968212326917912e-04
8.347688487718791378e-03
1.202260431652076413e-03
1.772209084820002434e-03
1.549160012460518892e-03
1.075443856623281135e-03
8.245845656637721755e-04
5.443450563278748149e-03
4.855190774655912013e-03
1.127795044248651847e-03
4.983425665256983710e-03
9.385772965056156424e-04
1.503703082547143497e-03
1.601844064263340363e-03
1.453693078464581663e-03
3.764437771801873965e-03
1.346319964247671844e-03
1.349846488975985385e-03
1.117230608763562002e-03
1.249291490054567702e-03
5.494901870119793877e-03
1.203014378608646684e-03
2.939644304156028860e-03
8.703704080564797496e-04
1.522774983277740222e-03
9.208204392022530538e-04
1.637385866856724955e-03
8.469028499331053908e-03
1.084959963639103332e-03
1.629204764065304281e-03
5.137968431599071288e-03
9.991792663723046350e-03
1.113982887603196361e-03
6.063520888957675894e-03
9.234760017629730202e-04
3.022034109013051889e-03
1.339334138570579674e-03
1.149423549081194902e-03
1.077801319256890215e-03
1.175728277583953669e-03
9.134797946917171899e-04
1.311342533928681496e-03
8.747226325984435499e-04
1.279164321791284109e-03
3.326962979407316681e-03
1.536588115925623024e-03
1.521999178282484703e-03
2.799497902184638377e-03
1.275774086398376436e-03
1.294582521872538090e-03
1.222955716425551658e-03
4.884494933257911564e-03
1.718646037474941659e-03
1.135148678714467327e-03
8.638655913189744818e-04
1.547917574234898130e-03
3.173515937371026736e-03
9.332960322263161423e-04
1.237815659978424958e-03
1.557798497261150654e-03
2.409867903856211663e-03
2.049076899995535932e-03
1.117367551578944814e-03
3.729209809244802935e-03
1.695290382936019170e-03
2.079534857225587893e-03
4.322398472493440072e-03
2.474231381088301453e-03
1.358514354989079267e-03
9.120251707132090956e-04
9.422104311568228838e-04
2.808574705155603059e-03
1.343682052743973157e-03
7.966140564763322506e-04
1.873762757602824612e-03
1.167078929781535830e-03
1.229725472565409636e-03
1.790693803359645186e-03
3.346879800470190219e-03
1.576492791990241919e-03
1.950936369002631522e-03
2.308542271829034775e-03
1.182356508882125967e-03
1.795122712230821536e-03
9.135704412906084024e-03
9.980950262124454672e-03
1.332540770174577439e-03
5.973342541781799520e-03
1.780587761476596980e-03
1.026415541018927020e-02
1.719535451756674070e-03
3.359842937174772285e-03
1.459263538437419357e-03
8.287233542670224481e-03
4.644364930697889200e-03
6.794040838197699071e-03
1.388566694362307168e-03
8.308878634998372687e-04
9.002639372232651383e-04
1.434315448401814403e-03
6.302958216507768309e-03
7.797738988668859693e-04
1.563269166361933721e-03
5.238643597797170565e-03
1.001859813218974708e-03
7.754814824868109862e-04
1.894405080532223298e-03
9.453359793007538262e-04
1.093571412248687006e-03
3.425584512844392568e-03
1.033318347081543277e-03
4.203040589226024644e-03
8.172485054552715159e-04
7.973435681957680501e-04
8.016754962504602780e-04
1.564670415226533488e-03
2.891597530879713544e-03
8.185646787906516487e-04
1.219001534372439292e-02
8.902267364755359763e-04
8.330401737721761799e-04
1.123282100895119269e-03
5.850863856733333132e-03
5.437292054884937560e-03
1.193178671631702978e-03
1.905584502184615820e-03
1.668704020406984716e-03
1.154573475994789692e-03
9.951163547512822689e-04
4.685343472863955257e-03
9.586145684493825028e-04
5.036209180951026557e-03
1.333022739553520967e-03
1.026727889962973823e-03
6.818739238080185217e-04
4.144486153863263453e-03
1.559085125871368218e-03
9.425740339138852578e-03
8.348292196574869008e-04
3.844216957598567842e-03
6.003304713709460561e-03
3.463930643746815016e-03
2.013997888797438435e-03
1.916985011987378494e-03
1.214091754699173856e-03
1.736339052239792508e-03
2.195056692855983874e-03
3.115167822329778773e-03
1.810934459428852538e-03
1.025896337514709857e-03
8.603116081989560385e-04
4.869314125301268947e-03
4.441227318363264419e-03
7.745158473083331441e-03
8.423488837936330374e-04
2.009655035341261116e-03
2.272515556643211251e-03
1.057270899898813798e-03
7.057644116669230987e-04
9.987591296061965399e-04
3.688988617081939616e-03
1.212089982143980905e-03
1.525892220671380955e-03
1.245778107925112760e-03
7.779882490363930134e-03
2.013187751382973685e-03
4.557931188444621327e-03
7.822800671868452779e-04
3.433070182613615073e-03
2.764434212874174960e-03
2.377184326645174952e-03
9.893055512607162871e-03
1.279084277151826439e-02
5.522840113847891398e-03
1.759580946710402084e-03
1.067531250130030222e-03
1.324205158579101630e-03
2.448877459751000202e-03
1.210629802801363323e-03
3.657085764242312687e-03
8.576745397339229212e-04
1.597694471318167201e-03
3.062582353179755298e-03
1.295635936674656733e-03
1.204957764020215573e-03
1.702874760814581528e-03
1.164367532191839562e-03
9.452672678313574217e-04
1.128805680267060000e-03
1.196764350936002164e-03
3.604045582109696114e-03
4.965666849362958962e-03
1.754185167059842858e-03
2.605658232981292090e-03
1.009764905315644994e-02
4.734362400741462355e-03
7.390112549904255057e-04
9.601165187531490600e-04
4.762582321209053726e-03
1.285055802019527404e-03
1.487581557895606638e-03
7.929155437821303748e-03
2.188236605337848945e-03
9.777989715618350987e-04
1.077717206548481181e-03
1.469329617861737155e-03
1.458698220511007483e-03
4.335987539980950059e-03
7.741119997185032546e-04
4.621626933854207711e-03
1.642265922486022857e-03
1.075352475964618535e-03
2.690753849128162036e-03
1.939272666028091317e-03
1.331292606667886479e-03
1.336681408073265654e-03
1.038841925137358414e-03
3.220423477594546845e-03
3.113975247327096033e-03
1.126029722608860514e-03
1.118545219979615122e-03
2.263899327168774050e-03
9.389121461683674202e-04
8.797222038858009199e-04
6.245123200952802135e-03
8.294621425090487402e-03
7.126462481113573534e-04
2.896417925972808068e-03
8.100194910088618630e-04
1.782952163227982537e-03
4.339339355932835506e-03
2.100057171218722152e-03
8.675153048791600218e-04
1.400929633972506196e-03
1.047340052704584090e-03
4.188779142471042889e-03
8.721238354168730882e-04
4.225941909080838804e-03
1.706450892207701580e-03
1.184312919207241872e-03
2.009620276152296933e-03
2.332832040881648722e-03
1.400490936973067171e-03
7.436467526286826175e-04
2.454311379053651567e-03
7.715437137995647798e-04
3.616124092070155827e-03
1.364231284613626758e-03
1.230332494835440198e-03
1.592491453771454355e-03
1.624233966314586825e-03
1.415486191739294668e-03
5.951812485637048705e-03
1.144685656398117604e-03
7.879663290366368828e-04
1.081420045097310038e-02
1.391294516907054003e-03
1.198981466878394240e-03
2.396201814295110220e-03
1.155061085803212907e-02
1.167401940840701773e-03
7.229770012271935151e-03
1.109860076434568150e-03
1.819524047284501065e-03
7.681448791689508664e-03
5.911993857713040285e-03
6.566676455586513417e-03
1.633346209637337367e-03
3.614276591168180414e-03
5.696042528929736067e-03
8.608443070088234606e-04
1.301056576318086007e-03
1.102368864762883535e-03
4.513666657277611190e-03
1.747184321578507029e-03
1.956127735811174356e-03
1.329204910518095879e-03
1.586008040564361194e-03
1.107780427135026356e-02
8.770510899923676185e-04
1.180052377787689814e-03
1.536160736661667603e-03
7.250364392355851395e-03
1.282496512428813080e-03
1.723181882556250148e-03
1.314026093128293311e-03
1.134892282230602579e-03
1.033485194097944534e-03
9.886088290315827275e-04
1.525263214098124655e-03
7.243857323867473018e-03
2.780433628075063435e-03
2.096905936100334870e-03
7.320110673056783382e-03
7.637703735737202959e-03
6.546589027654819634e-03
1.102362313108512385e-03
8.021613587715665118e-04
8.535724140909553516e-04
1.793960625115527960e-03
7.554415641714530777e-04
1.937767536558688067e-03
1.389186324471644585e-03
1.620662049227131847e-03
4.482311788544812887e-03
1.048983963619969052e-03
1.300651052443400424e-03
7.739682247594822581e-03
8.275706072437480354e-04
1.732203109288347554e-03
9.574321384104416896e-03
1.521502130451488684e-03
1.267131088349501486e-02
1.221572995330003943e-03
9.760308476813086068e-03
8.227263850784006681e-04
2.327030822255677939e-03
1.844136768451591548e-03
1.055344406445519979e-03
1.065810827834893235e-03
9.509107465863045339e-03
3.619762271936365679e-03
7.658088722038280255e-04
1.901385428954117246e-03
1.142025505516395959e-03
3.640477718296215512e-03
1.237998658167794273e-02
1.119835892566436357e-03
1.517210865606636021e-03
2.554807458631709952e-03
8.588020955454758742e-03
7.918787569316412638e-04
1.398063863141098045e-03
8.778004755364255361e-04
2.044797587735382172e-03
3.599149349305170997e-03
1.718363631306362316e-03
1.618581073707823278e-03
1.771903375708230605e-03
1.608245072313489949e-03
1.200807907875070394e-03
8.108231655095077609e-03
1.391857082809218717e-03
8.473358771493655697e-04
9.391271889346061719e-03
1.147863660731096623e-03
8.541110328220371433e-04
2.753865766456346179e-03
6.923168630388984446e-03
5.017190435881742523e-03
6.870036884288326963e-03
2.704192015557071917e-03
1.108863943708896047e-03
8.890317528274948753e-04
2.890762513129572532e-03
8.450784753983972726e-04
1.245137084860976646e-03
7.593336905891779134e-04
3.992370023739855861e-03
1.838111754576937521e-03
9.315445258196380180e-04
1.682856564055288523e-03
5.874370935851734067e-03
8.604179923291921644e-04
1.635856112758639000e-03
1.047933695574963320e-03
1.634205412288588805e-03
8.647384523959952178e-04
1.440711604980784554e-03
8.593606830481562153e-04
7.386037087822325611e-03
1.454983129987448510e-03
2.286518294067662986e-03
7.358316899726981665e-04
6.733149969878045402e-04
1.560715358592833441e-03
1.750035619363087772e-03
3.292391767210158665e-03
8.498656143033753510e-03
3.598397783344964556e-03
1.326668256022735812e-03
4.980971079799533137e-03
1.259867317727842101e-03
7.895192211329267115e-03
2.033770146482313107e-03
7.375147416118362290e-03
4.696466264687038615e-03
9.676240490911619530e-04
1.071567698283360003e-03
3.466324054816151412e-03
1.284427677222437511e-03
1.016106898334253900e-03
1.379660459298717766e-03
7.579182640031380605e-03
1.855870577878957492e-03
9.550514711880597621e-04
2.553248062916300791e-03
8.802460728712559060e-04
1.307787950288176199e-03
6.850098261777988820e-03
9.347118850658977032e-04
1.467422617672001781e-03
3.333122987673067458e-03
6.756279270786443199e-03
1.401189865564678692e-03
8.144108555853357646e-04
5.245447807843623030e-03
1.190371471568246872e-03
1.106267257968900769e-03
1.881820481163526534e-03
1.109451839025210650e-03
1.012900098828194715e-03
3.973727455252228959e-03
2.845745173853637001e-03
1.125393452515163718e-03
5.865175074964036964e-03
7.883341862928642044e-03
2.041741968139472799e-03
1.208723790612902926e-03
2.604423624142777199e-03
1.352407708870968350e-03
1.577321702578811987e-03
1.821046626367377663e-03
3.919767982637479414e-03
1.473476969880020302e-03
1.859607667321981845e-03
1.331388071016154735e-03
7.365405601351557524e-04
1.541077306930090356e-03
9.493135097676014180e-04
1.368517922788564179e-03
9.536961187057126565e-04
2.278318668007248138e-03
1.703428427689622320e-03
7.771989449307152662e-04
7.548982268422324386e-04
5.734921917842785745e-03
1.526927576146181950e-03
6.130013637917978118e-03
9.256029578286691139e-04
1.000224188988713993e-02
4.218545922763676861e-03
7.173499350380347847e-04
1.317680344778929692e-03
9.008076224107201824e-04
1.081673322041963635e-03
6.601885786421613639e-03
1.687461123373447001e-03
1.938081031228710074e-03
7.519896989021611876e-03
1.456029784867111584e-03
8.004635733234198363e-04
1.074910839496347323e-03
3.022788546424935458e-03
1.034142061008445305e-03
5.054545180444468093e-03
1.296930382867183011e-03
2.107286889375525364e-03
1.280908049882806309e-03
4.838838070123255980e-03
1.408691795783968779e-03
4.263719280983529862e-03
1.878656306635255848e-03
6.160210118622879046e-03
3.178763686174599160e-03
1.231008004047360119e-03
7.903462708042710821e-04
7.256932411947619906e-04
7.067996190941813577e-03
8.274556904592670703e-04
1.215785948044885477e-03
1.002616538508994352e-03
2.607820040938601744e-03
1.072765233533172881e-03
1.028398665707101235e-03
2.313851879422434629e-03
1.319521085879457991e-03
2.921298703182034426e-03
2.404332752879041572e-03
2.760466919462219518e-03
1.363862461124391032e-03
2.011323964604699692e-03
9.385778796757426315e-04
2.342847431859075742e-03
2.235566474928395251e-03
6.661326436624301350e-03
8.097630346563559293e-04
8.998912093242158322e-04
7.239683854837551669e-03
4.344469520630713129e-03
2.932599377063562374e-03
1.877863677395524020e-03
1.041682741591872484e-03
1.226697878837049692e-03
4.289767204287374229e-03
7.777737003981056649e-04
1.872851567086973546e-03
1.558572762069699701e-03
1.055814120896022982e-03
1.269150503224226317e-03
8.478786486529859678e-04
1.246460269837051590e-03
6.830938358391817899e-03
4.933536215628022033e-03
4.573090064524540366e-03
5.565897347964805612e-03
2.934539738273104006e-03
9.469820970515401655e-04
2.128363536103161733e-03
8.906562911670115948e-04
1.296789503652492122e-03
8.802365945131716092e-04
1.803433517599845699e-03
1.222751344738056897e-03
3.049878246674340466e-03
9.670325451522029415e-04
9.428954641207618059e-04
1.032550035092503690e-03
1.757863619292306806e-03
5.019090919783205686e-03
5.168314536303292815e-03
1.588230856766308660e-03
8.595717786612651866e-04
7.356808547695368929e-04
1.398506228027344284e-03
9.730057007455973845e-04
3.217505240740164193e-03
5.780791854077556476e-03
9.564220203282032713e-04
4.411096199386387376e-03
8.129314305190051297e-04
1.498976320045597183e-03
1.463014428266902955e-03
1.225071803106613866e-03
2.328888174171515630e-03
8.343126377871581869e-04
8.750241203441892204e-04
9.736111463289721457e-04
2.317224233741089091e-03
2.234047368559852632e-03
1.196486263414160570e-03
6.221817899727285876e-03
1.024662488223475939e-03
1.057739504150445597e-03
8.173818804554087644e-03
1.343054423621742929e-03
9.647846564471024029e-04
2.321063635909733237e-03
1.051931005951798389e-03
8.742220213745247395e-03
7.661452054399782658e-04
6.916329059227034658e-04
2.691438367530068435e-03
6.751166802746707066e-03
2.813262441603126864e-03
1.560855683250847708e-03
1.107472470081424494e-03
1.196453906090945429e-03
1.313626182407339046e-03
1.467116120332296074e-03
1.760433779285317966e-03
4.730160374227509838e-03
9.117451111024855483e-04
1.315794676482066666e-03
1.077993083014834770e-03
4.779496978916685825e-03
1.017248228506595483e-03
7.976179354641705667e-04
6.290020568422685990e-03
1.179133177967278245e-03
1.249891818264331662e-03
1.420494050454601444e-03
9.540162164350708424e-04
2.901843492034279944e-03
1.769601615141422378e-03
9.071985625827031982e-04
1.762808277366214671e-03
3.181164265356676082e-03
7.094895049168569758e-03
4.663368126353726294e-03
2.373222072294909127e-03
2.778615851152576276e-03
1.182593403023863773e-02
7.518158426753525359e-04
7.303461413457381637e-04
6.708072799087435797e-03
4.898994970142096263e-03
1.065301623391550238e-03
2.037867510937032764e-03
1.168943827821503599e-03
8.279376789850512869e-04
6.028048109518020781e-03
1.226835473772700229e-03
1.047554160185364992e-03
1.108159162934271814e-03
8.302923634169707230e-04
1.288005179229597882e-02
1.375357393691628788e-03
7.775839134500602597e-04
1.958499448420282941e-03
4.084923132078520716e-03
8.304441756197800638e-04
9.525938589214147378e-04
1.680323117250964639e-03
1.392752508413832658e-03
3.139622600962267262e-03
4.281628232731835536e-03
1.514518971856287791e-03
8.513844735751333785e-04
8.586939168126345992e-04
2.380012195013195189e-03
1.221977268567112302e-03
1.053907724310686926e-03
8.849812204452891552e-04
5.711881269100150399e-03
1.176518496106680398e-02
6.171564596825944611e-03
1.740909861536192767e-03
3.935168152889845922e-03
9.594309827130505230e-03
1.072341514319482278e-03
7.493839697871419910e-03
1.597746216555514121e-03
9.952331781858906202e-04
2.412785945578501973e-03
1.207582830362142340e-03
1.483736090857404539e-03
1.671647772372454252e-03
1.228203315111115563e-03
7.986923758506313687e-04
1.440267871576641004e-03
7.964670120714457610e-03
5.234068433322605803e-03
4.789621420003172848e-03
1.363207272318270758e-03
1.532207443665091918e-03
1.248495471339252207e-03
1.497453535943125101e-03
5.118894817168395152e-03
8.655002672253085628e-04
9.745217526127475166e-04
8.317987785750054859e-04
1.261634121728472981e-03
4.473791439386875374e-03
1.598103126868208454e-03
8.803167233909697581e-04
1.019361270398515956e-03
1.474428926919624239e-03
1.015895062192010388e-03
5.212309370301420643e-03
2.179172363907319696e-03
1.181677852354473578e-03
6.642056874498298777e-04
1.016289103600441241e-03
1.342580029695192387e-03
2.071193309681687231e-03
1.155290879669202938e-03
1.592325509058747750e-03
1.543778172078464099e-03
1.234078092543265800e-03
7.988681609291633286e-04
4.029022744310364369e-03
2.375341606483375671e-03
1.070545079168165083e-03
1.732363050972636053e-03
1.138191042592833543e-03
4.592352681037993427e-03
8.643014970291633143e-04
1.946032974808538461e-03
7.952687179536843676e-04
1.133160683991241710e-03
4.218625030883543271e-03
1.136002080236963229e-03
1.542894516820107927e-03
1.482238760458241605e-03
4.170039987876700098e-03
2.515673594723569391e-03
1.148529644549529331e-03
4.745986123126998829e-03
1.000747741610949135e-02
8.707346447409820269e-04
3.075039929420320117e-03
1.610880478749726272e-02
1.974589525632178093e-03
2.859923549429683933e-03
7.159466291605701789e-04
3.690607243431565099e-03
6.384194296256481306e-03
3.475117585784186138e-03
1.566553933499353598e-03
8.668554014935637986e-04
1.276555062422844201e-03
8.390234841972780229e-04
4.475678647450805937e-03
9.861270225679575393e-04
7.046732227891970915e-04
1.673452964642007084e-03
1.905672172346995581e-03
4.066478250934727964e-03
1.039414449232267321e-02
1.835076002630764685e-03
8.824096280005874413e-03
1.355457250714705306e-03
1.099207953562080474e-03
2.311615205312109265e-03
1.824813326213501740e-03
3.178269940207227671e-03
1.125996069731795843e-03
8.131966606340024434e-04
9.604701976790454288e-03
9.264734791504248808e-04
2.116415393502462348e-03
1.082475149000744095e-03
7.435737406343187819e-03
1.197593068137867795e-03
1.106489735949466946e-03
9.186187480990418673e-04
1.127831210987726134e-03
3.003656867123314072e-03
1.112474135688100527e-03
8.127051157351717096e-04
1.250939639825387291e-03
6.428359703884549414e-03
1.522602971303659751e-03
7.306177491573957608e-04
8.729798130101445227e-04
1.034664820760758429e-03
9.396539879340970892e-04
9.261527452767212695e-04
3.072531256776433323e-03
8.961361674688986256e-04
8.406543997431408996e-03
1.800041959329811607e-03
9.356538265654635840e-04
7.410514456038905413e-03
1.070564070454024970e-03
1.498654271509152055e-03
6.480274354182007784e-03
2.623181185059191966e-03
1.199326388544979518e-03
1.124725992297022576e-03
1.444301168395740543e-03
7.520745653028296923e-03
1.433445917238452280e-03
8.098796716463287255e-04
1.287762466532859458e-03
4.616571959865188070e-03
1.275753996488444191e-03
8.582749273607423587e-04
6.809653888512690652e-04
1.263696348257861484e-03
9.242695820419086173e-04
1.211047659774151363e-03
2.460622437578141239e-03
8.003124293649319185e-04
9.091353569640482288e-03
2.912018929339369074e-03
3.945723401965459121e-03
1.331883314303756050e-03
6.522569317536607882e-03
1.459719837796678334e-03
1.346715247703811303e-03
1.066002369355644516e-03
4.110653611453585383e-03
1.783297818465608532e-03
8.409510642746759060e-04
9.772089785878076019e-04
1.691495910216121550e-03
1.079631939230527287e-03
7.342027813706771336e-03
7.993504800946355914e-04
2.398214427070149719e-03
7.180437548124876017e-04
1.673215118303362798e-03
3.841733814355708689e-03
1.626652326829839800e-03
1.118762514275041964e-03
1.478926223285162043e-03
1.277638520913540812e-03
1.696399804979327030e-03
1.125307132068008092e-03
2.904099221350830290e-03
1.292131105280691248e-03
6.308327886526888216e-03
7.031473838462306419e-03
1.278552235080635154e-03
1.446345716831413594e-03
8.678545820901419723e-04
1.510401236820054643e-03
9.015396405748192380e-04
1.209609033544047476e-03
1.573933865848926210e-03
1.264258036613852233e-03
1.953822907624314272e-03
8.536510209707524541e-03
7.118411781320299093e-04
1.664740461159469175e-03
1.094061117053657687e-03
2.597696562608651973e-03
1.430126751672983068e-03
1.752507166595192439e-03
7.303574369276435345e-04
1.341619363433239941e-03
6.256110330549873554e-03
9.115340938812533343e-04
1.067588724612799495e-02
3.710834399052019388e-03
1.035286006621962589e-03
1.189290607476638229e-02
4.627220388575272250e-03
4.635261084851381025e-03
8.608190744840010789e-04
1.015263129702020364e-03
6.975219841086362400e-03
9.050224355946793683e-04
1.155812754534505825e-03
1.743636308376026551e-03
1.913234349403238966e-03
6.693088973193451856e-03
1.149319435105241975e-03
9.320517064290476756e-04
9.035102838327871899e-04
1.082508394289480660e-03
3.654016852193327138e-03
1.356959093481122178e-03
2.732351226801427082e-03
1.340438501403651674e-03
7.868948532374515090e-04
1.146877018466036565e-03
1.479753101428026886e-03
4.200249626204830694e-03
7.959937039206015433e-03
7.970050228625552092e-04
1.808041715317368738e-03
1.161861705856314731e-03
1.015924955326140975e-03
4.611587094993722415e-03
3.371648503963563682e-03
6.651051727376634456e-03
7.948684948411044058e-04
1.020633233893972289e-03
3.186689588774212472e-03
1.005295777460146409e-03
4.481855954027123660e-03
2.042879090454103024e-03
1.175569826154399889e-03
1.111373126498776866e-03
1.284936805205837314e-03
3.912996564659670766e-03
1.829425365490031877e-03
9.796302520599254465e-04
1.194132472142242496e-03
8.801210293795684245e-04
7.511568944034425870e-04
1.059342550581888901e-03
9.324934696759201768e-04
2.176088510364305138e-03
8.246857572228059874e-03
2.119397622465240671e-03
1.022728185818157394e-03
5.599812976350388577e-03
7.597771067414375206e-04
1.100856319863937520e-03
8.338294810235744384e-03
1.035185974773647098e-03
4.488693500154737268e-03
1.356246793890235206e-03
1.186582469234599571e-03
1.049377050607295256e-03
1.393399141661768497e-03
1.063856608941547970e-03
8.133747839591142685e-04
2.151598263638501447e-03
1.309877072500644467e-03
1.159942769100868239e-03
8.010419535557282509e-04
9.605555713921776944e-04
9.735627138328352631e-04
4.152498176241418287e-03
1.225019671928976152e-03
8.645634178044119943e-04
7.760152500394305831e-04
2.266524341772333754e-03
1.699066507195309134e-03
1.889526933404147256e-03
7.976916052071901389e-04
2.990535519047957287e-03
1.347903569357387097e-03
1.282371604775220603e-03
1.164594505196292267e-03
8.146031174526193602e-04
9.877658228172531748e-04
9.845104478466836385e-04
2.969303205679547572e-03
5.699970037205695506e-03
9.274524844711396886e-04
8.459204486853825816e-04
1.488011818178069370e-03
2.259012402071641085e-03
8.644830706993075027e-04
4.044505132342284155e-03
7.266215387633194337e-04
1.354870786487864841e-03
3.887891455429598204e-03
4.098020513409420841e-03
4.821182293708909869e-03
5.933805354042294075e-03
9.807898481384567414e-04
2.027737740240089653e-03
8.161601586753256107e-04
4.336756376184680399e-03
8.826528421081171168e-04
8.249976715076437093e-04
1.497342864752801515e-03
1.521938193774652597e-03
1.363052260557793237e-03
1.160784979321066723e-03
1.061752779767404951e-03
8.765249540915425863e-04
9.318107578532263931e-04
1.445144433770465713e-03
8.630971615375158468e-04
1.467638669229196207e-03
5.308111105875886089e-03
5.784803742729553028e-03
7.004204900577802638e-04
4.126729561521739684e-03
1.852226608679374484e-03
7.952181274989579942e-04
1.427649781179050285e-03
9.492276291554456805e-03
9.176696088869601376e-04
1.546890345543231382e-03
3.188551339956026409e-03
4.907427730048606433e-03
6.090596524537763255e-03
1.391897676408116163e-03
1.693254064765018808e-03
9.116085405886538689e-04
1.116663841033527704e-03
1.655172698563648660e-03
8.956570310641488730e-04
2.557927564592298465e-03
4.954046258675617528e-03
2.655363848772422566e-03
5.294690496269448612e-03
3.786360973128113580e-03
8.202013688207590927e-04
1.111815600510349285e-03
7.054520049491999796e-03
9.109213374671486013e-04
5.312932583559932392e-03
1.125969628063667582e-03
4.025013092615175106e-03
7.969957901177387007e-04
1.839617201909665625e-03
1.233359413299612477e-03
1.106489686840876922e-03
9.373994686578739034e-04
4.312533821662000062e-03
5.464706530642901745e-03
1.286637110823150550e-03
4.126953643095897760e-03
8.672474376293510786e-04
1.826085380492865375e-03
2.646088611433503653e-03
1.395052498880843895e-03
2.110867199557437627e-03
1.282041573126077886e-03
6.627602788557927956e-03
2.235772756233156411e-03
9.620427615669315631e-04
6.044615169574486975e-03
6.212687701911795120e-04
1.943631078858820650e-03
8.741943013087698309e-04
8.659258708302701186e-04
3.916668163216051671e-03
4.142979954894501771e-03
1.166514144343000882e-03
8.180970409591200448e-04
4.596239643003909893e-03
1.451859869441647155e-03
8.563455459006429418e-04
7.993762006189284938e-03
9.143043525750433860e-04
1.022244812202738069e-03
1.295496989740847153e-03
9.853831472497237478e-04
2.183924526851622073e-03
1.060385619939867730e-03
9.405453834914928243e-03
9.251079879534052737e-04
8.536617495646866031e-04
1.528794352638656977e-03
3.985956808863699678e-03
4.776034202486087975e-03
5.604864555921748939e-03
9.393093633930166752e-04
9.161402679585619463e-03
5.405186116994923490e-03
8.310909828607166826e-04
9.076527948374953038e-04
3.434061004664662724e-03
1.033483378172252816e-03
1.014176746750774160e-03
5.404845257531562183e-03
6.017824266666637299e-03
4.894332174012180903e-03
1.014012487966229606e-03
1.822151124891960424e-03
1.527153206371838516e-03
5.977579096603548303e-03
1.553950288608065954e-03
4.107812462279034245e-03
1.029162977187418355e-03
2.181575522476777388e-03
3.259405507451428475e-03
2.096598933524197479e-03
1.249420737833040760e-03
1.468104240737724484e-03
1.356739417199673498e-03
4.285349042852228639e-03
1.379817202017849043e-03
9.293228189483355821e-04
1.048305693918419063e-03
6.600848680364918356e-03
1.215030418393721334e-03
4.517584609105382287e-03
8.961608370025731657e-04
7.994875367791816345e-04
1.266564040894791647e-03
4.656364412715142953e-03
1.037903922845215352e-03
6.113663721068839270e-03
1.176599574564795659e-03
3.088968024210202081e-03
1.364475401138092120e-03
5.841511946251307964e-03
9.184508722665417823e-04
3.094525345641680521e-03
1.419955789717289914e-03
5.123184167514105262e-03
5.272028896778726582e-03
2.878065825533465769e-03
8.647164385358176511e-04
5.701213582533835519e-03
1.334091634537479124e-03
8.747012795028215760e-04
8.000677577684570411e-04
7.871296607275575161e-03
2.860409962111969476e-03
4.308187875036284531e-03
8.315429581666364213e-04
5.901869169556614968e-03
9.351265299745140265e-04
1.737443306986854964e-03
4.375210525978663438e-03
8.415663221394424805e-04
1.594573762783440532e-03
1.972684921676049440e-03
1.096925955544063259e-03
9.264854129849298950e-04
1.425621943896005156e-03
8.462010485946419233e-03
5.310318896040222558e-03
8.656980735033249861e-04
1.138056147688840461e-03
3.741040736965629311e-03
1.396066197615439698e-03
7.694675918066135045e-04
2.423410104925688337e-03
4.408459743404850688e-03
1.055276112563888289e-03
8.751819197025202668e-03
3.977005179647434552e-03
6.980877618922068026e-03
7.421823066157201380e-03
5.464924282261866134e-03
2.107596235617000078e-03
4.980405507763583164e-03
1.689866749664255307e-03
1.183445600531212198e-03
1.347848914238491567e-03
1.330738871373199654e-03
5.483608330329749724e-03
1.543601342991260091e-03
8.307584994640338427e-04
5.283702009110095854e-03
4.385388461268426713e-03
7.488958629934643930e-03
1.186042030736445159e-02
1.930382597132496462e-03
1.076672954089224815e-03
1.428113025512021484e-03
3.827035991918480411e-03
4.405166300350065421e-03
1.988456038646800594e-03
1.292331237030530698e-03
1.215207143812101383e-03
9.813561025615422269e-04
4.505786692474661286e-03
6.216684130431017648e-03
1.019539546333105787e-03
1.263297395892284914e-03
5.966364401500195980e-03
3.020566221120764196e-03
1.772397343397698723e-03
1.513426124535763220e-03
1.611340362898506986e-03
4.716493096588714011e-03
6.222024392932194205e-03
3.749372656149589037e-03
7.686265368549398532e-04
9.755514367430792675e-04
1.112488537432323055e-03
1.920286916123012085e-03
1.277294502765457087e-03
1.198101927693169273e-03
1.142165785184184488e-03
2.696624515867179599e-03
3.656827411934215118e-03
8.557082456310035473e-03
5.033082385905545721e-03
1.407006370828091900e-02
7.018444588903997167e-04
4.153986598239594284e-03
7.919936459763877827e-04
5.290354299404699534e-03
1.295643130735722997e-03
1.224275038539312296e-03
4.605836499057141403e-03
1.181890859350470885e-03
1.168441117198763812e-03
1.255173656102259597e-03
8.922665653151337466e-04
4.823617460728669287e-03
5.951536380592033042e-03
7.219038636879311546e-04
2.705253333383137847e-03
9.706373568650022814e-04
9.357397172473090651e-04
1.220233572102532920e-03
1.822941925342099184e-03
4.556094031780272974e-03
8.625079340346321777e-04
9.821995106693056764e-04
8.220541995620674058e-04
4.533515592902446004e-03
1.996322287049986672e-03
8.897254820464485037e-04
4.284901796578803601e-03
4.533346400891491608e-03
7.563055760902109934e-04
2.634820486258593678e-03
1.209314287954668101e-03
7.473743983834957652e-04
1.862287978572166889e-03
1.205615293278860557e-03
1.554537616070253122e-03
1.509427925231141519e-03
8.468161675638999700e-03
1.367192185936224897e-03
1.510640605787451395e-03
4.097479979467078849e-03
7.369201016027964466e-04
7.821054965298614506e-04
2.272812720741097803e-03
9.506535050705157723e-04
8.476812290284876667e-04
4.896606948141009677e-03
1.330681631966291805e-03
7.708308208691798304e-04
9.744847914477586378e-04
1.120151159489068005e-03
1.557228046594381476e-03
5.368446778233006492e-03
1.389105402839303869e-03
1.984003123768285793e-03
6.727969361393930717e-03
1.407990267183989366e-03
8.946490661457697294e-03
9.255848886610448367e-04
1.168791202870050373e-03
1.779412819406132754e-03
1.002990010815310064e-03
9.185656968517613924e-04
3.652397509175159002e-03
7.415998575600672195e-03
8.505614962119649675e-04
1.236247078832204867e-03
8.972905942746658503e-04
8.667178529122883737e-03
4.179610333168382041e-03
1.125890055395231421e-03
3.436041457263240215e-03
5.722244625173423908e-03
3.979361809530234349e-03
2.115611370990623952e-03
8.877991266890378295e-04
2.363744474181822368e-03
2.952448491350082461e-03
6.630850924084633231e-03
9.993228608341298610e-04
1.032329797958237696e-03
1.218975808036804965e-03
1.006885363795666450e-03
1.406699410629159552e-03
8.594697283114096286e-04
6.169144594623225328e-03
1.283444797309760219e-03
7.643136150540677607e-04
1.319775080766543221e-03
5.817863361509053970e-03
1.406959077715757385e-03
8.882348179078647073e-04
1.856183495161557555e-03
8.497332873968732039e-04
9.475624470769164953e-04
1.393279834833469587e-03
1.275070086205471907e-03
1.019014900814329107e-03
1.456978311807248473e-03
1.391038219521012519e-03
1.993967781902845991e-03
8.268226171603918623e-04
1.092435291181271693e-03
1.084103493293399941e-03
1.012770526030709519e-03
1.557847782174914472e-03
1.660664827001955913e-03
3.159934164782235693e-03
8.747629241161817551e-04
1.013195677965044285e-03
8.168284874849391546e-04
1.152974050181989826e-03
3.852816045854318833e-03
3.671669208200713849e-03
8.038994432072264079e-04
1.164562703904587458e-03
1.294964506828828049e-03
8.900193948064120952e-04
9.143347515955220842e-03
7.689388370826839847e-03
7.088072816166002569e-04
1.150946842121793870e-03
1.052953525862439016e-03
1.014024887169827707e-03
7.955326684937483878e-03
8.249715122256822200e-03
1.164652715950361891e-03
9.367495253539856416e-04
5.250460713014514814e-03
1.009863094839259009e-03
9.392125171677895290e-04
1.654787120524554324e-03
1.287697799396699417e-03
8.428949011615649231e-03
4.921410335307734897e-03
1.799939885206070954e-03
2.665160148125143413e-03
8.120989178987542134e-04
7.141432973701573438e-04
1.292002166883095661e-03
6.380491324552261222e-03
1.951810625036028363e-03
1.624680343314339505e-03
9.110646874794736888e-04
9.644535514375814599e-04
4.051795891709833973e-03
1.140596852315791526e-03
1.173470142678775937e-03
2.071243599008917944e-03
7.560987301732078909e-04
1.816487659182866804e-03
2.923318987007501174e-03
4.426068238837248606e-03
7.229510656969079588e-03
1.300337814578833139e-03
4.236470098430224901e-03
4.489917630045832733e-03
1.009483898351090821e-03
9.209872955717064973e-04
1.393822608997236177e-03
1.528787457949211089e-03
3.903672269163004343e-03
7.030452656289162307e-04
1.019108960160303385e-03
9.259223745750779075e-04
1.685499009236299467e-03
1.548181898352241157e-03
8.210075368765036574e-04
8.663790880193123455e-04
9.376206140187086108e-04
1.392310644666103388e-03
1.028041481603330157e-02
1.020233610802905814e-03
7.799132884866971215e-04
1.131511192555144764e-03
1.124496044545521137e-03
1.008218236620462118e-03
1.005337243407378048e-03
1.840953536128101106e-03
5.578314856907634275e-03
1.180693036852696262e-03
9.740691790313430690e-04
9.823711672864094465e-04
1.452412152315281629e-03
3.024685290240148369e-03
1.093266607997091331e-03
5.871994788774758355e-03
7.729872522259295317e-03
6.974168583920045336e-03
5.411392120765874843e-03
1.019886058556687290e-03
4.022874037767294568e-03
1.524569443396764758e-03
9.017373226136852268e-04
8.401475158813499723e-04
7.731133092888190254e-04
1.042131877567265778e-03
1.076805281845607566e-02
4.609616188152536494e-03
1.094844427025691699e-03
1.220736196576905188e-03
1.177187363640216141e-03
2.851178528680549645e-03
1.234192116702183565e-03
2.003222861190517585e-03
1.797925379317414632e-03
1.092054489829596227e-03
9.648208886620151994e-04
3.755788849633394811e-03
8.773899205827728927e-04
8.340949741394956991e-04
4.795879029611106389e-03
5.602381769260754082e-03
1.529911471613882397e-03
1.529437409418174087e-03
1.813958998529057029e-03
1.146528981705132507e-03
1.583290773225843598e-03
8.484339974206182118e-04
1.001306668826399196e-03
1.164051340742879590e-03
8.995078726246796743e-04
9.517649503707390456e-04
1.055573715821914735e-03
8.855848186186052184e-03
1.695949385378747341e-03
7.956567157026300276e-04
1.812153189790700458e-03
3.693958298999384070e-03
4.369714923536276337e-03
7.152258492047598943e-04
8.453673258713554793e-04
1.201823251586259939e-03
1.038554324344865111e-03
1.228607136853906512e-03
8.421116077516597499e-04
5.000720468175529759e-03
1.279249758214735886e-03
5.955804658467623615e-03
1.154580522608280539e-03
6.759079961763154662e-03
3.993265597646771664e-03
9.886470110754864982e-04
1.211831188074861910e-03
9.516395158752570527e-03
4.414012651025485401e-03
5.202101313458726631e-03
1.481611698289336376e-03
9.018994909644143659e-03
1.057235776150904083e-03
3.302515747169767254e-03
8.574724728903308085e-04
5.528199793833932750e-03
9.010327661288211522e-04
2.202837504706511851e-03
1.087681289848051224e-03
1.792019123077165160e-03
8.718525421982116757e-04
6.498276354516550543e-03
2.026983232715333545e-03
7.377040158111198252e-04
2.214709991967816517e-03
7.769810937890675104e-03
5.166568568578886952e-03
9.145040229998952939e-04
1.365105081752927916e-03
6.349947804461294337e-03
1.101817236117416578e-03
9.558389534481052767e-04
4.237402055368583338e-03
1.857045473784977056e-03
1.250100223341391037e-03
5.172631251316384821e-03
1.216654596178911099e-03
8.810458980777510600e-04
8.395616453310050581e-04
7.778792261780481708e-04
7.523395018570893517e-03
7.827613892929640577e-04
1.733951192332178681e-03
8.490800267495319468e-04
8.134182918926117492e-04
7.528559999034470374e-03
1.514321455484926365e-03
1.200997854461396041e-03
5.268004644591112867e-03
1.035620953104613145e-03
1.059651774279345713e-03
4.223384511914378241e-03
1.092711692684114177e-03
6.282268728819121947e-03
5.178622154372895456e-03
5.836677065012133014e-03
3.975719546186041661e-03
6.233888113265291173e-03
8.797320436867844817e-04
5.381263486955808854e-03
8.935436504736932531e-04
1.931057685093544524e-03
3.456568668772734814e-03
9.097726453179367720e-04
7.924529520130926211e-04
8.833794046942924005e-04
6.768218003935143551e-04
7.157976247922041976e-04
6.498854912008631031e-03
1.129458120614128128e-03
2.076681036156247627e-03
9.619040732380938373e-04
9.850104908114790548e-04
2.270639392151150605e-03
4.491168144107467522e-03
1.678155981402285361e-03
6.571545214093319279e-03
4.601273996445873204e-03
3.519956079174988046e-03
8.549228201023855627e-04
8.315636057854939320e-04
1.342258668950460383e-03
7.868077811310221058e-04
1.185940828323125929e-03
1.278724864918017812e-03
1.059637018095199159e-03
7.963564809578381346e-04
