9.823875929407512864e-01
9.850380791563707605e-01
1.000927760167994451e+00
1.001426473368461023e+00
1.000849804962619549e+00
1.008137309028593664e+00
1.008088163140543392e+00
1.006992988405808420e+00
1.007455124740504138e+00
1.006665423354990985e+00
1.005837830863028692e+00
1.004769066547643641e+00
1.004795571122790943e+00
1.004758745660705443e+00
1.004805424600003549e+00
9.979383854697557732e-01
9.982902228101777631e-01
9.983835129459482927e-01
9.982044566529810758e-01
9.985614025147874218e-01
9.988800489719322773e-01
1.007042226951955666e+00
1.007638476063643207e+00
1.007651792852743755e+00
1.008129412352815724e+00
1.022304495577147199e+00
1.031114348510990597e+00
1.051056087660973803e+00
1.063883890561039935e+00
1.074313794107205178e+00
1.085635592338380251e+00
1.088198089021364723e+00
1.097672753127080014e+00
1.108961932745139212e+00
1.119565272444507986e+00
1.135802901804633835e+00
1.156954761683795185e+00
1.176021774910168016e+00
1.183098803522993014e+00
1.202928673325893927e+00
1.231303323536748540e+00
1.252332180849313525e+00
1.275001741957139112e+00
1.282130578197598014e+00
1.297301745858435940e+00
1.313166106055744242e+00
1.328042072421430575e+00
1.356132875765568402e+00
1.375496056765438402e+00
1.395676073868485689e+00
1.390539379401156905e+00
1.387397122721878207e+00
1.376681937721991211e+00
1.366371268187471788e+00
1.352873552141963698e+00
1.357340133888571776e+00
1.375923884792597418e+00
1.387167209517239153e+00
1.368596556689670951e+00
1.374178373171366596e+00
1.369068324466949038e+00
1.365265664387657285e+00
1.357191299301343523e+00
1.362923338555624753e+00
1.369028581564539326e+00
1.355541147427204995e+00
1.353919248127831931e+00
1.346947136873271278e+00
1.357376227557645976e+00
1.344475600930278514e+00
1.337517628153551241e+00
1.322503669236761104e+00
1.288189304669937307e+00
1.311558384775632691e+00
1.311866361689939975e+00
1.299870938478693283e+00
1.315598646260920823e+00
1.316085226046723289e+00
1.317761940371965590e+00
1.323637120340576789e+00
1.317638688633861133e+00
1.315458781807802069e+00
1.315658272145402874e+00
1.320157550760629350e+00
1.309409130860246240e+00
1.310397074344452850e+00
1.298824949695732034e+00
1.288935593760346832e+00
1.283383913196537218e+00
1.272368282423904207e+00
1.266428905479654032e+00
1.269385743252598120e+00
1.291067611935516224e+00
1.303043622869848539e+00
1.315132253508598303e+00
1.301839813041960836e+00
1.301230819881302070e+00
1.309826776909946311e+00
1.289599043033831993e+00
1.289754518996183430e+00
1.305200329610351373e+00
1.294129098775476328e+00
1.278177414285099456e+00
1.289332931287441752e+00
1.283966092087255317e+00
1.293979806843431613e+00
1.293131467022004877e+00
1.279582830034257990e+00
1.290236519232568435e+00
1.299367872177408456e+00
1.289981418081148634e+00
1.295452355650698051e+00
1.313001427834985080e+00
1.308667493982396790e+00
1.310731946069939147e+00
1.310609764419822021e+00
1.290288761287855746e+00
1.268687821190026765e+00
1.242006226625512744e+00
1.240046268188647716e+00
1.247608602983840687e+00
1.251261569560533804e+00
1.276210746461493128e+00
1.267486052408133723e+00
1.267759810626009953e+00
1.271807533253842548e+00
1.279436041955081649e+00
1.283995343510572429e+00
1.268802721911270304e+00
1.259143285539201962e+00
1.249839408707851041e+00
1.243496591681379160e+00
1.245152335961299039e+00
1.252843545495681443e+00
1.242744610636567826e+00
1.245212477422684039e+00
1.243422612606329913e+00
1.246962029849071119e+00
1.250079723430171486e+00
1.235444237478589224e+00
1.244466008510629385e+00
1.251003591313096130e+00
1.256313834240639471e+00
1.264049815613050409e+00
1.276027372995317322e+00
1.300780985575916482e+00
1.304994816061599172e+00
1.283202378169874258e+00
1.292067729707374379e+00
1.279424815276330119e+00
1.263503473703262658e+00
1.260819362780498887e+00
1.286705711809086772e+00
1.286591446204079281e+00
1.299302930779792531e+00
1.300018666889719343e+00
1.304242917366956966e+00
1.299497307490337317e+00
1.286682779319489933e+00
1.308324638135121898e+00
1.304197964705388513e+00
1.292902575499609741e+00
1.295626060332327745e+00
1.308557122893283964e+00
1.325425459391569749e+00
1.326186816716337535e+00
1.313318254015749531e+00
1.306382873782224729e+00
1.300740000802366403e+00
1.287885657631597569e+00
1.282125503922393994e+00
1.288720133543889812e+00
1.286750789412444140e+00
1.286416106089673939e+00
1.284435384495183019e+00
1.302717799183039427e+00
1.287337598498872859e+00
1.259031794564999807e+00
1.274768126626071529e+00
1.273014466420799184e+00
1.260367234470718634e+00
1.263739704927590912e+00
1.280974498450097254e+00
1.283611949279091169e+00
1.288375223749087084e+00
1.308684087725733747e+00
1.317702381120812394e+00
1.298874256858298493e+00
1.291286314551645109e+00
1.287237732863840689e+00
1.288512306099894200e+00
1.305145164564871729e+00
1.319159211419777433e+00
1.338737780875917993e+00
1.343061165954724245e+00
1.339304695166958048e+00
1.332172736719059669e+00
1.333629301864911021e+00
1.336352917319282518e+00
1.356076485500704587e+00
1.334879003324013658e+00
1.336739269457883461e+00
1.341157616095008054e+00
1.340712282929254595e+00
1.369261802123634686e+00
1.392785937315029088e+00
1.378117783941185781e+00
1.366439427652113681e+00
1.374085429685421023e+00
1.365672350923610612e+00
1.345453491980272753e+00
1.358976511277042443e+00
1.364367017542976734e+00
1.357924440532502608e+00
1.368403140282848929e+00
1.368484050128787599e+00
1.390849522395651627e+00
1.368687454584375685e+00
1.374589071730556666e+00
1.370682685244638765e+00
1.380888170433451689e+00
1.382449476903843122e+00
1.414564321941028879e+00
1.406998691758971631e+00
1.394885000926770369e+00
1.406113725905413281e+00
1.441008328936475458e+00
1.465262173602768447e+00
1.475430695164410277e+00
1.468206525078653124e+00
1.440198787123575075e+00
1.462815194336884117e+00
1.459166924595038717e+00
1.463215838808198832e+00
1.435210771921350492e+00
1.455393867542674302e+00
1.426441142370586945e+00
1.416458413534178007e+00
1.427420234200707183e+00
1.416859178997306179e+00
1.396849739898230025e+00
1.379676079020918378e+00
1.392419035791755189e+00
1.363944397867675962e+00
1.373974951061543326e+00
1.360601974425067029e+00
1.355946308974542269e+00
1.326950334833306711e+00
1.322202827992720264e+00
1.307961688912303577e+00
1.301571993976895936e+00
1.304720729560261416e+00
1.280831151487175745e+00
1.262601727292173237e+00
1.242956862998074286e+00
1.233633944016020001e+00
1.228470027682482923e+00
1.237519883771952767e+00
1.214132914081420100e+00
1.236056262397993155e+00
1.223973231928360272e+00
1.240140343575698578e+00
1.245808269465579654e+00
1.234167702783539378e+00
1.241305360837817062e+00
1.239564244576409013e+00
1.244671741465511072e+00
1.244617514143619763e+00
1.243484937125891143e+00
1.226338663576299171e+00
1.231142822076774168e+00
1.255457539825918456e+00
1.265307397815363499e+00
1.256826661140395762e+00
1.264910886614700303e+00
1.285211164580186916e+00
1.271163912583716193e+00
1.280895612864017652e+00
1.302950275579637385e+00
1.332359848650210843e+00
1.356455487457911557e+00
1.330300800742584721e+00
1.317754660242365095e+00
1.341735226760557120e+00
1.339703253205224653e+00
1.333724115683654343e+00
1.345114226468169916e+00
1.350031633223818472e+00
1.373242372919665888e+00
1.371786368710095516e+00
1.398824824315960669e+00
1.374721156080968010e+00
1.356404657888693022e+00
1.375163905794202446e+00
1.370905850621346067e+00
1.358997658500373351e+00
1.343523532606902160e+00
1.341802225636039791e+00
1.371910908044783994e+00
1.371662059175388526e+00
1.366268094118391785e+00
1.374908382273957841e+00
1.380871467830769639e+00
1.360272732189467870e+00
1.339905892959178058e+00
1.354316720572076527e+00
1.362521458772850913e+00
1.369257565232071983e+00
1.370324830437956276e+00
1.385820490772156965e+00
1.399568883629408234e+00
1.395957325215518186e+00
1.404983597706533693e+00
1.404839477799983527e+00
1.395347261744944944e+00
1.371251238756878488e+00
1.404357494080881397e+00
1.417310080420443485e+00
1.421618641535274286e+00
1.419803853515558822e+00
1.412242229975993357e+00
1.406479086840343173e+00
1.415870955032102474e+00
1.398290466107387386e+00
1.390356476131781260e+00
1.366964483467010272e+00
1.358044469907222940e+00
1.336418415854396802e+00
1.318323018387248968e+00
1.312488406925286899e+00
1.301841319931587693e+00
1.329617221898537816e+00
1.348828722437861893e+00
1.340611061994156472e+00
1.333006392884493518e+00
1.325367197691743604e+00
1.305528782982453340e+00
1.282369878301988342e+00
1.258579602351920679e+00
1.277586950922680931e+00
1.299170380539051095e+00
1.282356415793095783e+00
1.285493321759315410e+00
1.286018966756319548e+00
1.287428525870042417e+00
1.284032625889199641e+00
1.282089911664185289e+00
1.272865999265591297e+00
1.282866934279893956e+00
1.286448929659331109e+00
1.295793004686440764e+00
1.293827216506845845e+00
1.302168045142857888e+00
1.329074116460307486e+00
1.343820374325126021e+00
1.345687336241704335e+00
1.336552852526589952e+00
1.321155358579553019e+00
1.312848766610253959e+00
1.304811733084882963e+00
1.310222525948794070e+00
1.323838509669607477e+00
1.351045797946061278e+00
1.381472086840279001e+00
1.355649361962662836e+00
1.333761309586953603e+00
1.337317522647072598e+00
1.340157512620641977e+00
1.337906158996498451e+00
1.358021170233309149e+00
1.384752782316275743e+00
1.395069224055534907e+00
1.385257083693002489e+00
1.383028091116239366e+00
1.403802344675252556e+00
1.418812978191402951e+00
1.424463542356623647e+00
1.419540110949326639e+00
1.419770450119636873e+00
1.428815563451748094e+00
1.424138613884929239e+00
1.417536568269206931e+00
1.430612796894431105e+00
1.461857705546384834e+00
1.455030318439895387e+00
1.438558228045259568e+00
1.447524465428134954e+00
1.441449713962506207e+00
1.425211609514491551e+00
1.437910736384500732e+00
1.438138431563411812e+00
1.429421789551524213e+00
1.437153910268331058e+00
1.422171634655351458e+00
1.419236302153679130e+00
1.425381924155461277e+00
1.409786439781727907e+00
1.401515012940143023e+00
1.401804136267872369e+00
1.390631086408460559e+00
1.394031838425443315e+00
1.371212540976975980e+00
1.373186321404170629e+00
1.351967930711454491e+00
1.335226204804279559e+00
1.346361796774986797e+00
1.359554446699228425e+00
1.344066153613631354e+00
1.331831181063019454e+00
1.323056579593204107e+00
1.341679123153219688e+00
1.329236159752026802e+00
1.315626014989427439e+00
1.322426273689673248e+00
1.296562346681252365e+00
1.290514007903878602e+00
1.284866631589251851e+00
1.264117228668930837e+00
1.291330294303341786e+00
1.289716894872809494e+00
1.276639511533357751e+00
1.278037261382487300e+00
1.300610658244087059e+00
1.305177522798717016e+00
1.308236551967201011e+00
1.303878485272943699e+00
1.305484065561166807e+00
1.326506682428260309e+00
1.353007284205901106e+00
1.351768010804564657e+00
1.350602418484647460e+00
1.339895807316117571e+00
1.339757813562899802e+00
1.329092927754032427e+00
1.334371850193311504e+00
1.323654454733721231e+00
1.321100315033336470e+00
1.323634385681021985e+00
1.324205200563412621e+00
1.353457481986055200e+00
1.391582004714222442e+00
1.403772359254329860e+00
1.410810456208183572e+00
1.375076303924300136e+00
1.363770504593359689e+00
1.359188522686378908e+00
1.360712204423836669e+00
1.344592583869552049e+00
1.332318237940868011e+00
1.325569857483541947e+00
1.305310959520430636e+00
1.301912898055689771e+00
1.298068030400762574e+00
1.279853560078063168e+00
1.284533485669212771e+00
1.284640074953393274e+00
1.283474338147181371e+00
1.294630180561453514e+00
1.303562204589509665e+00
1.306987241881758299e+00
1.323599857906027966e+00
1.346266351660941218e+00
1.356527391775521840e+00
1.352442287765478479e+00
1.334709382015307755e+00
1.324017480130407654e+00
1.332099105360739166e+00
1.343683910527117442e+00
1.362302398795500746e+00
1.375794665188038612e+00
1.382561551289022805e+00
1.374796324487049359e+00
1.386368811210061169e+00
1.396723665655625224e+00
1.409295915490978546e+00
1.419334674122257667e+00
1.444089095721087901e+00
1.446372550070714968e+00
1.452276718060292682e+00
1.445050300053342340e+00
1.429615564820056361e+00
1.418091107829404285e+00
1.398207440397627677e+00
1.397884205113849143e+00
1.398746969594900635e+00
1.389093759963691443e+00
1.393502363673585265e+00
1.376643051990804834e+00
1.381593321972122368e+00
1.391563709123333714e+00
1.384693681046827551e+00
1.361277221890692113e+00
1.362838442312923615e+00
1.351206024278376328e+00
1.345686682488478780e+00
1.332872105720565248e+00
1.323387304148323063e+00
1.335622100294716841e+00
1.335765920054520217e+00
1.329820077340231110e+00
1.340302982630017237e+00
1.323842892874848021e+00
1.313048389107871472e+00
1.326805019866549307e+00
1.332128910753261897e+00
1.333872896211466097e+00
1.350584542785264741e+00
1.363865820940435958e+00
1.347359650040716339e+00
1.332864244023368228e+00
1.313202514485636296e+00
1.290272581174440214e+00
1.328140086343564619e+00
1.317342285578467997e+00
1.311374622077458696e+00
1.295782727607806661e+00
1.302449490830903445e+00
1.311774870599650589e+00
1.317104506391050256e+00
1.319161119998948584e+00
1.343156223917659986e+00
1.363280483533277909e+00
1.340353442598550160e+00
1.331197019187835062e+00
1.336219380469230611e+00
1.327240094914979185e+00
1.354872609678935635e+00
1.345489475427704695e+00
1.325598285881324223e+00
1.322333255728542323e+00
1.331760491264700974e+00
1.314120491802248214e+00
1.300902341659060824e+00
1.298836768528957020e+00
1.308880534093423087e+00
1.330773126602492251e+00
1.340776873919635070e+00
1.296252741031736599e+00
1.293861353309683215e+00
1.290112857847984795e+00
1.306757323784248692e+00
1.325083744198769065e+00
1.301512504699323225e+00
1.306215990192982623e+00
1.315705002939404178e+00
1.296446687531910724e+00
1.294073472620030696e+00
1.319255744770538641e+00
1.318744140819137378e+00
1.332834567113164059e+00
1.330080179770970705e+00
1.298133779127826681e+00
1.285579941560886175e+00
1.280158383783514653e+00
1.303791570132255773e+00
1.300481583525858520e+00
1.307862829791799797e+00
1.307585760624846660e+00
1.304221278535518502e+00
1.301389351798663441e+00
1.307474964236831738e+00
1.305538899290580979e+00
1.312411053386766557e+00
1.319903285951001592e+00
1.332019410901458478e+00
1.335133611869940840e+00
1.328876955354719724e+00
1.321722428580819564e+00
1.334163704765905401e+00
1.323606494124978106e+00
1.333407914657868565e+00
1.340187073916160987e+00
1.342602211267344359e+00
1.356419624502022359e+00
1.345881331789305690e+00
1.364340745156563894e+00
1.390378680212245976e+00
1.420194793721064386e+00
1.437045867062171745e+00
1.418364374420505447e+00
1.422230399354171837e+00
1.427511693138269866e+00
1.438631448327436058e+00
1.459790636368613725e+00
1.486551287479879191e+00
1.481338819673604812e+00
1.473693114986236452e+00
1.499092949187792012e+00
1.514556692704977170e+00
1.520908319391348629e+00
1.513655084879047097e+00
1.523400001181025587e+00
1.550033620206380913e+00
1.536523783935463738e+00
1.529191658968575229e+00
1.508326342745357929e+00
1.502978501068267025e+00
1.467619237555860323e+00
1.440606552635331550e+00
1.420298460307009236e+00
1.398856479760046012e+00
1.397371882350790351e+00
1.386314670435369267e+00
1.373469604944609790e+00
1.367890212662759231e+00
1.382317551782398013e+00
1.368802144126405995e+00
1.367712605466439690e+00
1.366266609574837476e+00
1.351425584324566387e+00
1.346979273536850652e+00
1.339100940828825026e+00
1.331033831739231399e+00
1.333527693043943030e+00
1.326978857016661184e+00
1.344600101946406223e+00
1.348646103862642720e+00
1.339003523108234894e+00
1.326306279625423912e+00
1.321616656975665993e+00
1.340804271368450928e+00
1.342904140664861634e+00
1.350565082905708314e+00
1.380220065361462467e+00
1.402827434787051075e+00
1.409902671893492387e+00
1.406923886174902716e+00
1.399234997354005250e+00
1.432930474185151848e+00
1.428011173900932906e+00
1.415085424436842931e+00
1.440759669352046135e+00
1.435495025979440786e+00
1.429181108680179335e+00
1.425095802989787108e+00
1.427707075871755382e+00
1.435417204380007306e+00
1.436648636401950840e+00
1.408620140755756145e+00
1.393198590546805171e+00
1.375999452421871272e+00
1.359903666460625216e+00
1.372138125069375381e+00
1.372212641415471834e+00
1.384441268093636879e+00
1.378654101161699286e+00
1.374625475704073896e+00
1.359871150807382190e+00
1.326190858251592219e+00
1.322078566451077020e+00
1.326122236017243994e+00
1.321495946352971851e+00
1.337939678033782664e+00
1.336623067742625182e+00
1.330553755585202502e+00
1.327594201410137620e+00
1.303032410441203215e+00
1.320779989444708757e+00
1.334917962378996181e+00
1.346543499043568515e+00
1.335925657114985121e+00
1.340153108310650820e+00
1.325421430808238599e+00
1.349264772268671253e+00
1.372083809863810844e+00
1.365464568378335963e+00
1.362985719896209202e+00
1.353781790821593001e+00
1.378056051542182914e+00
1.366498775061747217e+00
1.367347461670826991e+00
1.375380887908607130e+00
1.382756876699795301e+00
1.400606042103888615e+00
1.374727230276955314e+00
1.382130620727699100e+00
1.373945425413799493e+00
1.357691745244404613e+00
1.344994703846009942e+00
1.355823659503490486e+00
1.368105209189856231e+00
1.367905931636366201e+00
1.351810027400117020e+00
1.346750838435802677e+00
1.324950511763139493e+00
1.331578560435446645e+00
1.345223499566370551e+00
1.357957264915424123e+00
1.332721982256032556e+00
1.320515652854474142e+00
1.331844075849110576e+00
1.351554597468057395e+00
1.355469634894273856e+00
1.362245246278473321e+00
1.378064115799536582e+00
1.401684635107745880e+00
1.399302304068314573e+00
1.422538295442618672e+00
1.398677555515612791e+00
1.417020770563202747e+00
1.420561425903294150e+00
1.418938802889753603e+00
1.427776157497222975e+00
1.448793977911911224e+00
1.467659176795238718e+00
1.471743606217110534e+00
1.489892379513228837e+00
1.491446803090569428e+00
1.476870804935603188e+00
1.483757841279330192e+00
1.485699755777353026e+00
1.477966441125667441e+00
1.471874618888694197e+00
1.487557986354045125e+00
1.504807873532817641e+00
1.496111262906109074e+00
1.494998479399691327e+00
1.491583784642424471e+00
1.478731544364313644e+00
1.471831696405337508e+00
1.461014198704922551e+00
1.465891506060313265e+00
1.449298194084943647e+00
1.466713225170980683e+00
1.480107588719409506e+00
1.464943360528358385e+00
1.463334589760354021e+00
1.476156739645666294e+00
1.448710782499295080e+00
1.434874046931083891e+00
1.432046882808749144e+00
1.438675923781023380e+00
1.444114989791126513e+00
1.459785313157465181e+00
1.484843485181022604e+00
1.491318705771000008e+00
1.474638250826971753e+00
1.496931971852660359e+00
1.511897526030058669e+00
1.507371883415636216e+00
1.530798746002148381e+00
1.524548649311004755e+00
1.516445183816193421e+00
1.497177311551592727e+00
1.516154471656385283e+00
1.511008382797837779e+00
1.497420299915922071e+00
1.507741671225403035e+00
1.508319418630567288e+00
1.488584808717210883e+00
1.486840845320634097e+00
1.488692533766887705e+00
1.486535475433017339e+00
1.500999849936167196e+00
1.475137871406332346e+00
1.475834889539806571e+00
1.490350992609228431e+00
1.482422071125788943e+00
1.466754518469390645e+00
1.455872545964155051e+00
1.447863062956444624e+00
1.477764715484009228e+00
1.460579292487283354e+00
1.455531425549677627e+00
1.461054469329960970e+00
1.442993011416376481e+00
1.443224256448361720e+00
1.453757678451586655e+00
1.469327036160543498e+00
1.458688989050726192e+00
1.448252523968160954e+00
1.456929691636058566e+00
1.448123269471773611e+00
1.460248703306685991e+00
1.478282811430770227e+00
1.480876515577974173e+00
1.482319134353812240e+00
1.471150515978305151e+00
1.454118617664382995e+00
1.466405019863671555e+00
1.464804704675835900e+00
1.446813170375181423e+00
1.448973526025305825e+00
1.453115261114723999e+00
1.458812935525824361e+00
1.461538460462504574e+00
1.442983263339615130e+00
1.443837059650617594e+00
1.432838808793845731e+00
1.435213663659556937e+00
1.447285217350648745e+00
1.427746707249863078e+00
1.446837474616181396e+00
1.424819755538048405e+00
1.436641386155726119e+00
1.414416229377202683e+00
1.415559002165104108e+00
1.413246084019689874e+00
1.418606337724959143e+00
1.414000710341512201e+00
1.415297844790979198e+00
1.415885393605285314e+00
1.417849924124462646e+00
1.427367401212479070e+00
1.427756199390270542e+00
1.408143357335654322e+00
1.407448213011131433e+00
1.399197460566331985e+00
1.411982382296618876e+00
1.403434201189948105e+00
1.409324336184894833e+00
1.400838692552366149e+00
1.393509481815249140e+00
1.391835241282286306e+00
1.371470541993655701e+00
1.358847047522252272e+00
1.372815998885305255e+00
1.358151634135594144e+00
1.384584412311338442e+00
1.373462452620287877e+00
1.386034083379523940e+00
1.390068446425294590e+00
1.378119217432764998e+00
1.379216042089116634e+00
1.374798579541710808e+00
1.375225226172556603e+00
1.373669059523163982e+00
1.396028454309894196e+00
1.389381073383425536e+00
1.401173737534092467e+00
1.412935793859133815e+00
1.407872486282915503e+00
1.419032886505652957e+00
1.408383323214460470e+00
1.396003038085156467e+00
1.390283849042165620e+00
1.399270922275843931e+00
1.415789140124742884e+00
1.422306879075406094e+00
1.430256404966957273e+00
1.423504770473259073e+00
1.420946980761976786e+00
1.424796331231664492e+00
1.425285381378715410e+00
1.431699910170792345e+00
1.440992920413916911e+00
1.451378837210530737e+00
1.468857558130331142e+00
1.436884813851344367e+00
1.438915098741871512e+00
1.440830679376016832e+00
1.449876178715106434e+00
1.448314305520882028e+00
1.470466853975504584e+00
1.467872366840262011e+00
1.452994420790938879e+00
1.445458278997071133e+00
1.441527254816434622e+00
1.456078475559997143e+00
1.457639088992189080e+00
1.475078862799893642e+00
1.469388730394279863e+00
1.465797592153613493e+00
1.451001114769741696e+00
1.456202986382577835e+00
1.455615692234211167e+00
1.451918665156966881e+00
1.417786748035013256e+00
1.414700164130892057e+00
1.407098075232617429e+00
1.401571570678559420e+00
1.397203600734358897e+00
1.402594365847017688e+00
1.426119270193715538e+00
1.426751281623521272e+00
1.438717589709999745e+00
1.443876953463992807e+00
1.426823798633419793e+00
1.414617195038867514e+00
1.402056996812320655e+00
1.393983801392157718e+00
1.405666880472528302e+00
1.418549531995518365e+00
1.398723175659595919e+00
1.394345587314758328e+00
1.374641787490104905e+00
1.362057777824635219e+00
1.351822778496544863e+00
1.351987552755157029e+00
1.333668696714866542e+00
1.354892915378542506e+00
1.358009686228409008e+00
1.385558904679162096e+00
1.389811195562203228e+00
1.399291576209622745e+00
1.398094265784806334e+00
1.385007590796355936e+00
1.372548591906230575e+00
1.362344451612878871e+00
1.364750213491763065e+00
1.347919692029100114e+00
1.353252901921554230e+00
1.366461236860828876e+00
1.352899607038158480e+00
1.363844395174673263e+00
1.366597018592342172e+00
1.365523110602206991e+00
1.340835310850761353e+00
1.345367288276825279e+00
1.370044796638693052e+00
1.371036310119917001e+00
1.374277955816710639e+00
1.377267659272690903e+00
1.387576428722215649e+00
1.400072707563084773e+00
1.376610921903709039e+00
1.379265619478280414e+00
1.371862698664962910e+00
1.359360213256685768e+00
1.354051238228334730e+00
1.361737114262857595e+00
1.370289586844836593e+00
1.381416165417685527e+00
1.374635735155475214e+00
1.363093878864296560e+00
1.381951915394245667e+00
1.366166333563694879e+00
1.356935509493872427e+00
1.385514333676079124e+00
1.394059713206001305e+00
1.410670549807159890e+00
1.400751012172444909e+00
1.407195196097227763e+00
1.414776563590868674e+00
1.423815281981517966e+00
1.421631313769408989e+00
1.429597250309794454e+00
1.419557327952883474e+00
1.436773683920648859e+00
1.429114250698463762e+00
1.430535512640083162e+00
1.410135077911867096e+00
1.422882380531558022e+00
1.429290798239551075e+00
1.429634348822935941e+00
1.443004799990530218e+00
1.435335770785848286e+00
1.438079405675063205e+00
1.437676703254619381e+00
1.427477266473303530e+00
1.421160533789773472e+00
1.420001835269266266e+00
1.421392884626265563e+00
1.409795121137180196e+00
1.390172668379635823e+00
1.394404756810721624e+00
1.385550826043252304e+00
1.381353231989797647e+00
1.374916716794692073e+00
1.347640314356041813e+00
1.329318245379103036e+00
1.318849572206211906e+00
1.343739737497924525e+00
1.316154888628206177e+00
1.307413950514878742e+00
1.305796582928585803e+00
1.323362885476695672e+00
1.334306261718058773e+00
1.318215479633657594e+00
1.305897487794248635e+00
1.297434491009901381e+00
1.289864361338937560e+00
1.275178986946688964e+00
1.282247565174838400e+00
1.290114872894111864e+00
1.267524820461644275e+00
1.265868206068933688e+00
1.263787054777851582e+00
1.270931944883183062e+00
1.259261170577786082e+00
1.261934301575505790e+00
1.263861021444931731e+00
1.279320167954642873e+00
1.285448843916926931e+00
1.300488759237065528e+00
1.329099798877543925e+00
1.354315539600863927e+00
1.324789407890121229e+00
1.319512260945708171e+00
1.315808186925813583e+00
1.323796500388037423e+00
1.304638779337614407e+00
1.281379740450250493e+00
1.282609299528928881e+00
1.291337270829831185e+00
1.278723901346347613e+00
1.276568667890455977e+00
1.274093632513897401e+00
1.279398200597507307e+00
1.277575245011739913e+00
1.298174160865420257e+00
1.321187554842951917e+00
1.312036683184460983e+00
1.287877224584193403e+00
1.310916715105715946e+00
1.314151756817364625e+00
1.323393032607329989e+00
1.323898345210139382e+00
1.312208994924958683e+00
1.295666932182778508e+00
1.282681625327816599e+00
1.280539348711737135e+00
1.284747584045454305e+00
1.312601500157076329e+00
1.322729390205572342e+00
1.318655585593832447e+00
1.326013076460613505e+00
1.344293069290307452e+00
1.343676969423413414e+00
1.352612317551035392e+00
1.381389122552679538e+00
1.407536948374902730e+00
1.407968460734087435e+00
1.406579035570691971e+00
1.412624357228321470e+00
1.382230340015131675e+00
1.362418737049892137e+00
1.378846480133627539e+00
1.358577878339298772e+00
1.338796225353325209e+00
1.334990577966083558e+00
1.323547889181337256e+00
1.311821875972695173e+00
1.313251836364494274e+00
1.322140233775170870e+00
1.317056374336760260e+00
1.318141168455066348e+00
1.342072576400232586e+00
1.334255146832554528e+00
1.344952120931233397e+00
1.350415161197881853e+00
1.349860801523893983e+00
1.325540448733357746e+00
1.333202576021722763e+00
1.335486101098148914e+00
1.305225037390936427e+00
1.291862523192410572e+00
1.298073558103371772e+00
1.296186786923939627e+00
1.297276974124379922e+00
1.307348441117117455e+00
1.294664824080008048e+00
1.293729331011097328e+00
1.320151519136793627e+00
1.335008098010327826e+00
1.334212573300725291e+00
1.365950216069123258e+00
1.363812276616814367e+00
1.378562498010446946e+00
1.370952185323418338e+00
1.384212503812353612e+00
1.380180299174836422e+00
1.368235460769116951e+00
1.359322385322779381e+00
1.383781953148268240e+00
1.370855672272719206e+00
1.373259990724998936e+00
1.394443935601175966e+00
1.402101995071142637e+00
1.367929881055808483e+00
1.360956777407495988e+00
1.368266755395778800e+00
1.365828126754385474e+00
1.371985104864850147e+00
1.381750285901222508e+00
1.395340217184294573e+00
1.420253178402733463e+00
1.418049049699884767e+00
1.407142841510642395e+00
1.431047582681332031e+00
1.401639491792423753e+00
1.380859253292438416e+00
1.384000681094279539e+00
1.408996727595561937e+00
1.424076961970728084e+00
1.446825812021439006e+00
1.431959881024020387e+00
1.417803077710738657e+00
1.396387820693500537e+00
1.345318785814156204e+00
1.368489790350628788e+00
1.368183719158205580e+00
1.359743034646742066e+00
1.363372465689411062e+00
1.388757066170344556e+00
1.392272321015849412e+00
1.390557851133177980e+00
1.377095893416436345e+00
1.364945669546451468e+00
1.338472093353309855e+00
1.329133858156140713e+00
1.329540502887629483e+00
1.342150276704756173e+00
1.337472419878378282e+00
1.301339361652259274e+00
1.308314690525516300e+00
1.308450761488412217e+00
1.307894863974772059e+00
1.278283178975656575e+00
1.275342904192838134e+00
1.241114920120895082e+00
1.251002882183933185e+00
1.249831527321981550e+00
1.262999005515715423e+00
1.289083036302613117e+00
1.280060471454616211e+00
1.304962416224014099e+00
1.299751269489863414e+00
1.287474867262395462e+00
1.282830475882946519e+00
1.285707500004927839e+00
1.274714747868400000e+00
1.285375866904908460e+00
1.293804342928501550e+00
1.295657997030529973e+00
1.308937887239371101e+00
1.289381706501728120e+00
1.272587977964139361e+00
1.276793052070250178e+00
1.285443388061780157e+00
1.282397665798796549e+00
1.288918748920782731e+00
1.306937895187940235e+00
1.312064850127363069e+00
1.304497919762871216e+00
1.317182954840598663e+00
1.298987240505044438e+00
1.300851828203360316e+00
1.311350479042339146e+00
1.313900533126785453e+00
1.303046437620721143e+00
1.296461240209473065e+00
1.287162448407559667e+00
1.291215001008715557e+00
1.285456330315962514e+00
1.304817851813071750e+00
1.317340753920978047e+00
1.325145792345530094e+00
1.330169391682783919e+00
1.359714372589914566e+00
1.364070442625621604e+00
1.381898744773070398e+00
1.394308970472938114e+00
1.405258330067090444e+00
1.424243873513742376e+00
1.445851203838851795e+00
1.456804500438729555e+00
1.445234796390933552e+00
1.459094703378935876e+00
1.463758627733158457e+00
1.458523872740429050e+00
1.455828340085529193e+00
1.472895603927710795e+00
1.452500732221759350e+00
1.447194088208765050e+00
1.457838905822889108e+00
1.457988342305316598e+00
1.477384588983107205e+00
1.482137067373410444e+00
1.493562884021987669e+00
1.488797845086633265e+00
1.487313727226108773e+00
1.476774226263756207e+00
1.471098159001277716e+00
1.458927054183147831e+00
1.469164316392491898e+00
1.444028435627934259e+00
1.437026162723653799e+00
1.424106419398610157e+00
1.407125582556248089e+00
1.412960129472347059e+00
1.395362310724166166e+00
1.387187948916690505e+00
1.363616039061782859e+00
1.380102994519494253e+00
1.385616400141787663e+00
1.414901566465551541e+00
1.406041989857659047e+00
1.417335666336806410e+00
1.399718511282166400e+00
1.403742968457881712e+00
1.391391931246945379e+00
1.389225452246202197e+00
1.387935382982213195e+00
1.383050420571670269e+00
1.397099808110026320e+00
1.408265295304847786e+00
1.401343646277967370e+00
1.409061186131556065e+00
1.406271365803809070e+00
1.390732003655547944e+00
1.425774531705792159e+00
1.417762685296020342e+00
1.432549220341986729e+00
1.442717492577608285e+00
1.431731553840886795e+00
1.450267887443140280e+00
1.464772204374475972e+00
1.480344157194737775e+00
1.446456605234623050e+00
1.438872682376209911e+00
1.429487125383292367e+00
1.423463241639119303e+00
1.427161597606018129e+00
1.462778706832969622e+00
1.462353979944262861e+00
1.470809184247770185e+00
1.464632207143661713e+00
1.466168180319369130e+00
1.470947486686442929e+00
1.455076429705187691e+00
1.452944514184423275e+00
1.474132463801848703e+00
1.456162449647402601e+00
1.438269885569145590e+00
1.429208457720182235e+00
1.408042554626337983e+00
1.404885857087129875e+00
1.426872962715479698e+00
1.419454288562929101e+00
1.415196299826506854e+00
1.402386274417683154e+00
1.384604052634550220e+00
1.408949427596484005e+00
1.427154815903352247e+00
1.440770405029759171e+00
1.450283917511003384e+00
1.464512327212381448e+00
1.465179211004337567e+00
1.460164233236716180e+00
1.456188893425969244e+00
1.447129009115511789e+00
1.468600052930237876e+00
1.479566309505511379e+00
1.450035226491872997e+00
1.454332486217353670e+00
1.443041989215089860e+00
1.458941633728227938e+00
1.470037367004720430e+00
1.494241280125460092e+00
1.481939669094037626e+00
1.487350661743427116e+00
1.496519530548444665e+00
1.471701856545916787e+00
1.470235807119131710e+00
1.476104806968131733e+00
1.476724782446714235e+00
1.486818345058020574e+00
1.453085003872438330e+00
1.460338497324412677e+00
1.450485258305333147e+00
1.455370583095082493e+00
1.456307408792253399e+00
1.471501504380582359e+00
1.453053383728023951e+00
1.450872054515167431e+00
1.440038252855557976e+00
1.438944651425762444e+00
1.431843180572746510e+00
1.445763796218439756e+00
1.457546405199869222e+00
1.464304104100283999e+00
1.447990373639518769e+00
1.435226764127946364e+00
1.422355629117813214e+00
1.428487676883376745e+00
1.427414987541775204e+00
1.445735555941790151e+00
1.451798925944607133e+00
1.462923143986004204e+00
1.459943113755577171e+00
1.455107149913421383e+00
1.439688903423968602e+00
1.446564302449389272e+00
1.444778945789487734e+00
1.446768129407058456e+00
1.442380362310702990e+00
1.428658691315248586e+00
1.440463872605788564e+00
1.447861366257887417e+00
1.457559521930169133e+00
1.479960721966670611e+00
1.468083833967183116e+00
1.467907887340645257e+00
1.479466877914755063e+00
1.472692564835800022e+00
1.466005731726293781e+00
1.445322865159688996e+00
1.455214061876590748e+00
1.456457650251891112e+00
1.473209608856255404e+00
1.474741056027393693e+00
1.457883484890848624e+00
1.466638439112074144e+00
1.471525079592361562e+00
1.459616849182134413e+00
1.444014597423663115e+00
1.478237453209838792e+00
1.484624981556180057e+00
1.474880018280556815e+00
1.478958450759183529e+00
1.468440124751960951e+00
1.472658765345308929e+00
1.430961472128376322e+00
1.439961313321339365e+00
1.438020111659500611e+00
1.412700354039055251e+00
1.413999412622751084e+00
1.419209062134644705e+00
1.421473678644624705e+00
1.423457680008249460e+00
1.414316692677232590e+00
1.432002166645778285e+00
1.449699147140465438e+00
1.445834438999427540e+00
1.439799083191550366e+00
1.448379690147972854e+00
1.462766875407687017e+00
1.460546544902082688e+00
1.459693345112759166e+00
1.459613394837818268e+00
1.487500194037935763e+00
1.478041996826354953e+00
1.483341749321280156e+00
1.486208436163046320e+00
1.483487159894789631e+00
1.483162124341646404e+00
1.500073533091218270e+00
1.533163714695328528e+00
1.519760307994646453e+00
1.533331411693966695e+00
1.573918541065606469e+00
1.582071315454638860e+00
1.550123140745562678e+00
1.555418975038047380e+00
1.548958272876758357e+00
1.563238713579443884e+00
1.586854123769912528e+00
1.587272951123721576e+00
1.608166474118878808e+00
1.612697336951505411e+00
1.615002671514333965e+00
1.591291592797989152e+00
1.557433632750777175e+00
1.546258217391335954e+00
1.573951675232655223e+00
1.572059900461793669e+00
1.565482516668081248e+00
1.544830787275539796e+00
1.556774301773423019e+00
1.555968735236456402e+00
1.559114083310749299e+00
1.542735063067375734e+00
1.540043781803910772e+00
1.523529728119642490e+00
1.511911353170111383e+00
1.487583698138978283e+00
1.494638485807919803e+00
1.517230193943815975e+00
1.504097876894799901e+00
1.498507095238640563e+00
1.472481625936874483e+00
1.476231805091178684e+00
1.466504879128631034e+00
1.464943111776129347e+00
1.456635380760070708e+00
1.462364375226704816e+00
1.472335503047167871e+00
1.494619701522556188e+00
1.494461436442063418e+00
1.474663240484507920e+00
1.465756956392389565e+00
1.456830540516365957e+00
1.471713176259389133e+00
1.454210519972551907e+00
1.454829921562740935e+00
1.450514955995300115e+00
1.449786494348108024e+00
1.443641081612353938e+00
1.477480405551688358e+00
1.469660862591376516e+00
1.487587963287916093e+00
1.485766462419400913e+00
1.489310791089678121e+00
1.497569799866476314e+00
1.489926173269973342e+00
1.508133844158208836e+00
1.493658720830714826e+00
1.491047362746051652e+00
1.486489380016127404e+00
1.487077749790503889e+00
1.482604963700216771e+00
1.471340254136000780e+00
1.465472917633959593e+00
1.471774530060758757e+00
1.459326272900329791e+00
1.443614813351215220e+00
1.467895482370789484e+00
1.461445077696055916e+00
1.448310726467956000e+00
1.442661943165321592e+00
1.440855598466316279e+00
1.433268004026776454e+00
1.425713759743341580e+00
1.406195398524088924e+00
1.400782134570924375e+00
1.379535958463921963e+00
1.363408749645968365e+00
1.361080067916892178e+00
1.357851877717336064e+00
1.373849213266878699e+00
1.376483640501342975e+00
1.385732053085443560e+00
1.369394125750945435e+00
1.370939508238664395e+00
1.376309875356043877e+00
1.351589301639014806e+00
1.357795019186322838e+00
1.370442158479629358e+00
1.361790176511145756e+00
1.376610533896991839e+00
1.388896617470238848e+00
1.363229260584373659e+00
1.362423142363104578e+00
1.383806410431745570e+00
1.403008783866904974e+00
1.401263262097775186e+00
1.406228791989181826e+00
1.431670351305904143e+00
1.444367989195477708e+00
1.459037945017259252e+00
1.470553000430435242e+00
1.489075002292099548e+00
1.501120540596958541e+00
1.521064200819996826e+00
1.511059076398244105e+00
1.505399363656706901e+00
1.461319422369415255e+00
1.454998013109963129e+00
1.453622191574567069e+00
1.440320367280506497e+00
1.472855687929980784e+00
1.460037166624128080e+00
1.464601693007051786e+00
1.478625718614938078e+00
1.485249346230447465e+00
1.489640085105488065e+00
1.506266773092595601e+00
1.489771340005212830e+00
1.476979186362770813e+00
1.454068187381593269e+00
1.457373853542994091e+00
1.472987524043920970e+00
1.447336512419453936e+00
1.440666964797086003e+00
1.421034093766986528e+00
1.410010471697506818e+00
1.393845701061614539e+00
1.383787190938799094e+00
1.362598177844244196e+00
1.362209280143564349e+00
1.351926613916033526e+00
1.371616123968903311e+00
1.403429292760899116e+00
1.394546841773009360e+00
1.406889010204747770e+00
1.396913346000404399e+00
1.394840133653795000e+00
1.384263750700835516e+00
1.402816235706926262e+00
1.426644169006301865e+00
1.414518577843286939e+00
1.410714487756498547e+00
1.419527726239411036e+00
1.457284115739531316e+00
1.478686844393077182e+00
1.477796037348420688e+00
1.464613681067741036e+00
1.475644662140356500e+00
1.483428847345973356e+00
1.482750087325203525e+00
1.473088302476213363e+00
1.482990421363987954e+00
1.479019009641043381e+00
1.488016485585582416e+00
1.488043235626612448e+00
1.500152947246355284e+00
1.522357445294076683e+00
1.522337464891976744e+00
1.518551006173723961e+00
1.524096145957549719e+00
1.515723976051395416e+00
1.514266145586846690e+00
1.511027931678832203e+00
1.483858449863255435e+00
1.467531557385218566e+00
1.500596223102789617e+00
1.493831819485696544e+00
1.508902948705279856e+00
1.488418579548594023e+00
1.468421256857413093e+00
1.459671174322907161e+00
1.476793591462957078e+00
1.466997694975888278e+00
1.455478745897543780e+00
1.460018614460678155e+00
1.476140285960965581e+00
1.444828785473473376e+00
1.429641655439154668e+00
1.443042958006376608e+00
1.469073728625694741e+00
1.496300319530953438e+00
1.468502738117582140e+00
1.451709540443076429e+00
1.476864879366655670e+00
1.458782361101322200e+00
1.477035029391319476e+00
1.506653882806330058e+00
1.511474862089723814e+00
1.521219192189853020e+00
1.493088532713206629e+00
1.470549351619492739e+00
1.496196041879919170e+00
1.499922103992191946e+00
1.477730951761030420e+00
1.477702670029743315e+00
1.510189780228391232e+00
1.505204182888171038e+00
1.508565045062501220e+00
1.522363455626703166e+00
1.528439329190008245e+00
1.527766771689544445e+00
1.548207838816897164e+00
1.580908680713428716e+00
1.581178068146823490e+00
1.577547251057841660e+00
1.541790419616184682e+00
1.544195345034089284e+00
1.546964982878040518e+00
1.548257155400761365e+00
1.546587721634623325e+00
1.521454275898402653e+00
1.510615835249494276e+00
1.507474609521929798e+00
1.523032751670574170e+00
1.554468660138926595e+00
1.547177579657552204e+00
1.527408133957403935e+00
1.513095706052896006e+00
1.531148449384935883e+00
1.534757754149063347e+00
1.517829858012213817e+00
1.511623594606590126e+00
1.496997374672208059e+00
1.483710973819101220e+00
1.497856383872972819e+00
1.512431283649267710e+00
1.536237546246091323e+00
1.514944884338318865e+00
1.501514083758868523e+00
1.486075493820237625e+00
1.494545771686857982e+00
1.484372076878757607e+00
1.467466785759488745e+00
1.460340722141697301e+00
1.454411448197324930e+00
1.483792068635679584e+00
1.496915232705609888e+00
1.498872255467146308e+00
1.495210365627453353e+00
1.494582210253137866e+00
1.497065434761055247e+00
1.501083965225142425e+00
1.492777782667992437e+00
1.476239174599894399e+00
1.492042149880276058e+00
1.484064496801253297e+00
1.478542698271164912e+00
1.479968144601445212e+00
1.489398189437520337e+00
1.490684231797446913e+00
1.468915267701473404e+00
1.453698042236476917e+00
1.465433098423323033e+00
1.457072333709103829e+00
1.451867796212868100e+00
1.451848919798458537e+00
1.481842271012598911e+00
1.498493728156685911e+00
1.493547734530281890e+00
1.524967226859132996e+00
1.509130502373736915e+00
1.516406717700530926e+00
1.503138663040717304e+00
1.491202475911013181e+00
1.462182981344360977e+00
1.464990712060775468e+00
1.466413740116679243e+00
1.471052429697603969e+00
1.470311658019103795e+00
1.471307275466532616e+00
1.485678355886519642e+00
1.487262988308097889e+00
1.495023939802398338e+00
1.483858352104443279e+00
1.479576285871760044e+00
1.509093772446366000e+00
1.497231930985044146e+00
1.506885281193945270e+00
1.519762924446955932e+00
1.516754790766006611e+00
1.516028058958410085e+00
1.487461938585787236e+00
1.494328826149280198e+00
1.508015621503118187e+00
1.505907681817980182e+00
1.488660942655350539e+00
1.469190191335659756e+00
1.484860714578804641e+00
1.506354828804990165e+00
1.519742356045749032e+00
1.514762560563249094e+00
1.509158255442079932e+00
1.509402406222640103e+00
1.519158982180651929e+00
1.485943965803021793e+00
1.485269065906863251e+00
1.468138530055884017e+00
1.473454857201601076e+00
1.476663223863750485e+00
1.459356579299889933e+00
1.433635239945576290e+00
1.445511222015535058e+00
1.437334330123286597e+00
1.427422873993156482e+00
1.427069503685488572e+00
1.442419849994513337e+00
1.454364260509424023e+00
1.450261913304647265e+00
1.440578451869901411e+00
1.427939168475894194e+00
1.419927993407998912e+00
1.433721988507306255e+00
1.415924753279515835e+00
1.399365723204444967e+00
1.368822598490889719e+00
1.376045855747226820e+00
1.365168230978691222e+00
1.373422072531928828e+00
1.391557606137588499e+00
1.417632158691601418e+00
1.400143514458037863e+00
1.413693123825259246e+00
1.400198750551326254e+00
1.398157668135492804e+00
1.419414721944391999e+00
1.415302832052058424e+00
1.425280515439690587e+00
1.427405847782776016e+00
1.443752462575093709e+00
1.462741606865907817e+00
1.449181019261354786e+00
1.431964042014661542e+00
1.432736794633644672e+00
1.402880861464875784e+00
1.399615911281834491e+00
1.413412689005238532e+00
1.397951593400092118e+00
1.397284677838609879e+00
1.389625195464057050e+00
1.429787063479583287e+00
1.417239443877895466e+00
1.430445859229704242e+00
1.418250418168850890e+00
1.399155960653136743e+00
1.394952269874158102e+00
1.402943816265071586e+00
1.404227987356735152e+00
1.426284095258993467e+00
1.445933426180311843e+00
1.423627520844890748e+00
1.417524738986522426e+00
1.408020722338797937e+00
1.414659248181771911e+00
1.404472261519835508e+00
1.402261370527429163e+00
1.407311774810207528e+00
1.418930829671359639e+00
1.414715430224660508e+00
1.426914736903673875e+00
1.445149224744842309e+00
1.453069083745461176e+00
1.455540316442062831e+00
1.471267818921054182e+00
1.481041411572069810e+00
1.476171310062915243e+00
1.489555837063341714e+00
1.504115511832693874e+00
1.508979146235452928e+00
1.507590234619816005e+00
1.512886973988491146e+00
1.512392136482142213e+00
1.509172920828738995e+00
1.492514000699069809e+00
1.460683215220301312e+00
1.473120710288179813e+00
1.485124622304898168e+00
1.495840746228855878e+00
1.482182679536364400e+00
1.491412308053758462e+00
1.493010441887684836e+00
1.477549784524011312e+00
1.484230306162419577e+00
1.498970276728593509e+00
1.529770414859976890e+00
1.516855221870620829e+00
1.521296039786194321e+00
1.516920775293559176e+00
1.538299410041817028e+00
1.534460768158733446e+00
1.549432516937095494e+00
1.557975268840442462e+00
1.542426368760794197e+00
1.557256467349878104e+00
1.577114112576642579e+00
1.574861259631514576e+00
1.592242027829645856e+00
1.599686740644228777e+00
1.604565882872934779e+00
1.626803783999763997e+00
1.618118949497719061e+00
1.617734206422932086e+00
1.602005357191546242e+00
1.593967783171630570e+00
1.583786342365175903e+00
1.561025922411201527e+00
1.566437116033311483e+00
1.565642655993895849e+00
1.552428925449359065e+00
1.540632973287421326e+00
1.536791089532292265e+00
1.506748601529672493e+00
1.494166665926031090e+00
1.493906084178544980e+00
1.489514041893781782e+00
1.456216341808858505e+00
1.445056593230430453e+00
1.443172234997521119e+00
1.420779225034147109e+00
1.393771900495634375e+00
1.395530905688296741e+00
1.387940349572244880e+00
1.403305531311511034e+00
1.407415307920202974e+00
1.398760457888029940e+00
1.405463464176332833e+00
1.419019760792057827e+00
1.407039721098779061e+00
1.428886222612250512e+00
1.428551733639516153e+00
1.433886534557983872e+00
1.431176364884037433e+00
1.422468520444215123e+00
1.436048088876858975e+00
1.421573973230729759e+00
1.416876404289576730e+00
1.442160426011136032e+00
1.467670986559752144e+00
1.445877631515290584e+00
1.438403363576561622e+00
1.458984503331056892e+00
1.465970001344762075e+00
1.484345187578162806e+00
1.496327723595508585e+00
1.504653667267708661e+00
1.493875288262079826e+00
1.503483634758124632e+00
1.504681892080054428e+00
1.514709970801934480e+00
1.512669619190607051e+00
1.525759768144160589e+00
1.516546139028932982e+00
1.536824714227506883e+00
1.518144675488507511e+00
1.505427479406755475e+00
1.525300595897461697e+00
1.531911011662899336e+00
1.538143506622412504e+00
1.509235497026536921e+00
1.520273527481240006e+00
1.511537163972220821e+00
1.513311743292040434e+00
1.492970713726800014e+00
1.488802726919256525e+00
1.493541239373460838e+00
1.469101190278262914e+00
1.463559620517766113e+00
1.453714995049113057e+00
1.464780027743300295e+00
1.476301020739069436e+00
1.473357760016146933e+00
1.460261917441594504e+00
1.447488369785802309e+00
1.452627495967623972e+00
1.457109089396908308e+00
1.433835620669212663e+00
1.430347676022545089e+00
1.426654039740674396e+00
1.408881939001974448e+00
1.430056736255140848e+00
1.427062694312280389e+00
1.427245361748749941e+00
1.421390763983974237e+00
1.436414619318007624e+00
1.418521022593563607e+00
1.421786167773098519e+00
1.416999100573867798e+00
1.420638064226452446e+00
1.413640723065413995e+00
1.429791473752382025e+00
1.445490730119560085e+00
1.442374155049685136e+00
1.438674732925706357e+00
1.417703451642722268e+00
1.396351098338641350e+00
1.404212556330969974e+00
1.392362708099736057e+00
1.393485265389762029e+00
1.377080142798214446e+00
1.381416595924766400e+00
1.393094213543075277e+00
1.405755685204590710e+00
1.399351669650212626e+00
1.422206299709719568e+00
1.407787194692240673e+00
1.394858629791299043e+00
1.387194070568806836e+00
1.391120791121882583e+00
1.387947031133382136e+00
1.420371418423942655e+00
1.431839778033980215e+00
1.423120242516601408e+00
1.419318879222982721e+00
1.433072320585684789e+00
1.406006021723097188e+00
1.432996275582059997e+00
1.421995727824627354e+00
1.427813131805466096e+00
1.441064209037680843e+00
1.445482302156365417e+00
1.432195026867326249e+00
1.440775346935805779e+00
1.415837462309157413e+00
1.407822975176108216e+00
1.397519251730111822e+00
1.387131199084196798e+00
1.360195165362520608e+00
1.372483991654736002e+00
1.382382628301986216e+00
1.376407894642109664e+00
1.378837612692109138e+00
1.395724536162494145e+00
1.397546957786653721e+00
1.403456568796129345e+00
1.393022796725868595e+00
1.398710954556445785e+00
1.422199470656913656e+00
1.412183543673781516e+00
1.404573093701066533e+00
1.433638593920786075e+00
1.404581602373267790e+00
1.405243683340383409e+00
1.395596983387875190e+00
1.383151980763726696e+00
1.391453709583335474e+00
1.388272300671963055e+00
1.393489338035638792e+00
1.425775491199983591e+00
1.445063804071183400e+00
1.458156668138898659e+00
1.450347297831339866e+00
1.461348435194808726e+00
1.456592509898276377e+00
1.449669529475335228e+00
1.442855175058353145e+00
1.425724177343469012e+00
1.413350925781542422e+00
1.410102984412300087e+00
1.419647488914703937e+00
1.416312640258414524e+00
1.390200175909613423e+00
1.374938148288920914e+00
1.376781630284947155e+00
1.381061664172639647e+00
1.362194126023696938e+00
1.358796378224407908e+00
1.379775896996122020e+00
1.377698628523434499e+00
1.373838241262814730e+00
1.379312663125809690e+00
1.408075745419242075e+00
1.410154391427204335e+00
1.386826089169656218e+00
1.399197029444595453e+00
1.392024963480318789e+00
1.395735213894155002e+00
1.406525060667278337e+00
1.398354045306623439e+00
1.389923722033756359e+00
1.401608536493637702e+00
1.402587903804456415e+00
1.391971496348179071e+00
1.389005645251659038e+00
1.379112939126051263e+00
1.390526397003035708e+00
1.402794692305527002e+00
1.411181068785484438e+00
1.419878076424327284e+00
1.421999522981908459e+00
1.424820261481045458e+00
1.431305135974509923e+00
1.420131523456776179e+00
1.431486089203090728e+00
1.432858416047444905e+00
1.422371884016649712e+00
1.422379280462266360e+00
1.419954583080038413e+00
1.432929520930678047e+00
1.422091591190677073e+00
1.411824587360864802e+00
1.413748100572321809e+00
1.426913464198607429e+00
1.453133032011011405e+00
1.469544157753992719e+00
1.470125610885967493e+00
1.485002605516513086e+00
1.512743736606961820e+00
1.528558904810027652e+00
1.517614646129995526e+00
1.503708180133405792e+00
1.512244284359426594e+00
1.504984445465208376e+00
1.515523421677535509e+00
1.513908673239727110e+00
1.519846062759161676e+00
1.536307105114717242e+00
1.533851319300615135e+00
1.541863240758076126e+00
1.550530592954473041e+00
1.553776035005234091e+00
1.554945084654487886e+00
1.553491881954085052e+00
1.550675315384232533e+00
1.553565004999522436e+00
1.579516477855950507e+00
1.581172872960563414e+00
1.571571087005561251e+00
1.562678486054838167e+00
1.556331798383367992e+00
1.556465457191148927e+00
1.553249773992389393e+00
1.538282183143508508e+00
1.541939425334034608e+00
1.535127247683642837e+00
1.523288027652120569e+00
1.540812652502242308e+00
1.545811743467896182e+00
1.530466510427179294e+00
1.546336231023193841e+00
1.566245228310909843e+00
1.539841579082552370e+00
1.525817929220258939e+00
1.501192563029679405e+00
1.500650710467387627e+00
1.507990885471931053e+00
1.503174739439966157e+00
1.502933033176365285e+00
1.495735457727705109e+00
1.497991665383785254e+00
