4.017665237188339233e-02
1.172281149774789810e-02
4.816485941410064697e-02
1.157074794173240662e-02
3.363295644521713257e-02
1.584064215421676636e-02
2.052328735589981079e-02
3.763940930366516113e-02
1.440539583563804626e-02
3.560895472764968872e-02
1.929754763841629028e-02
2.918670699000358582e-02
3.043374791741371155e-02
1.497585605829954147e-02
2.941051498055458069e-02
2.147153764963150024e-02
2.379426732659339905e-02
2.359295636415481567e-02
1.806936413049697876e-02
2.685322239995002747e-02
1.519325561821460724e-02
1.973576284945011139e-02
1.454677060246467590e-02
1.737925410270690918e-02
2.064757794141769409e-02
1.609235815703868866e-02
1.671705022454261780e-02
1.215076260268688202e-02
1.747425273060798645e-02
1.664247736334800720e-02
1.633142121136188507e-02
1.558777317404747009e-02
1.257346291095018387e-02
1.520497538149356842e-02
1.331767439842224121e-02
1.307494007050991058e-02
1.532890833914279938e-02
1.202318072319030762e-02
1.598403975367546082e-02
1.767092570662498474e-02
1.086764596402645111e-02
1.536372117698192596e-02
1.784630678594112396e-02
1.750981435179710388e-02
1.661428250372409821e-02
1.502276211977005005e-02
1.304148603230714798e-02
1.782073080539703369e-02
1.122188661247491837e-02
1.294683665037155151e-02
1.615874096751213074e-02
1.693805307149887085e-02
1.736887544393539429e-02
1.219043321907520294e-02
2.253648452460765839e-02
1.307964138686656952e-02
1.753077656030654907e-02
1.649989932775497437e-02
1.587059348821640015e-02
1.671460270881652832e-02
1.237991638481616974e-02
1.426771655678749084e-02
1.828950084745883942e-02
1.449419371783733368e-02
2.091367542743682861e-02
1.069829426705837250e-02
1.416626200079917908e-02
9.672054089605808258e-03
1.480096764862537384e-02
1.135485526174306870e-02
1.446550898253917694e-02
1.449416205286979675e-02
1.311652362346649170e-02
1.160866580903530121e-02
1.337482780218124390e-02
1.291738077998161316e-02
9.059671312570571899e-03
1.408545766025781631e-02
9.382270276546478271e-03
1.335253007709980011e-02
1.412606239318847656e-02
1.257771998643875122e-02
1.117140240967273712e-02
1.271192543208599091e-02
9.419955313205718994e-03
1.181218773126602173e-02
9.655230678617954254e-03
1.357127353549003601e-02
1.204207818955183029e-02
1.094694249331951141e-02
1.562471222132444382e-02
1.310146693140268326e-02
1.628830283880233765e-02
1.172745134681463242e-02
1.854015514254570007e-02
1.378355920314788818e-02
1.134113594889640808e-02
1.893143542110919952e-02
1.003648899495601654e-02
1.841187477111816406e-02
1.334446202963590622e-02
1.411184854805469513e-02
1.335977017879486084e-02
1.112626492977142334e-02
1.237255986779928207e-02
9.932924062013626099e-03
1.064487267285585403e-02
1.056400872766971588e-02
9.989796206355094910e-03
1.197206694632768631e-02
1.188809797167778015e-02
1.218307018280029297e-02
1.086797565221786499e-02
1.260972768068313599e-02
1.110564172267913818e-02
1.568173430860042572e-02
1.141483802348375320e-02
1.352215372025966644e-02
1.178632676601409912e-02
1.127156522125005722e-02
1.281863730400800705e-02
1.078848913311958313e-02
1.116769295185804367e-02
1.411721762269735336e-02
1.141954772174358368e-02
1.345819793641567230e-02
1.089637912809848785e-02
1.406391710042953491e-02
9.276324883103370667e-03
9.171925485134124756e-03
1.267381850630044937e-02
1.122452598065137863e-02
1.123279239982366562e-02
1.015779934823513031e-02
1.252639386802911758e-02
1.348264515399932861e-02
1.889850385487079620e-02
1.049820240586996078e-02
1.243310235440731049e-02
9.338866919279098511e-03
9.312507696449756622e-03
1.344828866422176361e-02
1.473039761185646057e-02
1.259034313261508942e-02
1.105215586721897125e-02
1.495796348899602890e-02
1.401550415903329849e-02
1.316418498754501343e-02
1.100983750075101852e-02
1.372770406305789948e-02
1.295501645654439926e-02
1.443966291844844818e-02
1.483156997710466385e-02
1.065862923860549927e-02
1.304693892598152161e-02
1.057491730898618698e-02
1.129835657775402069e-02
1.392627228051424026e-02
1.208302564918994904e-02
1.615520752966403961e-02
1.467177923768758774e-02
9.401949122548103333e-03
1.010481454432010651e-02
1.311379391700029373e-02
1.494988892227411270e-02
1.086326315999031067e-02
1.440246123820543289e-02
1.384095288813114166e-02
1.239794306457042694e-02
9.892711415886878967e-03
1.308341044932603836e-02
1.690497063100337982e-02
1.363832317292690277e-02
1.712652295827865601e-02
1.687300391495227814e-02
1.900604926049709320e-02
1.490009389817714691e-02
1.633757725358009338e-02
1.249954756349325180e-02
1.495387591421604156e-02
1.909700594842433929e-02
1.866210065782070160e-02
1.327181793749332428e-02
1.439007278531789780e-02
1.594225876033306122e-02
1.155964657664299011e-02
1.040977425873279572e-02
1.219032052904367447e-02
1.234830264002084732e-02
1.120318658649921417e-02
1.442281808704137802e-02
1.247922144830226898e-02
1.107097044587135315e-02
1.295766606926918030e-02
1.166350301355123520e-02
1.140453293919563293e-02
1.457905024290084839e-02
9.374905377626419067e-03
1.032151281833648682e-02
1.263696700334548950e-02
1.075425650924444199e-02
1.095905341207981110e-02
1.256538555026054382e-02
1.066580787301063538e-02
1.321502681821584702e-02
1.312227826565504074e-02
1.140231825411319733e-02
9.837266057729721069e-03
1.444523409008979797e-02
1.276661641895771027e-02
1.386633981019258499e-02
1.073882728815078735e-02
1.047104410827159882e-02
1.362606976181268692e-02
1.090015470981597900e-02
1.179394125938415527e-02
1.053292583674192429e-02
1.508764736354351044e-02
1.219860371202230453e-02
1.036388613283634186e-02
1.306491717696189880e-02
1.568256318569183350e-02
1.192152127623558044e-02
9.777707979083061218e-03
1.057335175573825836e-02
1.167618483304977417e-02
1.025496050715446472e-02
1.092281285673379898e-02
1.171558629721403122e-02
1.134904474020004272e-02
1.014060340821743011e-02
1.223813928663730621e-02
1.195139251649379730e-02
1.257174648344516754e-02
1.090437918901443481e-02
1.343363896012306213e-02
1.104512624442577362e-02
1.384818926453590393e-02
1.123400963842868805e-02
1.398697029799222946e-02
1.033920794725418091e-02
1.302022859454154968e-02
1.112596411257982254e-02
1.263568922877311707e-02
9.763672947883605957e-03
1.224632374942302704e-02
1.198021229356527328e-02
7.962551899254322052e-03
1.483697444200515747e-02
1.288205292075872421e-02
1.531596016138792038e-02
1.488318014889955521e-02
1.495486497879028320e-02
1.336433179676532745e-02
1.184537820518016815e-02
1.447441242635250092e-02
1.124291121959686279e-02
1.278288476169109344e-02
1.250057667493820190e-02
1.056953426450490952e-02
9.817240759730339050e-03
1.051083207130432129e-02
1.261010766029357910e-02
1.146550569683313370e-02
1.368223968893289566e-02
1.140585355460643768e-02
1.222167070955038071e-02
1.343315467238426208e-02
1.153236255049705505e-02
9.519504383206367493e-03
1.224201358854770660e-02
1.270858757197856903e-02
1.233382429927587509e-02
1.170743256807327271e-02
7.251379080116748810e-03
1.593762449920177460e-02
1.015823706984519958e-02
1.145795732736587524e-02
9.505722671747207642e-03
1.075942069292068481e-02
1.223972905427217484e-02
1.468925643712282181e-02
9.100524708628654480e-03
1.064932905137538910e-02
1.176940649747848511e-02
1.065713819116353989e-02
1.524215657263994217e-02
9.552204981446266174e-03
9.706556797027587891e-03
1.325686648488044739e-02
1.306401100009679794e-02
1.174498163163661957e-02
1.030471455305814743e-02
1.134515646845102310e-02
1.012806501239538193e-02
1.526177302002906799e-02
1.043535955250263214e-02
9.800499305129051208e-03
1.183682400733232498e-02
1.039479300379753113e-02
1.420973986387252808e-02
1.327865477651357651e-02
1.196746341884136200e-02
1.134649012237787247e-02
1.055107638239860535e-02
1.031949557363986969e-02
1.159214880317449570e-02
1.285900548100471497e-02
1.114379987120628357e-02
1.177880913019180298e-02
1.348485983908176422e-02
1.105014979839324951e-02
1.232952624559402466e-02
1.011231169104576111e-02
1.344768516719341278e-02
1.110569015145301819e-02
1.002176012843847275e-02
1.320516038686037064e-02
1.220086589455604553e-02
1.179322507232427597e-02
1.187540125101804733e-02
1.083461195230484009e-02
1.391656324267387390e-02
1.148724183440208435e-02
1.273205317556858063e-02
1.431295461952686310e-02
1.278721727430820465e-02
1.121919229626655579e-02
1.215954404324293137e-02
1.383131556212902069e-02
1.070087589323520660e-02
1.344426721334457397e-02
1.436434127390384674e-02
1.243954803794622421e-02
1.252414938062429428e-02
1.218886300921440125e-02
1.081081107258796692e-02
1.310707814991474152e-02
1.099147833883762360e-02
1.110215391963720322e-02
9.463595226407051086e-03
9.950588457286357880e-03
1.515717245638370514e-02
1.045295875519514084e-02
1.277117431163787842e-02
1.140553690493106842e-02
1.241362281143665314e-02
1.190613023936748505e-02
1.052984036505222321e-02
9.154904633760452271e-03
1.280371751636266708e-02
1.462305895984172821e-02
1.122743170708417892e-02
1.567493751645088196e-02
1.159249432384967804e-02
1.047373190522193909e-02
1.040669344365596771e-02
1.114986278116703033e-02
1.427110843360424042e-02
1.053433120250701904e-02
1.018397882580757141e-02
1.251293532550334930e-02
1.159659773111343384e-02
1.075346209108829498e-02
1.244832016527652740e-02
1.075196824967861176e-02
9.352557361125946045e-03
1.298470981419086456e-02
1.235822029411792755e-02
1.181034650653600693e-02
9.610957466065883636e-03
1.063352823257446289e-02
1.247566938400268555e-02
1.008437573909759521e-02
1.175484992563724518e-02
1.258132886141538620e-02
1.529372483491897583e-02
1.216840557754039764e-02
1.238887384533882141e-02
1.488623954355716705e-02
1.023823581635951996e-02
1.492072176188230515e-02
1.198041997849941254e-02
1.046028267592191696e-02
1.122812367975711823e-02
8.683944121003150940e-03
1.317618228495121002e-02
1.237048860639333725e-02
1.114165689796209335e-02
1.049874071031808853e-02
1.222220622003078461e-02
1.317461766302585602e-02
1.884416677057743073e-02
1.060767006129026413e-02
1.467362977564334869e-02
1.030872855335474014e-02
9.969931095838546753e-03
1.297242194414138794e-02
1.248428598046302795e-02
1.435227319598197937e-02
1.485381647944450378e-02
1.238186843693256378e-02
1.282206363976001740e-02
1.370974816381931305e-02
1.626227237284183502e-02
1.021300349384546280e-02
1.119339093565940857e-02
1.092873886227607727e-02
1.609484851360321045e-02
1.398055162280797958e-02
1.017448119819164276e-02
1.117518916726112366e-02
7.748089730739593506e-03
1.305916346609592438e-02
1.249391306191682816e-02
1.275425218045711517e-02
1.112837437540292740e-02
1.098829694092273712e-02
1.311299856752157211e-02
1.253094896674156189e-02
1.362919062376022339e-02
1.086799427866935730e-02
1.188114192336797714e-02
1.191309746354818344e-02
1.164062228053808212e-02
9.218814782798290253e-03
1.132922805845737457e-02
1.267553307116031647e-02
1.061420887708663940e-02
1.433146279305219650e-02
1.165462657809257507e-02
1.758653484284877777e-02
1.215180661529302597e-02
1.256643701344728470e-02
1.187830325216054916e-02
1.934649981558322906e-02
1.606081612408161163e-02
1.322312466800212860e-02
1.185962092131376266e-02
1.176993921399116516e-02
9.264687076210975647e-03
9.838214144110679626e-03
1.206253003329038620e-02
1.087316311895847321e-02
1.239167433232069016e-02
1.181258447468280792e-02
1.250031217932701111e-02
1.110892556607723236e-02
1.155976019799709320e-02
1.017285324633121490e-02
1.150466781109571457e-02
9.989753365516662598e-03
1.748408190906047821e-02
1.144133601337671280e-02
1.363120786845684052e-02
1.411093305796384811e-02
1.216444745659828186e-02
1.149145327508449554e-02
1.233806926757097244e-02
1.004726812243461609e-02
1.185168325901031494e-02
1.263260655105113983e-02
1.133831869810819626e-02
1.102578453719615936e-02
1.185389608144760132e-02
1.221228204667568207e-02
1.551396492868661880e-02
1.197838503867387772e-02
1.530001778155565262e-02
1.169175282120704651e-02
1.075971033424139023e-02
1.091236993670463562e-02
1.114765461534261703e-02
1.183605380356311798e-02
1.317137107253074646e-02
9.940138086676597595e-03
1.176770683377981186e-02
1.297966018319129944e-02
1.011409237980842590e-02
1.164187863469123840e-02
1.088752038776874542e-02
1.257070899009704590e-02
9.587446227669715881e-03
1.173544116318225861e-02
1.162724569439888000e-02
1.418007351458072662e-02
1.007852610200643539e-02
1.101109199225902557e-02
1.080937590450048447e-02
1.012737303972244263e-02
1.197363156825304031e-02
1.198375225067138672e-02
1.255596987903118134e-02
1.118324976414442062e-02
1.067352946847677231e-02
1.349614933133125305e-02
1.069040875881910324e-02
1.188285462558269501e-02
1.228597853332757950e-02
1.124468538910150528e-02
1.173657551407814026e-02
1.507568731904029846e-02
1.274897716939449310e-02
1.137634366750717163e-02
1.604579947888851166e-02
1.392066292464733124e-02
1.754363253712654114e-02
1.579640060663223267e-02
1.251194998621940613e-02
9.501188993453979492e-03
1.137414760887622833e-02
1.266707666218280792e-02
1.500307582318782806e-02
1.370931975543498993e-02
1.308998838067054749e-02
1.161463186144828796e-02
1.037928275763988495e-02
1.291343010962009430e-02
1.150452718138694763e-02
9.529287926852703094e-03
1.254472974687814713e-02
1.065112184733152390e-02
1.136115007102489471e-02
1.111952122300863266e-02
1.635263115167617798e-02
1.357682980597019196e-02
1.001205015927553177e-02
1.067163795232772827e-02
1.338091120123863220e-02
9.167771786451339722e-03
1.054507587105035782e-02
1.250379346311092377e-02
1.208301633596420288e-02
1.082491502165794373e-02
1.077952608466148376e-02
8.962374180555343628e-03
1.173378154635429382e-02
8.671336807310581207e-03
9.179254062473773956e-03
1.383320987224578857e-02
1.202272437512874603e-02
1.499668508768081665e-02
1.831822469830513000e-02
1.398727484047412872e-02
1.039096526801586151e-02
1.099741831421852112e-02
1.144728995859622955e-02
1.168293505907058716e-02
1.313612610101699829e-02
1.103594899177551270e-02
1.129818987101316452e-02
1.379397232085466385e-02
1.511208061128854752e-02
9.917097166180610657e-03
9.160988032817840576e-03
1.430192776024341583e-02
1.262962818145751953e-02
1.164689473807811737e-02
1.183653157204389572e-02
1.197083853185176849e-02
1.292815990746021271e-02
1.214543171226978302e-02
1.179506070911884308e-02
1.117625460028648376e-02
1.728810556232929230e-02
9.450437501072883606e-03
1.254821754992008209e-02
1.144886948168277740e-02
1.385089289397001266e-02
1.251227222383022308e-02
1.230387482792139053e-02
1.110987178981304169e-02
1.152836624532938004e-02
9.022927843034267426e-03
8.207479491829872131e-03
1.349130831658840179e-02
1.246017310768365860e-02
8.919354528188705444e-03
1.090315356850624084e-02
1.354171335697174072e-02
1.198392361402511597e-02
1.002050377428531647e-02
1.310701295733451843e-02
1.171599142253398895e-02
1.413041912019252777e-02
1.095522753894329071e-02
1.204537879675626755e-02
1.023810170590877533e-02
1.398620754480361938e-02
1.364680659025907516e-02
1.090023107826709747e-02
1.235423609614372253e-02
1.456848811358213425e-02
1.009235158562660217e-02
9.976841509342193604e-03
1.410232484340667725e-02
1.001737825572490692e-02
1.049404963850975037e-02
9.457445703446865082e-03
1.180990785360336304e-02
1.288699172437191010e-02
1.179138384759426117e-02
1.057131215929985046e-02
1.154312491416931152e-02
1.051688939332962036e-02
1.167438365519046783e-02
1.098668202757835388e-02
1.026162691414356232e-02
1.018195413053035736e-02
1.353687141090631485e-02
1.143298577517271042e-02
1.140967197716236115e-02
8.822221308946609497e-03
1.023514103144407272e-02
1.008486188948154449e-02
9.597085416316986084e-03
1.075786165893077850e-02
1.419423893094062805e-02
1.534590963274240494e-02
1.537469215691089630e-02
1.128410641103982925e-02
1.441908348351716995e-02
1.022911071777343750e-02
1.529596932232379913e-02
8.711949922144412994e-03
1.392910256981849670e-02
1.157796382904052734e-02
1.656211167573928833e-02
1.071108411997556686e-02
1.444473396986722946e-02
1.238837093114852905e-02
9.867580607533454895e-03
1.398690044879913330e-02
1.303249783813953400e-02
1.540147885680198669e-02
1.039051823318004608e-02
1.442409865558147430e-02
1.333267427980899811e-02
1.834337040781974792e-02
1.242550276219844818e-02
1.126168482005596161e-02
1.094734482467174530e-02
1.834049820899963379e-02
9.273048490285873413e-03
1.254785433411598206e-02
1.476388052105903625e-02
1.157131791114807129e-02
1.125994417816400528e-02
1.207407284528017044e-02
1.039655599743127823e-02
1.353353075683116913e-02
1.244382746517658234e-02
1.482223719358444214e-02
1.142597198486328125e-02
1.082314830273389816e-02
1.478939037770032883e-02
1.340882293879985809e-02
1.240304578095674515e-02
1.388315670192241669e-02
1.236977241933345795e-02
1.379574835300445557e-02
1.266339793801307678e-02
1.164290867745876312e-02
1.110305078327655792e-02
1.040757820010185242e-02
1.893021911382675171e-02
1.242697425186634064e-02
1.706621423363685608e-02
1.412729546427726746e-02
1.590447872877120972e-02
1.153797656297683716e-02
1.869964413344860077e-02
1.332839485257863998e-02
1.629905402660369873e-02
1.147841103374958038e-02
1.299530826508998871e-02
1.314912550151348114e-02
1.234456989914178848e-02
1.314403023570775986e-02
1.627672463655471802e-02
1.279073953628540039e-02
1.937099918723106384e-02
1.895306259393692017e-02
1.206764392554759979e-02
1.336565520614385605e-02
1.274220366030931473e-02
1.404811255633831024e-02
1.301462482661008835e-02
1.393134333193302155e-02
1.225143950432538986e-02
1.440799701958894730e-02
1.236996613442897797e-02
1.402179896831512451e-02
1.307299733161926270e-02
1.307336706668138504e-02
1.377983484417200089e-02
1.201596483588218689e-02
1.016055233776569366e-02
1.385718677192926407e-02
1.174749992787837982e-02
1.337975077331066132e-02
1.314478740096092224e-02
1.155268028378486633e-02
1.369050983339548111e-02
1.059542782604694366e-02
1.738172769546508789e-02
1.179850660264492035e-02
1.406540907919406891e-02
1.000349782407283783e-02
1.518249325454235077e-02
8.990681730210781097e-03
1.721192337572574615e-02
1.356864813715219498e-02
1.835460774600505829e-02
1.032292470335960388e-02
1.985796354711055756e-02
1.316373609006404877e-02
2.055307850241661072e-02
1.192767359316349030e-02
2.485874295234680176e-02
1.553780212998390198e-02
1.294429227709770203e-02
1.161625329405069351e-02
2.153987437486648560e-02
1.128694042563438416e-02
1.217940449714660645e-02
1.277340296655893326e-02
1.199171505868434906e-02
1.222117990255355835e-02
1.173747144639492035e-02
1.920058205723762512e-02
1.341885235160589218e-02
1.261815242469310760e-02
1.422864198684692383e-02
1.276474632322788239e-02
1.373950671404600143e-02
1.257566362619400024e-02
1.360479928553104401e-02
1.375984307378530502e-02
9.865208528935909271e-03
1.785279437899589539e-02
1.285435911267995834e-02
1.521865837275981903e-02
1.269579306244850159e-02
1.288032345473766327e-02
1.099687814712524414e-02
1.767427846789360046e-02
1.192671805620193481e-02
1.152075733989477158e-02
1.313416101038455963e-02
9.808462113142013550e-03
1.315103285014629364e-02
1.074490137398242950e-02
1.157478243112564087e-02
1.213755924254655838e-02
1.219894550740718842e-02
1.139325648546218872e-02
8.416408672928810120e-03
1.136807538568973541e-02
1.304912846535444260e-02
1.300954073667526245e-02
1.226188614964485168e-02
1.378076896071434021e-02
1.173086836934089661e-02
1.510182302445173264e-02
9.869476780295372009e-03
1.097374875098466873e-02
1.065029017627239227e-02
1.465100422501564026e-02
1.023291889578104019e-02
1.310575567185878754e-02
1.071663480252027512e-02
1.342651620507240295e-02
1.409353502094745636e-02
1.248674839735031128e-02
1.663344167172908783e-02
1.150086708366870880e-02
1.425294578075408936e-02
1.235441677272319794e-02
1.250899583101272583e-02
1.320756133645772934e-02
1.085782144218683243e-02
1.313619874417781830e-02
1.333964150398969650e-02
1.076537463814020157e-02
8.990649133920669556e-03
1.069329492747783661e-02
1.123291067779064178e-02
1.218105107545852661e-02
9.923312813043594360e-03
1.380954869091510773e-02
1.241841819137334824e-02
1.341302134096622467e-02
1.268951408565044403e-02
1.130317617207765579e-02
1.510293688625097275e-02
1.984898746013641357e-02
1.283331401646137238e-02
1.437065191566944122e-02
1.332264021039009094e-02
1.176136452704668045e-02
1.463640853762626648e-02
9.435178712010383606e-03
2.703051082789897919e-02
1.107027009129524231e-02
1.408461108803749084e-02
1.595656201243400574e-02
1.325240917503833771e-02
1.554504968225955963e-02
1.660818047821521759e-02
1.488222833722829819e-02
1.349414885044097900e-02
1.361627131700515747e-02
1.233438216149806976e-02
1.568036340177059174e-02
1.245140098035335541e-02
1.443508546799421310e-02
1.591266691684722900e-02
1.331216935068368912e-02
1.105660572648048401e-02
1.131467707455158234e-02
1.661156676709651947e-02
1.366324350237846375e-02
1.174888387322425842e-02
1.883929967880249023e-02
1.383284293115139008e-02
1.703685894608497620e-02
1.530628930777311325e-02
1.101717818528413773e-02
1.502868533134460449e-02
1.242648251354694366e-02
1.432833261787891388e-02
1.137229055166244507e-02
1.214615069329738617e-02
1.682670414447784424e-02
1.399235427379608154e-02
1.209008600562810898e-02
1.339861284941434860e-02
1.405321620404720306e-02
1.184793468564748764e-02
1.164205279201269150e-02
1.363998837769031525e-02
9.721361100673675537e-03
1.266671717166900635e-02
1.007388718426227570e-02
1.423754636198282242e-02
1.288071274757385254e-02
1.513492316007614136e-02
1.591759361326694489e-02
1.382432784885168076e-02
1.527953147888183594e-02
1.230533421039581299e-02
1.146376598626375198e-02
1.257941499352455139e-02
1.276899222284555435e-02
1.207948662340641022e-02
1.107453089207410812e-02
1.114618964493274689e-02
1.036880444735288620e-02
1.025123894214630127e-02
9.239723905920982361e-03
1.063531823456287384e-02
1.246180385351181030e-02
1.123533584177494049e-02
1.329996995627880096e-02
1.159682869911193848e-02
1.078021898865699768e-02
9.009717032313346863e-03
1.318920589983463287e-02
1.258386392146348953e-02
1.319644320756196976e-02
1.040567085146903992e-02
8.379157632589340210e-03
1.292796432971954346e-02
1.063004229217767715e-02
1.011363323777914047e-02
1.150648668408393860e-02
1.475402526557445526e-02
1.079305261373519897e-02
9.488536976277828217e-03
1.251755282282829285e-02
1.274080760776996613e-02
1.391565520316362381e-02
1.140992622822523117e-02
1.082556508481502533e-02
1.161293499171733856e-02
1.188271306455135345e-02
1.228195708245038986e-02
1.227411162108182907e-02
1.193539611995220184e-02
1.145787164568901062e-02
1.621061936020851135e-02
1.338634453713893890e-02
1.509203016757965088e-02
1.076290383934974670e-02
1.700559630990028381e-02
1.356434170156717300e-02
1.333767548203468323e-02
1.503992080688476562e-02
9.914577938616275787e-03
1.349163334816694260e-02
1.542933844029903412e-02
1.636830344796180725e-02
1.551073044538497925e-02
1.449385471642017365e-02
1.359124481678009033e-02
1.459626480937004089e-02
1.224220544099807739e-02
1.046385895460844040e-02
1.197418011724948883e-02
1.225400716066360474e-02
1.200970448553562164e-02
1.184971071779727936e-02
9.805055335164070129e-03
1.267566904425621033e-02
1.201722770929336548e-02
1.114763598889112473e-02
1.350887306034564972e-02
1.815301738679409027e-02
8.865255862474441528e-03
1.379477977752685547e-02
1.146914251148700714e-02
1.381212193518877029e-02
1.079242955893278122e-02
1.647073403000831604e-02
1.083400007337331772e-02
1.265874784439802170e-02
1.059227995574474335e-02
1.285971049219369888e-02
1.115073263645172119e-02
1.164019852876663208e-02
1.583404839038848877e-02
1.379380561411380768e-02
1.514416839927434921e-02
1.088023930788040161e-02
1.451587677001953125e-02
1.351091265678405762e-02
1.194532681256532669e-02
1.529320701956748962e-02
1.156861241906881332e-02
1.612637564539909363e-02
1.018591783940792084e-02
1.255074143409729004e-02
1.784443855285644531e-02
1.218360289931297302e-02
1.450448483228683472e-02
1.253832969814538956e-02
1.309789903461933136e-02
1.430805865675210953e-02
1.114110648632049561e-02
1.472538150846958160e-02
1.414025202393531799e-02
1.446845754981040955e-02
1.419118139892816544e-02
1.253441907465457916e-02
1.143222302198410034e-02
1.130488794296979904e-02
1.043036207556724548e-02
1.227835752069950104e-02
9.760900400578975677e-03
1.136164925992488861e-02
1.434581354260444641e-02
1.313438545912504196e-02
1.205866225063800812e-02
1.046167779713869095e-02
1.267556473612785339e-02
1.359144691377878189e-02
1.109609194099903107e-02
9.600676596164703369e-03
1.467747241258621216e-02
1.015320792794227600e-02
1.037204265594482422e-02
9.703964926302433014e-03
1.219236664474010468e-02
1.193820312619209290e-02
1.114279218018054962e-02
1.310293562710285187e-02
1.211224310100078583e-02
1.210326515138149261e-02
1.158831361681222916e-02
1.384484395384788513e-02
1.105215027928352356e-02
1.505127921700477600e-02
1.006965432316064835e-02
2.096000313758850098e-02
1.270903088152408600e-02
1.386849954724311829e-02
1.581681892275810242e-02
1.615949161350727081e-02
1.623300649225711823e-02
1.335956342518329620e-02
1.812760345637798309e-02
1.302359066903591156e-02
1.812437176704406738e-02
1.255293469876050949e-02
1.883361861109733582e-02
1.173128094524145126e-02
1.411718502640724182e-02
1.362217962741851807e-02
1.160948257893323898e-02
2.143495902419090271e-02
1.752858981490135193e-02
1.552463788539171219e-02
1.447755191475152969e-02
1.408176682889461517e-02
1.422462426126003265e-02
1.415546983480453491e-02
1.876183226704597473e-02
1.127662509679794312e-02
1.210308633744716644e-02
1.742603257298469543e-02
1.926511153578758240e-02
