2.270254120230674744e-02
1.741275936365127563e-02
1.608810573816299438e-02
1.267815101891756058e-02
1.756967231631278992e-02
1.641152426600456238e-02
1.862327754497528076e-02
1.523884292691946030e-02
1.302498858422040939e-02
1.604751870036125183e-02
1.675070635974407196e-02
1.234005019068717957e-02
1.551831793040037155e-02
1.884297654032707214e-02
1.160610932856798172e-02
1.872151717543601990e-02
1.207088399678468704e-02
9.785499423742294312e-03
1.385913323611021042e-02
1.222099084407091141e-02
1.494620554149150848e-02
1.579013839364051819e-02
1.585726812481880188e-02
1.618021912872791290e-02
1.144580729305744171e-02
1.583506539463996887e-02
1.695231348276138306e-02
1.429374329745769501e-02
2.591880597174167633e-02
1.566912792623043060e-02
2.110283821821212769e-02
1.495417021214962006e-02
2.406226098537445068e-02
1.182443834841251373e-02
1.699160784482955933e-02
1.522595901042222977e-02
1.532884128391742706e-02
1.824673078954219818e-02
1.382260024547576904e-02
1.169512607157230377e-02
1.763444580137729645e-02
1.097443886101245880e-02
2.129697054624557495e-02
1.200685743242502213e-02
1.607506722211837769e-02
1.379193738102912903e-02
1.241088472306728363e-02
1.329649239778518677e-02
1.399678736925125122e-02
1.297130249440670013e-02
1.464722491800785065e-02
1.570783555507659912e-02
1.431075669825077057e-02
1.683099567890167236e-02
1.770295761525630951e-02
1.177361048758029938e-02
1.406470872461795807e-02
1.451094262301921844e-02
1.569600589573383331e-02
1.071004569530487061e-02
1.137897185981273651e-02
1.268803607672452927e-02
1.393539458513259888e-02
1.477495487779378891e-02
1.411699131131172180e-02
1.754054054617881775e-02
1.255811378359794617e-02
1.228559482842683792e-02
1.181042566895484924e-02
1.236174814403057098e-02
1.155972480773925781e-02
1.208241656422615051e-02
1.601458713412284851e-02
1.764492131769657135e-02
1.015898864716291428e-02
1.267763134092092514e-02
1.210839953273534775e-02
1.215118169784545898e-02
1.576671749353408813e-02
1.542809233069419861e-02
1.463177427649497986e-02
2.266681194305419922e-02
1.549986377358436584e-02
1.659898087382316589e-02
1.315153762698173523e-02
1.586869731545448303e-02
1.390306279063224792e-02
1.129179075360298157e-02
1.904649287462234497e-02
1.198465190827846527e-02
1.261997316032648087e-02
1.153982430696487427e-02
1.370774209499359131e-02
1.074876729398965836e-02
1.082395762205123901e-02
1.235350593924522400e-02
1.236696541309356689e-02
1.138604711741209030e-02
1.009474694728851318e-02
1.472396962344646454e-02
1.219629123806953430e-02
1.112421788275241852e-02
1.140227261930704117e-02
1.322457939386367798e-02
8.975835517048835754e-03
1.718476042151451111e-02
1.203283574432134628e-02
1.041267812252044678e-02
1.038793660700321198e-02
1.392449066042900085e-02
1.691188663244247437e-02
1.495462190359830856e-02
1.035618223249912262e-02
1.337408367544412613e-02
1.413498818874359131e-02
1.648075319826602936e-02
1.946865022182464600e-02
1.125229150056838989e-02
1.227053999900817871e-02
1.118735410273075104e-02
1.095530949532985687e-02
9.450293146073818207e-03
1.060376130044460297e-02
1.184860616922378540e-02
1.198602840304374695e-02
1.467813085764646530e-02
1.228450424969196320e-02
1.159745268523693085e-02
1.427847612649202347e-02
1.017605327069759369e-02
1.060227770358324051e-02
1.293874066323041916e-02
1.406394597142934799e-02
1.089341938495635986e-02
1.149609871208667755e-02
1.251992397010326385e-02
1.084950659424066544e-02
1.593537628650665283e-02
1.316718384623527527e-02
1.476968917995691299e-02
1.175436750054359436e-02
1.022568996995687485e-02
1.507145538926124573e-02
1.189694833010435104e-02
1.061293110251426697e-02
1.258837990462779999e-02
1.047656685113906860e-02
1.064676698297262192e-02
1.458672806620597839e-02
1.018445007503032684e-02
1.715609803795814514e-02
1.246295683085918427e-02
1.220688782632350922e-02
1.104661263525485992e-02
1.131023280322551727e-02
1.198338903486728668e-02
1.261309999972581863e-02
1.205304265022277832e-02
1.128645893186330795e-02
9.008023887872695923e-03
1.137001533061265945e-02
1.140942238271236420e-02
1.524006202816963196e-02
1.256206445395946503e-02
1.175747253000736237e-02
1.192623376846313477e-02
9.700859896838665009e-03
1.060040108859539032e-02
1.236750837415456772e-02
1.126359589397907257e-02
1.323193870484828949e-02
1.117699965834617615e-02
1.319020427763462067e-02
1.417956687510013580e-02
1.278129220008850098e-02
9.235685691237449646e-03
9.800592437386512756e-03
1.267428975552320480e-02
1.497365720570087433e-02
1.028378028422594070e-02
1.402863860130310059e-02
1.347392797470092773e-02
1.222451031208038330e-02
9.602913632988929749e-03
1.074026152491569519e-02
1.222572848200798035e-02
1.140443421900272369e-02
1.177663449198007584e-02
1.312665082514286041e-02
1.169619150459766388e-02
1.299369893968105316e-02
1.284507010132074356e-02
1.271684467792510986e-02
1.237002667039632797e-02
1.449913065880537033e-02
1.179318781942129135e-02
1.316226460039615631e-02
1.234330795705318451e-02
1.326463744044303894e-02
1.056477054953575134e-02
1.182444952428340912e-02
1.584264263510704041e-02
1.421343069523572922e-02
1.300796680152416229e-02
1.660775952041149139e-02
1.250838208943605423e-02
1.120495982468128204e-02
1.223913021385669708e-02
1.162787899374961853e-02
1.055927667766809464e-02
1.543377898633480072e-02
1.190485432744026184e-02
1.128771435469388962e-02
1.438963972032070160e-02
1.171847619116306305e-02
1.464323140680789948e-02
1.364036370068788528e-02
1.278078090399503708e-02
1.148298196494579315e-02
1.151655428111553192e-02
1.351155713200569153e-02
1.219100970774888992e-02
1.122839376330375671e-02
1.055747736245393753e-02
1.287053339183330536e-02
1.379773486405611038e-02
1.386173442006111145e-02
1.181729510426521301e-02
1.415497623383998871e-02
1.610676571726799011e-02
1.096021197736263275e-02
1.408887468278408051e-02
1.029558200389146805e-02
1.375211123377084732e-02
1.415731199085712433e-02
1.234285533428192139e-02
1.084825769066810608e-02
9.976463392376899719e-03
1.154817547649145126e-02
1.189148146659135818e-02
1.112413592636585236e-02
1.548476982861757278e-02
1.239891815930604935e-02
1.537371613085269928e-02
1.036766543984413147e-02
1.224735099822282791e-02
1.418390870094299316e-02
1.098882034420967102e-02
1.027295831590890884e-02
1.339683588594198227e-02
1.130165066570043564e-02
1.523709855973720551e-02
1.087465789169073105e-02
1.335033960640430450e-02
1.470736134797334671e-02
1.222181878983974457e-02
1.013072021305561066e-02
1.583451777696609497e-02
1.354953646659851074e-02
1.009619422256946564e-02
1.335079502314329147e-02
1.152412127703428268e-02
1.203000545501708984e-02
1.212636660784482956e-02
1.058936771005392075e-02
1.296757999807596207e-02
1.094203349202871323e-02
1.416339725255966187e-02
1.083799358457326889e-02
1.137771829962730408e-02
1.179942302405834198e-02
1.877801120281219482e-02
1.479823142290115356e-02
1.090213097631931305e-02
1.100725121796131134e-02
1.234442275017499924e-02
1.630283147096633911e-02
1.194896455854177475e-02
1.433844119310379028e-02
1.557526830583810806e-02
1.477316021919250488e-02
1.306918449699878693e-02
1.799544319510459900e-02
1.107288617640733719e-02
1.082326192408800125e-02
1.207021437585353851e-02
1.549992430955171585e-02
1.084080059081315994e-02
1.244575530290603638e-02
1.423679292201995850e-02
1.323879137635231018e-02
1.005656644701957703e-02
1.500597223639488220e-02
1.280468050390481949e-02
1.222839299589395523e-02
1.088739465922117233e-02
1.053135376423597336e-02
1.107478700578212738e-02
1.363969966769218445e-02
1.424214430153369904e-02
1.730309426784515381e-02
1.257600635290145874e-02
1.078617945313453674e-02
1.321345847100019455e-02
1.186566334217786789e-02
1.202578749507665634e-02
1.042451150715351105e-02
1.311516202986240387e-02
1.370261143893003464e-02
1.202671602368354797e-02
1.077134720981121063e-02
9.926006197929382324e-03
1.133408956229686737e-02
1.253829710185527802e-02
1.195124164223670959e-02
1.392550766468048096e-02
1.120092067867517471e-02
1.015258021652698517e-02
1.180881820619106293e-02
1.517932303249835968e-02
1.071073859930038452e-02
1.199932396411895752e-02
1.010124385356903076e-02
1.384294591844081879e-02
1.200212351977825165e-02
1.355207059532403946e-02
1.144506968557834625e-02
9.917374700307846069e-03
1.004322618246078491e-02
1.078946143388748169e-02
1.374916359782218933e-02
9.753114543855190277e-03
9.803667664527893066e-03
1.180768944323062897e-02
1.521175168454647064e-02
1.091191731393337250e-02
1.159937493503093719e-02
1.439158059656620026e-02
1.154872402548789978e-02
1.155744586139917374e-02
1.218089461326599121e-02
1.197347324341535568e-02
1.431130897253751755e-02
1.443812623620033264e-02
1.144081540405750275e-02
1.457831263542175293e-02
1.347047649323940277e-02
1.087871007621288300e-02
1.196066476404666901e-02
1.422737352550029755e-02
1.169771701097488403e-02
1.492297183722257614e-02
1.157535240054130554e-02
1.501576136797666550e-02
1.064712367951869965e-02
1.214259769767522812e-02
1.228640973567962646e-02
1.661465130746364594e-02
1.407660171389579773e-02
1.308032218366861343e-02
9.808300063014030457e-03
1.348355133086442947e-02
1.159769296646118164e-02
1.118973270058631897e-02
1.223794277757406235e-02
9.458839893341064453e-03
1.610695756971836090e-02
1.186930481344461441e-02
1.082265283912420273e-02
1.212373003363609314e-02
1.223878003656864166e-02
1.366559229791164398e-02
1.900884509086608887e-02
1.137605030089616776e-02
1.263607293367385864e-02
1.264814659953117371e-02
1.113768108189105988e-02
1.376017462462186813e-02
1.039483025670051575e-02
9.806076996028423309e-03
1.222228445112705231e-02
1.485919393599033356e-02
1.077548973262310028e-02
1.035823859274387360e-02
1.198934763669967651e-02
1.486256718635559082e-02
1.255615055561065674e-02
1.235383562743663788e-02
1.292030978947877884e-02
1.338866166770458221e-02
1.347247324883937836e-02
1.207174733281135559e-02
1.079744193702936172e-02
1.302586868405342102e-02
1.281402725726366043e-02
1.616280153393745422e-02
1.338929496705532074e-02
1.160731352865695953e-02
1.063387468457221985e-02
1.522021181881427765e-02
1.189269591122865677e-02
1.313555520027875900e-02
1.282498333603143692e-02
1.158055290579795837e-02
1.489449292421340942e-02
1.644681766629219055e-02
1.457276009023189545e-02
1.292729843407869339e-02
1.081091351807117462e-02
1.794307492673397064e-02
1.243979856371879578e-02
1.512875687330961227e-02
1.346845179796218872e-02
1.445688679814338684e-02
1.408489048480987549e-02
1.329134684056043625e-02
1.245713606476783752e-02
1.099126692861318588e-02
1.220773439854383469e-02
1.076532341539859772e-02
1.277828682214021683e-02
1.319348998367786407e-02
1.429284643381834030e-02
1.244113035500049591e-02
1.252938807010650635e-02
1.470626890659332275e-02
1.313550397753715515e-02
9.875627234578132629e-03
1.199007220566272736e-02
1.203978620469570160e-02
1.663123443722724915e-02
1.259575597941875458e-02
1.634221151471138000e-02
1.326988823711872101e-02
1.171455904841423035e-02
1.198933459818363190e-02
1.069651730358600616e-02
9.950587525963783264e-03
1.365796476602554321e-02
1.185362413525581360e-02
1.144700869917869568e-02
1.380482874810695648e-02
1.373197790235280991e-02
1.497005671262741089e-02
1.613193750381469727e-02
1.320434641093015671e-02
1.185782905668020248e-02
1.984188146889209747e-02
2.003289759159088135e-02
1.182248070836067200e-02
1.336053665727376938e-02
1.299138460308313370e-02
1.193265710026025772e-02
1.305512152612209320e-02
1.199106685817241669e-02
1.149684097617864609e-02
1.169273722916841507e-02
1.048370078206062317e-02
1.045373640954494476e-02
1.224701572209596634e-02
1.221829466521739960e-02
1.094075478613376617e-02
1.118891872465610504e-02
1.560825016349554062e-02
1.331648323684930801e-02
1.331805903464555740e-02
1.067643333226442337e-02
9.922593832015991211e-03
1.288529299199581146e-02
1.210319809615612030e-02
1.317685656249523163e-02
1.294637937098741531e-02
1.383290626108646393e-02
1.232629269361495972e-02
1.125323679298162460e-02
1.172774285078048706e-02
1.013202778995037079e-02
1.618665084242820740e-02
1.158955693244934082e-02
1.421096548438072205e-02
1.116488315165042877e-02
1.456114649772644043e-02
1.084278710186481476e-02
1.523275114595890045e-02
1.302213035523891449e-02
1.058559212833642960e-02
1.220063306391239166e-02
1.113386638462543488e-02
1.111335586756467819e-02
1.023084949702024460e-02
1.161004882305860519e-02
1.160884834825992584e-02
1.280087232589721680e-02
1.605812460184097290e-02
1.218280196189880371e-02
1.181926019489765167e-02
1.172737777233123779e-02
1.279301010072231293e-02
1.108542270958423615e-02
1.545928604900836945e-02
1.198355667293071747e-02
1.491959393024444580e-02
1.251172553747892380e-02
1.507182978093624115e-02
1.835191994905471802e-02
1.206734869629144669e-02
1.125562191009521484e-02
1.129551604390144348e-02
1.120707299560308456e-02
1.028024591505527496e-02
1.294455304741859436e-02
1.784861646592617035e-02
1.307121664285659790e-02
1.218929793685674667e-02
1.309790275990962982e-02
1.032440550625324249e-02
1.020765490829944611e-02
1.167852804064750671e-02
1.192731782793998718e-02
1.140245981514453888e-02
1.383886393159627914e-02
1.187918521463871002e-02
1.173193752765655518e-02
1.281552761793136597e-02
1.883932389318943024e-02
1.077701617032289505e-02
1.595932804048061371e-02
9.665699675679206848e-03
1.446049474179744720e-02
1.454483345150947571e-02
1.749737933278083801e-02
1.572997123003005981e-02
1.331078633666038513e-02
1.595582440495491028e-02
1.343266759067773819e-02
1.394877210259437561e-02
1.370157860219478607e-02
1.158576924353837967e-02
1.462291926145553589e-02
1.137654483318328857e-02
1.000423822551965714e-02
1.277754176408052444e-02
1.193198747932910919e-02
1.288528367877006531e-02
1.357322838157415390e-02
1.264319941401481628e-02
1.772691309452056885e-02
1.296606753021478653e-02
1.441249810159206390e-02
1.144679449498653412e-02
1.485157385468482971e-02
1.154639385640621185e-02
1.411370001733303070e-02
1.546644140034914017e-02
1.225364021956920624e-02
1.092254836112260818e-02
1.711197942495346069e-02
1.423544902354478836e-02
1.584021560847759247e-02
1.327057462185621262e-02
1.530721597373485565e-02
1.265183463692665100e-02
1.153359003365039825e-02
1.145373657345771790e-02
1.181900501251220703e-02
1.085286960005760193e-02
1.330583635717630386e-02
1.325115282088518143e-02
1.055206824094057083e-02
1.050565112382173538e-02
1.681858114898204803e-02
1.139586698263883591e-02
1.537269353866577148e-02
1.341975759714841843e-02
1.097544655203819275e-02
1.755016297101974487e-02
1.392382849007844925e-02
1.249745301902294159e-02
9.121926501393318176e-03
1.454913057386875153e-02
1.338059455156326294e-02
1.104225683957338333e-02
1.291852444410324097e-02
1.194729469716548920e-02
1.635840535163879395e-02
1.168201491236686707e-02
1.629750244319438934e-02
1.170882303267717361e-02
1.359627116471529007e-02
1.044580154120922089e-02
1.233138516545295715e-02
1.175329275429248810e-02
1.336856745183467865e-02
1.398693770170211792e-02
2.123439311981201172e-02
1.312990672886371613e-02
1.484433561563491821e-02
1.485966704785823822e-02
1.029326952993869781e-02
1.828283071517944336e-02
9.410234168171882629e-03
1.084640435874462128e-02
1.336267683655023575e-02
1.206228416413068771e-02
2.023489773273468018e-02
1.234107837080955505e-02
1.294958405196666718e-02
1.632414199411869049e-02
1.204506400972604752e-02
1.619120687246322632e-02
1.195232477039098740e-02
1.437841635197401047e-02
1.537789404392242432e-02
1.083115860819816589e-02
1.702192425727844238e-02
1.360170170664787292e-02
1.107039302587509155e-02
1.535947620868682861e-02
1.258284784853458405e-02
1.982492767274379730e-02
1.292243972420692444e-02
1.903901062905788422e-02
1.380170322954654694e-02
1.566748693585395813e-02
1.517999917268753052e-02
1.195764075964689255e-02
1.456880662590265274e-02
1.240805443376302719e-02
1.375006139278411865e-02
1.264200452715158463e-02
1.725351437926292419e-02
1.326956879347562790e-02
1.304120104759931564e-02
1.220200397074222565e-02
1.446434296667575836e-02
1.585118100047111511e-02
1.290797442197799683e-02
1.204821746796369553e-02
1.152015198022127151e-02
1.099338382482528687e-02
1.393552031368017197e-02
1.219918765127658844e-02
1.039634458720684052e-02
1.157163642346858978e-02
1.278590224683284760e-02
1.168565824627876282e-02
1.363462023437023163e-02
1.081897690892219543e-02
9.877905249595642090e-03
1.251020468771457672e-02
1.682997867465019226e-02
1.321754790842533112e-02
1.039415318518877029e-02
1.103198807686567307e-02
1.430405490100383759e-02
1.263678073883056641e-02
1.235909666866064072e-02
1.399344950914382935e-02
1.149054430425167084e-02
9.549995884299278259e-03
1.179630309343338013e-02
1.090743113309144974e-02
1.069008186459541321e-02
1.713296212255954742e-02
1.196223217993974686e-02
1.427590381354093552e-02
1.144230179488658905e-02
1.452576927840709686e-02
1.415673829615116119e-02
1.153353322297334671e-02
1.770746894180774689e-02
1.053819432854652405e-02
1.066253427416086197e-02
1.114823948591947556e-02
1.238183490931987762e-02
1.527318358421325684e-02
1.334001496434211731e-02
1.174040138721466064e-02
1.743836328387260437e-02
1.858384720981121063e-02
1.587137579917907715e-02
1.211198605597019196e-02
1.632174849510192871e-02
1.405835337936878204e-02
1.301665045320987701e-02
1.364296954125165939e-02
1.194249279797077179e-02
1.759180799126625061e-02
1.313697732985019684e-02
1.789581961929798126e-02
1.360772550106048584e-02
1.190566271543502808e-02
1.582586951553821564e-02
1.450737193226814270e-02
1.168855465948581696e-02
1.087362039834260941e-02
1.114109531044960022e-02
1.233302708715200424e-02
1.292563136667013168e-02
1.488023251295089722e-02
1.114148832857608795e-02
1.243706699460744858e-02
1.340375468134880066e-02
1.250158436596393585e-02
1.274692174047231674e-02
1.044826582074165344e-02
1.137145888060331345e-02
1.293660327792167664e-02
9.925674647092819214e-03
2.019817382097244263e-02
1.599818095564842224e-02
1.807857304811477661e-02
1.918609999120235443e-02
1.605367846786975861e-02
1.311284769326448441e-02
9.979891590774059296e-03
2.129050716757774353e-02
1.177939772605895996e-02
1.308446470648050308e-02
1.330533251166343689e-02
1.897982507944107056e-02
1.148948911577463150e-02
1.164236757904291153e-02
1.463931892067193985e-02
1.278688851743936539e-02
1.478787604719400406e-02
1.426347903907299042e-02
1.219626888632774353e-02
1.332776155322790146e-02
1.513441279530525208e-02
1.759481430053710938e-02
1.569289155304431915e-02
1.151053141802549362e-02
1.228629518300294876e-02
1.255342271178960800e-02
1.064108312129974365e-02
1.273572817444801331e-02
1.397790014743804932e-02
1.126547995954751968e-02
1.241022814065217972e-02
1.717060431838035583e-02
1.781116239726543427e-02
1.855654641985893250e-02
1.044323295354843140e-02
1.857044547796249390e-02
1.443089544773101807e-02
1.209324039518833160e-02
1.419133786112070084e-02
1.014614012092351913e-02
1.505438238382339478e-02
1.196818985044956207e-02
1.586773991584777832e-02
2.063256874680519104e-02
1.490550674498081207e-02
1.731899380683898926e-02
1.255035586655139923e-02
2.049021050333976746e-02
1.231206394731998444e-02
1.428975071758031845e-02
1.349948532879352570e-02
1.129585225135087967e-02
1.262345537543296814e-02
1.505806297063827515e-02
1.305387169122695923e-02
1.582322269678115845e-02
1.656840182840824127e-02
1.258287765085697174e-02
1.482437178492546082e-02
1.313557010143995285e-02
1.344955712556838989e-02
1.309680193662643433e-02
1.341143064200878143e-02
1.182260084897279739e-02
1.119171548634767532e-02
1.299138180911540985e-02
1.190939079970121384e-02
1.492720190435647964e-02
1.059633400291204453e-02
1.200779341161251068e-02
1.427452452480792999e-02
1.154323667287826538e-02
1.257948949933052063e-02
1.213110238313674927e-02
1.223926339298486710e-02
1.286716572940349579e-02
1.281118392944335938e-02
1.143936719745397568e-02
1.158064976334571838e-02
1.065018121153116226e-02
1.574197039008140564e-02
9.577087126672267914e-03
1.542642712593078613e-02
1.903819479048252106e-02
1.396625395864248276e-02
1.659200899302959442e-02
1.107417605817317963e-02
1.714681275188922882e-02
1.205943711102008820e-02
1.355386059731245041e-02
1.673503778874874115e-02
1.155741512775421143e-02
1.353889517486095428e-02
1.328270137310028076e-02
1.208442356437444687e-02
1.232494786381721497e-02
1.434548199176788330e-02
1.207307167351245880e-02
1.237927004694938660e-02
1.039921119809150696e-02
1.437745708972215652e-02
9.952045977115631104e-03
1.248851418495178223e-02
1.228615641593933105e-02
2.066224813461303711e-02
9.453902021050453186e-03
1.344020664691925049e-02
1.236251927912235260e-02
1.161430403590202332e-02
1.135872863233089447e-02
1.229081209748983383e-02
1.196365244686603546e-02
1.595754362642765045e-02
1.279281638562679291e-02
1.271157898008823395e-02
1.292276568710803986e-02
1.612888649106025696e-02
1.306052133440971375e-02
1.183483190834522247e-02
9.815725497901439667e-03
1.300115976482629776e-02
1.078596152365207672e-02
1.054824888706207275e-02
1.424749661237001419e-02
1.586386188864707947e-02
1.998418569564819336e-02
1.470209658145904541e-02
1.605420932173728943e-02
1.546785887330770493e-02
2.234333753585815430e-02
1.590938866138458252e-02
1.522136386483907700e-02
1.497501507401466370e-02
1.087719202041625977e-02
1.357713341712951660e-02
1.736333221197128296e-02
1.412074547260999680e-02
1.178237609565258026e-02
1.117566786706447601e-02
1.377789024263620377e-02
1.239094603806734085e-02
1.940351910889148712e-02
1.188218593597412109e-02
1.597462408244609833e-02
1.434341631829738617e-02
1.234888657927513123e-02
1.402749121189117432e-02
1.177699491381645203e-02
1.266515068709850311e-02
1.626718044281005859e-02
1.216958556324243546e-02
1.094185654073953629e-02
1.468926668167114258e-02
1.307976245880126953e-02
1.153119001537561417e-02
1.062863133847713470e-02
1.350800134241580963e-02
9.918356314301490784e-03
1.199655514210462570e-02
1.209389977157115936e-02
1.066811569035053253e-02
1.171722821891307831e-02
1.149317994713783264e-02
1.343014463782310486e-02
1.265196874737739563e-02
1.432379521429538727e-02
1.777016744017601013e-02
1.165827270597219467e-02
1.170570403337478638e-02
1.622002571821212769e-02
9.530159644782543182e-03
1.261753495782613754e-02
1.440722122788429260e-02
1.512532122433185577e-02
1.305857673287391663e-02
1.287040114402770996e-02
1.323276944458484650e-02
9.594758041203022003e-03
1.403038017451763153e-02
1.294807717204093933e-02
1.668443158268928528e-02
1.360680721700191498e-02
1.316614821553230286e-02
1.197575312107801437e-02
1.319705136120319366e-02
2.225075475871562958e-02
1.037149410694837570e-02
1.312341168522834778e-02
1.215218380093574524e-02
1.493888907134532928e-02
1.382681075483560562e-02
1.533220708370208740e-02
1.055760495364665985e-02
1.501905731856822968e-02
1.235090754926204681e-02
1.544210314750671387e-02
1.686208881437778473e-02
1.689932681620121002e-02
1.949250139296054840e-02
1.202620379626750946e-02
1.266800425946712494e-02
1.661868020892143250e-02
1.818239688873291016e-02
2.020159177482128143e-02
1.022160798311233521e-02
1.328440383076667786e-02
2.367351204156875610e-02
1.236278656870126724e-02
1.647357642650604248e-02
1.401928812265396118e-02
1.363209169358015060e-02
1.215373165905475616e-02
1.421718299388885498e-02
1.175448298454284668e-02
1.181218214333057404e-02
1.160085108131170273e-02
1.015862450003623962e-02
1.120813284069299698e-02
9.542474523186683655e-03
1.311576552689075470e-02
1.025295816361904144e-02
1.096067484468221664e-02
1.172095071524381638e-02
9.778184816241264343e-03
1.101932302117347717e-02
1.261698082089424133e-02
1.155114546418190002e-02
1.659050583839416504e-02
1.265249401330947876e-02
1.474806107580661774e-02
1.168369129300117493e-02
1.272994745522737503e-02
1.557039562612771988e-02
1.260846108198165894e-02
1.438399031758308411e-02
1.308235526084899902e-02
1.162756420671939850e-02
1.568150334060192108e-02
1.375205069780349731e-02
1.167211961001157761e-02
1.227241475135087967e-02
1.022536866366863251e-02
1.201420743018388748e-02
1.352143846452236176e-02
1.161056384444236755e-02
1.034403592348098755e-02
1.077776215970516205e-02
1.505387201905250549e-02
1.058079209178686142e-02
1.492165960371494293e-02
1.450546272099018097e-02
1.336890738457441330e-02
1.423358730971813202e-02
1.290419977158308029e-02
1.056828629225492477e-02
1.244978792965412140e-02
1.158833131194114685e-02
1.285349577665328979e-02
1.169854588806629181e-02
1.561159547418355942e-02
8.049854077398777008e-03
1.702907681465148926e-02
9.626359678804874420e-03
1.056039333343505859e-02
1.360319554805755615e-02
1.378854177892208099e-02
1.069230027496814728e-02
9.389123879373073578e-03
1.154321152716875076e-02
1.521126460283994675e-02
8.960419334471225739e-03
1.121127605438232422e-02
1.338018104434013367e-02
9.876724332571029663e-03
1.238824427127838135e-02
1.284832693636417389e-02
1.374295633286237717e-02
1.385443285107612610e-02
1.565261930227279663e-02
1.255932822823524475e-02
1.696921326220035553e-02
1.683409884572029114e-02
1.208144426345825195e-02
1.324735116213560104e-02
1.248446013778448105e-02
1.349348574876785278e-02
1.194406393915414810e-02
1.231158431619405746e-02
9.751014411449432373e-03
9.884268976747989655e-03
1.254872418940067291e-02
1.500961370766162872e-02
1.212366763502359390e-02
1.355624292045831680e-02
1.068802736699581146e-02
1.335245091468095779e-02
1.396774780005216599e-02
1.419980823993682861e-02
1.716006733477115631e-02
