1.179665998186730635e-03
9.439367838588995927e-04
3.868017527189682604e-03
6.355271680318260938e-03
7.219265331843277567e-03
2.335043113104230163e-03
1.025386594582102613e-03
7.717647662667214727e-03
1.106448087776393252e-03
5.363020651776770169e-03
1.830382769000014247e-03
6.054035837688157701e-03
4.378758577353487891e-03
1.971748036198462360e-03
5.787358812789510434e-03
2.320767599395208436e-03
3.679362897039208796e-03
5.945075150273326087e-03
3.668209347370119180e-03
6.744762140959011457e-03
2.212412779677432832e-03
2.621017784863661267e-03
1.283528981873581064e-03
1.288858833992436673e-03
8.514683729355433141e-04
8.207760878345159768e-04
8.621852279500275733e-04
6.966801875494177052e-03
5.235901389507242702e-03
6.602088166104977743e-03
5.806633339853162386e-03
6.289649858377646327e-03
3.233136465949789339e-03
7.107009347597372829e-03
2.136129344262674423e-03
1.222978884072766816e-03
1.237213129685231982e-03
1.096968968028051413e-03
1.266655663721212100e-03
2.012135896016088547e-03
7.816580243915146817e-03
9.425314535083684784e-04
6.203534065117984053e-03
6.065521558021769351e-03
2.239139885792383686e-03
2.458086903818484416e-03
4.716731318024513023e-03
1.573939704299078587e-03
1.821291298748750620e-03
2.403997937339227668e-03
2.238553109190649908e-03
7.680755434867124996e-03
5.819693166868544938e-03
1.398769547536798680e-03
1.734800231703679130e-03
2.674339012913602015e-03
4.668479565107900263e-03
1.194404216541954762e-03
4.922702365680636967e-03
5.468807567482952131e-03
1.392734247106533658e-03
4.970458719754198597e-03
4.117772760697083895e-03
9.324703090103813241e-04
7.222868526856410405e-03
9.496290429093390707e-04
4.299992681032445592e-03
4.601556398311471181e-03
1.052078045494568093e-03
9.471422963522025361e-04
5.353786097782133220e-03
2.156726559488250736e-03
1.547786064801065552e-03
2.286026261568235417e-03
2.528785213364378223e-03
4.828848237236485832e-03
2.348708530978741143e-03
9.073055240969562238e-04
7.194416094653135509e-03
6.110820475279690051e-03
2.523417568595602480e-03
5.219908725668920453e-03
4.681498581049170667e-03
1.049433476146859794e-03
5.366169051691659260e-03
1.483104884687308500e-03
5.991080153531425610e-03
5.090760432660976220e-03
3.661835648918176575e-03
8.227844478137672033e-04
4.701501123465149853e-03
3.546054772316173560e-03
3.583425686896304484e-03
2.153711680271549588e-03
5.048573918442950809e-03
6.631266060275340518e-03
1.349993299984614476e-03
7.434107575056306955e-03
4.123745461416238392e-03
4.778585226319533551e-03
2.849555642134335865e-03
7.446301085886669092e-03
5.034821815464901422e-03
1.724871267148487793e-03
2.162714787981177313e-03
1.989089421144390937e-03
5.092327588569645069e-03
5.643819422630647065e-03
2.273530957888341732e-03
1.940423495762477659e-03
1.579423937755350523e-03
9.762265766652644368e-04
3.238786821474556356e-03
1.685840860643783318e-03
1.995770630270865889e-03
4.828009847644735945e-03
1.418437247286828424e-03
4.932258286192089253e-03
4.064247010078005269e-03
8.364490085834009854e-04
3.921511494420797626e-03
1.255128164129770425e-03
1.494806490203229787e-03
1.086631491646009289e-03
3.976871692340545883e-03
6.925528727180554726e-03
1.909038773598535545e-03
7.652083319224312410e-03
4.395708399959352003e-03
3.487912921247451718e-03
2.871249262995584708e-03
6.877501600944974612e-03
5.499003747773832142e-03
5.314392046783863489e-03
1.468427959601785633e-03
1.220761642228146210e-03
3.426079958843334435e-03
1.110218703968519601e-03
1.735842088361159129e-03
1.618485439714175463e-03
6.996137457196810287e-03
9.729516871081178011e-04
6.792650639113981259e-03
5.563795648269943654e-03
2.239323802549329605e-03
1.884040947775742457e-03
1.818605828912999919e-03
2.511136731567453068e-03
1.324175432055720112e-03
6.051049666951707588e-03
5.055096762615529996e-03
5.027722406339306047e-03
4.904512271423517103e-03
1.091519176908808345e-03
5.039114399611317047e-03
2.117602827843888605e-03
7.022912461304205850e-03
3.144715486553578861e-03
5.630410828727246304e-03
3.275492079420964670e-03
2.296938010764208206e-03
4.800266360481249966e-03
7.875062038958165200e-03
2.806771527871025108e-03
1.120641062392039146e-03
8.397957914155144542e-04
2.591311331019020142e-03
2.320627527065702734e-03
4.001950745348288943e-03
4.251369728408200578e-03
3.145934388002113048e-03
4.255394438020915562e-03
2.298347973654608391e-03
5.407737936792946301e-03
6.221634895750037704e-03
1.626845406184131929e-03
5.288469628900541522e-03
2.344603812840529485e-03
1.916725718764044793e-03
2.030187596319776681e-03
6.145823536487253838e-03
1.697209901043816686e-03
6.445767687157845198e-03
2.076261646633178679e-03
4.000515940222175784e-03
1.953730222322600310e-03
5.091449910699846759e-03
6.847055337060811014e-03
3.687737022663268357e-03
6.838839778476465785e-03
4.332696014202520700e-03
1.833044122193995410e-03
8.129278367800838812e-04
5.378455862380134185e-03
5.510074461954954546e-03
6.309519815242226569e-03
2.007703049003734235e-03
2.073872251484346410e-03
1.528061607232339544e-03
3.377627926056384587e-03
4.763786215011493741e-03
2.660566872753201799e-03
6.348661521217816538e-03
4.550769315564841266e-03
3.960248337299341649e-03
1.139933593888937686e-03
6.015756171535096598e-03
3.233896188513075368e-03
2.678077065094264676e-03
1.519091830895935580e-03
5.778863307991217134e-03
5.866762101964712907e-03
1.633754905635842209e-03
2.388635131135964998e-03
8.276110099095461805e-04
2.321289208906869919e-03
2.243864592748726766e-03
1.117263036761007499e-03
5.864592736814614599e-03
7.096669013476445548e-03
5.833416330748029781e-03
3.607237637853520553e-03
3.415244342857658936e-03
5.683599931008481362e-03
6.081367317843251567e-03
2.762173406772819133e-03
6.857364398229540831e-03
1.978757837239034437e-03
7.364395918044192892e-03
1.009336264001726947e-03
4.709848383227333533e-03
1.838769744211978798e-03
7.096143175936345422e-03
4.072631745269301301e-03
6.612398055850442560e-03
2.596529558647261461e-03
1.878781243141781172e-03
3.271200652154895340e-03
5.515045454566606248e-03
4.396708916886396708e-03
5.614983405624972453e-03
2.509543444600040741e-03
1.014099527401567374e-03
3.173091168396739974e-03
5.967971135375408666e-03
3.274119324236591383e-03
2.856003268967319091e-03
1.071648401254069816e-03
2.211893528527311258e-03
1.357598020658173314e-03
6.209078173612743792e-03
1.919531545188898078e-03
4.074903323901820675e-03
2.164126268047390864e-03
5.802655120321428481e-03
5.453502024655164024e-03
1.657030583375086177e-03
1.314767949931151640e-03
5.703312386182371983e-03
2.036887474464208186e-03
2.816550696294166118e-03
6.153681233962365361e-03
5.305638563602235735e-03
3.104007913665467275e-03
4.904960394447820636e-03
9.308481873455170998e-04
3.947238592461766761e-03
2.359999844447256689e-03
6.449510782125585096e-03
7.305341687804771389e-03
7.072817104968516858e-03
2.720418334517994089e-03
9.528920350339193388e-04
2.177398902828004291e-03
2.620436657038374955e-03
6.833249458010608179e-03
9.315955256390819712e-04
1.864239636141108714e-03
6.414966475168682424e-03
1.779671022274697308e-03
5.313370966118069645e-03
6.168646497077492734e-03
4.389903100755741978e-03
2.219852814734990434e-03
6.135389836294555949e-03
3.347436443775407989e-03
2.511863293199319887e-03
4.568125214961501861e-03
1.017472073876546541e-03
1.230554476542187244e-03
5.051324318858086034e-03
1.553106445998470638e-03
5.878273091782585703e-03
2.070613943991166713e-03
7.132239930333801603e-03
5.092196588415824968e-03
5.395093844706047408e-03
5.697181245664641354e-03
7.344993502839940007e-03
2.540615796703838292e-03
8.269778965753133478e-04
5.779369298506521063e-03
6.154065793595565360e-03
6.542174895351022916e-03
5.441592434382120855e-03
1.967003097490945592e-03
4.676062504163408864e-03
5.922264068957503770e-03
1.519799981264528029e-03
5.845222523754670454e-03
4.310502407710171957e-03
2.671582519429105667e-03
2.292047471550579581e-03
1.082287767982486985e-03
2.328403286358244565e-03
4.643114137287942568e-03
1.120522630464360287e-03
5.205044650849999580e-03
4.603264218466683252e-03
3.069871324228737233e-03
2.126592563818575227e-03
3.403801643519470052e-03
1.601268798222069698e-03
1.707004947669830443e-03
4.854456812398265028e-03
6.384801999534461120e-03
4.384828079881022272e-03
7.988564306866452469e-03
3.721718415084765766e-03
2.707892153984168670e-03
5.479559479151526781e-03
3.788016355786029063e-03
2.287648529840480716e-03
6.270098460128359884e-03
8.793942775005146768e-04
4.374558659502576427e-03
1.121510970749866817e-03
1.985372055078351607e-03
1.527298797623466908e-03
5.948858693789237442e-03
4.056208004044711130e-03
2.489653110845627040e-03
6.746840425870723711e-03
4.825078080985708597e-03
3.134257534788368205e-03
3.712907703564155820e-03
4.648404711672937673e-03
3.846325354118844755e-03
1.426301684704855141e-03
3.909877046800652733e-03
6.512541600459316113e-03
1.180847109692789417e-03
1.743200695861618849e-03
4.972527638095533900e-03
5.735798176499248661e-03
7.254420569962011754e-03
1.775199724807099413e-03
1.754745442454891998e-03
5.432151250213870970e-03
3.498760589587358600e-03
6.281321710725561169e-03
5.458617175492992343e-03
9.257592569897213439e-04
4.701996809973484938e-03
5.932069859388167284e-03
5.995261654650383375e-03
2.220618342145782784e-03
5.928008354717162996e-03
1.770246164446899299e-03
1.274321080282034844e-03
1.765766116878187894e-03
3.772736903543225107e-03
1.717710005648972289e-03
9.563085077502707625e-04
7.222213666017467636e-03
5.107034419660446897e-03
9.390160202012006125e-04
2.058266178527422448e-03
1.510994795879228936e-03
4.721897817247367943e-03
2.883072867691608213e-03
1.671371696582534330e-03
2.384766550137220470e-03
4.979767701983977418e-03
2.270202622059529132e-03
5.957396399265034448e-03
5.712319485932757998e-03
6.511356304973806887e-03
5.563048337529710036e-03
1.706757914139831692e-03
5.519762123818128599e-03
5.581915217111605397e-03
2.432056738222908732e-03
7.567295956092488091e-03
3.405016184335711051e-03
4.460614783383754466e-03
1.081514221235275108e-03
3.936886902210122267e-03
9.503427537656867650e-04
1.449544226280519372e-03
4.201059131258940392e-03
5.096031303504505380e-03
3.217691484392804901e-03
4.349105252995344971e-03
2.877235743791900589e-03
6.069514624707924091e-03
1.393314790172578725e-03
1.286243962840096129e-03
1.515991073089626101e-03
4.142666139589127293e-03
4.897245598516852989e-03
1.974468951329996606e-03
1.534724961378281134e-03
2.595571161219084599e-03
9.590222652964337140e-04
5.996501481697293599e-03
4.591904506003255740e-03
5.958895558469947881e-03
5.450106150122421139e-03
1.564905582526684774e-03
7.167649737706846894e-03
5.595550640248033759e-03
5.188197069719876868e-03
2.201099324677378930e-03
1.250839998611481168e-03
3.893255506121881364e-03
2.256728468211717607e-03
3.668670479949013002e-03
2.384368821232063246e-03
3.578805985493060428e-03
5.231526617618937995e-03
1.212510931017164381e-03
6.866129246917619493e-03
7.382452200311907103e-03
5.218542029917127428e-03
2.274518307507783672e-03
5.894444537682689590e-03
6.135618786748912347e-03
5.963578858565856192e-03
4.119121311212880880e-03
1.427493977408982040e-03
2.536825760339007398e-03
5.740884449870050851e-03
6.654797637221462718e-03
2.496794534908628772e-03
1.320882756618633634e-03
1.032490151191399518e-03
4.836214665921039803e-03
5.144932782346188331e-03
2.722942823223192203e-03
2.009448452932368744e-03
3.835745109396442639e-03
6.664346428956463043e-03
5.368865337457627389e-03
1.556946561242405656e-03
7.689735012934971296e-03
2.894433906870310259e-03
4.848534253130414029e-03
3.626963421595521490e-03
8.161976572883127045e-04
1.225266267232879734e-03
8.610923887294996953e-04
2.296759655070487651e-03
1.684743870779849750e-03
6.078598665242095946e-03
2.597954238734892941e-03
2.000285760095622378e-03
4.724348770879563918e-03
4.497755639010579676e-03
6.280426202106957449e-03
5.180529015032507914e-03
5.561092912659151496e-03
5.553511943543231084e-03
4.789535335247398565e-03
5.767967966074056402e-03
4.067416926422665058e-03
1.064388069330741765e-03
5.223255310806593568e-03
3.885426840765689692e-03
7.699108507301466106e-03
5.059232360145403395e-03
1.047450933275672572e-03
2.782325483919347725e-03
5.502702383531096579e-03
4.163692536299785918e-03
7.408018770072299052e-03
8.645882724187547736e-04
1.008605626180950066e-03
3.214894972401922263e-03
4.491860520206967210e-03
6.605336291303934813e-03
1.325673445826773154e-03
6.165163441103852643e-03
6.691470730631476904e-03
1.303352619258027478e-03
6.714391475158641709e-03
6.441292855566483483e-03
4.441534559456259551e-03
5.471739752400220889e-03
1.119504170210954387e-03
2.772684393683487805e-03
1.316274722388541870e-03
2.771885350108890637e-03
2.178007798477122996e-03
4.518387640511062169e-03
5.865196151083749282e-03
1.007209900901710233e-03
2.889328211148511471e-03
9.106837337750108268e-04
3.576364191622227479e-03
1.735174836422804416e-03
2.268354222452368361e-03
3.850813588343752862e-03
1.961162241078734034e-03
5.162775251783229338e-03
8.749102571714646899e-04
5.151658312009708800e-03
6.587484367647488195e-03
4.074486598516352358e-03
2.948818060091920774e-03
5.590866056596760156e-03
9.837639654222698170e-04
1.709901126624956613e-03
4.202662757127662019e-03
6.438849340798206457e-03
1.392793370103778813e-03
1.118626129821065698e-02
2.960692734091893621e-03
1.891051606146366970e-03
6.983974490302769303e-03
1.366623883112452493e-03
8.653961952448840011e-04
5.999580737348834784e-03
4.837444049500005429e-03
1.870812823479374226e-03
2.114262136694681615e-03
4.583398494033508359e-03
5.712009208916233802e-03
2.861464785851634829e-03
2.066657995074352733e-03
2.177333913612491696e-03
6.359431755916914591e-03
6.703531797060454517e-03
6.431720634924247004e-03
4.493122238541078818e-03
5.803118437791988764e-03
4.920299498545020744e-03
4.484143259313446046e-03
1.166717484945243959e-03
2.183405306916558382e-03
6.038142866178044035e-03
3.741062364213543733e-03
5.916982624689301473e-03
1.364405731260283838e-03
3.621593201992459859e-03
1.884716538634268520e-03
1.560199893076411612e-03
5.392271930312436158e-03
2.265217941536009239e-03
6.316786654736583108e-03
6.238288221778805209e-03
3.307539431996962473e-03
1.536925923270144115e-03
6.343882185876573154e-03
5.843481289076523331e-03
7.657027375328315580e-03
1.458047785663024081e-03
1.224769563999534910e-03
3.630228248567995714e-03
4.045493143809436414e-03
3.699206042268702449e-03
1.164553742889768394e-03
6.045631598247822903e-03
5.847818136573290290e-03
1.818074138912027966e-03
4.970677352119753228e-03
4.060632918717235751e-03
2.285913372197264423e-03
1.469370895213710244e-03
4.709058165642689142e-03
4.474030939502975784e-03
3.560901149225745039e-03
5.941753012322526818e-03
1.371677662170504158e-03
1.659422946059554505e-03
5.031432770982524096e-03
5.787068478061523774e-03
5.510563398793916733e-03
4.595290195540335798e-03
5.088612806838773046e-03
1.447140267338211869e-03
1.894794795297669726e-03
6.999531616891226278e-03
5.070162783151241359e-03
4.471672360959007796e-03
2.760868596727823060e-03
3.816535511823807535e-03
4.848462948073729330e-03
7.629479811903246665e-03
4.109037302086911321e-03
4.355414714778162166e-03
5.873779292164373403e-03
2.709202619983200160e-03
6.524283387158304193e-03
3.288064166505454220e-03
5.356483208283571371e-03
7.339647322172230225e-03
9.461832397621502012e-04
5.919046597449598331e-03
7.148199219662535603e-03
5.345302230078813333e-03
1.428868616870579162e-03
3.852976558618578188e-03
5.146635870199598242e-03
4.209575887226850270e-03
4.387730077694831747e-03
3.092060358038275451e-03
1.564878637509279974e-03
6.566123419000678869e-03
3.992770333622538970e-03
8.370568591906571822e-04
3.357004427244654390e-03
6.310843270988321201e-03
1.446670096961777310e-03
1.847439705577565540e-03
5.275351328295345942e-03
1.924884989400701095e-03
2.849306819841783672e-03
3.288902505437208378e-03
5.201013084825982166e-03
5.347818748588657918e-03
3.969193597749090877e-03
5.542363663070619915e-03
6.703617126140971189e-03
6.808438377691281886e-03
2.103282685583119510e-03
8.442013799988396221e-04
1.310961353236588444e-03
6.671100100992060321e-03
4.507715179505674893e-03
5.326956295154711314e-03
4.942011199048529022e-03
4.020483453796607973e-03
4.349311307399412151e-03
9.380573095861947409e-04
6.016266634303857851e-03
1.654548375760380103e-03
3.093118985203821905e-03
3.308945685695503618e-03
2.297048912455299137e-03
9.931122550698729800e-04
4.770358772307083453e-03
6.236918829212816616e-03
4.660630199194123677e-03
6.696278296286260236e-03
1.806401071239979858e-03
3.700989692384285771e-03
4.361039330446089476e-03
4.706026542800650220e-03
6.585719428939344408e-03
5.429145111677299157e-03
1.699957246898171166e-03
6.493418768464925307e-03
2.294821539255971314e-03
3.972711294491233780e-03
6.453316242251873683e-03
1.237283312958480574e-03
2.565064539754623955e-03
1.748008625106086582e-03
5.120101872417542888e-03
6.198206305083106722e-03
5.704014655854248821e-03
6.416883487785747520e-03
2.092754503675192754e-03
1.581603094268897378e-03
2.095884071859935652e-03
8.597405645409270320e-04
4.553539293488750340e-03
3.859811764799383864e-03
6.645261155293385319e-03
1.013566278588540724e-03
9.649606709067868899e-04
1.684511762005869075e-03
4.285544031846981287e-03
1.387726574092845895e-03
4.810173148046984447e-03
1.306369909676049048e-03
1.429721326222874352e-03
2.083061302021299663e-03
4.757845030503155687e-03
2.116800502124971655e-03
4.235287685616504448e-03
1.203083191934692072e-03
4.712727505700082392e-03
1.564496473278821371e-03
1.286772926677843664e-03
2.231405108915044191e-03
1.891858160460494018e-03
1.206912751462690990e-03
1.896607826611524696e-03
2.174142623863667759e-03
1.842239011590444172e-03
5.124784380291958798e-03
8.287943956623998638e-04
5.652157754693754206e-03
1.695280180582126256e-03
1.695837786591426928e-03
1.902483725849503067e-03
9.772793608032607007e-04
1.112550073492095566e-03
6.387444433501429132e-03
4.287183520088616237e-03
2.752134306338435785e-03
2.505594242425054300e-03
8.824072443295400900e-04
6.201017687508286920e-03
5.888799938899681209e-03
5.401655859354794788e-03
3.309421921721102111e-03
2.080716874608774542e-03
1.819519225749736306e-03
2.082509368744558075e-03
4.175397410959100046e-03
2.582523504409072433e-03
5.980417062065200226e-03
1.034127065573953088e-03
6.034448846281560003e-03
1.935541158734457911e-03
9.471606216521946241e-04
1.663109882818684113e-03
5.370242238282993928e-03
3.949434333375497277e-03
3.255781171665046887e-03
3.790226198332486991e-03
3.974078680784768648e-03
1.898995057090785985e-03
4.490832667814729888e-03
2.595889772102173091e-03
3.388613223537013507e-03
5.371414233461856320e-03
4.789664638290665015e-03
5.630527593180045635e-03
6.176717665328236052e-03
6.234021396544965447e-03
2.224806883051370053e-03
7.131067354622759591e-03
4.391394508653492443e-03
5.408100586173485505e-03
4.450301713459202564e-03
2.845315452944527108e-03
2.934873024161787324e-03
1.060649676809671555e-03
5.833032746242756972e-03
5.275384246485510971e-03
4.167818809147027376e-03
4.414814850604708608e-03
4.810464489264229364e-03
5.439931043144699899e-03
1.245118942673665609e-03
2.241285257445524079e-03
5.523754911704222177e-03
5.410162871833714207e-03
6.619462366631728018e-03
7.165530217802581342e-03
3.071141533426817363e-03
2.082163848160201950e-03
5.521824965245495341e-03
4.067815147638050889e-03
5.639913404094902376e-03
3.127441405591162120e-03
4.594069435000317121e-03
4.598986283381294345e-03
3.219284544392467078e-03
5.485471102773625991e-03
1.256398959785105709e-03
1.418275034274932159e-03
2.939909267527269533e-03
4.469186923466711078e-03
6.240178743372331444e-03
5.709169037513419503e-03
1.264580796328598506e-03
5.561117649092813323e-03
2.791344902184428583e-03
2.846933784020538438e-03
7.569341157142829395e-03
9.841023933171082032e-04
7.172131509541435079e-03
1.478515885811637707e-03
1.026967976497816359e-03
5.858796866158403997e-03
1.378399391542793400e-03
2.332811995681860050e-03
1.804349295780101597e-03
6.079198555506717949e-03
6.163264045756124479e-03
3.808631916129758248e-03
6.739796396546816372e-03
5.854304592419074145e-03
3.574951985099509601e-03
6.134114050102482465e-03
1.771748441875976203e-03
7.210509960122393411e-03
1.895040322873398119e-03
5.120773514913639843e-03
1.161655995899211775e-03
3.053378744626740297e-03
4.519633754785866951e-03
3.023674458589149360e-03
1.916750997466291689e-03
1.718868426708792998e-03
3.091737903895926641e-03
1.099012403355981334e-03
1.229729348222725113e-03
1.061035301042235731e-03
5.556636185861688233e-03
1.615235401141783657e-03
6.492697251383288716e-03
3.324988788422075531e-03
4.907537020948047994e-03
1.022528733800726324e-03
3.632404002101097609e-03
5.870739526546775618e-03
2.405018905922613921e-03
5.923344139182197543e-03
4.759633552228338671e-03
6.125791946659172281e-03
2.899098813924049813e-03
4.818707306567956115e-03
3.409420261967573314e-03
1.814638492986916842e-03
7.197996259998078530e-03
9.684585097689485736e-04
5.018763794035693837e-03
5.682041434661379460e-03
4.447135297797789530e-03
4.866895291657911786e-03
3.116569037810692101e-03
7.873407034585231182e-03
5.117003601522471766e-03
1.632150303365849115e-03
5.455208762417811628e-03
4.150323641037880797e-03
2.482485832922724702e-03
5.804663320237950577e-03
6.295919436898165730e-03
6.765561752239222966e-03
9.388356307590209207e-04
5.168480674741904313e-03
3.172685997819367672e-03
2.900781325161571993e-03
4.455351415909682318e-03
4.257075447958803653e-03
1.577574914155311769e-03
4.188945393445453642e-03
5.584407783957575505e-03
7.496009894082639180e-03
2.642506466638157130e-03
1.947048213579558387e-03
2.370592324791308356e-03
1.412896833527463271e-03
2.636954867766203026e-03
6.835206883887883812e-03
1.243827135454344222e-03
1.380197777392587260e-03
2.464603820678096333e-03
9.989431368562198994e-04
5.213713545152491753e-03
3.563008698844186400e-03
1.834511524824707822e-03
2.018587315305947656e-03
1.722320708580612212e-03
2.832209703791343375e-03
2.826042287800159102e-03
1.333354637191221364e-03
1.323104416967533494e-03
2.600698423022255925e-03
2.413705541911491306e-03
1.818615983951966985e-03
1.015063514733002391e-03
1.322048399996681323e-03
3.515882761649037798e-03
2.740604613136906481e-03
5.067186131475627693e-03
5.207798951327407937e-03
3.224386962274134599e-03
7.337144531426944422e-03
5.188190449055383666e-03
6.844205267392566329e-03
1.816882325475348411e-03
2.083960935417719564e-03
5.543525100722526341e-03
2.412977123120085485e-03
3.339869142122813168e-03
1.040021804644936749e-03
3.524861490059564336e-03
6.396606049658392842e-03
6.430858258740341019e-03
2.214533701408878761e-03
1.411986477694388877e-03
4.439624949021626563e-03
5.412428659421453583e-03
5.624512742500560082e-03
6.510815200459665018e-03
8.746538886772396281e-04
5.018602032482805987e-03
1.920201680597928996e-03
5.696997244615029272e-03
3.472881486490328636e-03
2.994239832595634900e-03
5.353265206550467115e-03
1.412212742237643238e-03
2.966843984117438406e-03
6.336352773786324902e-03
2.827839525952000228e-03
1.510809193555360651e-03
1.762409667190509592e-03
9.653840023806448470e-04
6.062961497942695281e-03
1.585556594152546291e-03
9.215848524254537143e-04
1.976029318205252752e-03
4.493831368538754416e-03
1.980026495994660889e-03
3.535268419439043658e-03
1.009582060609842203e-03
2.275912360015239569e-03
5.574105389625426746e-03
6.564758496755891161e-03
5.275908566196022519e-03
5.328643926459040656e-03
2.379260047116113757e-03
1.134620247862294521e-03
5.092621695321263540e-03
3.775446248171353703e-03
5.753742398436788828e-03
5.738617128184606703e-03
5.431308034610707672e-03
7.106462502523506336e-03
6.312257947702055658e-03
1.948871901922126634e-03
1.249372969372841225e-03
4.796897658237779007e-03
5.612391728985039428e-03
3.742305515363409524e-03
3.348999975033401313e-03
3.788608362572424507e-03
3.436111059087567678e-03
7.651411820642153513e-03
8.298970174556197536e-04
4.436978994162332594e-03
6.931575148846327340e-03
1.367311634922731105e-03
2.498949995672830517e-03
1.990685275765739521e-03
2.646646446144783772e-03
6.089754660348861703e-03
3.406710660729827048e-03
8.637331186880263046e-04
5.946558383727108474e-03
3.515427018261663237e-03
1.268247987146374749e-03
3.622215774096202746e-03
1.322798943887145556e-03
3.067746417622473597e-03
7.685561759773557045e-03
5.167071815739157289e-03
5.230567553359361140e-03
2.379873430165121637e-03
3.724619020975519258e-03
4.778042355858157751e-03
4.259978180463683262e-03
1.966265782538386547e-03
1.189066768227940588e-03
1.552854476107881632e-03
7.585527423079342288e-03
3.242229844406219110e-03
7.522096205658233316e-03
4.836364190687684507e-03
6.049226789400880162e-03
8.827164812511929456e-03
2.351173811026883911e-03
5.910359898214642867e-03
4.911096230407998448e-03
4.468668145956517998e-03
4.338277689166888246e-03
6.266527483021949729e-03
5.516671228607461855e-03
2.886476118425496205e-03
7.344616843122252561e-03
5.544256226240182849e-03
3.920147901772235571e-03
6.401974117955557160e-03
2.921713893001729248e-03
1.342273053691370090e-03
2.458890611758378798e-03
4.583586161807818617e-03
8.285107495628286564e-04
2.061406223184558944e-03
1.890471652606228944e-03
5.578596158054805257e-03
4.234874332550006212e-03
1.014649355564851063e-03
6.674004204844429487e-03
3.484940073741648811e-03
1.325806303677269865e-03
2.306724070280810265e-03
1.800461221506004239e-03
5.440318011200905197e-03
1.191389484768793413e-03
5.934895104239000171e-03
4.339055451389413343e-03
3.664147810282628297e-03
6.198419681397071730e-03
1.974154802981202030e-03
5.220412111818391147e-03
5.657715054039893880e-03
2.292294321181433722e-03
5.335956384060635063e-03
4.380464626429922403e-03
4.212673165054270710e-03
2.282424575194600194e-03
1.888306303820660656e-03
1.455649384069219185e-03
1.836476841883876495e-03
4.658003139869020849e-03
2.710523463866497135e-03
7.722186819350783209e-03
1.717349433689585071e-03
5.540884587955431130e-03
2.126304933043189887e-03
2.280790916928068183e-03
2.392148455439399492e-03
4.309037345916229625e-03
1.448311508306777615e-03
1.457073165186342388e-03
4.652114749430874725e-03
6.139982363262332099e-03
4.420710431902501181e-03
5.881661412805280244e-03
6.461273868112562754e-03
1.488630276801957125e-03
2.788751260162130024e-03
5.299545381236394140e-03
8.517371878458850076e-03
7.110583462478003991e-03
4.263715855851108252e-03
6.763673580915978076e-03
1.366298169626493138e-03
6.587096122216291524e-03
2.026706999277129440e-03
1.296478577886367011e-03
4.034638456912991063e-03
4.431673447245289971e-03
1.473442870537347007e-03
4.649646921021270002e-03
6.384799005193837577e-03
8.618430671774914833e-04
6.751226477961979819e-03
3.324322380841752012e-03
1.916014311521643506e-03
3.780070459125994126e-03
5.247553578491332381e-03
5.441771689566693437e-03
2.434678356952644108e-03
1.154376647704619032e-03
4.611334513166909926e-03
5.583370887257012478e-03
1.950015760361150817e-03
7.031544149893638983e-03
7.028985586714843990e-03
6.429258134718871670e-03
4.843074542812839112e-03
7.759444253542334587e-03
2.554521665576983853e-03
5.294552659143893225e-03
5.750932288484355594e-03
2.297001262078181977e-03
3.519988422977871848e-03
9.862739619573976033e-04
4.639730816977729287e-03
4.215431374327002940e-03
1.845853158258004088e-03
9.648120466155703494e-04
1.092811865407457457e-03
4.732521814147127269e-03
1.945314328954920666e-03
1.963287866917874484e-03
5.516370993644650542e-03
5.526672104144327545e-03
1.792005798767844563e-03
8.755601246698476326e-04
7.455469984716364164e-03
1.189223535620580544e-03
2.469646605979584908e-03
2.763074691614958792e-03
5.279918121764257295e-03
4.134983526420469777e-03
5.371267817945163739e-03
1.627068254699376784e-03
4.586129252076484239e-03
3.571768822816627671e-03
2.273426710477223327e-03
1.109757353046834450e-03
6.184344903862728192e-03
2.428897819064965765e-03
9.887435105950235538e-04
1.305500531018444080e-03
4.155791767075674506e-03
5.276131584198244344e-03
1.091572211926186090e-03
2.868837818055399412e-03
3.303908550587046807e-03
2.886027762214393808e-03
2.142528513374707642e-03
2.642944254589378161e-03
1.182453460494362237e-03
8.748922268100452985e-04
2.452194103891629229e-03
3.857134249162768019e-03
7.083885803412217665e-03
3.524247331311098665e-03
5.659183900782462431e-03
2.747413639067696964e-03
3.701047446306654238e-03
5.677042925536499203e-03
4.683190791472421725e-03
4.761935988413642726e-03
7.445704077940940198e-03
7.319751280692893616e-03
3.520812708967869988e-03
6.033460353792095485e-03
2.266902932884097121e-03
1.310150626527180773e-03
7.391745975821150359e-03
7.142497227025135058e-03
5.561051854667329111e-03
4.397174101137444127e-03
5.897972248556664424e-03
4.038061899366384225e-03
1.514028059701055242e-03
9.317621968822126146e-04
5.820771968376757879e-03
4.579957849055180281e-03
6.354497795317080172e-03
8.015696472053249460e-04
6.170952915204916574e-03
6.368217432037912192e-03
6.976345408639169493e-03
2.223961523106899370e-03
3.547166326329674255e-03
3.762679992454031827e-03
4.965309096424662741e-03
1.090726230177797591e-03
6.232977131901126962e-03
6.403022581621506566e-03
1.654260374558098358e-03
9.258597538350457233e-04
3.845108606183923229e-03
6.934415558745442472e-03
6.974551340225843866e-03
6.256445382136662826e-03
6.939016128168878396e-03
1.614512746245913392e-03
1.183195051313373856e-03
4.927205377019437844e-03
9.077104696256547110e-04
3.734896391807360563e-03
2.177030457619459625e-03
6.707336318881760781e-03
3.260655621719374658e-03
4.950622164257215477e-03
1.515424160686981974e-03
4.278463423201222041e-03
5.169347828468443505e-03
3.278224477695904256e-03
6.354277751875821341e-03
1.533700852902725479e-03
1.224109639519838913e-03
1.291829974181299195e-03
4.571566937071814239e-03
3.368641459755939826e-03
4.840565013249891434e-03
7.743909049351234246e-03
1.652406035350027520e-03
6.628289801456183419e-03
2.395474605565868585e-03
5.193615430748297658e-03
2.545349792711760952e-03
1.740256969556691364e-03
6.101814214725109764e-03
6.620702926873275190e-03
5.488597784472649607e-03
2.389678716333940630e-03
1.174425156978275422e-03
7.431425875705030375e-03
1.441617459626093117e-03
1.518599226611786011e-03
5.512425228968265839e-03
1.438515735875122359e-03
8.027755571804059097e-04
5.794882062458974956e-03
8.838631455968133915e-04
4.399078833672073925e-03
1.890880987964878692e-03
6.325205269462928943e-03
4.044094430927597239e-03
2.204375896792396591e-03
8.480679292801693997e-04
2.087794650814651324e-03
2.179876542477354132e-03
6.807985033684498671e-03
2.355081732783216239e-03
5.852533854489438449e-03
4.370144315546115564e-03
8.528455088383474041e-04
2.181664382660582734e-03
2.354609441283737111e-03
5.448069268949020001e-03
3.871072551002547549e-03
3.680520882824820251e-03
3.311944873264752870e-03
3.568764572909614158e-03
9.354268782295724512e-04
4.481401153388345736e-03
4.816223659113147426e-03
2.399920601020725207e-03
1.119712209236812259e-03
2.122715458273279412e-03
4.059978581453488333e-03
4.639305510022059126e-03
2.077753172615436159e-03
3.743329660314878397e-03
1.531407445489345754e-03
1.017984827317024122e-03
4.139116503955320159e-03
2.421929687560019952e-03
6.717268168932373495e-03
1.992785605839271501e-03
4.234048112534342760e-03
4.035038067937336652e-03
1.059952724569146292e-03
3.520666835297820482e-03
1.049580604768867841e-03
2.510096602477496566e-03
3.798660466892762010e-03
2.548863192143667467e-03
4.503542794371937288e-03
4.653992758168142875e-03
1.632604631905150558e-03
4.202227226253857882e-03
1.843399317784011251e-03
9.708384621148799087e-04
2.744957568836401719e-03
1.105155324237666256e-03
1.618876742777065111e-03
5.322586578993785886e-03
4.771776415592108612e-03
9.374439848360875075e-04
5.733116931947609268e-03
3.815211614093267332e-03
1.731964723149439968e-03
3.824470919590995752e-03
4.955742243493996627e-03
1.485507973904597653e-03
7.820234240192753400e-03
1.714148405695834539e-03
4.490852993272173750e-03
6.734431801184805055e-03
2.467785971752587369e-03
4.206480736454047339e-03
3.328705824417930136e-03
1.503155541931297523e-03
5.776001270028842394e-03
2.410488938498209395e-03
1.803655695746921158e-03
9.403178662167794872e-04
3.007903548144682561e-03
4.842722290454620250e-03
6.600339020204464176e-03
3.545838350088372729e-03
6.458234028135449029e-03
7.177827797138234232e-03
3.595014818831683123e-03
2.841772200635239980e-03
6.141371108609619198e-03
1.468596014389111394e-03
6.843882090848701742e-03
3.279180846565155679e-03
1.845585280971861076e-03
4.430593506436908066e-03
7.044680509826466847e-03
5.985538639253436093e-03
5.758910732838374950e-03
8.565777094365999286e-04
1.021557796925541594e-03
2.414285307140081552e-03
4.100398086000991808e-03
6.017642601426198036e-03
6.325560869499121178e-03
4.787763557714310066e-03
4.322985066743807205e-03
9.191033128777120189e-04
1.322717944163413848e-03
2.609615551906606379e-03
5.117450134813700952e-03
7.210453688062115445e-03
7.336372505556468943e-03
1.015402944376612385e-03
5.237453395112828293e-03
4.533561211021759282e-03
8.782391156144550267e-04
1.179429089133533955e-03
8.233439683829595762e-04
2.864915875428480137e-03
4.779470338842484525e-03
7.257827424488465760e-03
6.520255161830945320e-03
3.404624280892192944e-03
7.533885280662480817e-03
6.254746948316435191e-03
1.038177663826208999e-03
1.476498096396667691e-03
1.257994220903023213e-03
4.712677153371590787e-03
6.403775238423010940e-03
1.484768065630284652e-03
5.899086568122873832e-03
2.455462561652012928e-03
2.973959204834484421e-03
3.206104433307205206e-03
1.023597865998749279e-03
2.243046343497115576e-03
4.436104511893950580e-03
1.075053049747100829e-03
3.329035504333340001e-03
1.221121494798521091e-03
4.327110258848512400e-03
2.430350775921491513e-03
2.285204621279020732e-03
5.102563578848914178e-03
5.332717786518226255e-03
3.273297935914103694e-03
4.720372352819310682e-03
9.069363920639126990e-04
3.047122124764896096e-03
1.545829670779301111e-03
2.804306235587795699e-03
3.678667151657572833e-03
2.414318259180483432e-03
3.635755601780871291e-03
1.872807032564086831e-03
8.660980070975653070e-04
1.123441054152775689e-02
2.258253437837797264e-03
3.362686340648756312e-03
7.089360364912183216e-03
1.605474778615681008e-03
2.222491996186154017e-03
6.995298638260359983e-03
1.809649545487821993e-03
1.715883953238774885e-03
5.679211460172453943e-03
3.373490264186911319e-03
5.041414843716941936e-03
7.003142767522677753e-03
5.490499501970938154e-03
1.313875297010321875e-03
1.747125787281524458e-03
4.078097019773027111e-03
1.216654474462647078e-03
5.047273448283049260e-03
5.738163466523839643e-03
4.218378872013114553e-03
1.310398183417509424e-03
5.869393463220039242e-03
8.509623290911630953e-04
3.906849899051993875e-03
5.048753294101493601e-03
1.618446678544117976e-03
6.147486362589539739e-03
5.208691615237057149e-03
3.210221229640239631e-03
1.541177199168257753e-03
6.611447234343892712e-03
2.484291304022325560e-03
2.174803440585125133e-03
6.273515970213697050e-03
3.566556917172650568e-03
7.967683145958102953e-03
6.174846575849936639e-03
8.984218580202870319e-04
1.278541444485920735e-03
1.566986725789475858e-03
5.881354338455456465e-03
6.789875006109521646e-03
6.624363525562350884e-03
8.867557238509223743e-04
4.323448814419750090e-03
2.483824225222357619e-03
5.063019719019365081e-03
4.839766629119863529e-03
9.072338500568042632e-04
5.773981563481793422e-03
2.611870309878523092e-03
4.269515030738079385e-03
1.291112585547279359e-03
2.833936431232947362e-03
2.128045868530041140e-03
5.351981559181332761e-03
6.023151822375338860e-03
2.407687504628651734e-03
4.242747413567686879e-03
2.375319884745328517e-03
2.199272601673085432e-03
2.343427983671472759e-03
2.335407562105288378e-03
6.420801265718653963e-03
7.410258274633224444e-03
2.782115923688425595e-03
2.403477722643875512e-03
3.785219483684120357e-03
1.639321617992168514e-03
3.425593560352760501e-03
2.326972630836153348e-03
1.384940800577030753e-03
2.190415719633042636e-03
4.855849708273761445e-03
1.486885203701083635e-03
7.553599223172099107e-03
2.440929632401501494e-03
3.771789994959884665e-03
9.570448906850526159e-04
3.630619210140171617e-03
4.770381968134669408e-03
5.354227924892305569e-03
3.409311393859040806e-03
1.471122536598982750e-03
1.906740423119270174e-03
1.479788448831916405e-03
4.998427129476452728e-03
2.871108117029601108e-03
2.236298742680008916e-03
8.810311309375955116e-04
1.096745631342777852e-03
7.663362741995769466e-03
6.387535870695049654e-03
7.327005887672868520e-03
2.417637017071000254e-03
9.335206514550224884e-04
5.167503420274367765e-03
2.646674144699530905e-03
6.174919703122073653e-03
5.480074057251742986e-03
5.646514785092563923e-03
4.868330400853498538e-03
2.318146635987560020e-03
6.658520197898023726e-03
4.401798645042157877e-03
3.197166671446859901e-03
2.537187294182728734e-03
2.885725329870524134e-03
1.894351472064888329e-03
4.231617572181127149e-03
3.864222652643500063e-03
9.081116539557723124e-04
3.094060849246197276e-03
5.137471734308703478e-03
2.403565233947013539e-03
7.347509021247694908e-03
2.957520832403702331e-03
1.050359509791554732e-03
5.445350623664438512e-03
5.308803672086663192e-03
3.524516803539833303e-03
4.349140491155019904e-03
1.949929135672522898e-03
2.349405777051484078e-03
1.578389273857968992e-03
6.024685129700223761e-03
2.409745837899132052e-03
5.268399826117660389e-03
2.156010278633264336e-03
1.528329550661081332e-03
7.809011033166984167e-03
6.910894558762782462e-03
1.063240555833353321e-03
6.383249209460917055e-03
2.962463677068490498e-03
6.771822465404919722e-03
4.484146234062138213e-03
1.415731009280602479e-03
1.156204744877105178e-03
2.317492656291631706e-03
5.237535119873875343e-03
5.856396616781631669e-03
1.271996176603404057e-03
3.264275319520738936e-03
5.486070017319993539e-03
5.785353050598769122e-03
4.487226124209016745e-03
4.800676750713489017e-03
1.640300630144324876e-03
6.744975612527120447e-03
1.124425123902156624e-03
3.657008273053562620e-03
3.745896551317101208e-03
5.762787308326596143e-03
2.966722913649351250e-03
4.329848275413805334e-03
4.476191224076731152e-03
1.117227173774301089e-03
3.235200954946419391e-03
5.344874592253366467e-03
1.596783258634489316e-03
9.877795028460972706e-04
5.638822379730729431e-03
4.390398311009519570e-03
4.409896933296644783e-03
4.798658560615598999e-03
2.179012724093340111e-03
5.053292116928842503e-03
4.860394768843049641e-03
1.449856513551548310e-03
1.918908083226524399e-03
8.351897729889235910e-04
3.206792471307593623e-03
2.435137327892598902e-03
1.609142360755046967e-03
4.880651737722541648e-03
5.274932803156153968e-03
1.474533464114320420e-03
5.191387868351971489e-03
4.324105284411294825e-03
4.639616793301137507e-03
1.135299012656185332e-03
4.750448711044259059e-03
4.486145648809063309e-03
4.027180113849223447e-03
1.719681730407202416e-03
3.099631672001994676e-03
2.131182327682828049e-03
5.603079803267674124e-03
2.290252682426830756e-03
9.130641168735323344e-04
6.637954826864644192e-03
7.694073741344062585e-03
8.414617939522747465e-04
9.030097288574939719e-04
1.191628103939583417e-03
2.486810214406069176e-03
6.016410857624876311e-03
5.431671315446792714e-03
4.942883365271868654e-03
4.647106911250527966e-03
4.116200987982329175e-03
5.864081733602388193e-03
1.259207943232239571e-02
1.039651068241782828e-03
6.094986157408164781e-03
5.254561714447157292e-03
7.914772389700207040e-04
4.901180926308741290e-03
4.142905750227725975e-03
7.657464082275877194e-03
7.381109775249336362e-03
4.045161774921084141e-03
7.186984615164662693e-03
4.058724190015055439e-03
6.328580533257341378e-03
4.423283113276490694e-03
1.767781543720679327e-03
1.334676338298001292e-03
1.297229609940576782e-03
6.199983340429630722e-03
3.687252717044905027e-03
9.063109254891522351e-04
6.591636504380584717e-03
1.072090407801895703e-03
8.210175661848371359e-04
5.826930224291490025e-03
5.262989425591752847e-03
1.818326225822594231e-03
3.789246983828055068e-03
1.082821898592966183e-03
1.255897920570079977e-03
2.072162563980214749e-03
4.231587897276641204e-03
8.141629546054025401e-04
4.670820806984221640e-03
5.312769759394918648e-03
5.596738400286124099e-03
5.984919867466366970e-03
8.410255503639001975e-04
4.170551354719712576e-03
4.396332581672855906e-03
3.045934404311668488e-03
6.881751314259158814e-03
7.761512847267201635e-03
1.850565502088937029e-03
6.933031386700955201e-03
3.769151214983843326e-03
2.268908825670865482e-03
9.630573586458675804e-04
4.302662821438165384e-03
2.176458151617717985e-03
3.495532539675212918e-03
4.847753853122817834e-03
6.278803715362824001e-03
4.530806679164841623e-03
4.245189755332694735e-03
2.094065017450655493e-03
8.311131950130855100e-04
4.617036271483860276e-03
7.657721708208975984e-03
5.939901741713924689e-03
4.516231482450518663e-03
5.660110925773695865e-03
2.042391740726412237e-03
1.853468848048055000e-03
4.023652560573244032e-03
6.837216264319088445e-03
2.424564955219815719e-03
1.678006776832886545e-03
5.937992217207900547e-03
5.811405545644068513e-03
3.004701286686734928e-03
1.499539034919887548e-03
4.477072203433466596e-03
1.125321087614501898e-03
5.558874314434000645e-03
1.609128992598384596e-03
1.440655953152211776e-03
1.534548287837664889e-03
3.634001556117082490e-03
3.898546430921083668e-03
8.755145144433152922e-04
1.661512964296215332e-03
4.015815663942590846e-03
2.110318489356220826e-03
1.395502617825840688e-03
1.833316140502268005e-03
5.288897111715322626e-03
6.119614637235672866e-03
1.053334682997781983e-03
9.990760829109933926e-04
5.240502417819560381e-03
1.054701294116150391e-03
5.519434049346865281e-03
6.047293597512254544e-03
1.059561883049837776e-03
2.127755447189049083e-03
4.140522473147384766e-03
6.195617643843802543e-03
2.881831813205632670e-03
1.755633927671366524e-03
3.286965687424025021e-03
1.863387721155795006e-03
4.619499194547532599e-03
1.929505800746982589e-03
2.688173333094107716e-03
8.448359844071455863e-04
3.928255859347139743e-03
3.373189369728627884e-03
1.418838981867508479e-03
4.411053517073323244e-03
4.960492629399586642e-03
1.720888864655594798e-03
5.042239270032496806e-03
5.221394377381454073e-03
9.164607578173508814e-04
2.464924753771240585e-03
2.209297631122135279e-03
5.042025796075794153e-03
4.324934714122137189e-03
3.737106641271963070e-03
2.165612069235054241e-03
6.112126827108275810e-03
1.995987581777661484e-03
5.034486640447448022e-03
1.874453550158152208e-03
3.474694209715442888e-03
7.109967867417690650e-03
1.720494881247140945e-03
7.343090152098162224e-03
2.113103120710540812e-03
1.618768006851303625e-03
3.948353462912068852e-03
6.278916333895061611e-03
1.350225561420856455e-03
4.548868226818583195e-03
5.288364989895231148e-03
6.683140296400069159e-03
1.285501387112462620e-03
6.153358970166285247e-03
8.803051972641310913e-04
2.429061358034031396e-03
2.541906777716378737e-03
7.198147474457107509e-03
3.128368898057069108e-03
7.140630359216159663e-03
7.759705630648238914e-03
3.937546696641957764e-03
3.201009474049840500e-03
1.160486341565200238e-03
5.727220746239916095e-03
7.022481031433953219e-03
2.932915406379341550e-03
6.710352411837563341e-03
2.036274022622819226e-03
2.650993000306641357e-03
1.134699607574243818e-03
8.591184137013245774e-04
5.168293943491407416e-03
1.623735023286856450e-03
5.067991230668574508e-03
7.302639818297348810e-03
1.270518804440819507e-03
7.333628518660062837e-03
1.966238975628940844e-03
2.898509991535770224e-03
6.671564627381582069e-03
4.780165494765621984e-03
9.621791501412688477e-04
5.633606221755693873e-03
8.630702515478919611e-04
5.798363204378535751e-03
1.751968550832099132e-03
4.809895576856666397e-03
5.120570020902228368e-03
1.534383211425916762e-03
5.089121239148323809e-03
1.375785975063245452e-03
5.060786430214878756e-03
1.340636382561283951e-02
6.040880445479063568e-03
5.953337388468022025e-03
8.617253964343620431e-04
7.525965842190245406e-03
3.227744761392445025e-03
1.788145017973434905e-03
5.287868452370163286e-03
5.609895778255729118e-03
2.035829431913026462e-03
1.097252836633797130e-03
4.382454414650208303e-03
4.696295161859099544e-03
2.638163831127229766e-03
5.490446488821306738e-03
3.439024550319061749e-03
1.286384890128913295e-03
4.795883341314912882e-03
6.697627138805790047e-03
1.949325822385340832e-03
1.109610298367238708e-03
8.749170676303597667e-04
1.149259952990645296e-03
1.154670597964181861e-03
1.721523856138568436e-03
4.964278369910888299e-03
1.070802988280402648e-03
2.438083584701671806e-03
1.188164560722116542e-03
3.270933527177793346e-03
2.867190451642030995e-03
2.545528457479197780e-03
3.965208787300659142e-03
3.806658809294064146e-03
6.725493992228604757e-03
2.071960546360257244e-03
7.447960510236329747e-03
5.032823021760004026e-03
3.444778481445956355e-03
4.093402840284651213e-03
6.017608665055056844e-03
5.926580490208450090e-03
1.620790761907788370e-03
4.737088925090096082e-03
2.351233035308211098e-03
5.130305352433995117e-03
2.603000472444053776e-03
1.957803869493207182e-03
1.475638667898507153e-03
5.535912368545664076e-03
1.299190491379265382e-03
7.085283732087761452e-03
2.735515902438020574e-03
5.871976793855563856e-03
6.795478438333228850e-03
4.485974134518583983e-03
6.452509020047385128e-03
5.006106213670875014e-03
1.964105911825261407e-03
2.823179937668292717e-03
2.363044368818741515e-03
6.422950057486805434e-03
5.537955330301475194e-03
5.560088733300858760e-03
1.506380726179004387e-03
8.523794560567936806e-04
2.522134971668623694e-03
6.843375792620136691e-03
5.045635420610051700e-03
7.076629064797104393e-03
3.413661148049179379e-03
3.348100268528907131e-03
7.321629712241497188e-03
5.520779833783094614e-03
3.595285179548639992e-03
5.017950222441448262e-03
8.717312591227853414e-04
6.088738197338263575e-03
5.745017684655276749e-03
5.662387063831220320e-03
2.033120446857958428e-03
3.873893396838406968e-03
5.358959374625837241e-03
1.960467431917416355e-03
6.292229152511310750e-03
1.896634221358625347e-03
1.738994060817662972e-03
2.464534693498309555e-03
1.012382026515864413e-03
3.829876966953167563e-03
5.688667270016568682e-03
2.700263329796035155e-03
2.312223879522396722e-03
2.480738833765406236e-03
4.666500461397123274e-03
7.785366366166503746e-04
5.964691486940192425e-03
1.827493091577527158e-03
6.005140186939710197e-03
6.603165604760801582e-03
2.009105981689910964e-03
6.160702318664909236e-03
2.098076013025779174e-03
8.717823526970205515e-04
2.360642127594101553e-03
3.556264471776907857e-03
5.858139763047894889e-03
1.322675729880057804e-03
4.079364867502957744e-03
2.217642804693027193e-03
7.630459623673116649e-03
5.195012520427702389e-03
3.871756003232024092e-03
3.779399544643060813e-03
2.991858617062898192e-03
6.191585649496191522e-03
5.377510692384847649e-03
1.635860883505173800e-03
7.218111471199616797e-03
1.116600890268141903e-03
1.540322965200429132e-03
5.070414779075441830e-03
1.400778125703278825e-03
6.082314086148395832e-03
1.415945569448303232e-03
4.988085325031936870e-03
6.557161623466967008e-03
5.742062622578768087e-03
1.987253613661438961e-03
4.153931924936102131e-03
3.348863917742406909e-03
4.321020731806022100e-03
2.589320336009243856e-03
8.654251123379888078e-04
6.276914192657528577e-03
5.937565636185540563e-03
1.980950453845616455e-03
3.644500013316256688e-03
3.447994022337602053e-03
1.457934627023272853e-03
1.373631775906914614e-03
2.687276096023677886e-03
5.927183441350080545e-03
4.652824729120107888e-03
6.584923532680369770e-03
3.900053479608192250e-03
3.475833024943955976e-03
6.341730108649545374e-03
3.825594559941155812e-03
1.953742431229987548e-03
3.391593716328673500e-03
4.945634539775542807e-03
6.399286414861405335e-03
2.046960844208614919e-03
2.461839483979696552e-03
8.858291366990690349e-04
2.789846745608892675e-03
1.412795012422664136e-03
8.380258594543296994e-04
3.612608286560270530e-03
6.560844118731806208e-03
1.635619058965031257e-03
2.449193420998278456e-03
4.105984554657449333e-03
3.505921416016628649e-03
2.378038808048183773e-03
1.762624913209985674e-03
3.844214159230614682e-03
2.841745729457109421e-03
1.640323184429510464e-03
2.141110555509190185e-03
5.028354622681846693e-03
8.833270734738322104e-04
2.380164793111256942e-03
5.504066526812849587e-03
6.711717800211168886e-03
5.611822855845609477e-03
2.735348226905414890e-03
2.854365455274023976e-03
4.387404828227152789e-03
9.579618040440342729e-04
2.987678938956186796e-03
5.291474027610377530e-03
4.378937499441321046e-03
9.583681091522272110e-04
5.090604078604356840e-03
6.485817318509137959e-03
3.310651205821674332e-03
1.289127906919585375e-03
1.325018632933288752e-03
5.399909293208733814e-03
2.636309854813757413e-03
8.664207859970493629e-04
7.833745103702910439e-03
2.346222777420586044e-03
3.221924041427634468e-03
1.450300345511093764e-03
9.943446339114167185e-04
2.202994087763228762e-03
1.574706506986285788e-03
1.542446661004655576e-03
4.649118360278241963e-03
4.637022784850389732e-03
5.366769908514267690e-03
9.697525981413552881e-04
6.123532910529063712e-03
1.387432569289112237e-03
4.803276053998543037e-03
4.698445299743649918e-03
2.706236477952940998e-03
7.652382446367008567e-03
1.988871934586533725e-03
8.348727694753882043e-04
5.511584443989794510e-03
5.120650168991712145e-03
7.750598098097846722e-03
2.960968066273751264e-03
8.807892734510382746e-04
4.831881965636997123e-03
2.380101490017473131e-03
6.438745981303565374e-03
5.854989458545019343e-03
3.663064217475497410e-03
2.320159731835873176e-03
4.136171425555484199e-03
4.192150677905062336e-03
1.807851848959160859e-03
7.096290105186085426e-03
1.659001670646635240e-03
3.807151011142964527e-03
3.851050504001907009e-03
6.419310383436863977e-03
5.556184169629730871e-03
6.729294851734684765e-03
1.126019614546075118e-02
3.883003592265803564e-03
5.640173267468334001e-03
1.019361198707669771e-03
1.787044777860357942e-03
3.594487399385579238e-03
3.454890785441166491e-03
1.329895215342041283e-03
9.113692590903043136e-04
8.512639406502850925e-04
2.426447729112198113e-03
1.101659299798238159e-03
8.572000689022392936e-04
7.690152250055133296e-03
4.017925283654670381e-03
2.044739781371787864e-03
5.192267703179129050e-03
3.971870084106482804e-03
2.489731021306878372e-03
2.915977084746051908e-03
4.469398368750421117e-03
7.494114407341311360e-03
3.358487221380104196e-03
2.459611672576047809e-03
6.372324833166325385e-03
4.794527458861287325e-03
2.262830317857274752e-03
4.088491914837346156e-03
8.067012191688155073e-03
6.977883579553898624e-03
4.436307413524667211e-03
5.194360290950657960e-03
7.811223432550217817e-03
