1.179665998186730635e-03
9.439367838588995927e-04
3.868017527189682604e-03
6.355271680318260938e-03
7.219265331843277567e-03
2.335043113104230163e-03
1.025386594582102613e-03
7.717647662667214727e-03
1.106448087776393252e-03
5.363020651776770169e-03
1.830382769000014247e-03
6.054035837688157701e-03
4.378758577353487891e-03
1.971748036198462360e-03
5.787358812789510434e-03
2.320767599395208436e-03
3.679362897039208796e-03
5.945075150273326087e-03
3.668209347370119180e-03
6.744762140959011457e-03
2.212412779677432832e-03
2.621017784863661267e-03
1.283528981873581064e-03
1.288858833992436673e-03
8.514683729355433141e-04
8.207760878345159768e-04
8.621852279500275733e-04
6.966801875494177052e-03
5.235901389507242702e-03
6.602088166104977743e-03
5.806633339853162386e-03
6.289649858377646327e-03
3.233136465949789339e-03
8.355243484268909957e-04
2.503637861485837057e-03
7.165654991054976617e-04
2.223088564778253479e-03
2.617729461018447005e-03
1.959808365442276216e-03
1.658567611897277319e-03
1.524115373005533510e-03
1.913781328321685626e-03
8.623977688819988580e-04
1.037112734512688969e-02
1.337615423799727631e-03
3.049092315832389530e-03
2.211331732731696038e-03
2.172274993483532066e-03
1.304002507601335166e-03
1.532318237295547106e-03
1.739950989380561726e-03
2.823951806722934440e-03
8.698073625908776807e-04
1.458230041736331868e-03
1.562912958626676155e-03
1.110637135334826284e-03
8.847015998099546329e-04
1.892094447964843152e-03
1.065054387392560479e-03
1.301231525742950392e-03
4.641926062542812287e-03
1.436850524646047025e-03
3.183491400148440089e-03
1.035294043718507952e-02
9.106335587468093393e-03
9.268657739425867998e-04
3.270874613916621536e-03
9.314168395826533066e-04
1.657063658846529919e-03
8.948471054157725122e-04
1.412776824428220923e-03
1.010660209174374033e-03
8.489907787403048675e-04
8.907780216793738468e-04
2.343909611038268951e-03
1.612244900102467390e-02
4.356876112638493996e-03
1.049363676005654221e-03
1.396525722980294796e-03
2.517783825190399519e-03
3.181301658740262519e-03
8.899135936196022473e-04
2.460521759412387811e-03
1.988128698648242154e-03
1.203350787952333755e-03
4.373168192288764966e-03
4.625292767204190400e-03
2.449019869347999166e-03
3.520405977412779941e-03
1.307137379190285173e-03
1.065728943798002369e-03
2.910329806287309182e-03
1.240195288308825741e-03
1.656065890111295619e-03
5.920855553858223215e-03
9.997039667377638494e-04
1.712503672717549186e-03
2.431970311400231000e-03
4.505246608127863248e-03
2.190764267635631098e-03
1.552761558514343006e-03
9.705510370593235445e-04
1.345227685528177682e-02
2.086956821421299523e-03
1.834374677927638015e-03
1.529803359293087622e-03
1.863797911433710775e-03
1.406092404004384479e-03
6.841814691535886596e-03
1.069455128232825371e-03
1.304077739839362140e-03
1.737969520208805952e-03
1.355043700801718091e-03
2.227151513414920084e-03
2.130347892263787478e-03
2.331535188194882886e-03
4.471333936788142796e-03
3.546387473752555652e-03
7.953961951017546675e-03
1.257542076517274149e-02
4.412963233451702195e-03
2.240295096351953546e-03
1.910774733927587173e-03
2.158661255643448771e-03
1.758462588886587413e-03
2.042782467315297067e-03
1.484967922229826374e-03
1.504959282113107338e-03
2.896453830112605612e-03
4.135390132783936697e-03
9.472014366737847510e-04
1.010629875146339379e-03
9.552679670269612067e-04
2.826951811468767905e-03
1.142522312325390576e-03
1.944823173649357952e-03
7.355113029717444580e-03
1.235569447892018559e-03
1.442358720440652586e-03
9.005551832536436369e-04
2.148862939607769276e-03
3.039627433225888364e-03
1.186320398741464366e-03
1.065758315858394544e-03
2.940015102016713035e-03
1.193465735955235229e-03
1.094132521612421706e-03
1.038209259692306511e-03
1.512577890311269995e-03
7.568849162836251317e-03
1.168536627556218330e-03
8.732420629263082466e-04
1.167284429594984789e-03
2.370971279035307810e-03
1.226296215417672615e-03
1.830804052706476231e-03
8.754366908760909810e-04
1.213301395194776606e-03
2.995057834834561478e-03
3.026285145538828904e-03
7.526723157906479913e-04
1.842808413066899511e-03
4.200925561677040267e-03
1.385262069376039587e-02
1.357721677289130697e-03
2.716572003385267324e-03
1.245429421294860046e-03
1.063466682178139822e-03
1.552173712853968136e-03
3.891902165276633560e-03
2.648544950790860178e-03
4.782924961033352754e-03
2.503851815770269124e-03
1.470167668560140931e-03
8.433842769923828239e-03
8.558582453318834202e-04
7.705532789772814167e-03
3.226797225348255246e-03
2.204727896060124613e-03
1.030978720700534510e-03
1.020950070963026323e-03
1.890314253980320859e-03
3.995476183399463560e-03
1.022267904079560228e-03
1.037437317355166359e-02
1.521375163479755498e-03
1.683511255328279735e-03
2.633582915659252611e-03
1.683031843936696982e-03
1.790303439988252679e-03
1.858901957361449274e-03
2.309313020370213666e-03
9.428707297104826565e-03
5.408237410951557272e-03
5.828834496441412036e-03
1.833758428554124048e-03
8.302228622728969991e-04
1.053467445242477424e-03
4.760163965123382669e-03
8.759626804842270045e-04
3.015508580379895262e-03
4.226995017915643679e-03
1.413729349570343879e-03
3.057871552416027185e-03
1.727456142089468273e-03
7.039744524532614948e-03
8.729369736296131764e-04
3.193614109301720020e-03
9.418739006688856908e-04
1.835737864021727041e-03
1.383911109035747050e-03
3.676544438143168354e-03
2.101767322743194194e-03
1.574206073399621536e-03
1.594482245499388327e-03
1.219475380520301713e-03
9.648451468688730567e-04
1.030991369495995414e-03
1.354730276542951686e-03
1.341313232023850013e-03
2.164080082464480640e-03
1.322577106828806562e-03
1.842214649952866271e-03
1.311981730866714413e-03
4.899163353309546332e-03
8.684065246706720951e-04
1.202886248184590516e-03
5.038752772031417602e-03
2.649269704726987806e-03
5.844465615433750046e-03
2.614516290126645253e-03
1.490639645506967740e-03
3.530107782708045722e-03
1.094921606226717178e-02
3.876447844566107033e-03
7.767038372249670955e-04
1.642301306191754984e-03
8.443067712366648806e-04
4.698576735115418505e-03
1.996280021721767196e-03
1.236368084852854619e-03
3.876474912677932341e-03
8.533637702945973081e-04
2.026096170857727505e-03
3.453525461651995535e-03
3.081424057150480671e-03
1.433354160619095029e-03
7.809596656305808340e-04
1.091600154705623391e-03
9.543344386047228952e-04
1.150748867863492274e-03
2.548218847120815433e-03
2.332456771722273003e-03
3.573995377055730338e-03
1.084170238246446412e-03
3.700720507277726994e-03
1.262884673697699548e-03
1.056988199400652698e-03
1.803602386138336003e-03
9.113930837437504663e-04
3.234388783757104723e-03
1.519431141767109026e-03
3.418126567820728434e-03
1.498618665592961344e-03
9.879740337680807498e-04
9.616054906329731932e-04
1.982157711933981402e-03
1.560532122805368847e-03
7.129720955967282746e-03
1.719544011164583081e-03
1.093493491418102677e-03
3.460764175555961549e-03
1.298615463895918132e-03
6.047261977798178319e-03
1.475834830295366402e-03
4.188580599526215038e-03
2.493174619502131362e-03
7.794334978662338653e-04
3.855879667434683900e-03
7.655651007452711270e-04
2.497877785922385675e-03
4.985223096062324326e-03
6.236239610666055241e-03
1.977981574049991753e-03
8.861922633917680009e-03
2.351998655119104040e-03
3.846740625200715819e-03
1.139787519179240359e-03
1.391155147188241018e-03
1.256672898354959126e-03
1.015963696180918188e-03
1.528953468868600191e-03
3.290731371094085880e-03
8.778708384553515418e-03
5.895829572047348727e-03
1.037313805997154862e-03
1.217563800346807990e-03
1.463347684129122752e-03
9.141703309446379700e-04
2.266942509907735048e-03
1.119013713825286940e-03
1.489887761197698259e-03
9.770478210771281480e-04
2.370762429085281845e-03
2.224141384557176693e-03
1.573218934509793042e-03
1.091297794987397931e-03
9.392786546922229484e-04
4.798522736290746632e-03
3.741606779160180571e-03
4.658959752591632954e-03
2.232821266507330378e-03
1.127776548810649482e-02
9.863742949358491122e-04
7.801799269095466066e-04
9.842019487363131217e-04
6.574267197948088434e-03
1.437548388097879652e-03
3.654522945147851368e-03
3.491908074136196478e-03
1.110952555340866078e-03
1.730264745335103769e-03
1.818250939671337474e-03
1.492757078146665943e-03
1.000269264100997176e-03
8.712295149470994501e-04
1.460357436694008663e-03
5.009661321687472989e-03
1.191108543290448187e-03
9.878219042579927580e-04
1.269586477132784086e-03
7.418109162717293620e-04
9.434503031491243757e-04
3.075319800792585857e-03
1.070400465807928034e-03
1.335083998030674960e-03
3.485753419812550463e-03
2.281319748693134801e-03
3.987586621560076407e-03
1.848563508693792717e-03
1.078060585601939379e-03
1.986087793382275337e-03
8.914719329033255705e-04
4.258245645471934494e-03
1.629534305449520685e-03
1.970442663357699700e-03
8.002839533334775088e-03
1.382378663337795362e-03
1.171037373022673937e-03
1.437198861504319263e-03
1.178110492429604913e-03
2.310485387589144082e-03
3.956392315186043479e-03
1.356138202859438887e-03
1.004304299511760363e-03
3.436284009384595484e-03
7.579467031135368044e-03
1.263578302145317673e-03
4.826564435326472120e-03
8.390469509450349320e-04
9.807229189247863681e-04
1.149674962732927718e-03
1.280012488317470954e-03
9.930214437534889971e-04
4.899479801379404663e-03
1.140360916046111997e-03
1.005295000314733933e-03
1.278518181725767653e-03
1.949856662156732468e-03
2.042669789423346566e-03
3.235827140783187773e-03
1.185858557995935836e-03
1.677041115588439203e-03
4.384435552527160204e-03
1.145277774171042477e-03
3.901091534210754386e-03
1.572598983304377513e-03
1.506055368759092556e-03
9.188041141442264675e-04
9.103183013261416856e-04
9.636991357801762094e-04
4.575697737136646091e-03
1.821836397066823286e-03
3.187797981995441152e-03
3.316868439398391530e-03
7.462185580250364336e-04
6.222526157740861097e-03
1.707348446432288081e-03
1.988929182741681120e-03
1.218068120138553288e-03
2.790896645717173916e-03
3.961817882537644817e-03
2.137899804540644572e-03
1.125998694593953117e-03
6.566627716858405329e-03
1.147904302848638033e-03
3.040283028393338857e-03
9.198335587634382969e-04
1.311026660343274494e-03
1.620886573824423292e-03
8.817669531621083511e-04
1.772103796436431478e-03
1.030404738663644529e-03
1.340097695248223955e-03
5.787962727308612436e-03
1.663245929974184077e-03
8.444618443935098841e-04
1.385964733951369028e-03
1.713504454493706367e-03
1.203570308513814482e-03
1.237543340137484821e-03
2.212440577660258149e-03
8.552695546401971327e-03
1.065461502685247780e-02
9.634463097631414249e-04
1.220119309401181303e-03
6.822586476564846021e-03
1.429944093464911858e-03
1.984122172927430244e-03
9.122205227791655964e-04
2.989873634256951743e-03
1.648331723004950455e-03
1.204795818923881873e-03
1.436285521906259348e-03
4.201435382622155205e-03
2.281549368379604502e-03
1.013592816241973976e-03
2.524387492948874760e-03
4.288799521118885280e-03
7.634298037853885473e-04
1.662836146667926937e-03
1.201377502357563751e-03
7.166474272174617847e-03
7.837586365523998774e-03
1.616207542677915989e-03
7.194923550915712993e-03
2.415425236570833360e-03
9.083275034697647996e-04
8.829398929785952678e-04
2.645043675424545420e-03
1.200113061586475767e-03
1.217870450793472233e-03
1.153623710940264013e-03
1.959975424459833252e-03
1.389453002411182494e-03
5.034093000414584067e-03
3.177068497464191274e-03
8.327028011242288558e-04
8.061000398133857936e-04
2.182215100633854050e-03
1.756795586562814393e-03
1.968164233730012452e-03
1.250638161987449809e-03
1.440067757544439024e-03
1.268259350306941754e-03
1.263071730357791331e-03
6.148173020732887462e-03
4.043579011690751936e-03
1.558960373759524058e-03
9.537863675860404691e-04
6.855002939848054214e-03
1.382987541801238224e-03
1.476726774356847561e-03
1.602281381588075045e-03
1.194842923445806927e-02
9.805352365191396039e-03
1.263162800629778152e-03
8.630539644212346234e-04
1.255986145370896045e-03
1.078970162465110218e-03
5.675940234725037128e-03
2.355831838059773992e-03
4.807039828051035656e-03
3.072362743125344169e-03
3.675299803808459824e-03
7.238594313770491898e-04
8.301562964322663999e-04
2.065946888771097879e-03
8.549821513464899271e-04
3.968362371556978345e-03
8.218434467130917437e-03
8.681309323897762244e-04
1.189221851546503521e-03
9.707426991305867156e-03
1.534754644865578190e-03
9.630054209700445247e-03
6.625594227472319034e-03
1.487179392594621891e-03
1.103509518578311066e-03
1.179092001959286973e-03
8.087743391042980868e-04
9.384297407773528263e-04
1.021627212985271992e-03
2.458174939583761525e-03
3.356071991765140899e-03
2.679918244204959957e-03
3.163373503824126222e-03
6.157009485767226536e-03
4.762537454397382415e-03
1.415504302033039142e-03
9.243588037192224842e-04
5.968457220935621289e-03
4.323042656177281812e-03
1.305277500536722833e-03
1.001897050523641768e-03
4.461615894006546248e-03
2.372038482288960429e-03
8.063135656901623729e-04
1.108573319099968087e-03
8.596746875501110790e-04
1.188179668033062172e-03
1.074406571219678952e-03
4.278313084175297543e-03
7.243608175562359260e-03
1.431263613071365052e-03
8.444595492941471548e-03
9.194659609115596929e-04
9.262398239355173948e-04
1.422349501033383021e-03
8.353704282702217963e-04
5.493668388607801482e-03
2.479967414140942482e-03
1.064376831193941707e-03
5.447174497102851877e-03
3.623999463934741896e-03
7.827392524490325160e-03
1.113222962183467316e-03
3.240578848101796725e-03
1.373574129016652632e-03
4.539087498469497259e-03
1.428853073506009333e-03
9.949973633943141882e-03
3.332889066761212781e-03
1.685056564598387671e-03
6.287764277872501424e-03
7.454734614316814618e-04
8.735501742641820335e-04
6.040558076240637626e-03
1.276068694174030752e-03
1.031223204904482436e-03
1.359635720738420648e-03
1.217967740809980555e-03
5.571393907237755412e-03
6.169075518133082005e-03
4.633728927788350639e-03
6.406377798952329200e-03
8.642673882675627924e-04
1.015344023855580110e-03
1.274180015533308554e-03
1.018953893296764644e-03
2.039203912523298093e-03
1.989128438543851136e-03
8.793362239270914593e-03
1.237580882992060389e-03
1.348854928708405343e-03
8.346327397166488022e-04
9.709459792376240071e-04
1.683686144584861004e-03
1.562153543560089453e-03
1.226431656164611844e-03
8.694596299004376345e-04
2.046767529428795192e-03
7.142093054305796371e-04
2.249512273351325902e-03
1.249733144986817524e-03
8.753404956566441511e-04
7.750758346019259422e-04
1.123773769016148290e-03
1.214616666625129623e-03
1.278336276653511874e-03
9.084523727721161490e-04
1.167622826907436726e-03
1.284729219289088703e-03
4.052054255758761638e-03
3.732630485944966360e-03
4.969830024660806984e-03
1.376162210882600663e-03
3.036537503964303625e-03
1.480994357984853366e-03
9.269891120747186710e-04
1.643735171793533727e-03
1.905453686510214439e-03
1.018073818163764801e-03
9.647158362334634380e-04
6.320660110415006645e-03
5.142474836498784480e-03
2.780981357988389444e-03
8.434061635424779492e-04
1.061545285926003253e-03
7.051828992279065992e-04
7.642355362861972439e-04
1.080603751675424020e-03
2.929775459222200111e-03
2.902907079360585521e-03
6.926271328186895532e-04
7.834446953421925729e-04
9.858877691000485829e-04
1.047800885589788124e-03
1.520119858019502133e-03
9.309485804636098358e-03
9.105172575159359944e-04
2.075427721349565064e-03
7.500098450102712228e-03
1.197996464743124627e-03
1.160592587263737209e-03
3.039309474555303495e-03
1.476826783498791113e-03
1.565847851805328948e-03
8.063137138927088535e-04
1.031673151904014202e-03
8.299853856637566703e-04
1.327753248936706411e-03
7.797648380095272003e-03
6.875854650621483592e-03
7.917218557249156279e-04
4.354853840824290945e-03
1.093353758229034713e-03
8.815649813458210568e-04
6.502231269503632761e-03
1.047945586033752121e-03
1.179120001948710805e-03
4.752041077915046194e-03
4.473950387851602373e-03
7.111273026698090123e-04
8.070613188638721316e-04
3.259136281702659614e-03
1.724183992160710803e-03
1.263487941805289342e-03
2.926044709537483496e-03
9.971331803042633637e-04
1.138568499892514494e-03
3.500675710602564605e-03
1.449170980515649418e-03
2.805176605878353935e-03
4.240392758280350782e-03
1.426963678848248290e-03
7.838444764424856281e-04
1.268534179739489766e-03
9.728085321412168612e-04
7.521034466730430138e-04
1.068459783283079792e-03
8.831394872155473282e-04
4.241373570348276958e-03
9.436012427700600979e-04
4.161790872995017702e-03
3.142264919603108587e-03
8.443995978923856185e-03
4.358781656109695160e-03
3.881975077706119066e-03
7.880984784959691597e-03
8.154635376384081809e-04
8.455980647159400815e-03
9.150105017892839077e-04
1.048128822686663101e-03
1.081627919800016470e-03
1.196796114479638847e-03
4.949524194510275359e-03
1.176321498517251488e-03
3.442640911308874133e-03
1.205281510598664148e-03
1.370275389025063040e-03
1.937576351234429877e-03
5.740387603123912365e-03
8.670098873984329133e-04
1.314850232773863772e-03
1.125247654383566007e-03
4.187708795010033555e-03
1.489365834263412349e-03
8.436023850473845388e-04
1.204032713091505611e-03
1.547689223279388997e-03
8.321548738989357347e-03
1.196800701642782754e-03
6.385252041522816550e-03
7.363231890411485025e-04
1.947679847342272856e-03
7.528192132179927117e-03
9.997784455390982313e-04
2.694327026916992773e-03
9.341701019080691235e-04
6.562194446055480239e-03
1.230881280496882524e-03
2.371284143621579018e-03
5.897633716739883805e-03
4.935749983201308255e-03
8.961257465104610891e-04
1.700267015198685724e-03
2.345619802825433479e-03
1.433309615933097943e-03
1.157849398964256888e-03
6.415109800057702816e-03
1.023650095460609984e-03
7.721263482161515920e-04
1.155684389446169462e-03
8.368887342873288990e-03
4.561314865041506648e-03
1.091723466747463117e-03
1.380796229364736295e-03
9.959663554438280553e-04
4.837659703124681104e-03
1.151136812367435343e-03
1.214252928462492736e-03
5.573113530533883517e-03
8.211835570249148911e-03
1.052476743431279968e-03
7.975339350149493727e-04
7.148240974056825799e-03
5.624573003404151859e-03
9.049840652258752186e-04
1.004375936948602313e-03
1.274930007898301878e-03
4.252745634145536045e-03
1.155365922040048040e-03
6.504209582827419518e-03
3.951618704639864310e-03
6.699629498000408620e-03
1.172242345985433434e-03
4.289521204745774287e-03
9.581714613173766175e-04
5.009926338000293168e-03
8.563044280704659077e-04
7.854826155945794338e-04
1.019960710130402275e-03
1.149478029422869958e-03
5.335532191666726362e-03
4.675141918773421772e-03
1.633542689418370679e-03
4.311291778165160862e-03
3.750065262625388359e-03
1.221250591725293877e-03
3.718847213262225105e-03
1.017163749124730095e-03
5.587008011140715165e-03
8.012027212802621786e-04
7.462189298823103563e-03
8.258079445176227679e-04
1.248240978308871700e-03
1.087867141071294144e-03
1.651515799788950229e-03
1.242329199297549517e-03
5.259958557322325784e-03
2.186758962020612929e-03
9.256688607053189079e-04
3.921878715615602536e-03
7.999189432052372694e-04
7.709184877070875998e-04
5.261699526345053370e-03
7.758912768210170794e-04
1.165015690168798345e-03
5.858371336449242836e-03
1.589524273599552230e-03
1.707203661779934474e-03
1.084364802924558426e-03
8.461765078039251275e-04
8.642060485744686247e-04
1.005359144726082621e-03
1.099476545339761252e-03
4.017225475872533355e-03
1.004446713110834690e-03
1.382504582556166178e-03
5.501976055940661393e-03
6.172714518781341822e-03
3.967084845736991786e-03
1.664284739284653276e-03
1.977265352805513722e-03
3.215091675414807632e-03
1.091637408415638884e-03
1.072652494492662206e-03
1.068528127262636639e-03
1.409426975178094824e-03
8.643189028364695265e-04
2.053123366426896218e-03
1.191846531104370430e-03
5.189922941800702121e-03
1.034966924000813374e-03
8.128473572267060120e-04
1.520372302460743820e-03
9.210000755907750761e-03
6.495996288064877049e-03
1.197587104269834477e-03
9.400851602110611152e-04
1.169404846377005347e-03
1.003097985921055403e-03
6.873017133106538957e-04
9.210650014975083804e-04
1.112630939780630355e-03
1.143095413072974702e-03
4.347313763322092385e-03
3.445988373662711539e-03
4.362384048260694452e-03
5.179633546845028788e-03
1.215247776614012927e-03
1.999155295208718871e-03
1.435330024445052822e-03
9.681580900142715317e-04
1.097771652816483803e-03
8.548290941131349123e-04
5.767354858734214523e-03
6.718560663889849502e-03
4.632707354585580313e-03
2.164942631915872055e-03
9.201481059868058931e-04
9.906695100356185685e-04
2.634752490266865487e-03
5.271082373628639163e-03
3.553249932458066567e-03
1.952584112994558852e-03
1.035655330394544748e-03
8.007270007247866512e-04
7.936528276266757937e-04
2.066931733691794535e-03
7.212733909190780640e-03
4.292918083325665546e-03
1.084422425236007898e-03
1.801565435641682865e-03
3.585465482217341932e-03
5.880449251588523718e-03
1.281654901015538998e-03
3.589989648217631075e-03
3.309871224845241638e-03
5.345493293137166223e-03
1.401889912621915885e-03
1.152573364367714655e-03
1.101976707875934039e-03
3.758544571618531970e-03
1.850896725719314382e-03
7.072705517971422358e-04
3.333099543831732209e-03
2.321557298420018865e-03
1.375163785035673179e-03
5.364428123762956559e-03
1.132584217172899086e-03
1.206651156970230858e-03
1.358882494213745290e-03
9.157414936978567656e-04
4.286333767655580405e-03
2.135775823348281394e-03
4.545666245601551539e-03
1.273736903499212000e-03
4.828622551511576287e-03
4.615649988285354041e-03
6.667597015129153072e-03
3.928195813993749785e-03
1.505348076631239217e-03
1.152741367463306190e-03
4.488162468907064620e-03
1.412982901420143517e-03
5.403416253472408289e-03
2.360755299546849536e-03
7.643770386413464846e-03
1.062091266073172426e-03
1.891313293995496069e-03
8.358179694287008179e-04
1.181606797730358743e-03
5.295813495533306138e-03
6.929556533389790579e-03
1.508684466343478961e-03
5.017008553997096346e-03
1.385493081380214210e-03
9.585147908076031495e-04
7.584052826210641116e-04
7.544839828231100255e-04
1.176642958343886332e-03
8.138421728554962519e-04
1.666525330981537614e-03
1.162496978528372539e-03
8.632275921323809362e-04
8.240864258083815258e-04
1.368127337319625589e-03
1.376812455673465585e-03
1.185032842789120969e-03
1.311249269426301156e-03
9.423620027013990827e-04
8.044238957110450353e-03
1.124404662928538308e-03
3.670953049103597293e-03
1.249012084430411963e-03
9.284561966792941913e-04
8.859267490416857611e-04
1.945540144020463250e-03
6.555276581843497499e-03
7.311785556609321684e-04
6.801553382447407189e-03
9.663404528944171670e-04
5.470677708703171847e-03
1.048788594474211978e-03
1.608288731543203219e-03
7.973872260470233828e-03
1.188683431537922424e-03
1.313296035031769841e-03
4.004875578614247415e-03
7.999887516861809225e-04
4.815636153737723815e-03
7.786254132183409449e-03
1.256507134091285191e-03
9.266427898060329484e-04
1.572169722223422991e-03
7.900904230850351248e-04
8.604204662072588656e-04
1.523320129836458958e-03
3.138818357651435194e-03
8.784453231803733553e-04
1.379637219712340082e-03
9.339228358457139388e-04
5.408160481720276913e-03
1.390938292441421973e-03
8.160251655573160304e-03
1.080278942302086240e-03
1.012444752649621377e-03
9.320803583077241555e-04
9.909910133197106629e-04
8.942185742068078707e-04
8.491071224939597322e-04
1.132603681489968662e-03
9.725998459216226699e-04
9.604378447757511627e-04
7.683346847394711444e-03
1.066694853583263726e-03
8.248543123625623301e-04
7.378027989106545476e-03
8.400424406610048017e-04
8.690411083067509134e-04
2.379998633997163719e-03
1.382095888652160607e-03
1.000204577076596558e-03
6.896941843405083802e-04
4.853348898040061969e-03
1.334926331862392986e-03
2.304881207152177734e-03
1.757640461588752014e-03
4.736558647062495686e-03
8.398234390486388964e-03
9.239716446120003817e-04
1.397553815642519617e-03
1.464021552422272018e-03
9.284722541213779115e-03
8.136264095656399941e-04
4.410022768536027774e-03
1.672993649238007762e-03
1.298955179800610239e-03
2.082766636814066107e-03
1.395911589898447261e-03
5.923376786033902192e-03
3.847847562008878397e-03
2.308733219551306701e-03
3.885201377877167076e-03
1.133169737865987554e-03
4.717852520825555236e-03
9.833642367096033336e-04
3.761958995934397160e-03
7.830017300828573737e-03
4.525248259239782363e-03
1.171216061713646443e-03
2.097472954737564579e-03
8.626274188719518059e-04
3.265390881248524200e-03
4.126831872205730459e-03
1.220804383121572908e-03
1.568238495578068176e-03
6.232193190067839526e-03
9.701583522316475396e-04
1.156130265873474283e-02
8.204227911409308835e-03
5.801498509182239326e-03
1.262187589712129940e-03
8.262889945405398756e-04
8.321057838157853645e-03
9.477916565929014880e-04
7.668811629472862060e-03
3.270748827336493990e-03
5.929219855808106135e-03
7.727618576231311048e-04
8.226701124173537013e-04
7.154101447412260402e-03
1.198809626921352187e-03
3.501476008103823929e-03
2.162453245134584451e-03
1.169213637320129073e-03
8.003623366522456773e-04
9.671882561990730346e-04
9.969640756986456256e-04
1.110652534019666328e-03
7.976558525808145200e-03
2.840077826884433634e-03
7.922997802450667745e-03
1.312828663500650948e-03
9.365834388250361513e-04
8.875859069366453385e-03
8.361153359883874078e-04
2.996903793340683925e-03
3.235911751629260737e-03
4.641311746554964944e-03
5.803297086810347769e-03
8.529259733031659650e-04
1.056542240263511718e-03
1.638244566071740769e-03
1.732358369514483062e-03
1.106963508276682983e-03
4.662463692707076099e-03
1.305651880005722493e-03
8.304392593796244230e-04
3.250416592560047366e-03
1.976800021653897337e-03
3.070038577443342034e-03
1.742767199514765487e-03
9.566384080816292502e-04
4.872576383192907951e-03
6.016745691147859856e-03
1.213425754283755861e-02
3.779447377714383657e-03
1.176889671916388821e-03
4.306302039375741082e-03
1.095943609664332304e-03
2.482290226206565042e-03
6.761148751278110713e-03
1.345491156313605163e-03
2.368267794838172999e-03
5.180703942312123340e-03
8.458387205355759678e-03
7.956664154975560607e-03
9.414045619703452191e-04
1.025033467631225690e-03
9.608805438527676188e-04
8.858647168278859906e-04
1.470728279845462481e-03
8.785883429095206823e-04
8.091074320766201327e-04
6.805436555845418732e-04
7.976610787021636744e-04
6.526126781769623145e-03
1.065257318623066742e-03
8.538834923167077425e-04
7.579913759559625021e-04
1.512586854346220080e-03
8.197753011731292051e-04
4.989162239066333680e-03
6.065422157508618128e-03
1.172480301969557699e-03
6.165441505976821876e-03
1.603383981776049455e-03
8.391486527616617364e-04
4.096597455612967058e-03
4.882774084598879433e-03
1.047616957231401261e-03
1.168016070497561801e-03
1.448467215409535418e-03
2.585290077752443010e-03
1.388280337408108163e-03
4.952639511326719680e-03
2.198259537858216883e-03
9.806616422416414552e-04
1.324774122936002441e-03
4.619607754080048805e-03
6.497738233132623747e-03
1.345433121230372358e-03
1.050515782793884530e-03
1.491073162674771534e-03
8.908383673451481400e-04
7.544746631301608823e-03
1.387894706783205940e-03
2.920863626491235730e-03
1.594193889640551590e-03
8.812077750086768713e-04
5.470889137194059545e-03
7.586890223405757866e-04
3.731172738863780102e-03
1.491141098394466917e-03
5.482641060812361126e-03
7.552741490400998424e-03
4.005608347547060487e-03
1.485773561626694281e-03
1.586075587284683499e-03
1.402336235319078797e-03
5.761432003769453858e-03
1.807020550727321062e-03
5.071145065811544575e-03
1.107148368322338197e-03
8.400091414387813281e-04
1.449641101283019292e-03
4.151442876379596476e-03
1.185454780684178176e-03
8.313900996190805564e-04
7.698147603306366256e-04
8.514588258120808599e-04
1.400507891627843443e-03
5.090554044489381535e-03
1.143549355339097988e-03
6.191806490786616428e-03
1.772951255552408702e-03
1.004831710226984729e-03
1.048670570001895754e-03
8.879994175389314829e-04
3.306087114779203157e-03
5.284725260306925854e-03
1.011881583789562330e-03
1.034321243698805431e-03
1.055150923642982118e-03
1.594505281022295679e-03
7.933980312691447804e-04
4.420652661336302303e-03
9.392270627307306016e-04
6.880683884782027443e-04
1.351364009545113912e-03
1.105979968132968097e-03
1.031895091498305581e-03
2.924307760601713244e-03
1.343973554559592951e-03
1.357975437747487761e-03
7.433103271114671444e-03
6.710028390134814905e-03
3.792865091558894446e-03
2.666135861015957783e-03
1.268420177160358570e-03
9.915573619298111065e-04
1.539561594405317773e-03
4.515448465108618317e-03
1.091299994069638022e-03
8.445030479150735653e-03
1.244718554766252811e-03
9.583869680874804522e-03
9.959247767080132551e-04
2.975502487460483965e-03
1.234184045790434744e-03
3.841470152930358956e-03
1.168091330919624393e-03
1.044201498052972805e-03
7.747928547705827153e-03
9.156897288798965641e-04
1.048235374292390059e-03
8.014366045706255385e-04
8.164524362044919695e-04
6.516953607943972750e-03
1.108342149540033359e-03
1.192809737502694952e-03
1.012733185814468015e-03
8.617358536316702079e-04
1.447657930343626120e-03
9.112435796900314943e-04
6.003745397211318093e-03
8.892133325546182007e-04
4.794944622814586999e-03
7.305042091222293046e-03
3.798498241519225604e-03
7.146557937289025036e-04
1.399072866574736351e-03
3.491816951669030923e-03
1.136094068860810753e-03
3.819044638069108138e-03
5.699856714990287135e-03
1.408568449919227108e-03
1.280807211197210671e-03
2.820453232241807492e-03
6.928237135357193620e-03
7.841484278764913191e-04
1.043318777832549782e-03
7.373794295560939576e-04
1.700619706884249054e-03
9.897863732299752321e-04
1.191629214150265051e-03
5.314692075826148512e-03
2.264283776974627179e-03
3.675434735412596264e-03
9.236219660455463045e-04
6.135834634361264639e-03
1.315159879145902334e-03
3.179290143797903687e-03
1.289132609550826822e-03
1.002437436841842333e-03
9.333794957266242694e-04
7.584844678273357059e-04
1.149540052726284603e-03
5.116371795039939031e-03
5.111457056944854888e-03
1.357208507401255499e-03
1.239787607278429807e-03
3.894206801389239574e-03
1.128557125095546636e-03
1.026746319325605710e-03
9.896432615980820750e-04
3.614420535225449597e-03
3.415726394487293097e-03
3.640385843382610599e-03
8.507622508345510925e-03
1.159483019228621514e-03
1.666508936869834021e-03
7.749621085562726115e-04
1.172610695913185079e-03
7.026459527053975640e-03
1.356987071632256370e-03
5.023245297135506271e-03
4.783271145028781916e-03
7.696611371308674683e-04
7.068873954747834434e-03
6.296358959066225038e-03
9.463726774810172614e-04
1.100339950413249494e-03
1.277841266306240561e-03
2.853540349137193878e-03
1.165849942273242774e-03
1.116973233696133246e-03
1.232417689454571967e-03
1.060424144286438181e-03
1.050105757665145212e-03
5.489984544679216497e-03
1.078458521165094391e-03
3.141489188925542225e-03
6.392135972425229927e-03
8.009230097707399241e-04
6.500616313021581605e-03
9.019253181360201675e-04
1.074771598408472487e-03
1.857882225602748875e-03
6.791287997094080063e-03
1.069589116334099168e-03
8.961103563913333124e-04
6.687878760455113125e-04
7.113048713314968144e-04
4.575642687951245006e-03
9.148723055655987729e-03
1.009017352330683149e-03
1.303487058088802740e-03
1.176101327998201442e-03
9.194360407855462023e-04
8.961595637588103559e-04
9.067323965833349025e-04
1.163509011542457382e-03
1.154985566907226540e-03
4.714776570807752143e-03
5.685933506057403233e-03
1.124773474868333810e-03
1.006061007690628450e-03
1.636354020203239275e-03
2.601632344835531213e-03
9.356754236143073307e-04
1.172524077238357295e-03
1.341700271355248308e-03
1.589951974813646508e-03
1.801184967612579849e-03
5.111527203400025379e-03
7.449959621378953204e-04
2.623436936723683253e-03
1.056147125348139539e-03
8.984993720964199512e-04
8.318515946453549498e-03
5.295835032034202153e-03
8.824401438067289855e-03
4.084060048218365532e-03
7.627024931515469187e-04
1.229512621679106944e-03
1.328971504260982334e-03
5.354314469188633900e-03
1.157039827621329656e-03
4.658109292228589104e-03
7.617998216849513780e-04
4.302014238046268299e-03
6.063111363761671327e-03
1.005336688279532664e-03
1.126925727540910522e-03
5.569941386018476860e-03
1.300361582521248997e-03
8.549033380206859422e-04
3.672580506178073356e-03
9.816298746835091377e-04
4.410121499135926521e-03
6.998812241950415087e-04
4.846199649219902483e-03
4.099324141234412730e-03
4.010417581900280193e-03
5.278386209252144620e-03
9.785170397302539545e-04
8.547479185151929349e-04
1.057931366788914364e-03
1.011292642594153893e-03
9.270873916672745093e-04
9.544797298644940855e-04
5.515864833388428243e-03
4.887897591857847009e-03
5.085635098499296201e-03
5.530486516019711592e-03
1.326694864199515125e-03
4.009395724231844434e-03
7.247159523447406276e-04
8.284447889733844231e-03
3.122079082851704924e-03
6.470753342825226635e-03
1.056094004454509287e-03
3.047940222601473997e-03
1.271713352144888823e-03
1.025817354786277879e-03
7.100524948835139133e-04
8.526783737120955005e-04
4.775637509695200220e-03
9.365344437489794447e-04
4.210150426528578259e-03
1.922087224317078208e-03
8.225072858658519226e-04
1.006112670494085795e-03
8.218954908078435900e-03
1.043784883304920167e-03
6.323888642596271932e-03
3.686367751325829965e-03
3.216216208523817177e-03
9.573846669732569321e-04
1.006718854390591025e-03
5.623471050041573861e-03
1.785922220984486469e-03
1.329322355727803519e-03
9.628387960637605240e-04
9.196963794382337744e-04
4.730550891780376140e-03
1.660808298336729182e-03
8.294533178696186088e-04
8.262734880781217369e-04
2.797901398455985861e-03
4.469472443530918965e-03
3.100439046209403464e-03
4.936266589936638520e-03
6.216844033026676028e-03
2.664771348994930417e-03
8.837210740165704626e-03
1.313220801223639661e-03
3.228922421626424268e-03
8.300788072584803752e-04
4.353959349917326145e-03
7.262036268007101029e-04
8.535319647388480910e-04
5.376537304524598056e-03
4.426466903003575988e-03
8.929864864004889149e-04
1.547220757011600082e-03
1.378844236068243025e-03
8.252838471177483502e-04
4.809228341358201715e-03
4.779879828282427787e-03
1.197787998975366692e-03
6.774085651430564875e-04
1.092231921623449797e-03
4.279884353778516323e-03
9.469598583915019062e-04
9.438570195932011794e-04
1.150115989404774854e-03
2.809501381862110781e-03
7.508842275627999538e-03
1.213201741443412866e-03
6.611768743383102977e-03
7.996480728866703575e-04
8.783665311563113162e-04
1.016095114252144483e-03
1.082404486747681792e-03
2.514866675500734925e-03
1.032827760415616809e-03
1.355503632158963287e-03
1.090683890877373234e-03
8.765384216613399072e-04
8.601850198918815091e-04
7.183507141140942250e-04
4.084763132096113497e-03
9.876795004834194522e-04
9.725299554219370667e-04
2.905233304825554676e-03
1.005744161056105340e-03
7.779110687695742904e-04
1.656116229795840354e-03
3.816465266923919387e-03
4.478730751485407967e-03
1.013778806314227093e-03
7.435860375820133126e-04
9.647177869646739005e-04
7.823126936634136695e-04
8.315357772100205169e-04
8.351186452286373310e-03
1.126097729208387849e-03
3.854287202036440173e-03
4.147762477798342708e-03
9.932889803002569254e-04
8.341045054259428604e-04
8.479213904672390154e-04
7.302836507542711901e-04
3.715305358905035809e-03
5.216454925680654234e-03
1.163217626892981346e-03
1.101732179792199806e-03
1.019483850370706641e-03
9.460493793193759529e-04
7.158041524887707487e-04
9.625455634488917995e-04
5.486476567623734153e-03
1.028556016381073929e-03
5.398686194423490958e-03
6.503973724377378959e-03
8.425439831530346377e-04
1.123671335797487387e-03
1.051207174207497352e-03
4.858371452416380618e-03
3.019741598916333026e-03
3.762863980013966218e-03
2.675246116923829607e-03
1.053088186484078381e-03
9.657322423412510867e-04
7.060657598869241221e-03
7.657106446106068214e-03
9.388000424153499293e-04
1.057102092060799824e-03
9.881326440460257848e-04
1.063612973533403002e-03
1.038480981312172409e-03
1.079598429750452861e-03
8.476218095614270615e-03
8.446128572516153205e-03
2.169125625558131383e-03
1.236565453042988557e-03
8.768808023055482334e-03
6.991865056536193147e-04
8.419535635561024942e-04
9.671994677501808942e-04
6.748566598256289673e-04
5.406999224596348470e-03
1.341880501474345712e-03
7.481072349730282997e-03
3.971769360255687255e-03
3.270867916326898259e-03
8.238189738377393228e-04
8.551791422787205629e-04
9.347875496895902527e-04
9.289136299930034722e-04
7.370552297046921398e-04
1.340688078585622420e-03
1.168161378743396046e-03
5.011863829131862208e-03
1.254488500816633824e-03
1.190517205099405219e-03
3.230270316160970163e-03
4.114420873378325967e-03
6.760732891764494046e-03
1.501206549991680392e-03
1.167324880334148210e-03
1.465045812675101365e-03
7.696965167574905831e-04
1.175621681756673425e-03
8.926941703287278760e-04
1.183364635226886183e-03
1.010057799935772105e-03
9.771840854302315475e-04
1.036538914230656933e-03
1.371311067425921024e-03
2.448180761357094445e-03
1.086327911150900384e-03
9.061217582107947881e-04
1.590931006874289405e-03
6.001455334557643032e-03
8.611125369041896507e-04
3.097612315858876402e-03
1.896945421393141009e-03
6.927436884158742238e-03
1.098070880509005370e-03
6.410754480258684662e-03
1.357430096871731738e-03
8.755251567952566190e-04
1.385793429193164046e-03
4.395983882481925217e-03
2.682806677523142443e-03
7.696920188650168511e-04
4.334195882533487150e-03
4.118458876091697640e-03
1.428341617544220477e-03
7.680259568885282459e-04
7.148599050869922263e-03
9.345736880358923235e-04
8.863192643242351300e-04
7.367734477255244354e-04
1.062941667421793152e-03
8.592936741167238280e-04
1.220536013135852492e-02
4.436007962367104901e-03
3.772917825103145294e-03
6.366906985809381476e-03
9.428305010350244205e-04
1.250097167809361819e-03
5.250691800861487409e-03
8.177333719749366181e-03
3.438544900704639320e-03
1.026489894849490084e-03
9.717462620731241642e-04
4.284217065933003735e-03
9.250102870389130191e-04
4.087648452388522625e-03
1.462871599643515534e-03
1.149234304691314342e-03
5.046686484596338632e-03
7.772713379293913656e-03
9.852968490830578581e-04
8.269476093958377100e-03
1.654439055008665328e-03
1.085221437897278480e-03
6.807456067643899954e-03
6.555658108604388301e-03
6.016019716094393038e-03
4.608238516378966240e-03
4.248606179029947374e-03
8.486792891168448011e-03
4.439151328048247108e-03
6.944538151979105615e-03
5.543153857069724536e-03
6.956108910511036268e-03
3.314990200631779717e-03
9.099295244723547282e-04
5.749879231601189022e-03
1.107314138696574926e-03
8.373916628872337580e-04
5.443910788559446629e-03
9.875105164456805286e-04
4.455570867499387272e-03
1.699967153051045289e-03
3.106646337043446338e-03
1.201853408230758565e-03
7.761855103921268739e-04
1.117263409446734397e-03
8.995310348723907458e-04
4.170200275202308633e-03
1.264795896705156290e-03
8.586286417230949708e-04
3.902632194950135958e-03
6.135112990328986209e-03
1.419369423902459761e-03
4.184428918306917940e-03
8.774489716726717589e-04
9.671797089366147935e-04
7.559930867707905823e-04
1.038076616806316715e-03
1.223312674066940340e-03
8.117263819292378293e-03
7.951853852454150717e-03
4.507372571074898249e-03
3.411277707995667621e-03
1.377335370455718333e-03
7.638279879955559362e-04
1.082565356762407336e-03
3.516689877545005772e-03
8.099025933467510034e-04
1.436072522828346415e-03
1.187619021496971088e-03
7.213654229277948957e-03
1.065745892325940022e-03
7.901055911978196880e-04
1.434703246901237583e-03
4.365214577056452175e-03
9.067456062338465766e-04
6.191199119624546041e-03
5.637457429840625998e-03
8.609667825036054333e-04
9.653892483884744845e-04
1.049101841802829466e-03
7.141493968965089215e-03
5.929455658078897941e-03
3.481660765625840641e-03
5.246540894311783540e-03
9.467830545933210527e-04
1.330531814455693023e-03
1.362304368276460271e-03
1.048673235704210022e-03
8.164570380661837021e-04
1.409520338643937372e-03
5.408325391464145239e-03
8.877460491950087650e-04
1.145154512046290792e-03
1.353180306187901040e-03
1.322366144001338797e-03
3.849062399852674291e-03
4.013498876849990078e-03
1.446268212448925542e-03
8.016925311082781329e-04
1.048807748569607901e-03
1.304782729324064023e-03
6.405124971514367972e-03
8.949520249502070134e-04
1.162662224526410555e-03
8.930553371307052091e-04
7.879793832608377379e-04
1.418693634210464478e-03
1.089663126078643882e-03
1.493179605842040241e-03
1.091763766409987492e-03
8.501439273177688327e-03
7.636641851260661138e-04
8.643433157159763130e-04
1.216219063365840507e-03
5.785174938027156516e-03
1.255035273727728466e-03
4.179789834333779742e-03
5.076839159980608279e-03
4.729450078680024795e-03
8.536074662079369893e-04
2.029497233929256073e-03
8.267137303634528468e-04
8.639597656801983622e-04
1.230728179847033910e-03
7.486131241056061866e-04
2.869103348410923827e-03
1.342280084957323157e-02
4.494753484224532636e-03
4.740007430408958548e-03
6.951944378940145587e-03
3.241722283367061419e-03
8.136496407112695775e-04
9.036339678494394135e-04
1.432066704369271961e-03
2.996436923236969405e-03
5.425630169973679091e-03
1.401392144996882342e-03
7.713612871219505942e-04
1.282209346197628807e-03
6.144155456906179660e-03
5.294097101025081742e-03
9.399006276548220202e-04
4.872180601093025441e-03
2.665719931025904363e-03
1.947223403268475567e-03
9.369159781940497112e-04
9.737390307023621435e-04
3.476442650746690635e-03
9.842185550630118580e-04
1.239234637552191244e-03
8.798538743631656098e-03
6.945413603090931469e-03
3.727168607947414954e-03
1.620858098658363791e-03
9.854439816274662874e-04
8.158771237854602976e-04
4.079920800784867137e-03
1.974768332392680664e-03
1.384165188924181339e-03
9.443236827571839867e-03
4.378958249350250152e-03
1.203036950596674502e-03
1.277025917767307672e-03
9.012870717048843128e-03
1.907085422528385314e-03
1.122155091176656617e-03
9.883054230741204413e-03
9.380152034792538967e-04
3.959385734846674124e-03
1.047229788012206701e-03
1.905082079987576024e-03
4.534271643369412741e-03
3.569265683350864894e-03
5.673906755469809368e-03
4.705285873550384829e-03
6.072653431092038707e-03
3.766419822764614702e-03
8.305375527192403922e-04
4.202812425012823760e-03
7.658094512782838382e-04
8.932070814244899007e-04
1.281405629448307713e-03
9.115988249929475552e-04
2.827233733331370631e-03
8.757423237129457637e-04
1.355089975197387112e-03
2.516706876869268233e-03
8.221058542458553175e-04
1.111731597699789969e-03
7.047844149869358400e-04
7.794709577557113172e-04
4.571247700682914972e-03
3.775678577234538140e-03
7.881978626927589257e-03
8.897890749564774278e-04
7.785749289974070808e-04
1.829977800192568666e-03
5.946060683589300157e-03
1.090359880880545102e-03
1.212886069338345004e-03
9.689643725429217518e-04
8.701914193422747483e-04
1.243456795696298986e-03
4.185977922730768977e-03
8.949837431167199800e-04
9.412549299985243549e-04
1.132070573838315402e-03
8.063974268982454160e-04
1.261898596037024220e-03
3.343148957655799058e-03
1.293128123999778920e-03
1.144638348651597082e-03
3.244320094978321838e-03
1.039473277512635661e-03
8.575464353794713451e-04
7.289943355179634953e-03
6.581656289007560903e-03
1.067144525626728679e-03
1.025627481631439250e-03
1.883402789475089201e-03
1.644823583074802534e-03
1.158558449234322772e-03
9.105199163193969207e-04
6.106508042650949687e-03
9.638133067003606339e-04
9.977109665064974077e-04
8.246483120547826043e-04
7.185857143552443725e-03
1.322050682277040165e-03
1.019924997762995883e-03
1.135439515326619074e-03
3.070694263957350883e-03
1.958930404204989578e-03
1.754136139896187189e-03
1.094027174222183575e-03
9.700560396741907555e-04
1.280422278320461973e-03
1.216042094147012313e-03
1.549582918782408964e-03
1.505770252926127550e-03
9.183395370827746344e-04
1.271724849853821766e-03
6.719806331136148926e-03
1.023027411361123037e-03
9.568898427119157044e-03
2.426594863379042538e-03
3.420889558777791706e-03
7.635346821636711028e-04
8.269241147245554382e-03
3.450750261489516062e-03
8.505994826884778976e-04
5.695013831295940576e-03
1.112415434483523874e-03
2.898351987409330914e-03
5.131827437817765812e-03
4.993382231892653719e-03
1.550299011237097832e-03
4.776086031988081154e-03
8.783379565738554757e-04
7.765809900748548052e-04
4.213191969715368579e-03
1.074719675225848997e-03
6.639419873672684248e-03
4.915042021251338905e-03
8.212875696311486458e-04
8.143328384021436203e-03
8.494227866428604020e-04
3.718765074730589083e-03
6.268004206890548727e-03
7.630231665059894648e-03
2.393413736899831137e-03
3.686797077545933120e-03
3.728152138587631590e-03
4.128305549882451721e-03
1.040796722571190464e-03
1.479923823320776531e-03
4.700329343517201282e-03
7.375036741038672660e-04
4.076576006026851051e-03
5.981428624770934212e-03
1.530568494275648134e-03
1.067404491115303685e-03
6.084504141473502312e-03
2.581500443248160859e-03
1.204920168324836007e-03
9.126974986981885047e-04
5.084319668458784323e-03
3.550789344363108283e-03
9.169994615245532143e-04
9.033751167395574636e-04
8.306776836059270083e-04
1.162759758081001373e-03
8.003221569595416222e-04
2.999705221142225271e-03
4.612669508803994393e-03
5.640041413778260938e-03
4.899851293607698256e-03
8.451127933859536910e-04
1.157878693605537577e-03
8.643763897580712284e-04
1.197431471565206041e-03
1.461406647970381507e-03
4.707506526021199879e-03
1.302918536462361427e-03
1.073016034776760452e-03
1.091415532357334090e-03
1.674180516372569642e-03
5.113126430483868126e-03
1.338281880611605964e-03
5.842175077466493956e-03
9.598245199808760290e-04
9.408371741292443670e-04
5.379270247001650268e-03
9.301973195812977433e-04
1.047458789214369447e-03
3.912234606024265170e-03
1.342625188817459349e-03
4.384849641732137607e-03
1.699369857801965146e-03
8.879794928854210659e-04
7.296699503420091444e-04
7.319420391225133979e-03
8.046855828297078822e-03
1.735262855245144238e-03
1.194130640316815690e-03
9.269971302879665472e-04
3.184221249687777065e-03
3.922332061713060605e-03
5.910825637415127384e-03
3.568856595376829026e-03
1.020739306485812965e-03
9.208904580887372453e-04
6.259239104836313017e-03
5.436959342007751002e-03
6.661043901928823466e-03
1.290006510848204242e-03
8.064929226674246842e-04
9.035762534934837012e-04
9.101264591582860792e-04
1.615287224821035242e-03
1.596193921086982168e-03
7.194978689108687524e-04
4.225542288190298548e-03
9.111153655618935750e-04
7.965617684376184336e-04
7.996913451524241632e-04
1.059834578485456752e-03
1.308903169776199325e-03
1.094387705765140608e-03
4.627491936369719679e-03
1.072678980450005124e-03
2.335703190298406978e-03
1.002720418840785319e-03
9.259865159972723156e-04
1.371855082155512811e-03
8.777278158744486426e-04
7.628065494802547955e-04
1.764452450521159779e-03
5.091723088417324065e-03
3.903634208299953251e-03
1.925318558016845703e-03
8.509927127677052771e-04
1.021042112749217514e-03
7.103816722823646200e-03
1.157038450857415628e-03
8.036163444834809643e-04
1.088854553977224547e-03
1.897295356490312545e-03
4.149446553025042637e-03
6.629354328886759469e-03
9.379838994487956980e-03
8.213238718486604289e-04
9.608151967910962855e-04
9.682064371188930495e-04
5.200355171907887486e-03
1.113439047311774429e-03
3.702758867694192109e-03
2.926885205263071461e-03
1.049470735625533191e-03
1.060219272255434608e-03
1.211364405665249369e-03
4.192239726688740814e-03
7.764459617157802107e-04
2.539635245252895839e-03
1.136669098246470078e-03
7.112591153624631818e-04
1.859299198743322818e-03
3.545771527482884707e-03
8.338448045061442465e-04
9.220134220603592740e-04
8.885611095920037178e-04
5.517919157909951210e-03
1.436746353259807287e-03
5.951161956180835849e-03
5.820292882729308399e-03
6.963778235680014028e-03
8.269382400306617316e-04
5.872720438555219594e-03
1.014749899551897500e-03
7.102365194083308476e-04
1.032021753735640679e-03
1.455325856757698792e-03
2.032919950759992222e-03
8.661231420566436849e-04
1.018698155421481847e-03
9.261401897540953504e-04
3.702300223069940072e-03
4.022409748721375057e-03
7.713975978674985105e-04
1.486790569039050242e-03
7.252608326170717837e-04
8.813847953420934304e-04
2.058528473444337994e-03
1.267212698902758783e-03
1.296049160513502736e-03
8.751988911836761087e-03
1.283198988406361249e-03
1.204556054595337655e-03
1.148537586740605359e-03
4.989298374864511477e-03
4.388148549607905763e-03
3.135855509919609468e-03
1.000915812542561498e-02
7.036718400858636181e-03
8.781046716368749727e-03
4.376940374743080488e-03
5.455582106820998714e-03
7.811209923456980753e-04
1.380669628183604043e-03
8.024005425390913319e-04
8.444459951911936074e-03
5.492862195413145132e-03
1.006433905461507142e-03
4.540503121842407244e-03
9.944321550842234129e-04
7.907942754210500530e-04
1.853145667233752460e-03
5.235309080604371758e-03
6.117935639491551419e-03
1.334178219521846114e-03
4.822740771084867671e-03
4.502467222071859614e-03
8.846648633078917122e-04
7.380832631923639649e-03
5.297739519558123181e-03
3.844345844549102408e-03
6.638676609134336326e-03
3.604226142964125652e-03
7.385583799970622983e-03
1.349716451570175070e-03
3.160345445596645687e-03
5.639040881657778580e-03
4.465316019384199531e-03
1.011075942561685771e-03
4.722977505745913629e-03
8.915703329206544486e-03
5.953249189544584756e-03
7.745128461784344916e-04
6.579645628298065553e-04
7.757671217386407757e-04
7.790837109523727870e-03
3.492253025494001292e-03
5.325395415733080902e-03
3.894554565566061589e-03
1.159073190251276803e-03
2.817398977970865786e-03
8.754127532839109426e-04
1.304967779180460363e-03
8.620597191650157141e-04
2.877057950275554131e-03
5.265065986748090551e-03
5.846911347494846908e-03
1.005543265385694558e-03
8.409158355589544049e-04
4.609426008855905393e-03
6.143103633925495015e-03
3.496409034434096001e-03
1.130871322970973623e-03
1.130189532320468497e-03
1.560000177021322052e-03
9.355248344215664254e-04
1.436725383320930144e-03
1.074084860350320390e-03
1.029896022720241770e-02
1.348634598774805593e-03
1.190056440871670000e-03
8.715670823097707194e-04
1.096287994923224795e-03
1.193484269095620434e-03
3.224082633313344118e-03
3.732756038308825998e-03
2.530132789953189708e-03
1.432041999862474933e-03
7.568428391156683741e-03
5.251144342741962540e-03
7.669589079729116849e-04
6.437942161561499739e-03
3.101934724659775097e-03
5.133950372047095360e-03
3.314881121827746666e-03
6.045745601651467301e-03
1.010964757192086639e-03
1.241936144401161943e-03
1.161030917696663630e-03
9.644432926996926577e-04
8.916874197203479438e-04
1.186889578074312593e-03
9.193038823899636613e-03
4.124223148519719738e-03
5.281864481339593881e-03
1.042777707660622532e-03
4.036872355622890020e-03
9.181675903997133913e-04
1.099205281453213183e-03
1.407145719575888078e-03
6.105886557852628280e-03
2.566081597509079111e-03
1.037131555116878410e-03
9.228841773525372875e-04
5.492215491376485452e-03
1.740880895967915516e-03
9.182194199132203208e-03
8.326514833913972301e-04
1.360055974252919212e-03
1.613398425107504149e-03
7.656560892705689941e-04
4.213884978903330129e-03
1.510104783952046685e-03
