9.781299968031340660e-04
9.439367838588995927e-04
9.596530398648813430e-04
9.467238229946611447e-04
9.783021263014119416e-04
9.908017686852839661e-04
9.794036110865099540e-04
9.563528210955685388e-04
9.941310167250493914e-04
9.574737730668345321e-04
9.253430261830098823e-04
9.855291901441334736e-04
9.888521302098211407e-04
9.900193494688108459e-04
9.909142644952081448e-04
9.631627954148359308e-04
9.994757690092918954e-04
9.605109238808236553e-04
9.318963003629023934e-04
9.774734759677673399e-04
9.193067639012452623e-04
9.201427680340720913e-04
9.947969422256304657e-04
9.539073287659246810e-04
8.514683729355433141e-04
8.207760878345159768e-04
8.621852279500275733e-04
9.700704012234191405e-04
9.879823580154377047e-04
9.940711370184278708e-04
9.910009880762093038e-04
9.495531697832637359e-04
9.820991124667309731e-04
9.021940892783894116e-04
9.555095504923665373e-04
9.752590453676980098e-04
9.752912241739600859e-04
9.521381657710908074e-04
9.670664834415108229e-04
9.636954537075956718e-04
9.808879754959936095e-04
8.814899376848030167e-04
9.431279986922696005e-04
8.679937604632461485e-04
9.297885817263251739e-04
9.601789525722387612e-04
9.744538719297664688e-04
8.706849520414139528e-04
9.855005372058870273e-04
9.155320485472004822e-04
9.208111610286142746e-04
9.471066451319724421e-04
9.769101214364506267e-04
9.095401890935225471e-04
9.326502380154284757e-04
9.318123329275154873e-04
9.311513653677602059e-04
6.711336064319052075e-04
9.103168815462306428e-04
9.337270567855583247e-04
9.896974258287430295e-04
9.877232627812963187e-04
9.011823120172089913e-04
9.083205044679835581e-04
8.141799490976850450e-04
9.262243282301972679e-04
9.738760959227841857e-04
9.448412479249420530e-04
9.225782374175618087e-04
9.633775367110318077e-04
9.932024261481726263e-04
9.848910329022385508e-04
9.819714664207875119e-04
9.952323927736139546e-04
9.306705862813200196e-04
9.210197036072331582e-04
9.701120447420792615e-04
8.429232705591966626e-04
9.426704636602407884e-04
9.037214629600496532e-04
9.264580834184313546e-04
9.853976400626747890e-04
9.914564726974202033e-04
9.456140724810970823e-04
9.179011412220122127e-04
9.962041497173534151e-04
9.003881562630851668e-04
9.819840679221442364e-04
9.556873640682417943e-04
9.614782148041869014e-04
6.878502780964042447e-04
9.395657783067594892e-04
8.860924801481355516e-04
9.605824057153680663e-04
9.846828902222743308e-04
8.997207710081093655e-04
9.873855943654142198e-04
9.712813560512172095e-04
9.884071046596710781e-04
9.827119922709421068e-04
6.966623848822899034e-04
8.964761830265239500e-04
7.999746256591239646e-04
9.904627561286444021e-04
9.468683039846282831e-04
9.977309174443481973e-04
9.181829822985132809e-04
9.650891080579228820e-04
9.343190640823940919e-04
9.676790990421764134e-04
9.295285182876905378e-04
9.671613622923480504e-04
9.870351337676875041e-04
9.304757045567301757e-04
9.793122475044186304e-04
9.563836316340047512e-04
9.918873492275640750e-04
9.535861119597507972e-04
9.164815176334212840e-04
9.751949116597551483e-04
9.721623496742490224e-04
9.064068922006250206e-04
9.743192913087837023e-04
9.544519007525465934e-04
7.600845392740452960e-04
9.390338503822105373e-04
8.860148970888387246e-04
9.726717367831446250e-04
9.928467197319855182e-04
7.930706874784616313e-04
9.409060324045867519e-04
9.514436139067603384e-04
9.548215978947401312e-04
9.911670715990719867e-04
8.668518402958006863e-04
8.740602492467038596e-04
9.326159626491808833e-04
9.234768631863029317e-04
9.377873579346902811e-04
9.900038005501887901e-04
9.724395118943343934e-04
9.747663312782912145e-04
9.942960089068331522e-04
8.874661223840994402e-04
9.882153194283880074e-04
9.364894160229217173e-04
9.920956345254366635e-04
8.290187564625441314e-04
9.321376992884582852e-04
9.388126865193057282e-04
9.880050595927405976e-04
9.588902879884246685e-04
8.829380002976017824e-04
9.685232809498388025e-04
9.055298380068156020e-04
9.019463427887992315e-04
9.705240052242517564e-04
9.208103082009332953e-04
8.557155062252948122e-04
9.194546350491538842e-04
9.719601954092418590e-04
9.130273006784666743e-04
8.910460762340525380e-04
9.071940183056255175e-04
9.756943087020862864e-04
9.785679740956882908e-04
9.808405714328612829e-04
8.788357735581072295e-04
8.510785551495348615e-04
9.613968034153112709e-04
9.475994542981673683e-04
9.754373794701135404e-04
9.111712665180933014e-04
7.933985888386116143e-04
9.623155716033225541e-04
9.670948859373595463e-04
9.475761578726841052e-04
8.919758852185888983e-04
9.523843504224353395e-04
8.575662772178961352e-04
9.736796307286618712e-04
9.858250556465538404e-04
8.762014957640213699e-04
9.456499245737869010e-04
8.999104423292402606e-04
9.304072050830928262e-04
8.691106109350438518e-04
9.322107471811915324e-04
9.426441198544398183e-04
9.942617154160163315e-04
9.045135613165954363e-04
7.452038354255981125e-04
9.839199211935749628e-04
9.769669991869206049e-04
8.845401116193439333e-04
9.633034523261034283e-04
9.928883804094579876e-04
9.437354904653603993e-04
7.565973679953245544e-04
9.797792542002316772e-04
9.357532823260030679e-04
9.202571737273444220e-04
8.994754414373608981e-04
9.935370050997923991e-04
8.923247630177392727e-04
9.741972394903605911e-04
9.967874066639868368e-04
8.867234576728321013e-04
9.066178044887111863e-04
9.807226450077547331e-04
9.510396891618532215e-04
9.091853303149924435e-04
9.377841334247197236e-04
7.546521993828402865e-04
9.715136429049884897e-04
9.572471620261879767e-04
9.741643741176317503e-04
8.594989494518426570e-04
9.322826777308426812e-04
8.498075599522696144e-04
9.770926313513155631e-04
9.625976496154723490e-04
8.753473127974745064e-04
9.991897607044611645e-04
9.592097809203532690e-04
9.893802643780032040e-04
9.943592009565877399e-04
9.304011819753711578e-04
9.954890771516438069e-04
8.652246580932360966e-04
9.966268626347197547e-04
9.187887204358169326e-04
8.713182306522206794e-04
9.607576500063029230e-04
9.092708090425131052e-04
9.478160525990292785e-04
9.397456371387511234e-04
8.551766783565919539e-04
9.829583866150255062e-04
9.685600656024100433e-04
9.982521396089080214e-04
9.853998904032997865e-04
8.942060632893353983e-04
9.793125476915119122e-04
9.001425139967534055e-04
8.958838055596917479e-04
8.804239349655287959e-04
8.478769537873361234e-04
8.388511850472582737e-04
9.661373711528905900e-04
9.948631922130268725e-04
9.729317290338270266e-04
9.741916742760478760e-04
9.533209909887945107e-04
7.272174123020928036e-04
9.916316009251548852e-04
9.298660540151336244e-04
7.870344005094630918e-04
9.998130444756375863e-04
9.696675085335385328e-04
9.128704794301842253e-04
8.418894943411520679e-04
9.245703341267086069e-04
9.621883097719674061e-04
9.774912711157921798e-04
9.864861767528198058e-04
9.565560675448325821e-04
9.568136527232210019e-04
9.472726797590563146e-04
9.025354914836272247e-04
9.855557447875000574e-04
8.874359739244992110e-04
9.372813680426000721e-04
7.658504501752536227e-04
9.898114345533843249e-04
9.269588892003568711e-04
9.445865047666032700e-04
9.572055222455623687e-04
9.368900658421012041e-04
7.608379329037577099e-04
9.055908236027164710e-04
9.049230467847440163e-04
9.487436193258559462e-04
9.901381993329216955e-04
8.915945934397085087e-04
9.749822132336488341e-04
9.773056783292555401e-04
8.426449519375868403e-04
9.617915942237923854e-04
7.389911667066734625e-04
9.665668314241870679e-04
8.585085803877461237e-04
9.317414157065240362e-04
9.078820564327997776e-04
9.536793029371030571e-04
7.246340303995467457e-04
9.343726880585776070e-04
8.548078262942400245e-04
9.865630217472569699e-04
9.815793301428846034e-04
8.733104651223993348e-04
8.912623358273375970e-04
9.073933748137997255e-04
7.855739305289037360e-04
9.977928196556293435e-04
9.209620990321172465e-04
9.394865091216046942e-04
9.801163642561365984e-04
9.037076145668573781e-04
7.519858959177108323e-04
9.895463597573842581e-04
9.361766910109117290e-04
8.745127573023021720e-04
9.852617811824445487e-04
9.285971777687409981e-04
8.829512033375569533e-04
8.558932487240204778e-04
8.575504166195272891e-04
9.906836836716772284e-04
8.685935694812490192e-04
8.982880053460797149e-04
9.650982833785010659e-04
9.629930468677954389e-04
9.845676751805922024e-04
8.454533401812159036e-04
9.095699253208556828e-04
9.642499594136353736e-04
9.979882678822879667e-04
9.539398691260250578e-04
9.139416666807755095e-04
8.590208191276472744e-04
9.946542838529556611e-04
9.313357817512943814e-04
9.324319154183578198e-04
9.281795960775021410e-04
9.454166917577386860e-04
8.947370834533347871e-04
7.585547325458652642e-04
8.572617446265761148e-04
9.419432244421547390e-04
9.155840133611651416e-04
7.077398148870081129e-04
8.921897166306193673e-04
9.828864799193589002e-04
9.465982096342916889e-04
9.145821438207480010e-04
9.743919366712654141e-04
8.993251961142788688e-04
9.109961727129491571e-04
9.679986632341461760e-04
9.342879155280514906e-04
9.392920820471972613e-04
9.492207882013659059e-04
9.268048785026501138e-04
9.727793358441635735e-04
9.133765276858426445e-04
9.367994564818569667e-04
9.297212684362919644e-04
8.817086673259540803e-04
9.933192659780140221e-04
9.868707021489524136e-04
8.430405262047094500e-04
9.266755707771833980e-04
9.853319993317359495e-04
9.567661175896236469e-04
8.542866698416524138e-04
8.438153415965688863e-04
9.604765569917520212e-04
9.936935790635229634e-04
9.989710968367282798e-04
9.891163062443076442e-04
9.195972174836679813e-04
9.775981609081549513e-04
9.325810078402145152e-04
9.143665277642727207e-04
9.959586788694481992e-04
9.235420083195059610e-04
9.539410583128079581e-04
9.585173116187338397e-04
8.635458244031424995e-04
9.594380749478368482e-04
9.883832532471019047e-04
9.068685129290564523e-04
9.966959223851063615e-04
9.155761790045367559e-04
9.952134074802194887e-04
9.432773921296568314e-04
9.559450196586000885e-04
9.330637539362985180e-04
8.719977988927053595e-04
9.507115915278937504e-04
9.465446452698910232e-04
9.049675807799900835e-04
9.562410251652036152e-04
8.681712906862288238e-04
9.987617001216669409e-04
9.485044998877246092e-04
9.913812264963001771e-04
8.033818791209103305e-04
9.802296531747087607e-04
8.844041768245019652e-04
8.209789658206532569e-04
9.225592196164211735e-04
9.997573831334372919e-04
9.290017056403457882e-04
7.286878527089002324e-04
8.834343102419214529e-04
9.934508494952739265e-04
8.789617802466636546e-04
9.595085581019067869e-04
9.385398345293904238e-04
9.861918976486353048e-04
8.816740982484392664e-04
9.566642522611698259e-04
9.558924751493301075e-04
9.691359235936029479e-04
9.843242777958088885e-04
9.511348725309642189e-04
9.927527937380622135e-04
7.893821574965761501e-04
9.527673562974111514e-04
9.622494636924490028e-04
9.397811257667480290e-04
9.725902392431504204e-04
9.752581692241673456e-04
9.092987085079869873e-04
9.030378980322668024e-04
9.440866993363220471e-04
9.901063018877124568e-04
8.650236687863807963e-04
9.696984423936014187e-04
8.935023198455256188e-04
9.582128317693334833e-04
9.954854470599209301e-04
8.178853255960368603e-04
9.481920653408229668e-04
9.309941362934331206e-04
8.962016147586583745e-04
8.619924947961609763e-04
9.751011079800911505e-04
8.988418349015475780e-04
9.733323247023321174e-04
9.753921864357088323e-04
9.273184536429405957e-04
9.806213537243192464e-04
9.886349083566342219e-04
9.771884093566500680e-04
9.656475408875910427e-04
9.829593549028064082e-04
9.743778946248332108e-04
8.639428183582468666e-04
6.977103701246491771e-04
9.875652698862270092e-04
9.793237733540949980e-04
8.008576674751969465e-04
9.199562991584606846e-04
9.768616351165521072e-04
9.744596461652278805e-04
9.590475057385617957e-04
9.517139467759323660e-04
9.061289700000016217e-04
9.989847925931673832e-04
9.975372801410528796e-04
9.990660585951773812e-04
9.333824951239627328e-04
9.505750426575822719e-04
8.878677126121622878e-04
8.460760699650052199e-04
8.738185748964873503e-04
9.661204202670693004e-04
9.355061680790734569e-04
9.955140974865724947e-04
9.129009274898285554e-04
8.555498874952854231e-04
9.206481124196320195e-04
9.849552519069729607e-04
9.775264245282465868e-04
8.702537659557922590e-04
9.774155874612594670e-04
9.672853419932879839e-04
9.306045727252619873e-04
9.825144463755318934e-04
9.636638444159406191e-04
7.721502690275269115e-04
9.180219594200377583e-04
9.680156251188745458e-04
9.808577131619330633e-04
7.410256400856448343e-04
8.628837990558401025e-04
9.467529055702972752e-04
9.081535146606103297e-04
9.428497790115838084e-04
7.929731651980608366e-04
9.794338745515356135e-04
9.918772879973765475e-04
9.032229705798377117e-04
9.489462772384177607e-04
8.196539742600642735e-04
9.521688531931608510e-04
9.761083203889144543e-04
9.272977057532773206e-04
9.819806884090779252e-04
9.491075682092046549e-04
9.503604617652120336e-04
9.288931584347875046e-04
9.528332420282850440e-04
8.757124292598242538e-04
9.042715655294986674e-04
9.223329074309375656e-04
9.541163232323342062e-04
9.566312736484088334e-04
9.862676595031167042e-04
9.738926634727098968e-04
9.839551395155379104e-04
9.327741463212913843e-04
9.733121929649602485e-04
9.182267035941900314e-04
9.903610814990671928e-04
7.365122720746634022e-04
9.579873748852710345e-04
8.895522509562551767e-04
9.202357052663952394e-04
9.911226906052629602e-04
9.626532265802513607e-04
9.079841954928221520e-04
7.732703842878840134e-04
9.552392809801137216e-04
9.283620212970200960e-04
8.983430143822695871e-04
8.900848958367775596e-04
9.344927900287495429e-04
8.205597646821836781e-04
9.178235186701281254e-04
9.150039133327641898e-04
9.769010168067834669e-04
8.071967040259959633e-04
9.996684393604681439e-04
9.690923117301032761e-04
9.494795391441168643e-04
8.484064555850805199e-04
9.265171995288118412e-04
9.764614742561561304e-04
9.359932092691810668e-04
9.378692324819699021e-04
9.820548216382108103e-04
9.645351445670797500e-04
9.083938644895104284e-04
9.791287018796443649e-04
9.969574700982801029e-04
9.874722566556443093e-04
9.377855867495802451e-04
9.431941561407206423e-04
9.365223706996514928e-04
9.965446226569926215e-04
9.837025755160540112e-04
8.835312135770961211e-04
9.678850617683043729e-04
9.544266027237401388e-04
9.613287105138182539e-04
7.959749848989782026e-04
9.701600967666172562e-04
9.229403011469252370e-04
9.372214528392877868e-04
9.095279141412926458e-04
9.650629181838091871e-04
9.378121461839200026e-04
7.556060670648409062e-04
9.694684475729579932e-04
9.998092256956689090e-04
8.716562251632457457e-04
9.749830770856848534e-04
9.613889175473627193e-04
9.435347139128036527e-04
8.848710191640009716e-04
8.326030961987399568e-04
8.274617782326904600e-04
9.550200740218434516e-04
9.649904256839735191e-04
9.739841739557280817e-04
9.433909578682019709e-04
9.399227418816878546e-04
8.924912873998383338e-04
7.977713983160545806e-04
8.186330557058996713e-04
7.988492829673874990e-04
9.850515309956051502e-04
8.947957550339282699e-04
9.040074517677056760e-04
9.424963173916631057e-04
9.444885498684823990e-04
9.616862339192340341e-04
9.946490822892403195e-04
9.551085179920080961e-04
8.714303460079754959e-04
9.207543473018527233e-04
9.398583461225982604e-04
8.096820370561630875e-04
8.454525949573116162e-04
9.899440309167097107e-04
9.679021087435353120e-04
7.894479902641431254e-04
9.111955183520626137e-04
9.338695898550921108e-04
9.806468855417861154e-04
9.566831766100712415e-04
9.830387972905427121e-04
9.863724084060820733e-04
9.099096392087362671e-04
9.597969792892444875e-04
9.870310602878543289e-04
9.180441620259020483e-04
9.192985799131457494e-04
8.631920292063744457e-04
8.927464985259690212e-04
9.379624418984220183e-04
8.820387179859030726e-04
9.723631970785695695e-04
9.090035733137346186e-04
9.750335731624697839e-04
9.185159941001387520e-04
9.505872514434276273e-04
9.740714698504532136e-04
8.842636900854289458e-04
9.651898031060127678e-04
9.854641944399167731e-04
9.689499039425032972e-04
8.951836874628868804e-04
9.455958186198933644e-04
9.927365726654028676e-04
9.588012124135264491e-04
9.465880436883543098e-04
9.942252036985801955e-04
9.922960011804989912e-04
8.518565441699055447e-04
9.740343955487149085e-04
9.808191496764721330e-04
9.676988949721239885e-04
9.801697868497460855e-04
9.788913431856467468e-04
9.080481903327011555e-04
9.173446813828890810e-04
9.470249336121891633e-04
9.778188020433925109e-04
8.671418035476735880e-04
9.970404935241334882e-04
9.502180148958990370e-04
8.578741134097646586e-04
9.857116289063644950e-04
9.510669455079603148e-04
7.845868553846785474e-04
9.826524699443985912e-04
7.281867043877506256e-04
9.268713129362288064e-04
9.755578329735762342e-04
9.168179098878823791e-04
9.535771520739138403e-04
9.891615472782020434e-04
9.643431082143308266e-04
9.457168922204635094e-04
8.395900135114988620e-04
9.435474908881772045e-04
9.214559872305295909e-04
9.551849003866042312e-04
9.851262637114873398e-04
9.026161627694639965e-04
9.880193387162908292e-04
9.099686854178474105e-04
8.614121394788165024e-04
9.775183888691434033e-04
9.050177752765713873e-04
8.807299174195124458e-04
9.478921789939417225e-04
7.451172845270324701e-04
8.814187909539501460e-04
8.784267503458067236e-04
9.544151737912459502e-04
9.970791899723066565e-04
9.278468830615091900e-04
9.491921368261062872e-04
8.302794806531560131e-04
9.347743928907874819e-04
9.658119530223824864e-04
8.526996381594754070e-04
8.889424767376291787e-04
9.040061010735416305e-04
9.658808039581651388e-04
9.184867086897228333e-04
8.132883976465065529e-04
9.237957961660461098e-04
9.688529995843475585e-04
7.493954253045623237e-04
9.792136152503099454e-04
9.142309638420618610e-04
9.523453143406933981e-04
9.387580515966464836e-04
9.730287705392358464e-04
9.429613887389956105e-04
9.608052577745548623e-04
9.578144113316390800e-04
9.174672436407343675e-04
9.860008038307316921e-04
8.329495625197851300e-04
9.986771785619472444e-04
8.992454612564037457e-04
9.057481615963400984e-04
9.610623112813142504e-04
7.911054860348221531e-04
9.666288732665919347e-04
8.984269632313374859e-04
9.651949727451026228e-04
9.809208934763225841e-04
9.925401278912048767e-04
9.922579270628111448e-04
9.465282911280568576e-04
9.746151195862222914e-04
9.230974852259454713e-04
9.622901251816121234e-04
9.869624706552472797e-04
9.348014538498195664e-04
9.737935929032827094e-04
8.691139525568686948e-04
7.555300803344786780e-04
8.920136128948262392e-04
9.815137350288581381e-04
9.984540763960023362e-04
8.669252112021360191e-04
8.575692229249733773e-04
9.845842085822941684e-04
9.341067506581387072e-04
6.758485028839245502e-04
8.955556257025219400e-04
9.619574138957055157e-04
9.690880553193859017e-04
9.473570986364342151e-04
9.540436358398149495e-04
9.850015721544539121e-04
9.027285488168011350e-04
9.417496866705381102e-04
9.809211189739461961e-04
9.950650000709801695e-04
9.324859480983512796e-04
9.738645917528785355e-04
7.796235674899754890e-04
9.848080904093254196e-04
8.992478606202603236e-04
9.887591864493436734e-04
8.736778864911750675e-04
9.739866536670403448e-04
8.320129023721639996e-04
8.819577697846233593e-04
9.497860169534384257e-04
9.865784461492146853e-04
6.583877180507661684e-04
8.495587002272449346e-04
8.925830464701575446e-04
9.363814941065100664e-04
8.570464049815606361e-04
9.367443225799810527e-04
7.842120795810073172e-04
9.046929951595656652e-04
9.113192020610099125e-04
9.750400279926400415e-04
9.661066397733224231e-04
9.110198029002031369e-04
9.077451957362227524e-04
8.032971655188127572e-04
9.079448353539659516e-04
9.629325832767104618e-04
9.042827820928775072e-04
9.815578030294817586e-04
9.855715668132410644e-04
9.779636937947136163e-04
9.340888838320313440e-04
9.673354082983261866e-04
9.490546535946258605e-04
9.471716843543421995e-04
9.864502849528476031e-04
8.558706628081290228e-04
9.939752047215333688e-04
7.855344625494247108e-04
8.652971840796403174e-04
8.977474317947976802e-04
9.231412530498885960e-04
9.280071616553320314e-04
8.980706982662295043e-04
9.697350419325106302e-04
9.256029847160312423e-04
7.943638089443642641e-04
8.128695525269490248e-04
8.566640753172784922e-04
9.650054123552868597e-04
9.433603330576999842e-04
9.947320196056817863e-04
9.039176597776610658e-04
9.471696840035127764e-04
9.304159689449407501e-04
8.897708774740342025e-04
9.016696222624775645e-04
9.413967572959971216e-04
7.858092899023403580e-04
9.680352746979818202e-04
9.224898620017517401e-04
9.803707299239937997e-04
9.779895018607481262e-04
9.150438893241405209e-04
8.731674675646149521e-04
9.336062524206178471e-04
8.433849027284570643e-04
8.199264688935882462e-04
9.967898000394815900e-04
9.371564599975805779e-04
8.899797455953228388e-04
8.519227471112145482e-04
8.651034236713324877e-04
9.314774500803020205e-04
9.435045024600758907e-04
8.947695556188552980e-04
8.931699217107659516e-04
9.480530293004470763e-04
8.945913471965019365e-04
9.815608619965293050e-04
9.872515465754305025e-04
9.125249710818737195e-04
9.479953032965299058e-04
9.460323585540876502e-04
9.988069438242931121e-04
9.514438579679965115e-04
9.424061372470060940e-04
8.092678988616746694e-04
9.099075848824403866e-04
9.982738089562238817e-04
8.349568339201958976e-04
9.679550168618880233e-04
9.075399798616157416e-04
8.306529338077014947e-04
9.033893348732866457e-04
9.451024620619494308e-04
8.575230497827173457e-04
9.489644605937421320e-04
9.246190726649619433e-04
9.249820549873618604e-04
9.566882823470213319e-04
9.778724902028334762e-04
9.355342918966520500e-04
8.840225661840499889e-04
8.425886555366445159e-04
9.443001857640128099e-04
9.656366610530796486e-04
9.821114206372484785e-04
9.588580397679858204e-04
9.502395464913087697e-04
9.890240352268039187e-04
9.669612311228539423e-04
9.436053815983277276e-04
9.446558027281355642e-04
9.584184475180903455e-04
9.858371036864739447e-04
8.104199720669786082e-04
9.858192256884026200e-04
9.443112143536764973e-04
8.272053270593555290e-04
9.901894422893401781e-04
9.114016381143882038e-04
9.534118481663430775e-04
9.562724682862613120e-04
9.348043183381184694e-04
9.898912917686737960e-04
9.946958204545865156e-04
9.712031373998108400e-04
9.942419873082450170e-04
8.284910966166208384e-04
9.876027891661787704e-04
9.459234471615768532e-04
8.075168210555730159e-04
9.542249857052705975e-04
8.267718929299162217e-04
8.648480732823394905e-04
9.470769615064477407e-04
9.264286626398735014e-04
9.474654869595804975e-04
7.014684222446832419e-04
9.240721077720123007e-04
9.527671282279681544e-04
9.834035463687892855e-04
9.103726699785646016e-04
8.255895822613535523e-04
9.333701440051140295e-04
9.356843462613955277e-04
8.867812883682333778e-04
8.214100989531793748e-04
9.505741319189697086e-04
8.338335790419959623e-04
9.177284669773903836e-04
7.414256097531643930e-04
8.167475625591546877e-04
8.875535351209024688e-04
9.658365550094629489e-04
9.584862086592547351e-04
8.857423922106393097e-04
9.844105504753762354e-04
9.333407983666357731e-04
9.867092204866453279e-04
9.820074511151584851e-04
9.911102806275276338e-04
9.418997144537976122e-04
9.870956971655916491e-04
9.790691305771258811e-04
9.880804962323595786e-04
9.485939568856209406e-04
9.630375629150588878e-04
9.380864022125971887e-04
9.348961470164348893e-04
9.717995967349941791e-04
9.735478421854912214e-04
8.901730009302477034e-04
9.850768573218939093e-04
8.981294976273987126e-04
8.456497265203570795e-04
7.658099423447222191e-04
8.741856315226715930e-04
9.986020269900257925e-04
8.947642028298978837e-04
8.626930470413448748e-04
9.894768412317790987e-04
7.390557995124683466e-04
9.969602918794091741e-04
9.977885540427920003e-04
8.781943151823710892e-04
8.465412896379017954e-04
7.865828381041306636e-04
9.668524070960763913e-04
9.582415517089700428e-04
9.886089802715184501e-04
9.868004290002107062e-04
9.878818881478496679e-04
9.880587246115790645e-04
9.607759027166080370e-04
9.450792485108014916e-04
6.796571031446868713e-04
9.478617078910026895e-04
9.041286864333597257e-04
9.394427434676579569e-04
9.632911879062931899e-04
7.533081293100851597e-04
8.554309151468635769e-04
9.449435143685515045e-04
9.487249632858527418e-04
9.685908862333522966e-04
9.945170525539489235e-04
8.713868071475699539e-04
9.383384657840002779e-04
9.989133620391045694e-04
9.826785771418820956e-04
8.512250444841386451e-04
9.584414282550328705e-04
9.535851806527313387e-04
9.823184732685274860e-04
6.531592920301166130e-04
7.484854805796852190e-04
6.881762683892576286e-04
9.304490517745247396e-04
9.395928010531703553e-04
9.990236803233759014e-04
9.361089807442001020e-04
8.665159624874392433e-04
9.482723018045830649e-04
9.420318975930050973e-04
9.381976931852919251e-04
9.549978457696205354e-04
9.105205764515788029e-04
9.354381483648474506e-04
9.719504740834920440e-04
9.030627916595771344e-04
9.644496819266987382e-04
8.664794458893216363e-04
9.897810284228798425e-04
9.748695615075316130e-04
9.990740567708891740e-04
9.348739487048274982e-04
9.438107136851238074e-04
9.905878977258157983e-04
9.010478761389636602e-04
9.131209422790548171e-04
7.817209843712990625e-04
9.012566558497279523e-04
9.109673903287043026e-04
9.253207714509368610e-04
9.604327936560278292e-04
9.575690132452267670e-04
9.537596492962973791e-04
9.602494064667561283e-04
9.627243636380923824e-04
9.518490695799355092e-04
9.883812398732772560e-04
7.007045936917809768e-04
9.835593855746678493e-04
8.993730872574299835e-04
9.227351172654393776e-04
9.666278202287659433e-04
8.378751224707722085e-04
9.263917088327856949e-04
9.668979887593840295e-04
9.613272041644739486e-04
8.928870246598700437e-04
9.743528860698300823e-04
9.670566333372102507e-04
9.012654786858055643e-04
8.589347430530713291e-04
9.809961071831105155e-04
9.763143635296418722e-04
9.442182010311503089e-04
7.655416965244859909e-04
8.221838995017786023e-04
9.654062111554245589e-04
8.718039012083553252e-04
9.248186052259787029e-04
9.807573477674518415e-04
9.719144383515511756e-04
8.101639822992251711e-04
8.725935974366150032e-04
8.086086890722057018e-04
9.553355030937276749e-04
8.486188554073351197e-04
9.974732072919152096e-04
9.466895264448147319e-04
6.948513975241255069e-04
9.206655852694812982e-04
9.663860408641319162e-04
8.640632670665867113e-04
9.332809778303078089e-04
7.946995901119669435e-04
9.714834660147049971e-04
9.234749922666256111e-04
7.716044881223131386e-04
9.194403564740024357e-04
9.701375075902386519e-04
9.827289295914502440e-04
8.433494760397351568e-04
9.551617930872217076e-04
9.557882348351305667e-04
9.165875520550328297e-04
9.573541653082087407e-04
7.754956741581229499e-04
7.263843734087177409e-04
8.045744204630691588e-04
7.164711155848978727e-04
7.608286379794432144e-04
9.378610666154008155e-04
9.874727569635758945e-04
9.319100387308387268e-04
9.029143205876522318e-04
9.569274769831070861e-04
8.633805310209315088e-04
9.101320299077129364e-04
9.881505619570914601e-04
9.340934198476996729e-04
9.812734067146055249e-04
8.164762556869167420e-04
9.351932477636504867e-04
9.457161341673164540e-04
9.194866303380933113e-04
9.671784084253344212e-04
9.692064083004013186e-04
9.046029034379411129e-04
9.431630437897302061e-04
9.639478295833198368e-04
9.401991769648627550e-04
9.636430881009950622e-04
9.601094229708147373e-04
8.889572248125042313e-04
8.213495328682323673e-04
9.781734169010084402e-04
9.035451596105880485e-04
9.284784834426234408e-04
9.025515911151893748e-04
9.681027657862426678e-04
7.376656416975369912e-04
8.643300957337064034e-04
9.826661198114722533e-04
8.268998321891829874e-04
9.442960941261993070e-04
6.862112369630538273e-04
9.688225586436612123e-04
9.128590083942534142e-04
9.547337092607673407e-04
7.761492285474992430e-04
8.659650353622295365e-04
9.872172217572437302e-04
9.605888319488792119e-04
9.041396310014467161e-04
9.552666482643240283e-04
8.052360828504286387e-04
8.995117507875384499e-04
9.702532741594087394e-04
9.123425028681049183e-04
9.224298119456081878e-04
8.540217194421248536e-04
9.406987579032511293e-04
8.053608630154235294e-04
8.857678973968561307e-04
9.008583092449996572e-04
9.338751316760047615e-04
8.833676256938815001e-04
9.836983069356176283e-04
9.466193858817233825e-04
8.672112168921597246e-04
9.997236268913091504e-04
7.952198798780133349e-04
9.320042220585902145e-04
9.675514722422810668e-04
8.335492944274523058e-04
8.931932471199430235e-04
9.335440640653112345e-04
9.895053867815329154e-04
9.511826475059894336e-04
9.523754423862443785e-04
9.788568749055724227e-04
9.298238658561847969e-04
8.630866086285798227e-04
9.329122733377652249e-04
8.686220138126514272e-04
9.351600552269876809e-04
9.136326373444579683e-04
9.125096908895105738e-04
9.971387274370364494e-04
9.604294906667251892e-04
8.299109593071718948e-04
9.992292687479151139e-04
9.715298834869874004e-04
8.217390221542863679e-04
9.561858018011529453e-04
8.011201236349137222e-04
9.318672461286792467e-04
9.654442366024126648e-04
9.769116302753293353e-04
9.621671710859727462e-04
9.770070544916620563e-04
9.399650793703112845e-04
8.218492679876767933e-04
9.529966837533916961e-04
9.857186638594431227e-04
8.060070748755000835e-04
8.545159109527501089e-04
9.416859103829477865e-04
8.073311119741058764e-04
9.491402678104625098e-04
9.239115990161432448e-04
9.073296403681525065e-04
9.944336447508539140e-04
9.777255954777903761e-04
9.830343314278127461e-04
9.919189700456957325e-04
9.982777046726183223e-04
8.411430873378716692e-04
7.378436214584200604e-04
9.327089626465777687e-04
9.912803038507062969e-04
9.115022335223086020e-04
7.881667582558536970e-04
9.941370786788242785e-04
9.338495518726094022e-04
9.804517962285024240e-04
9.610072313913781139e-04
8.746166460331453174e-04
9.211954963622610588e-04
9.901402539176640521e-04
9.937037691711853721e-04
9.900136135095238734e-04
9.206068352787202423e-04
9.283409031522646101e-04
9.506842553765007964e-04
9.932673827084282508e-04
8.981596774519791078e-04
9.359266431689341375e-04
9.554138326772766395e-04
9.153794759282347752e-04
9.975564211434704946e-04
8.714262842853881053e-04
9.526874039145634930e-04
9.910375938752885236e-04
9.778917803186090371e-04
8.026484685269084495e-04
9.505693364503454068e-04
9.673963312543529735e-04
9.100312385336194534e-04
9.517892401910340314e-04
8.592590139550146822e-04
8.796392503479363769e-04
9.633179234350382810e-04
9.943549977337647755e-04
9.466970422233284910e-04
9.464008756125029875e-04
7.404285551468048343e-04
9.204257475561192182e-04
8.329610100018927698e-04
8.841876337661484309e-04
9.087921688828162151e-04
9.824587601459594879e-04
9.896219122396585858e-04
9.733078532126228106e-04
9.698217881797888476e-04
9.212100215099217710e-04
8.294206149686680950e-04
9.758303622248491955e-04
9.200561037342284976e-04
9.445621319861055576e-04
9.073373182264416479e-04
9.475449774901447417e-04
9.814739340342972396e-04
9.691988725836212437e-04
9.014829144012011328e-04
9.445282264584862206e-04
7.388221376445357246e-04
7.799313606398965105e-04
9.160779491858824040e-04
8.477130086689084118e-04
9.623913885811579685e-04
7.774775373772491952e-04
8.725612023103452306e-04
8.263661858669571697e-04
9.383747475291654783e-04
9.240078599598214705e-04
9.790157937454157123e-04
8.414765638718533624e-04
9.244228231402831959e-04
8.794046380100825622e-04
9.511134732780618817e-04
8.743357942589333187e-04
7.903102404317733547e-04
9.714458195383132233e-04
8.531228168481764422e-04
9.255530471931740309e-04
7.835424739139625712e-04
9.159522220063254748e-04
9.447979826959112312e-04
9.311065127914985124e-04
9.568117039870852178e-04
8.741411619361832584e-04
9.444343129110299500e-04
9.973895378257424931e-04
9.818516484556586918e-04
8.780766113945740609e-04
9.614176476480250540e-04
8.848386621447341038e-04
9.695642245543291404e-04
9.837602264366289689e-04
7.727676701410068644e-04
8.726051756877097531e-04
7.609161560384974888e-04
9.525295636319400846e-04
7.913856132733248366e-04
9.669347306136456691e-04
8.556042947486451307e-04
9.817511385797211571e-04
9.729725301941640793e-04
8.508405489983833806e-04
9.266258018976415364e-04
9.713879913739873395e-04
9.387915295140799535e-04
9.348036566729691493e-04
8.111710499007895175e-04
9.597419061677321716e-04
8.961823069538616673e-04
9.826931836505591478e-04
8.812930531829032922e-04
7.618693128466775795e-04
9.967651915395818723e-04
9.469954880410398276e-04
8.637977230114889191e-04
8.177776096396192776e-04
9.579276459193889577e-04
8.414081158244988414e-04
9.041905165790990783e-04
9.632771188796105961e-04
8.643316976738368634e-04
9.562441987000610448e-04
9.964081295972730765e-04
9.460499787524026061e-04
7.770641234098250557e-04
8.230787304783870710e-04
9.390146225228830201e-04
9.124398866371173731e-04
9.336787891679503492e-04
9.519581231699655822e-04
9.869685304279935886e-04
9.208341581776515730e-04
9.135351075720705418e-04
9.318415910197364992e-04
9.789430038488122418e-04
9.910148014285406325e-04
9.378201808323508460e-04
9.320029949044454209e-04
8.374398627026157687e-04
9.862637965337998826e-04
8.353500212676712210e-04
9.582975808885181579e-04
9.346011885635791038e-04
9.287741507652761807e-04
9.819231639006591010e-04
7.617080716754059998e-04
7.861122357940952387e-04
9.871530450497691990e-04
9.203406371699128204e-04
9.751491170325092507e-04
9.434711585914268631e-04
9.930651737568802016e-04
9.916686061669124745e-04
8.847179554615907391e-04
9.633937414298802699e-04
9.855612409703960134e-04
8.770532834818237696e-04
8.622116560934415001e-04
8.880266671435827668e-04
9.711299261049587172e-04
9.891768382051312029e-04
8.387266598595141762e-04
9.425011609795356854e-04
7.210182774147917955e-04
9.515497869968775986e-04
9.871520273275616927e-04
9.982047855156086537e-04
9.900292615297120753e-04
8.957788553461695042e-04
9.477008906715010672e-04
8.994734877300468055e-04
9.016726529135951065e-04
8.784152816054780974e-04
7.699931783517123714e-04
9.519850138705931780e-04
8.964369495646241090e-04
8.708295957773258501e-04
7.374665118703680215e-04
9.211793784229398456e-04
9.679010044480244835e-04
9.005118826361190303e-04
8.989077859795464257e-04
9.344148436647844655e-04
9.268310648664478558e-04
7.952445961051287640e-04
6.352018316924067359e-04
8.971260337983136919e-04
9.638449791567094312e-04
9.529364427681233114e-04
8.663488521837688300e-04
9.515618178691603824e-04
9.814532678601934138e-04
9.769499820204113460e-04
8.035765871322484918e-04
9.332413231187604991e-04
9.014863690157745970e-04
9.868788495009600883e-04
7.858087331317064207e-04
9.850972882196622118e-04
9.317572347716084752e-04
9.627371214863513285e-04
7.685522365220786526e-04
7.964380232337222448e-04
9.964152848497840123e-04
9.677118470327337801e-04
8.365148586352066712e-04
6.888757768820388773e-04
9.643007192186208235e-04
8.681938677652775629e-04
9.216660094819165757e-04
9.060974902222383677e-04
8.960208421675228694e-04
9.393645313799150456e-04
9.531980369777577058e-04
9.220632376743940388e-04
9.707935696512044223e-04
9.719749898508566778e-04
7.256046283261778987e-04
8.228656329848844410e-04
9.670460227086167225e-04
9.429357803373902966e-04
9.642403056038326018e-04
9.885165967133020815e-04
9.913734127310089121e-04
9.992526687488782755e-04
8.157819121021017608e-04
7.851605499231282181e-04
9.711899704688251077e-04
9.477297139123600205e-04
9.980870611351812683e-04
9.298852674180219493e-04
9.921199364862282651e-04
9.610544966378081668e-04
9.811268336833006958e-04
9.244596584263061866e-04
9.042165397963287336e-04
9.174942159026058331e-04
9.478376405632868602e-04
9.857655404794825587e-04
9.019101220897477247e-04
9.935834024421661033e-04
9.050766382963591197e-04
9.880292624722358634e-04
9.174300356275230705e-04
7.885513412183487890e-04
9.265749310765865939e-04
8.754920513593497829e-04
9.129064714317606036e-04
8.632442120890423910e-04
9.414504293069350877e-04
9.147295300897547278e-04
9.141578926087487109e-04
9.611714597516859710e-04
9.731310310184894440e-04
9.180465666566172984e-04
9.812564300402191585e-04
8.029375925485442893e-04
9.648672094889932131e-04
9.648182285344113294e-04
9.797678622182300675e-04
9.409898320471964811e-04
8.888806570038543025e-04
9.737958809186137267e-04
9.326157459398498476e-04
9.894830985153161163e-04
8.921956396161686556e-04
9.999115415240862354e-04
9.862614281619414437e-04
8.795409940830001055e-04
9.790687548640120488e-04
7.876609953902922491e-04
9.857353166151808579e-04
9.555466209833863916e-04
9.530351793794137466e-04
9.287830199599870877e-04
9.495133569979838286e-04
9.803390286667336938e-04
9.444063228379307156e-04
9.163519907611811406e-04
8.858099368904478067e-04
9.857277985995062299e-04
8.025942864857041987e-04
9.244848767191663885e-04
9.655649033428155082e-04
9.355290614073748928e-04
7.991415373911683060e-04
6.464715280310637767e-04
9.501803434650042809e-04
9.988624981470564743e-04
9.540227839485236182e-04
9.967826244941877922e-04
9.149790945745181481e-04
9.470528089881286417e-04
9.405512840239041959e-04
9.691852218270375447e-04
9.021166096667813678e-04
9.542125925139840212e-04
9.076238923840292822e-04
9.464711628010474354e-04
9.118561401183997986e-04
9.696113021869741172e-04
9.303658757745883207e-04
9.767243182089951729e-04
9.981138270600308296e-04
9.997609131539777084e-04
9.485701111337665027e-04
8.771053713491561632e-04
9.332205034154127761e-04
9.413129188784588120e-04
8.352807834104095542e-04
9.135288748377064401e-04
9.906254155437929209e-04
8.765934880485884689e-04
9.917096332562865078e-04
9.899693130034712806e-04
7.246175016020465652e-04
9.714802863827088231e-04
9.497399440272255404e-04
9.941446098696139853e-04
9.648045734898459853e-04
9.260478316061591985e-04
8.949975789279732922e-04
8.938008789613885235e-04
9.795542700249660305e-04
9.676854503570609181e-04
9.570805277201672795e-04
9.233106834684985881e-04
8.753941443819436173e-04
9.153000348595252819e-04
8.423824722752464977e-04
9.803253142447575924e-04
8.973309838077474015e-04
9.544197158858397281e-04
9.714637077386095720e-04
9.575275592888441963e-04
9.236109045835539516e-04
9.928608606783217213e-04
9.154853877854666686e-04
9.668242380966427961e-04
8.932809503670686643e-04
8.858019553498095409e-04
9.948476748397575183e-04
9.418856831183361478e-04
9.504684213933198636e-04
8.473957588266355610e-04
9.266293680946752860e-04
8.717574929673190063e-04
9.907188009018763099e-04
9.871288368443586602e-04
9.196739630787754494e-04
9.388444132618883452e-04
9.529718130958877596e-04
9.436395824253295591e-04
9.111294154344861795e-04
8.602875257242921687e-04
7.811584985703346525e-04
8.880562770536598767e-04
9.435846696966396392e-04
8.979006757418099257e-04
7.793989509456090894e-04
9.375746158544265296e-04
9.762414809096069297e-04
9.576426882487109292e-04
9.597585332849850820e-04
9.140772643086444256e-04
8.037212353766953190e-04
8.191844358451706460e-04
9.413706452587668498e-04
8.696359241299102955e-04
8.919045087737980521e-04
9.949223630036320085e-04
7.510314693032606268e-04
8.622743733501877931e-04
9.103419781414058207e-04
9.737290956924067988e-04
9.750758433361644091e-04
9.006529962123923597e-04
9.495775771565815931e-04
9.462383416964716435e-04
9.946716454063530676e-04
9.185499197921050607e-04
9.454529767128501926e-04
8.270284485038676683e-04
9.513615636337557305e-04
9.626915777441136203e-04
9.479527179796396700e-04
9.401826502645152126e-04
9.814418915225732107e-04
7.889645687542948174e-04
8.773750800686331555e-04
8.513633665821930411e-04
9.679066113595876687e-04
9.283621948030787918e-04
8.896295939473139285e-04
8.918290559591018430e-04
9.372007580660068980e-04
9.932832116937649180e-04
9.896146712472433243e-04
9.826872478542352830e-04
9.652924815659967963e-04
8.977166106470380437e-04
8.997749756061580294e-04
9.515826885896904461e-04
9.304921172424067497e-04
9.542866659866640821e-04
9.831325437172108543e-04
9.112493155953693257e-04
8.297216658681456219e-04
9.719342244865345403e-04
8.839912686728298476e-04
9.877832573403739439e-04
9.227175206879805608e-04
9.231300945683026038e-04
8.119868422591568430e-04
9.755960071436881086e-04
9.529624342660856715e-04
8.284432226298478214e-04
9.888382081761921266e-04
9.192955042735080282e-04
9.500018767765809309e-04
9.186707137021926260e-04
9.749207355705555257e-04
8.945186524787237907e-04
9.065514793986397240e-04
9.786198195621930839e-04
9.084408482585380057e-04
9.780960898294653941e-04
8.970512326753788020e-04
9.096481046877235395e-04
7.880217887841205627e-04
8.628948281442952277e-04
8.370972663846802360e-04
9.779458792734062843e-04
9.807881997375353378e-04
9.418786932776145124e-04
7.409835907612109633e-04
9.680716731410647343e-04
8.030782182947747644e-04
9.569106162481493504e-04
8.825686097758717475e-04
9.524396122181278844e-04
9.021386307476605103e-04
9.588674701201839587e-04
8.102784949616608466e-04
9.601458883351266264e-04
8.414292775912046718e-04
9.742787603140598378e-04
9.795624674146796718e-04
7.765212983628239909e-04
8.944926214724438062e-04
9.602509806958288560e-04
9.190156493081318070e-04
9.993585146607733040e-04
9.801506971014687254e-04
8.167650897749439932e-04
9.186512271991543847e-04
9.927564507203408446e-04
9.779466897270900488e-04
9.906619312012258233e-04
9.984071609336667673e-04
9.740406645133222081e-04
9.978021285374947744e-04
9.398649079696281931e-04
8.843221916321645582e-04
9.043920815409257690e-04
9.528058095749807662e-04
8.887430040372697572e-04
7.644068805768331571e-04
9.026985305783898810e-04
8.039393901848813006e-04
9.689444175460449520e-04
9.144480713950919838e-04
7.671598377818778392e-04
9.078868909600923799e-04
9.086579627271728276e-04
9.571223208073634508e-04
9.562007366223407474e-04
8.802064036449380258e-04
9.713645332889000788e-04
9.575924767585149936e-04
9.744684825940229389e-04
9.212373703293590729e-04
8.804743131085131973e-04
9.537896077375191892e-04
9.772208369219677077e-04
9.799271796496224467e-04
8.724790555093886501e-04
9.554442761905427217e-04
8.882558105810790501e-04
9.838798363842626328e-04
8.483567441562693545e-04
9.969005973930196007e-04
8.682408004729342968e-04
9.241189173989058968e-04
8.339076583560446447e-04
8.969239421008534836e-04
9.994062747643269514e-04
8.897235003622626153e-04
9.162868438190270104e-04
8.302128898814894456e-04
8.562545592639444862e-04
8.801383798729267701e-04
8.103784979598272886e-04
9.188471507929696705e-04
9.807080293630678069e-04
9.919065636938685735e-04
9.382353665839882539e-04
9.911712946821448975e-04
9.179098464460194598e-04
9.630200959370550451e-04
8.460767771342007091e-04
9.849447515472662274e-04
8.608366475586638322e-04
9.606279221149320764e-04
7.587580371633609322e-04
9.990972662533117218e-04
8.969865377164034205e-04
9.660450928159439610e-04
9.222539879244601689e-04
9.751654714404199651e-04
9.366048137494109062e-04
8.005513750101432048e-04
8.771687922749977790e-04
9.246482455689398854e-04
9.486703653774670878e-04
9.452901424393131630e-04
7.811320603630930249e-04
9.794325351809693350e-04
8.824697241752932830e-04
9.454535105850122743e-04
9.357510725485626091e-04
7.342694943906551098e-04
7.006496172888483122e-04
8.737257948826010392e-04
8.939662455050631637e-04
9.762038952278300494e-04
9.893133335397725353e-04
9.923209234568108970e-04
9.526559030068067592e-04
9.806826105314614059e-04
7.848192164315435536e-04
8.517562048207616508e-04
9.515489266724059961e-04
8.893745129388224520e-04
9.863829759641749850e-04
9.663742825824444107e-04
8.609302404924569887e-04
9.745010439226996918e-04
9.304029608622149759e-04
9.248741213314812205e-04
9.471826859042760567e-04
9.742921454661940782e-04
9.701354031896066007e-04
8.736686476555623974e-04
8.879427881294970661e-04
9.988632951136479365e-04
9.648125917545421820e-04
9.485197514523183290e-04
8.862788653412113395e-04
9.940442793929605073e-04
9.818736254972901083e-04
9.169754965268793944e-04
9.030081875595586619e-04
9.975789550164865151e-04
8.584877483478575407e-04
9.657009107155744600e-04
9.935686504216737804e-04
9.245812193706377064e-04
9.946735526021781640e-04
9.610482130667722788e-04
9.461109866355342382e-04
9.725858684651203338e-04
9.617194323427513203e-04
9.743326776310270911e-04
9.834891706129206441e-04
9.294097662986801822e-04
9.947265267675553871e-04
9.265747126919779116e-04
8.430855524109481846e-04
9.391393721862666914e-04
9.403901572621844356e-04
9.391446232523536358e-04
8.973697783219527525e-04
9.632053199765476092e-04
9.707706689458828761e-04
9.794284439201372643e-04
9.829719425408849857e-04
9.545476179787180373e-04
8.056675089527002252e-04
9.258403960298432905e-04
9.075844645842567155e-04
8.991869618858305954e-04
9.260830790476812322e-04
9.135787922839917361e-04
9.397133390242014056e-04
8.807288144422986513e-04
9.026425726162094895e-04
9.034324610363850868e-04
8.332140219035819029e-04
7.838129374959100547e-04
9.989777493667809354e-04
9.578288170348273588e-04
8.697467906060780182e-04
9.420145365463415601e-04
9.152588785477871027e-04
8.946244169835640024e-04
9.999587312336606550e-04
9.786269919910559403e-04
9.846845973305133875e-04
8.786663066112823228e-04
9.706348900314746859e-04
8.583289538014413642e-04
9.390289910433946563e-04
8.828311638746149867e-04
9.590352849159354716e-04
9.345984579903174631e-04
9.026929611265401953e-04
9.074661678736296042e-04
9.243951589498368556e-04
8.704020351522934488e-04
9.414113137230543330e-04
9.944107409648481142e-04
9.838382182725759120e-04
9.250794721662299264e-04
8.954763789711812352e-04
9.639947756541827287e-04
9.299083432701834521e-04
9.615174754732249774e-04
9.085430251929266753e-04
9.045797379801384522e-04
8.558384036591421776e-04
8.495059365827979355e-04
9.719348128007225963e-04
9.371087028054324222e-04
9.989713899906515083e-04
9.196397273119380879e-04
9.607220597346788002e-04
9.443262288026219205e-04
9.240276320496891788e-04
9.600328679146961528e-04
9.280615879391909207e-04
9.203983233703342051e-04
9.505351277968683218e-04
9.448228686899372590e-04
9.209005285964058998e-04
9.671988657257092788e-04
9.825109304959864925e-04
9.432945007853703236e-04
9.145252236458294116e-04
9.771567147439698137e-04
9.995034193036247006e-04
9.310356467972179771e-04
9.586325978983305154e-04
9.862138632890041917e-04
9.799172510572282460e-04
8.927616050105333708e-04
9.747858172605305569e-04
9.999969638184455847e-04
9.747618729987313430e-04
9.830966333254211129e-04
9.401631315830562361e-04
9.686610416297218064e-04
9.196103569191306027e-04
9.316867400701959187e-04
9.540051309092352320e-04
9.838519733321449134e-04
7.601682021755282485e-04
9.458889165778082073e-04
9.604991762690918457e-04
9.529633065314376331e-04
8.859324081152432882e-04
7.842058986965308801e-04
9.202316442881316137e-04
9.112402646323986867e-04
8.877365810355232695e-04
9.801313518459733344e-04
9.592606474627026749e-04
9.859802474604495003e-04
9.368092540018872674e-04
8.316771049734708468e-04
7.773722821778992348e-04
9.206463275925277651e-04
8.750598325318387953e-04
8.113671019361408561e-04
8.595143956483117719e-04
9.106362641240477607e-04
8.117330711950493426e-04
9.482057191665290959e-04
9.637051575287038704e-04
9.286576115932505945e-04
9.968225868393330597e-04
9.907802915336996578e-04
9.116363892264992951e-04
8.801367062550598643e-04
8.569876162873130924e-04
7.984306624348554886e-04
9.591481104226930697e-04
8.782853543784378608e-04
8.458152841055650070e-04
9.464797726068460834e-04
9.189624964851065550e-04
9.883150401502527240e-04
9.663260828987158772e-04
9.457888975380200668e-04
8.688776147782689783e-04
8.786268049511582190e-04
9.251110428114299108e-04
9.043074224968299752e-04
9.880968576355347952e-04
9.599459234854628223e-04
8.262576264127616688e-04
9.204078927625138030e-04
9.250901092739851998e-04
8.220123228520244147e-04
9.151346384796029115e-04
8.899612908246629485e-04
9.052903349524111859e-04
7.368482146692337947e-04
7.639113774747438839e-04
9.791533623157487685e-04
8.943921703238580292e-04
9.879090508531269705e-04
9.480444654950240290e-04
9.530803545092799258e-04
9.382635809122454431e-04
9.575280566613276730e-04
8.767227302857840202e-04
9.811053743380227302e-04
8.689262113060012421e-04
9.992990978657109117e-04
9.045588345705944579e-04
9.505812292139058156e-04
9.791986652649391915e-04
9.723034491892804890e-04
9.436327334768480728e-04
9.803963336634409758e-04
9.172923833568053919e-04
9.586963026053206679e-04
9.911439041916786635e-04
7.174191062170611442e-04
8.928255509381124912e-04
9.637004150253431455e-04
9.540064748332865953e-04
9.590149915741562293e-04
9.090093305796232565e-04
8.961567030882745073e-04
7.932106194001856863e-04
9.755346478500593124e-04
9.275749940459462710e-04
9.278121871918746039e-04
9.939459991288061499e-04
8.257638243551413066e-04
9.804530296023724733e-04
8.413523739811505902e-04
9.810990163778684960e-04
9.001927918552924540e-04
9.748819098379945831e-04
9.716971093401510729e-04
9.431249530727861020e-04
9.455097951250368603e-04
8.616036215628576720e-04
9.372421080030648478e-04
9.677993326556788090e-04
8.995985566448186062e-04
9.670844914443272895e-04
9.963765381872775016e-04
9.313675472072044641e-04
9.900035376632177007e-04
9.162982994039958057e-04
7.624605217793890789e-04
9.054879502978214036e-04
9.607431208865300750e-04
7.896546872369162315e-04
9.394089005919591638e-04
9.617397161469042315e-04
8.807636360499181485e-04
9.567282907471031566e-04
9.687562088377190154e-04
9.186000209194398938e-04
9.423880402219227473e-04
9.947623999672847162e-04
8.763473038667479297e-04
9.661735781092956445e-04
8.944071994558415494e-04
8.503486759304608109e-04
9.972841381271947692e-04
9.742465781855193284e-04
8.453036126719305982e-04
9.732185287084116647e-04
9.305771767102847831e-04
7.810430101094383883e-04
8.114416389605164266e-04
9.650082074084873583e-04
9.689114403917959816e-04
8.767450053772784385e-04
7.614763060816006832e-04
9.753979842792915612e-04
9.529942172008198063e-04
8.173757942505064690e-04
9.870184061715632767e-04
8.719655223498617600e-04
9.332562696407818541e-04
9.377217242035126724e-04
8.409236744983611747e-04
9.969854554270623104e-04
8.039291500356566351e-04
9.663996778069097217e-04
9.820115961235492599e-04
9.876350266378721918e-04
8.877829727692690453e-04
8.895501803260458902e-04
8.689040090956187765e-04
8.788846696644958632e-04
9.275990962836318720e-04
9.392242624593125349e-04
9.314930320135585053e-04
9.178656963985678489e-04
8.703661545940558943e-04
8.689986588721571948e-04
9.095625924591873310e-04
8.033388082849091767e-04
9.807141986047714522e-04
9.858573653471652039e-04
9.013885677189495795e-04
9.313210528139795720e-04
9.123907916941441723e-04
7.335703170190954487e-04
9.287965905631573663e-04
9.699814193050405268e-04
8.790679788043239198e-04
9.838101260376099291e-04
8.679663625447355153e-04
9.781431117792467773e-04
9.836763892740023069e-04
8.953522185869903886e-04
9.330770871229925609e-04
9.418581576975339122e-04
9.869880679575927362e-04
8.599484134420759584e-04
9.947025325496869439e-04
9.157002988671905219e-04
9.269589723656077073e-04
7.584772558872600800e-04
8.322035154044403731e-04
9.989719003159550081e-04
9.769192632265799939e-04
