3.868386809015646577e+00
4.309025844035204500e+00
2.534981844015419483e+00
3.600653270957991481e+00
3.236877952003851533e+00
4.455114655022043735e+00
3.720711586996912956e+00
3.400832776969764382e+00
4.188480559037998319e+00
3.929129922995343804e+00
2.901479541964363307e+00
3.166903940029442310e+00
4.395226481021381915e+00
3.111564381979405880e+00
4.693816668994259089e+00
3.306414556980598718e+00
4.684872841986361891e+00
4.541837417986243963e+00
3.774796045036055148e+00
3.098233698983676732e+00
3.983361838036216795e+00
3.548930036020465195e+00
3.715525448031257838e+00
4.245602938986849040e+00
3.295434769010171294e+00
3.518047990975901484e+00
3.742261815001256764e+00
4.234639482980128378e+00
3.111707522009965032e+00
3.814605663006659597e+00
3.593671211041510105e+00
3.101430386013817042e+00
3.886097135022282600e+00
3.754406802006997168e+00
3.828725031984504312e+00
4.337980578013230115e+00
3.753462839988060296e+00
3.115167776006273925e+00
4.368605655967257917e+00
4.476889958023093641e+00
3.041240090038627386e+00
3.755589871027041227e+00
3.222549751983024180e+00
4.024464801943395287e+00
3.200778106984216720e+00
4.160523447964806110e+00
3.925319680012762547e+00
4.549040395009797066e+00
3.482420586980879307e+00
3.934869792021345347e+00
3.667970712995156646e+00
4.053533301979769021e+00
4.476523057965096086e+00
3.073625357006676495e+00
3.304748407972510904e+00
4.152196859999094158e+00
3.454963702999521047e+00
3.402623846021015197e+00
3.379826962016522884e+00
4.104414543020538986e+00
3.087815086997579783e+00
3.769574601959902793e+00
3.806234874995425344e+00
3.975334577960893512e+00
3.410312443971633911e+00
2.422998549009207636e+00
3.548875464999582618e+00
3.909047768043819815e+00
3.883155849995091558e+00
4.567789560009259731e+00
3.862431949004530907e+00
2.473449701035860926e+00
4.107848055020440370e+00
4.282945726998150349e+00
3.573627221980132163e+00
3.078774154011625797e+00
3.762064934999216348e+00
3.788979341974481940e+00
4.053438231989275664e+00
3.267088101012632251e+00
4.573147492017596960e+00
4.161164677003398538e+00
3.276211256044916809e+00
4.938549162994604558e+00
3.933821382001042366e+00
3.482382318004965782e+00
3.897247305023483932e+00
4.176439445000141859e+00
3.687910138978622854e+00
2.712185915035661310e+00
4.192560613970272243e+00
4.606269770010840148e+00
2.802928090968634933e+00
2.725161742011550814e+00
3.922378695977386087e+00
3.469153060985263437e+00
3.457492623012512922e+00
3.081158143992070109e+00
3.295744094997644424e+00
3.240562716033309698e+00
3.555879855004604906e+00
3.483995981980115175e+00
3.767697037023026496e+00
3.866693076037336141e+00
3.957251789979636669e+00
4.161895591998472810e+00
3.072557715990114957e+00
3.082125548971816897e+00
4.298315852007362992e+00
1.852229873009491712e+00
3.901327505998779088e+00
4.106368920998647809e+00
3.140373466012533754e+00
3.951206478988751769e+00
4.163859135995153338e+00
4.462644373008515686e+00
3.870182370010297745e+00
3.323991312994621694e+00
4.097353057004511356e+00
3.905996609013527632e+00
3.971841937978751957e+00
3.063922309956979007e+00
3.588535999995656312e+00
3.534365586994681507e+00
3.916189278999809176e+00
4.619174176012165844e+00
3.091604088025633246e+00
3.714844961999915540e+00
3.069201954989694059e+00
3.569836454000324011e+00
4.006306001974735409e+00
3.321263243036810309e+00
3.646864986978471279e+00
4.176822144014295191e+00
3.814401411975268275e+00
2.872271708038169891e+00
3.152454702998511493e+00
4.001783869985956699e+00
2.450737648003268987e+00
3.890917992976028472e+00
4.598872483009472489e+00
3.863476135011296719e+00
3.199454271001741290e+00
3.278200711996760219e+00
3.551531570963561535e+00
3.065375096979551017e+00
2.429785977990832180e+00
3.482346657023299485e+00
3.280112549953628331e+00
4.211606793978717178e+00
4.278110787970945239e+00
3.665444517042487860e+00
4.535413083969615400e+00
3.308631969965063035e+00
3.671608695003669709e+00
4.083318513003177941e+00
3.405241654021665454e+00
3.834514871006831527e+00
3.415988038992509246e+00
3.572458949987776577e+00
3.156520546006504446e+00
3.967409645963925868e+00
3.022007560008205473e+00
3.649115561973303556e+00
4.032052154012490064e+00
3.979942916019354016e+00
3.163668725988827646e+00
3.809494654997251928e+00
3.870480899990070611e+00
3.454269915993791074e+00
2.164499289006926119e+00
3.382377716014161706e+00
3.351686024048831314e+00
4.042610859964042902e+00
3.592056856956332922e+00
3.293656568974256516e+00
4.040837322012521327e+00
3.240723064984194934e+00
3.428256721002981067e+00
2.955438431992661208e+00
4.029256502981297672e+00
4.179870811989530921e+00
4.230834313028026372e+00
3.912522925995290279e+00
3.566956046968698502e+00
3.499245218001306057e+00
4.486465725989546627e+00
3.559391155955381691e+00
3.305826989002525806e+00
4.060556667041964829e+00
4.136438042041845620e+00
3.543341187993064523e+00
4.122649712022393942e+00
3.876175099983811378e+00
4.091515219013672322e+00
2.353986493952106684e+00
3.412045415025204420e+00
4.043260932958219200e+00
3.298915760999079794e+00
3.974351587996352464e+00
3.447380877973046154e+00
4.351541957003064454e+00
3.888049425964709371e+00
3.411739142960868776e+00
3.428078551951330155e+00
4.214021162013523281e+00
3.305012513999827206e+00
4.144975005008745939e+00
3.746775132021866739e+00
3.036051138013135642e+00
4.535300152027048171e+00
2.770296537026297301e+00
3.911345669010188431e+00
3.370569980994332582e+00
3.771793670952320099e+00
3.149766017973888665e+00
3.165446491038892418e+00
4.549431519990321249e+00
3.535519824945367873e+00
4.166127137956209481e+00
4.042350037023425102e+00
3.639703206019476056e+00
3.776797214988619089e+00
2.694339737005066127e+00
4.363843484024982899e+00
3.766050448990426958e+00
4.083587708999402821e+00
3.905665103986393660e+00
2.153292086964938790e+00
4.293625694990623742e+00
3.565634270024020225e+00
3.382671004044823349e+00
3.512422502972185612e+00
3.484982152003794909e+00
3.741432935988996178e+00
3.926177708955947310e+00
3.731959010998252779e+00
4.012410341994836926e+00
4.657881088030990213e+00
3.505775662953965366e+00
3.503191577969118953e+00
2.337001945008523762e+00
3.356549838965293020e+00
4.270166784001048654e+00
3.877673253009561449e+00
4.439796085993293673e+00
4.181220501021016389e+00
3.122986013011541218e+00
3.565217430994380265e+00
2.860687387001235038e+00
3.986105073010548949e+00
2.370383521018084139e+00
4.594754400954116136e+00
4.312344941019546241e+00
3.324699202028568834e+00
4.574539293011184782e+00
3.075214882032014430e+00
4.116264414042234421e+00
4.039357242989353836e+00
3.981715422996785492e+00
3.623267455026507378e+00
2.983660061960108578e+00
3.386937417963054031e+00
3.575748550007119775e+00
3.444556823000311852e+00
3.494035574956797063e+00
4.015321610029786825e+00
3.580828131001908332e+00
3.286281220032833517e+00
3.953678446996491402e+00
2.841061932034790516e+00
4.313037509040441364e+00
2.748074878007173538e+00
3.729402604978531599e+00
3.372110851982142776e+00
4.541064998018555343e+00
3.726671310025267303e+00
4.112688196008093655e+00
4.277297860011458397e+00
3.563639998028520495e+00
2.834951644996181130e+00
3.979979305993765593e+00
3.832682684995234013e+00
3.957342584966681898e+00
3.759082821023184806e+00
4.275194201967678964e+00
4.168891081993933767e+00
3.835683457029517740e+00
3.875967002997640520e+00
3.930676409974694252e+00
4.104926876956596971e+00
4.504704494029283524e+00
3.697143153985962272e+00
4.589851300988812000e+00
3.042294073035009205e+00
3.724048364965710789e+00
4.020776149001903832e+00
4.349224131961818784e+00
2.931655436987057328e+00
4.090186927991453558e+00
4.283664127986412495e+00
3.438479515025392175e+00
3.967170023999642581e+00
4.486729239986743778e+00
3.974104500026442111e+00
3.441059898003004491e+00
4.556490016984753311e+00
3.752292530029080808e+00
3.517357332981191576e+00
3.927814495982602239e+00
3.450002897996455431e+00
3.752178905997425318e+00
2.306401702982839197e+00
4.131383270025253296e+00
4.567269460007082671e+00
3.050738096993882209e+00
4.490135973028372973e+00
3.933048576000146568e+00
3.747695746016688645e+00
4.091178338974714279e+00
3.162560110038612038e+00
3.527995957992970943e+00
3.136351370019838214e+00
4.533545029989909381e+00
3.985251123027410358e+00
4.457911000004969537e+00
3.876368598022963852e+00
3.788164585945196450e+00
3.495405672001652420e+00
3.393563167017418891e+00
3.248907028988469392e+00
3.155065283994190395e+00
4.572433869994711131e+00
2.716291901015210897e+00
4.506268156983423978e+00
4.370884206029586494e+00
3.301692570967134088e+00
3.078021960973273963e+00
3.942984441004227847e+00
4.641593181004282087e+00
3.544420615013223141e+00
3.890266859030816704e+00
4.665442374011036009e+00
3.380042345961555839e+00
3.582366573973558843e+00
3.429045486031100154e+00
4.624804599967319518e+00
3.068130195024423301e+00
3.741926572984084487e+00
3.964533809979911894e+00
4.069889299978967756e+00
3.967271648987662047e+00
4.064013590977992862e+00
4.537265740975271910e+00
4.309056616970337927e+00
3.791298691008705646e+00
3.677883489988744259e+00
3.907313240983057767e+00
3.834761995007283986e+00
3.820430141990073025e+00
4.729110134008806199e+00
4.304268806998152286e+00
4.320535784005187452e+00
4.088477079989388585e+00
4.625689279986545444e+00
2.911992806009948254e+00
4.010637663013767451e+00
3.965549979999195784e+00
4.546835287008434534e+00
4.250136546965222806e+00
3.756741594988852739e+00
3.567352326994296163e+00
4.305795992026105523e+00
2.871461221016943455e+00
3.522623452008701861e+00
3.325905635021626949e+00
4.594504503009375185e+00
4.004491013009101152e+00
3.763171005994081497e+00
3.653364420984871686e+00
4.217512538016308099e+00
3.517457934969570488e+00
3.562518366030417383e+00
4.031219224969390780e+00
3.937411576975136995e+00
3.208162082999479026e+00
3.548789132968522608e+00
3.987202271004207432e+00
3.902195040951482952e+00
3.563027483993209898e+00
2.909231210011057556e+00
4.218671537004411221e+00
3.162767194968182594e+00
2.907689160958398134e+00
3.547139838978182524e+00
4.436358917038887739e+00
3.446031939005479217e+00
3.523717829026281834e+00
4.616967113979626447e+00
3.434650951006915420e+00
4.010732403956353664e+00
4.584513758018147200e+00
3.744470292003825307e+00
4.293027414998505265e+00
4.019204557000193745e+00
3.625648148008622229e+00
3.996490375022403896e+00
3.128911610983777791e+00
3.939930004009511322e+00
3.935287781001534313e+00
4.605140269035473466e+00
2.055872680968604982e+00
3.631692043039947748e+00
3.986021206015720963e+00
3.973975778964813799e+00
3.492692702973727137e+00
3.574181802046950907e+00
3.589719352021347731e+00
4.568794732040259987e+00
4.034594341996125877e+00
3.025053132034372538e+00
3.941868678026366979e+00
3.582922162022441626e+00
4.115305048006121069e+00
3.990032200003042817e+00
3.696037639048881829e+00
3.444010019011329859e+00
3.713401707005687058e+00
3.732092034013476223e+00
3.696242872974835336e+00
4.026797108002938330e+00
4.716740025964099914e+00
4.120311902021057904e+00
4.065799925010651350e+00
4.513922445999924093e+00
3.289525462023448199e+00
3.430175849003717303e+00
4.123601706989575177e+00
4.501901037991046906e+00
4.584208873973693699e+00
3.753780141996685416e+00
3.558376514003612101e+00
3.981185291020665318e+00
3.556773202959448099e+00
3.371070032997522503e+00
2.740423838957212865e+00
3.994865121960174292e+00
3.922603865037672222e+00
3.170333915040828288e+00
3.993438825011253357e+00
3.591132723027840257e+00
3.377554202976170927e+00
3.084957883052993566e+00
4.040022472036071122e+00
4.231633728952147067e+00
2.637318752997089177e+00
3.148247706994879991e+00
3.916345547011587769e+00
3.977100696007255465e+00
4.576805218006484210e+00
3.962549770018085837e+00
3.885912164987530559e+00
4.399540088023059070e+00
3.680998368014115840e+00
2.027887878997717053e+00
2.895481746993027627e+00
4.518450385017786175e+00
4.090973890968598425e+00
3.759284283965826035e+00
3.190215074981097132e+00
4.307371786970179528e+00
3.476403291977476329e+00
4.191318337980192155e+00
4.364344653964508325e+00
4.364876113017089665e+00
4.382590979977976531e+00
2.487086061970330775e+00
3.448854690010193735e+00
4.258055015990976244e+00
4.175806864979676902e+00
3.512744584993924946e+00
4.136408507998567075e+00
4.253474169992841780e+00
3.875183922995347530e+00
3.743417466001119465e+00
4.228955567989032716e+00
3.975674618966877460e+00
3.420060430013108999e+00
3.785595586989074945e+00
4.030719754984602332e+00
3.101923911017365754e+00
2.453300044988282025e+00
4.279183442995417863e+00
3.505339094030205160e+00
3.342933243955485523e+00
3.123018865997437388e+00
3.324384894978720695e+00
3.714881193009205163e+00
4.067417397978715599e+00
4.529487367952242494e+00
3.934022022993303835e+00
2.841425360995344818e+00
3.729084387014154345e+00
3.164450633979868144e+00
3.969183514011092484e+00
4.117841980012599379e+00
4.269046751956921071e+00
4.566085463971830904e+00
1.819831274973694235e+00
4.163953333976678550e+00
4.302933291008230299e+00
3.950732816010713577e+00
4.616772680019494146e+00
2.955734786984976381e+00
3.811596787010785192e+00
3.560431885009165853e+00
4.154068787000142038e+00
3.599832453008275479e+00
3.670568488014396280e+00
4.118618807988241315e+00
4.258891592035070062e+00
4.547362104989588261e+00
4.023797870031557977e+00
3.498290952993556857e+00
4.589192149986047298e+00
3.213412635028362274e+00
3.065101084008347243e+00
3.534700900025200099e+00
4.646689673012588173e+00
4.219133233011234552e+00
3.969546187960077077e+00
4.896810647973325104e+00
3.368642708985134959e+00
3.359983457019552588e+00
4.696049843041691929e+00
3.951900732005015016e+00
4.010374653968028724e+00
3.547598661971278489e+00
3.949475336004979908e+00
4.130491148971486837e+00
4.574500030954368412e+00
4.089694874011911452e+00
3.506249267025850713e+00
3.914042925985995680e+00
4.673471895977854729e+00
4.706524210982024670e+00
3.818036545999348164e+00
4.124807754007633775e+00
4.704924798978026956e+00
2.990525981003884226e+00
4.028287463996093720e+00
4.470321808010339737e+00
4.457381715998053551e+00
3.725232944008894265e+00
3.647836059040855616e+00
4.608388052030932158e+00
3.066749933990649879e+00
3.418372843007091433e+00
4.061026514042168856e+00
4.647637658985331655e+00
3.879411005007568747e+00
3.918422720977105200e+00
4.152556620014365762e+00
4.345524556003510952e+00
3.719223399995826185e+00
2.412936035019811243e+00
2.859714441990945488e+00
4.139449102978687733e+00
4.012644975038710982e+00
3.845981707971077412e+00
3.464185958961024880e+00
4.569307414989452809e+00
3.257185246038716286e+00
3.696167415997479111e+00
3.073071672988589853e+00
4.667000438028480858e+00
3.328187131031882018e+00
3.477204242022708058e+00
4.198658485955093056e+00
3.470696136006154120e+00
4.018610642990097404e+00
4.065629848046228290e+00
4.602188277000095695e+00
3.488701416994445026e+00
3.255800950981210917e+00
4.443007256020791829e+00
4.499062807008158416e+00
3.885127353016287088e+00
4.002935796976089478e+00
3.035588350961916149e+00
3.946847977989818901e+00
3.687926424958277494e+00
3.708564064989332110e+00
4.313460701028816402e+00
4.320580340980086476e+00
4.027311129029840231e+00
3.787855560018215328e+00
4.676284638990182430e+00
3.430912935989908874e+00
3.853618339984677732e+00
3.916963900031987578e+00
4.481151172018144280e+00
3.747400455002207309e+00
3.866700514045078307e+00
3.856475522043183446e+00
3.278775904967915267e+00
4.014905225019901991e+00
3.373811055033002049e+00
3.899469939002301544e+00
4.609505690983496606e+00
3.219578390999231488e+00
3.238433289981912822e+00
3.759401925024576485e+00
3.361148605996277183e+00
4.014251810032874346e+00
4.480440671963151544e+00
3.849385882960632443e+00
2.334544003009796143e+00
4.196505666011944413e+00
3.877126178005710244e+00
4.590396332961972803e+00
4.101917958992999047e+00
2.775799587019719183e+00
4.051311403978615999e+00
3.920781635970342904e+00
3.847607683972455561e+00
3.752203787968028337e+00
4.120846251957118511e+00
3.300277715956326574e+00
3.779726971988566220e+00
3.834549800027161837e+00
3.829949862963985652e+00
3.923911253979895264e+00
3.857304367993492633e+00
4.293774645018856972e+00
3.483490517013706267e+00
3.049870224029291421e+00
3.940026975993532687e+00
3.364643409964628518e+00
3.783508940017782152e+00
3.987215806962922215e+00
3.615702730952762067e+00
3.370024475967511535e+00
3.715856090013403445e+00
4.014510602049995214e+00
3.967040208983235061e+00
3.487992030975874513e+00
2.813306642987299711e+00
3.589886059984564781e+00
3.879291618999559432e+00
3.707950437965337187e+00
3.093818855006247759e+00
3.220063722983468324e+00
3.839613295975141227e+00
3.934179976989980787e+00
4.355537759023718536e+00
3.384920570009853691e+00
4.358356504002586007e+00
3.893062347953673452e+00
3.985770134022459388e+00
3.705124412022996694e+00
3.794084492023102939e+00
4.214713555003982037e+00
3.076363565982319415e+00
3.878195900004357100e+00
3.678824696049559861e+00
4.278461601992603391e+00
3.268564341997262090e+00
3.967575745016802102e+00
3.374390765966381878e+00
4.016066700976807624e+00
3.589175626984797418e+00
3.027559731039218605e+00
4.011107713973615319e+00
3.995412808959372342e+00
3.914062016003299505e+00
4.115214121993631124e+00
3.936677687976043671e+00
3.936130199988838285e+00
4.245310143975075334e+00
3.958056215022224933e+00
2.785927270015235990e+00
3.946226583037059754e+00
4.090151780983433127e+00
3.944397452985867858e+00
2.304217000026255846e+00
3.483247613999992609e+00
2.434935618017334491e+00
3.774934817978646606e+00
3.259790111973416060e+00
3.173848217003978789e+00
4.491096490994095802e+00
3.895863048965111375e+00
3.919517136004287750e+00
3.719016688992269337e+00
3.107004579040221870e+00
4.199805042007938027e+00
2.835450046986807138e+00
3.840993448044173419e+00
3.426563368004281074e+00
3.938567695964593440e+00
4.411195034976117313e+00
3.378164155001286417e+00
3.096400007023476064e+00
1.997057354019489139e+00
4.670294089999515563e+00
3.025448309024795890e+00
3.693171171005815268e+00
3.061767323000822216e+00
3.219353749998845160e+00
4.010052720026578754e+00
3.301145587000064552e+00
3.841454386012628675e+00
3.950587622006423771e+00
3.952750934986397624e+00
4.224131946975830942e+00
3.462163830990903080e+00
3.414513883995823562e+00
3.944647967990022153e+00
3.470443892991170287e+00
4.435987488017417490e+00
3.699702006008010358e+00
3.296270495979115367e+00
3.784919874975457788e+00
4.513990176026709378e+00
3.555804530973546207e+00
3.744084389007184654e+00
4.462791476980783045e+00
3.675799990014638752e+00
2.906292754982132465e+00
4.298243512981571257e+00
4.472486159007530659e+00
3.784093194990418851e+00
3.943194729043170810e+00
3.079501752974465489e+00
3.682299713022075593e+00
4.639747866021934897e+00
3.414038468967191875e+00
3.081521792977582663e+00
4.152126609988044947e+00
4.472735113988164812e+00
3.386012920003850013e+00
3.672811177035328001e+00
3.654673924029339105e+00
4.465446065005380660e+00
3.997357899963390082e+00
3.128321357013192028e+00
3.076547742006368935e+00
4.042912370001431555e+00
3.777512394008226693e+00
4.225331506982911378e+00
3.315281326998956501e+00
3.075090367987286299e+00
4.814675122965127230e+00
3.601678903040010482e+00
4.156339241948444396e+00
4.274840404978021979e+00
3.370696497033350170e+00
4.198280142969451845e+00
4.736281924007926136e+00
4.924049653986003250e+00
4.119833172007929534e+00
4.500332972966134548e+00
4.636032361013349146e+00
3.681373430008534342e+00
3.461018523026723415e+00
4.169776999973692000e+00
4.221696765976957977e+00
4.186468647967558354e+00
4.646020419022534043e+00
3.528094344015698880e+00
4.697576302976813167e+00
3.655799368978478014e+00
3.762838552007451653e+00
4.668759546009823680e+00
4.380102606024593115e+00
3.723320155986584723e+00
4.890765772026497871e+00
3.909633252013009042e+00
3.800974054960533977e+00
3.673791995970532298e+00
4.823929967998992652e+00
4.747771151014603674e+00
3.762901520996820182e+00
3.441163779003545642e+00
4.693618185992818326e+00
3.091147241997532547e+00
2.935548337001819164e+00
3.677676649007480592e+00
2.715103732945863158e+00
4.214793557999655604e+00
3.849073773017153144e+00
3.070041235012467951e+00
4.404093006043694913e+00
4.571169692033436149e+00
2.807290323951747268e+00
3.480221906967926770e+00
3.970016692997887731e+00
3.944040607020724565e+00
3.858466955018229783e+00
3.683502444007899612e+00
4.493010927981231362e+00
3.846478210005443543e+00
3.969214532990008593e+00
4.438335573009680957e+00
4.209398500970564783e+00
3.551059033023193479e+00
3.464993642992340028e+00
3.273014717036858201e+00
4.269705420010723174e+00
3.338012008985970169e+00
3.295244420005474240e+00
4.057096646982245147e+00
4.249417226004879922e+00
3.428989400970749557e+00
4.145597055030521005e+00
4.131762959994375706e+00
4.490214253019075841e+00
4.428959225013386458e+00
4.278530961018987000e+00
3.543614897993393242e+00
4.272350332990754396e+00
4.369128143996931612e+00
3.057556985004339367e+00
1.703725540952291340e+00
2.154725224012508988e+00
2.161304781970102340e+00
4.321548406034708023e+00
2.970077560981735587e+00
3.949530706973746419e+00
3.896144110010936856e+00
3.956401146017014980e+00
2.968254477018490434e+00
3.708391760010272264e+00
4.464173262007534504e+00
2.890686411992646754e+00
2.779419953003525734e+00
4.305186677956953645e+00
3.783380292006768286e+00
3.684130759967956692e+00
3.716490699967835099e+00
3.298552921973168850e+00
4.568352258007507771e+00
3.954800662002526224e+00
3.833459706977009773e+00
3.889126664027571678e+00
4.205474912014324218e+00
3.930542178975883871e+00
3.696033073996659368e+00
4.631334023957606405e+00
3.842586081998888403e+00
3.632653061999008060e+00
4.530022488965187222e+00
3.823315273970365524e+00
3.797122932970523834e+00
3.489716099051292986e+00
3.180111300956923515e+00
4.770427824987564236e+00
3.789110650017391890e+00
4.065272308944258839e+00
4.289340437971986830e+00
4.089273124001920223e+00
4.379117696022149175e+00
3.129076212993822992e+00
3.105708549031987786e+00
3.701400387042667717e+00
3.216969750006683171e+00
3.865821801999118179e+00
4.064440588001161814e+00
3.566160923044662923e+00
3.401218644983600825e+00
3.652180068020243198e+00
4.060584485006984323e+00
4.445904404041357338e+00
4.000421119970269501e+00
3.439079546020366251e+00
3.287225862964987755e+00
4.563940487045329064e+00
3.342495030025020242e+00
2.929560119984671474e+00
2.980966472008731216e+00
3.063473269052337855e+00
3.950121880974620581e+00
3.946449826995376498e+00
3.243475307011976838e+00
3.593011757009662688e+00
3.994151466991752386e+00
3.881101476028561592e+00
4.564606854983139783e+00
3.916433660022448748e+00
4.138956798007711768e+00
3.817827156977728009e+00
3.889450013986788690e+00
3.869226112961769104e+00
3.591674246999900788e+00
3.582377846003510058e+00
3.787519285979215056e+00
3.431687529024202377e+00
3.736336337984539568e+00
2.901875698007643223e+00
4.030874178046360612e+00
3.501381648005917668e+00
3.497650707024149597e+00
2.967287566978484392e+00
4.627685423998627812e+00
3.605955337989144027e+00
3.949922396976035088e+00
3.714517886051908135e+00
3.406467105029150844e+00
4.635942043038085103e+00
3.697093763970769942e+00
3.090528364002238959e+00
3.107579841976985335e+00
3.461535270966123790e+00
3.970179546973668039e+00
3.873699110990855843e+00
3.614894625963643193e+00
4.611103327013552189e+00
3.734666439006105065e+00
3.750672261987347156e+00
4.598237590980716050e+00
4.055990124994423240e+00
3.118285787000786513e+00
3.791774859011638910e+00
1.874425033980514854e+00
3.129898866987787187e+00
3.727417040965519845e+00
4.581494417972862720e+00
4.047682073025498539e+00
3.724982269981410354e+00
3.860013212019111961e+00
4.659192360995803028e+00
3.595141046971548349e+00
3.581956356007140130e+00
4.147917669964954257e+00
4.080826062010601163e+00
3.530229925003368407e+00
3.991899987042415887e+00
3.595144663995597512e+00
1.882914295943919569e+00
3.733898003003560007e+00
3.470667051034979522e+00
4.399442284018732607e+00
3.375671381014399230e+00
4.067723426967859268e+00
3.866464211023412645e+00
4.552335210959427059e+00
3.989002488029655069e+00
4.054653851955663413e+00
4.281634819984901696e+00
3.437488869996741414e+00
3.435638268012553453e+00
3.065548693994060159e+00
3.338746660971082747e+00
4.577527234039735049e+00
3.964738384005613625e+00
3.650475827977061272e+00
3.446109294018242508e+00
4.668203702021855861e+00
4.053880825988017023e+00
3.040083725005388260e+00
4.294550154998432845e+00
4.039436991966795176e+00
2.224904756003525108e+00
4.020608204009477049e+00
4.288898028957191855e+00
4.660165904031600803e+00
3.192170973983593285e+00
4.151280738995410502e+00
4.357532480964437127e+00
4.639914330036845058e+00
3.439896436000708491e+00
3.777016050997190177e+00
2.969352622982114553e+00
3.930565714952535927e+00
4.297688228951301426e+00
4.233064325002487749e+00
3.465762442036066204e+00
3.416289608983788639e+00
3.677027148019988090e+00
2.749604489014018327e+00
4.044517665985040367e+00
3.293194944038987160e+00
3.381835169042460620e+00
3.481001628970261663e+00
3.950717106985393912e+00
3.549292751995380968e+00
4.027095867961179465e+00
4.322646332031581551e+00
3.420999206020496786e+00
3.753111239988356829e+00
4.033841635042335838e+00
4.769982361991424114e+00
3.773250651021953672e+00
3.934611624979879707e+00
3.889543896017130464e+00
4.346481963002588600e+00
3.902784476988017559e+00
4.004119702032767236e+00
4.162147713999729604e+00
