9.833163541758999007e-04
9.538806925370289661e-04
8.960057661364787592e-04
9.871860485048151047e-04
8.681030856801174667e-04
9.929312040573427030e-04
8.834876290284967909e-04
9.716731271254272018e-04
9.905875579646391399e-04
9.692929245919498392e-04
9.764388874289359373e-04
9.985295418836559554e-04
9.790703434491947188e-04
9.703086518362634806e-04
9.820960756129377967e-04
9.869465187271326927e-04
9.903405042471311731e-04
9.697484992743784452e-04
9.882517043807740806e-04
8.491487878009986801e-04
9.658854601508178256e-04
9.941683734872230546e-04
9.621066058967708053e-04
9.759108787875433576e-04
9.881465338440625652e-04
9.973563167853306301e-04
9.829067162315764054e-04
9.980968088584274683e-04
9.652652904956725288e-04
9.789439604824994381e-04
8.817814452454157247e-04
8.712153605406617240e-04
9.618363168126186583e-04
9.568518038483997271e-04
9.762557349514726021e-04
9.742923107085662724e-04
8.511117926987941821e-04
9.788402558643029706e-04
9.798031289745187927e-04
9.696294045293373919e-04
9.655922465737530949e-04
8.472927934500938544e-04
9.746509886063909516e-04
9.943725441027241249e-04
8.196970227795240174e-04
9.666927620106013268e-04
9.524076833112313321e-04
9.712098988608592297e-04
9.734386199483814487e-04
8.529582745783482458e-04
9.739535886886783751e-04
9.587717974860727023e-04
9.900089027678378190e-04
8.593589837252813089e-04
9.240954220877617637e-04
9.996375719072388491e-04
9.639774650412611182e-04
9.983723323685712251e-04
8.635720015517442524e-04
9.713438891025035892e-04
8.733617942527985289e-04
8.552355379911609316e-04
9.991544166905006082e-04
9.857009376612062192e-04
9.749436050879203407e-04
9.878315941297493002e-04
9.655147589815514346e-04
9.779699304462582087e-04
9.904335781873885736e-04
9.877259327219283999e-04
9.662573960081033593e-04
9.600968266540271497e-04
9.796356473482867051e-04
9.178133368850090006e-04
9.812288335284624022e-04
9.340183497621801570e-04
9.825726604981298469e-04
9.912975018151201981e-04
9.872046757627307018e-04
9.868114017920794068e-04
9.813755835845056324e-04
9.850561502785402587e-04
9.812445921573871837e-04
9.671056083515443833e-04
9.764435371962818314e-04
9.879627196118778969e-04
9.990265453469167941e-04
9.517351663472785024e-04
8.014715697569114615e-04
9.750507397228595557e-04
9.692202270918327724e-04
9.897339961451891415e-04
9.777508200808314714e-04
9.715753584788295412e-04
9.963984413407485710e-04
9.586204760980255668e-04
9.992139865002778315e-04
9.800116065698449494e-04
9.832497695210276872e-04
8.514910954595258192e-04
9.908410795767628315e-04
9.936267521846050242e-04
9.851067685289643418e-04
9.599299819451792386e-04
9.576351018715773379e-04
9.832263722577574104e-04
9.831082221389932964e-04
8.373796535091105079e-04
8.383475610558360422e-04
9.467063289066585943e-04
9.919751921897805580e-04
9.901915197183502448e-04
9.789078779768357625e-04
9.709209164591485952e-04
9.958354799221491496e-04
9.780062438820536722e-04
9.939794396374053431e-04
9.672948433953743172e-04
9.854495366063394449e-04
9.730257497876920866e-04
9.787520903166218537e-04
9.911704154631677602e-04
8.444645538345517443e-04
9.958781344227055597e-04
9.836068932498817641e-04
9.901635147878387264e-04
9.702545756330703281e-04
8.686217335740849168e-04
8.892184236294640781e-04
9.078030789153770496e-04
9.738179162396169231e-04
9.671511829961378526e-04
9.781128619335572455e-04
9.773929095669973456e-04
9.887046449039505261e-04
9.864603180530096948e-04
9.796358830834839097e-04
9.930161141269901875e-04
9.851800123613027333e-04
9.826416463298241061e-04
9.869747695196958489e-04
9.692383557241124716e-04
9.874135946533037309e-04
9.875632796878788724e-04
9.598207016132674933e-04
9.779754976621038692e-04
9.729845629902273340e-04
9.790764214863446890e-04
9.923495991481555770e-04
9.309178847339206380e-04
9.304690137628238459e-04
9.698436501180382517e-04
9.835724266445738852e-04
9.748813816167926699e-04
9.503536221812416670e-04
9.921363199641450390e-04
9.840873078634253170e-04
9.651857211916715093e-04
9.776171457766781245e-04
9.844401553624083229e-04
9.963269994899322940e-04
9.853347469996245195e-04
9.989173901187506626e-04
9.793200622871171910e-04
9.964143251001747990e-04
9.958258489461393938e-04
9.803808756492047184e-04
9.565220698833227760e-04
9.483701895486583737e-04
9.939038878309987973e-04
9.620325166724048730e-04
9.721201715085326734e-04
9.964858907686305941e-04
9.775217603811578535e-04
8.736076605304778477e-04
9.143804408590886119e-04
9.717742523004622166e-04
9.481215837527559977e-04
9.906557344228870965e-04
9.692169223445149581e-04
9.862291936134437789e-04
9.970325075174103855e-04
9.991664198455529715e-04
9.923694745114423985e-04
8.484927691741758022e-04
9.896826577943289641e-04
9.929177584480487848e-04
9.236178947252863224e-04
9.637227209252821180e-04
9.763682548127519808e-04
9.739690637060147323e-04
9.629313248379074274e-04
9.978159793394979389e-04
9.980262520147735808e-04
9.896855542495691140e-04
9.772740222223341971e-04
9.517501984797994497e-04
9.951163921625716131e-04
9.770931430455327259e-04
9.802776600692706104e-04
9.769458066029269253e-04
9.799498674837796124e-04
9.916342852138203615e-04
9.947618332688628034e-04
9.880940047359439669e-04
9.846188666538231802e-04
9.698571605156263657e-04
9.718679568653766036e-04
9.949255126784103780e-04
9.725819056570489526e-04
9.872631111963808218e-04
9.889894601540537636e-04
9.953295448737920111e-04
9.679776647374473434e-04
9.972917015369110044e-04
9.668949116903953131e-04
9.919694170350803943e-04
9.670127750135744252e-04
8.188282499079220077e-04
9.869337942574093591e-04
9.993511244859815210e-04
9.892888782836208039e-04
9.999527970312902751e-04
9.812343406650134419e-04
9.862141056793363898e-04
9.882763910626548697e-04
9.848104659826741308e-04
9.903002392408352065e-04
7.790365140798377131e-04
9.163493349707866817e-04
9.799430742566833143e-04
9.709842506385815437e-04
9.529717839199013715e-04
9.831532317798683668e-04
9.874558396066272087e-04
9.906243550567167284e-04
8.226537157686238545e-04
9.854710606564496145e-04
9.775023954010334144e-04
9.833805340106777527e-04
9.766458945540230311e-04
9.531529347947543781e-04
9.627474008687362259e-04
9.634429641987567617e-04
9.512521130473666937e-04
9.936394668104641358e-04
9.698627167807398431e-04
9.459665549945581392e-04
9.964236379171537497e-04
8.658108331708710059e-04
9.998863755205642575e-04
9.783736330673041375e-04
9.999624268107732122e-04
9.682194389025128387e-04
9.754916910315337411e-04
9.974288315901778685e-04
9.799216728916353408e-04
9.942811331250527192e-04
9.694689450462375775e-04
9.895496873184631524e-04
9.530616756989590804e-04
9.759076679623815117e-04
9.596693794791977565e-04
8.343407661659714165e-04
9.761958211063679171e-04
9.863117399159693384e-04
9.720364398381930093e-04
9.939595868186555053e-04
9.635458828712420475e-04
9.805732640982332913e-04
8.803770253205794047e-04
9.710591503039742644e-04
9.816788041259148778e-04
9.696020357019908067e-04
9.545218290755888395e-04
9.923364334907495022e-04
9.123362330203710390e-04
9.993774559405288992e-04
9.947248686409696991e-04
9.868918166831316518e-04
9.722910065940123560e-04
9.943998853143517537e-04
9.855189371659044562e-04
9.650679371738569729e-04
8.322903344426833610e-04
9.710253422976355834e-04
9.703552739148712560e-04
8.112112613392812119e-04
9.959713962772072382e-04
9.920091127579493216e-04
9.944375509145582555e-04
9.913481736336232902e-04
9.809104028305020134e-04
9.850983207882575091e-04
9.876572038608952536e-04
9.794298322257999692e-04
9.803382084386988958e-04
9.884410140240664725e-04
9.944346746628104135e-04
9.734192867670277659e-04
9.855545581347901520e-04
9.865659215385646531e-04
9.737075466087132414e-04
9.690896046025168327e-04
9.793361657692227062e-04
9.791324643780071474e-04
9.867709911400626959e-04
8.531371609170682047e-04
9.691760424272503850e-04
9.560936296188270005e-04
9.688914692949395424e-04
9.451363639852544381e-04
9.678410513663573403e-04
9.743117264229053925e-04
9.600955401395798753e-04
9.821659891680644197e-04
9.895198989408526477e-04
9.931535741555088184e-04
9.557895108141356393e-04
9.630899834256050366e-04
9.832043999477857194e-04
9.655417459648749307e-04
9.883896023656600638e-04
9.674069711293874912e-04
9.708751261086345525e-04
9.975673500031783346e-04
9.811620029316374045e-04
9.869931111258442320e-04
9.558561593849177439e-04
8.667971321497588977e-04
9.876315194936602111e-04
9.476689489697437494e-04
9.978483360386287450e-04
9.559661664495067808e-04
9.635507791345899369e-04
9.775634571680942662e-04
9.833118797033940650e-04
9.973849735470884624e-04
9.630352340249165224e-04
9.772474531238618811e-04
9.692601913295198273e-04
9.135668793106319985e-04
9.805234336272127676e-04
9.992972843227679227e-04
9.840668821367725035e-04
9.516754746765685846e-04
9.872685658738049753e-04
9.905761185675220765e-04
9.773664560419005522e-04
9.520538832095195312e-04
8.258211497014130700e-04
9.920765712866821788e-04
9.760678012212300461e-04
9.758178749563572833e-04
9.866300220067630074e-04
9.588410413219986559e-04
9.950990881865359218e-04
9.589061984175742924e-04
9.859633064349701374e-04
9.948146488559705871e-04
9.790519776213043191e-04
8.978643283982156928e-04
9.047533693306020197e-04
9.880618273074217184e-04
9.690650009749388451e-04
9.836904007232442557e-04
9.682475227755315108e-04
9.715906889117961395e-04
9.948712061399042281e-04
9.629284290347005009e-04
9.242140298998237444e-04
9.719260538253862236e-04
9.732343796830948733e-04
9.071016179669265465e-04
9.736224552994330803e-04
9.823060128221002170e-04
9.966742985250208030e-04
9.899726023661987919e-04
8.458171287085533736e-04
9.712203050410573701e-04
9.996790722511098883e-04
8.176308217877484904e-04
9.958606825265000489e-04
9.881627705299656818e-04
9.721237618774332965e-04
9.927597379803369555e-04
9.680483160068002616e-04
9.731667747013302396e-04
9.796387939652317911e-04
9.754663841364492405e-04
9.807781127349735582e-04
9.765755400511612686e-04
9.884576215900811504e-04
9.773054049553445751e-04
9.736324636404375572e-04
9.913490017301085540e-04
9.673863499485415912e-04
9.811961753067081037e-04
9.805595297633718302e-04
9.663735354938940989e-04
9.840650920678929194e-04
9.631652840208837279e-04
8.202880272337048379e-04
8.491039049560481725e-04
9.850329410689838590e-04
9.725010597412623572e-04
9.752675847288192227e-04
9.971299477954031695e-04
9.763427808363523341e-04
9.778365348600982082e-04
9.914529725885783389e-04
9.220038423907966733e-04
9.697535624475092045e-04
9.795519385165161845e-04
9.675645000443644983e-04
9.561506829589845168e-04
9.631384534729178467e-04
9.897891837010086482e-04
9.967713496999647607e-04
9.851108785399347902e-04
9.946443573933593050e-04
9.848858087634928225e-04
8.802628852385437465e-04
9.692882873303548287e-04
9.926198839005735339e-04
9.668218144519684105e-04
9.840816019238798115e-04
9.897822214855900996e-04
9.330802020784346919e-04
9.881862544092610747e-04
9.930230033760069352e-04
9.719183808488557081e-04
9.988447299954994127e-04
9.081407304040860521e-04
9.856707234716043618e-04
9.594523319550428420e-04
9.822540888777774298e-04
9.619115406838870666e-04
9.692113754251232682e-04
9.720101300746443462e-04
9.418372739418637155e-04
9.868099652153247171e-04
8.116216751094822070e-04
9.706038331795476025e-04
9.843136676292866052e-04
9.581664405021792083e-04
9.775399258361407509e-04
9.591956608286035697e-04
9.526113480053342028e-04
9.632444968436128371e-04
9.582174440373404569e-04
9.960979379979449828e-04
8.369516118368607472e-04
9.838632704062769824e-04
9.803988467396325662e-04
9.799919090133178950e-04
9.847478022528867447e-04
9.809631001174697138e-04
8.845047785455424205e-04
9.789579366162638480e-04
9.906342122642823253e-04
9.855062791903311525e-04
9.980897613857380585e-04
9.868539043764684542e-04
9.986372254426546975e-04
9.770018533731676148e-04
9.966285000789975798e-04
9.675684057245006846e-04
8.491727963490267950e-04
9.987369280909487793e-04
8.975057782860735483e-04
9.960780194002254173e-04
9.812647527152396684e-04
9.257130287522446089e-04
8.820110658992089776e-04
9.514232107076214503e-04
9.816741479073782736e-04
9.865969684557148855e-04
9.743268039477585938e-04
9.640907276714796251e-04
9.553219607128345591e-04
9.806881419980153017e-04
9.952331805218484363e-04
9.986895865900058226e-04
9.353260059643009891e-04
9.748669408833241738e-04
9.905693044567568523e-04
9.608351303688314514e-04
8.751682799737770793e-04
9.777534050118773766e-04
8.972828922157000901e-04
9.413278107715277636e-04
9.821689745503877148e-04
9.964119288397431818e-04
9.836693375427721115e-04
8.867764793881398972e-04
9.258269230872340737e-04
9.316823661289214261e-04
9.748884224920706604e-04
9.708402667118245502e-04
9.935576521815649934e-04
9.680562179426384535e-04
8.544394475938607613e-04
9.864655381824685969e-04
9.977233073977607308e-04
9.764038168831683500e-04
9.870042626676533461e-04
9.955486440397585523e-04
9.709924308745359776e-04
9.767673354372477697e-04
9.875661177558320465e-04
9.744057418228275775e-04
9.884283399073973304e-04
9.826066638181814306e-04
9.938340902698335720e-04
9.810559332835316112e-04
9.822295742366270437e-04
9.968242015816052449e-04
8.283180799072599335e-04
9.696098996319512569e-04
9.851615565280671429e-04
9.800042413882679125e-04
9.896062352627071814e-04
9.919324432112294927e-04
9.869196979409324260e-04
9.763901885673925436e-04
9.725138717086716537e-04
8.599010558572599446e-04
9.000176214198937590e-04
9.958131206422315713e-04
9.625063345906146716e-04
9.868566989991803002e-04
8.718395769069958202e-04
9.927181924496235842e-04
9.877836481306148230e-04
9.845774534852148093e-04
9.846816380185297729e-04
9.952182512776340875e-04
9.992997054568025003e-04
9.990258078217595285e-04
9.966436020457255206e-04
8.740907733706345696e-04
9.697684175697134827e-04
9.597301623209168004e-04
9.713414151100977943e-04
9.563264861106436730e-04
9.715481883516912612e-04
9.986198511750779723e-04
9.802780973824376260e-04
9.650290737160886322e-04
9.602195529384739822e-04
9.973983767531363186e-04
9.744815237005384706e-04
8.135339691148820579e-04
9.791597570108995577e-04
9.732765486143374681e-04
9.726385165945158158e-04
9.600567680829745400e-04
9.917292605169452605e-04
9.918535651459974966e-04
9.771325293258820849e-04
9.795300806996673753e-04
9.601317716185661611e-04
9.692725800248858407e-04
9.913693713038032162e-04
9.931330669132845852e-04
9.207079072046135074e-04
9.706380756718971468e-04
9.841495121272383212e-04
9.928637107907327744e-04
9.971022975996844066e-04
9.969038727292015619e-04
9.799432466586249953e-04
9.839998370015220694e-04
9.752725435953967870e-04
9.963163696137791649e-04
8.794282762323348815e-04
9.866555858244040883e-04
9.918639376444995329e-04
9.719464597801665299e-04
9.707348792176835823e-04
9.859964741468023840e-04
9.971356789525986919e-04
9.672360060170078627e-04
9.680131286443493946e-04
9.697599114189282268e-04
9.583092842718669672e-04
9.818219230203527673e-04
9.648696900353543032e-04
9.885403417668721729e-04
9.921787249009808487e-04
9.939506434938599321e-04
8.479123235059021161e-04
9.954252688258464349e-04
9.715280085410396603e-04
9.999343742120149568e-04
9.352622212893346937e-04
9.821392490447511132e-04
9.503152876799599025e-04
9.691625472754849960e-04
9.852927424792313343e-04
9.607781443133179373e-04
9.952007527747424014e-04
9.571870293511184008e-04
9.795677618886296407e-04
9.920141281125464429e-04
9.700253159048568630e-04
9.829084884121451482e-04
9.758099391159955885e-04
9.791188946859587412e-04
9.832647322904535057e-04
9.743347045785162846e-04
9.818236259542373855e-04
9.635309230165055522e-04
9.683315348659282500e-04
9.852961883830605415e-04
8.756042030292591908e-04
9.433987241405687122e-04
9.359240390502609423e-04
9.708968098417084056e-04
9.988953721213405471e-04
9.964030737640051927e-04
9.972070593641797591e-04
9.977326371584478368e-04
9.797346179049773018e-04
9.681240687362284089e-04
9.619673995468738716e-04
9.949105540259543454e-04
9.984494980663602848e-04
9.506004299241540157e-04
9.584201985698715667e-04
9.969718196560601806e-04
9.809565926486936340e-04
9.704040292334489013e-04
9.606803480199906445e-04
9.780404327370641800e-04
9.927958990915213781e-04
9.611030110835386449e-04
9.758633632002570784e-04
8.865089748519365239e-04
9.796096856509247004e-04
9.942158734398095273e-04
9.842987928727585378e-04
9.843168238488663509e-04
9.684998694963752345e-04
9.682208017182899508e-04
9.663294718887843792e-04
9.748351379501318543e-04
9.925421723508979967e-04
9.820527779676737571e-04
9.831456597697381308e-04
9.647994655031569798e-04
9.980305262330116042e-04
9.858902047458096164e-04
9.499288301651592206e-04
9.831320053623902790e-04
9.704946486606160199e-04
8.456992645248025565e-04
9.732967882301646377e-04
9.923073064474631066e-04
9.867349998248764985e-04
9.700712966083512457e-04
9.685987667274869326e-04
8.606196864662482874e-04
9.840991595376853609e-04
9.630006346620289745e-04
9.989543157556256704e-04
9.846122739086194710e-04
9.746472833493610450e-04
8.262970790071625000e-04
9.685002646505667208e-04
9.876876116783183529e-04
9.960787191607032784e-04
9.757149559131749264e-04
9.765876281317186283e-04
9.820953097698014930e-04
9.843139721539780930e-04
9.903429702695467404e-04
9.939729169316292336e-04
9.890969145205212327e-04
9.466904294770710172e-04
9.962362364939038404e-04
9.712962664994098530e-04
9.176976000645807943e-04
9.806256294107352795e-04
9.572661406819665299e-04
9.939039407774639349e-04
9.669338009787200976e-04
9.667192825362552408e-04
9.820709054206753184e-04
9.310082039194134606e-04
9.909692545930755356e-04
9.812060010173872214e-04
9.872708478083098288e-04
9.469115495887917271e-04
9.596010047261330353e-04
8.813717349566034314e-04
9.791178433868066248e-04
9.840577884296915299e-04
9.909586032003753989e-04
9.939136201613104574e-04
9.676653871965317129e-04
9.476826416157337800e-04
8.899046562591708762e-04
9.946817743658159083e-04
9.974079115509660708e-04
9.983402506100710113e-04
9.118153793961334980e-04
9.782644408908309618e-04
9.800251913823949945e-04
9.696292347004274509e-04
9.753791239240427536e-04
9.673105412020179678e-04
9.991750298082014130e-04
9.977752276656307127e-04
9.796910460434927852e-04
9.847529980640942412e-04
9.808053807392254787e-04
9.764434623836745503e-04
9.720385686485264257e-04
9.908741614401573444e-04
8.393278432528953085e-04
9.725206983834949618e-04
9.953468109532564046e-04
9.779577332553041329e-04
9.885935092362383141e-04
9.662708426154524317e-04
9.923616115297001234e-04
8.869255983734159170e-04
9.733898533903594238e-04
8.879659716031666284e-04
9.555465866626930774e-04
9.557156827164746014e-04
9.895650838359667904e-04
9.079570611426102155e-04
9.518722233120170814e-04
9.951817300899708316e-04
9.900082729373906910e-04
8.493901035090198207e-04
9.259620819566327871e-04
9.770153643726474206e-04
9.807022467666387695e-04
9.932501351296537696e-04
9.689329105206338647e-04
9.834914870433058252e-04
9.806408681847322926e-04
8.921735208459402816e-04
9.799030283850003638e-04
9.939986071498593118e-04
9.909108013386822705e-04
9.930170720693538584e-04
8.131214772933466469e-04
9.790124714417675934e-04
9.680268426869349666e-04
9.293745474122531774e-04
9.996365231132325630e-04
9.889440844705662398e-04
9.752477915890232210e-04
9.914922089215283656e-04
9.738078571291910101e-04
9.839045282096039492e-04
9.420311073914265556e-04
9.696821746895656867e-04
9.632518520503564148e-04
9.343172130308496264e-04
9.558417424879028920e-04
9.652293070542380038e-04
9.579570187952485098e-04
9.568794657807169453e-04
9.012780690725937134e-04
9.832278325722018653e-04
9.921691128599609538e-04
9.839074147599030824e-04
9.937556215927558119e-04
9.848710430994721352e-04
9.610659255898472680e-04
9.770570938323537048e-04
9.534697348596124803e-04
9.906565512773234019e-04
8.756593972355966159e-04
9.800786619910426076e-04
9.966637526289472918e-04
9.824042148144712053e-04
8.979557117330150577e-04
9.856013783846649754e-04
9.802011103276523848e-04
9.822875712959717748e-04
9.864777101985242654e-04
9.564090727508023143e-04
9.547426403328731657e-04
9.843510272085252092e-04
9.880334514199957084e-04
8.796230736626808313e-04
9.855751864371528614e-04
9.997769758373434030e-04
9.731180499456239469e-04
9.549288531632842310e-04
9.580177895039681960e-04
9.899026483184958630e-04
9.888525275000841115e-04
9.812497784950884993e-04
9.896431246219474301e-04
9.694874524714139569e-04
9.906596585401773215e-04
9.964734427364272708e-04
9.885837008616719934e-04
9.684375079769265253e-04
9.763419801992046084e-04
9.623516432616235081e-04
8.573699243847644497e-04
9.897707399863645613e-04
9.810520073370587475e-04
9.962098992358757194e-04
9.699125260424981557e-04
9.690586777055733726e-04
9.654829623571272931e-04
8.825812774406907677e-04
9.576526830628342936e-04
9.757312724078008245e-04
8.663063349539733672e-04
9.991033155786371075e-04
9.777325928848514935e-04
9.352242680370926459e-04
9.731919313099931948e-04
9.611696321754714754e-04
9.728019716152087795e-04
9.802290389592795920e-04
9.844361734523496971e-04
9.628880760789702321e-04
9.413851039810368750e-04
9.663545020252787675e-04
9.693541002630194203e-04
9.538308297409565191e-04
8.483321811221157136e-04
9.992983876480475858e-04
9.883025549672201128e-04
9.655319308828148915e-04
9.841048810742241814e-04
9.777358978154385063e-04
9.816164562472513930e-04
9.104666999243550942e-04
9.347588846520185754e-04
9.727951588219785036e-04
9.937093318010039450e-04
9.792109856342700539e-04
9.746165227116874996e-04
9.708183439646330629e-04
9.665857546119747436e-04
9.763848153372000531e-04
9.880123872768173041e-04
9.729330105302934784e-04
9.966781651509510481e-04
9.929007932722232026e-04
9.608319877864856260e-04
8.804741491469874172e-04
9.744841981391103329e-04
9.990660384059195636e-04
9.910151482441162396e-04
9.793676024263580152e-04
9.804995242226491412e-04
9.532574562791607193e-04
9.824041989446921901e-04
9.815542007015586046e-04
9.894549774475413801e-04
8.850833274793368840e-04
8.502790250019139594e-04
8.448802270355957288e-04
9.879862931956250559e-04
9.669540803875652148e-04
9.327118834526301923e-04
9.510976852890376792e-04
9.755807940497860818e-04
9.642220174188518818e-04
9.471503208526682290e-04
8.223870135908743556e-04
9.769737567502957947e-04
9.644237868318413865e-04
9.598421737543612981e-04
9.698861089733080152e-04
9.647200579943838918e-04
9.889228379345255202e-04
9.985517236517950368e-04
8.965954175584826130e-04
9.939456060275232881e-04
9.700093077684318089e-04
9.889530391603217844e-04
9.716146756181242563e-04
9.857709553093899329e-04
9.828225149808946827e-04
9.356395572829909581e-04
9.807322633850537857e-04
8.868732471241959348e-04
9.877497128770557858e-04
9.957434712135402981e-04
8.631328003610276318e-04
9.953471384987965746e-04
9.801476415807845993e-04
9.548601288913906998e-04
9.785608096090554243e-04
9.629276629660419055e-04
9.868610879174074136e-04
9.939508287155512153e-04
9.721961320452275493e-04
9.753235414025982625e-04
9.809073178098336177e-04
9.910349582455120314e-04
9.972502763854038024e-04
9.419334822196086948e-04
9.072110869152311954e-04
9.888532884841719217e-04
9.777271109518133416e-04
9.038414205068668033e-04
9.981116269904505376e-04
9.579083684305637718e-04
9.739345537941709787e-04
9.970109865838642973e-04
9.724921994072562633e-04
9.695523883246403912e-04
9.592481600644636383e-04
9.662625994776522648e-04
9.699890500636485250e-04
9.894907032198495267e-04
8.911816991961821850e-04
9.888433239278336586e-04
9.029099319507227816e-04
9.666691110271754877e-04
9.552051047455076098e-04
9.934820940343967646e-04
9.984451797225815835e-04
9.692579833481809390e-04
9.915822154810502876e-04
9.750257070486129324e-04
9.835787375662159281e-04
9.830415297358936419e-04
9.902928578713054986e-04
9.077952026736676484e-04
9.665865787030406388e-04
9.837028621955631359e-04
9.816617389371146141e-04
9.890905563253943669e-04
9.153210356648107046e-04
9.861111818922378355e-04
9.893113445865573015e-04
9.907308014303378881e-04
9.860577730918986938e-04
9.810136068397197311e-04
9.834703506749608182e-04
9.853105173015530311e-04
9.695165070458267855e-04
9.914146468171780840e-04
9.601092807275599106e-04
9.965094804083942954e-04
9.638261466241769765e-04
9.706782132672717818e-04
9.769984486874482791e-04
9.986589086222203565e-04
9.947499280827970958e-04
9.733929197401209850e-04
9.611611840572339537e-04
9.717939952508075326e-04
9.648497156989834130e-04
9.180308054857704405e-04
9.881641888382127880e-04
9.970133756432176392e-04
9.825312979570722388e-04
9.866137919373563041e-04
9.849744608613503899e-04
9.842074998295570476e-04
9.854903047314296505e-04
9.844101902306660878e-04
9.820873502544799107e-04
9.844580600729534604e-04
9.858184982766524281e-04
9.837913603063558506e-04
9.695647898642051994e-04
8.920744545185290125e-04
9.647560204687825837e-04
9.538008379931674609e-04
9.755221765396841728e-04
9.776361117179279206e-04
9.770761493391071691e-04
9.729647879441386373e-04
9.716194039006331631e-04
9.850282516555319053e-04
8.783714608523509335e-04
9.664563269656890930e-04
9.951435703166651870e-04
9.789017363144116891e-04
9.540123926821082517e-04
9.978464692833974477e-04
8.859676405347271296e-04
9.847595941874186503e-04
9.625021357494311812e-04
8.751108689335940390e-04
9.911653872505994407e-04
9.857790525672448234e-04
9.908023677536697930e-04
9.892901332782162455e-04
9.854749503535090681e-04
9.856574051664533653e-04
