9.321238738484680653e-01
5.019819198641926050e-01
6.993532350752502680e-01
7.152984158601611853e-01
7.239791441243141890e-01
9.120855941437184811e-01
8.174626969266682863e-01
7.458269118797034025e-01
8.296445938758552074e-01
7.200004078913480043e-01
9.000578890554606915e-01
8.135728919878602028e-01
7.473456650041043758e-01
9.996651860419660807e-01
7.490033688955008984e-01
1.010894085047766566e+00
6.963437669910490513e-01
7.062696239445358515e-01
6.735317371785640717e-01
7.148521000053733587e-01
9.175652179401367903e-01
6.551158821675926447e-01
5.963355770800262690e-01
8.639690170530229807e-01
7.502331391442567110e-01
7.532601698767393827e-01
8.313309499062597752e-01
7.993053782265633345e-01
6.876391998957842588e-01
7.013425868935883045e-01
8.718185189645737410e-01
8.590121620800346136e-01
6.669740159995853901e-01
7.366419509053230286e-01
9.011480361223220825e-01
8.495995600242167711e-01
8.499797219410538673e-01
8.316863791551440954e-01
8.674221709370613098e-01
6.547690648585557938e-01
8.307238500565290451e-01
8.299512369558215141e-01
7.802469849120825529e-01
8.026565921027213335e-01
1.018507515080273151e+00
1.008706524036824703e+00
7.128855190239846706e-01
8.852765138726681471e-01
9.013954389374703169e-01
9.186942968517541885e-01
9.122862629592418671e-01
7.458313500974327326e-01
9.230518338736146688e-01
9.045330099761486053e-01
6.387063399888575077e-01
7.437759800814092159e-01
9.541115830652415752e-01
7.159998810384422541e-01
7.619374739006161690e-01
9.570764380041509867e-01
7.635455769486725330e-01
7.306568338535726070e-01
7.318256290163844824e-01
6.873697510454803705e-01
7.262299279682338238e-01
8.326036508660763502e-01
7.064986720215529203e-01
6.867939669173210859e-01
8.561661280691623688e-01
7.989557939581573009e-01
8.268517230171710253e-01
1.007678122958168387e+00
1.117192930076271296e+00
8.287580851465463638e-01
1.094823664054274559e+00
1.096101185074076056e+00
7.052979769650846720e-01
8.151071730535477400e-01
8.400723999366164207e-01
7.986962147988379002e-01
7.565503660589456558e-01
7.358414030168205500e-01
9.790613630320876837e-01
9.821945079602301121e-01
7.326352731324732304e-01
7.977932980284094810e-01
8.441092090215533972e-01
7.244857589248567820e-01
1.124721979023888707e+00
8.805501270107924938e-01
8.098332048393785954e-01
7.295377431437373161e-01
6.872879429720342159e-01
8.321130340918898582e-01
9.006648720242083073e-01
7.230088040232658386e-01
6.644513569772243500e-01
6.609778918791562319e-01
6.778059189673513174e-01
9.734676780644804239e-01
9.627348838839679956e-01
7.765024488326162100e-01
9.384239700157195330e-01
7.996795908547937870e-01
8.213136359117925167e-01
6.582244189921766520e-01
7.348011441063135862e-01
6.885252958163619041e-01
7.500726019497960806e-01
6.449858630076050758e-01
7.050170109141618013e-01
9.266234210226684809e-01
8.706462089903652668e-01
6.224108869209885597e-01
7.084222091361880302e-01
7.011104428675025702e-01
6.620029888581484556e-01
8.193273288197815418e-01
7.880721120163798332e-01
7.816285509616136551e-01
8.271981561556458473e-01
9.684878350235521793e-01
6.862106129992753267e-01
6.871278940234333277e-01
6.673477110452950001e-01
7.496535060927271843e-01
7.455679678823798895e-01
7.551933780778199434e-01
7.543980211485177279e-01
8.743551499210298061e-01
7.130820092279464006e-01
8.280883100815117359e-01
7.967569590546190739e-01
7.994008129462599754e-01
7.343097531702369452e-01
7.325429669581353664e-01
9.974620069842785597e-01
9.005602600518614054e-01
8.815651440527290106e-01
7.418009149841964245e-01
7.524364378768950701e-01
7.453224461060017347e-01
9.213378219865262508e-01
8.240211990196257830e-01
6.969084190204739571e-01
6.691557669546455145e-01
6.815684058237820864e-01
6.539555150084197521e-01
7.424953670706599951e-01
7.072792900726199150e-01
8.241309439763426781e-01
8.117917589843273163e-01
7.327590831555426121e-01
7.733042780309915543e-01
6.896659710910171270e-01
1.006993396906182170e+00
7.402023049071431160e-01
6.811447178479284048e-01
9.180127989966422319e-01
6.894517280161380768e-01
8.989636369515210390e-01
7.410826808772981167e-01
9.166407617740333080e-01
6.531526960898190737e-01
9.060330509673804045e-01
8.709434801712632179e-01
6.830001929774880409e-01
6.625358958262950182e-01
8.212518990039825439e-01
7.350852049421519041e-01
9.974134890362620354e-01
7.416302529163658619e-01
9.753446509130299091e-01
6.986291238572448492e-01
6.895716839935630560e-01
7.033625598996877670e-01
6.715981629677116871e-01
8.942563319578766823e-01
9.007276990450918674e-01
6.811353298835456371e-01
8.443888288456946611e-01
9.060765381436794996e-01
8.900898860301822424e-01
7.977892318740487099e-01
1.007021808065474033e+00
9.485721348319202662e-01
9.984198200982064009e-01
8.089733459055423737e-01
9.224298452027142048e-01
6.810918229166418314e-01
7.093847191426903009e-01
8.220322828274220228e-01
6.917310438584536314e-01
7.491375880781561136e-01
7.385427069384604692e-01
7.027135740499943495e-01
8.992962709162384272e-01
6.801737009081989527e-01
1.014025218784809113e+00
7.029299340210855007e-01
7.146083251573145390e-01
9.658545320853590965e-01
7.048856779001653194e-01
7.220015749335289001e-01
7.759469428565353155e-01
7.487161748576909304e-01
7.046908210031688213e-01
6.897352079395204782e-01
7.140285631176084280e-01
6.171916769817471504e-01
7.077970150858163834e-01
9.139423070009797812e-01
7.418613841291517019e-01
7.266547440085560083e-01
8.345320040825754404e-01
1.011964675970375538e+00
7.489342729095369577e-01
8.257447949144989252e-01
7.915473540779203176e-01
7.842466530855745077e-01
7.068845091853290796e-01
6.684361500665545464e-01
7.363988559227436781e-01
8.600227488204836845e-01
7.269640590529888868e-01
7.191329491324722767e-01
6.888262231368571520e-01
8.315696509089320898e-01
8.836644680704921484e-01
8.997124379966408014e-01
8.163980208337306976e-01
7.382984890136867762e-01
6.896986591164022684e-01
8.232902339659631252e-01
9.825991659890860319e-01
7.823697491548955441e-01
7.309059279505163431e-01
7.546542240306735039e-01
7.375394108239561319e-01
8.968912740238010883e-01
8.206226949114352465e-01
8.910483219660818577e-01
7.077206061221659184e-01
8.855237569659948349e-01
7.021504340227693319e-01
6.696258329320698977e-01
8.286109659820795059e-01
9.386061220429837704e-01
9.591667640488594770e-01
1.007512517971917987e+00
9.343118669930845499e-01
7.593229280319064856e-01
9.158496519085019827e-01
7.960128339473158121e-01
7.284906802233308554e-01
7.413428609725087881e-01
6.840997841209173203e-01
7.508589888457208872e-01
6.587182849179953337e-01
6.724411968607455492e-01
8.361575780436396599e-01
8.739314831327646971e-01
9.450379570480436087e-01
7.747958500403910875e-01
7.820259639993309975e-01
9.288895910140126944e-01
6.986449649557471275e-01
6.540405650157481432e-01
7.208952370565384626e-01
7.387979999184608459e-01
9.196334169246256351e-01
7.275388941634446383e-01
9.164099390618503094e-01
7.215504599735140800e-01
6.506780178751796484e-01
6.622135438956320286e-01
4.997979248873889446e-01
8.994271629489958286e-01
9.640636930707842112e-01
8.273261620197445154e-01
5.596971840132027864e-01
7.438793480396270752e-01
8.091462149750441313e-01
7.865246629808098078e-01
7.788319189567118883e-01
6.945068410132080317e-01
7.053643141407519579e-01
7.454397939145565033e-01
8.283478370867669582e-01
7.310105629730969667e-01
7.265548629220575094e-01
9.103644420392811298e-01
7.487768970895558596e-01
7.249580989591777325e-01
7.129391990602016449e-01
6.333530407864600420e-01
7.047938038595020771e-01
6.965138800442218781e-01
7.794779350515455008e-01
7.899893200956285000e-01
9.754944969899952412e-01
8.104734029620885849e-01
7.450162458699196577e-01
9.322170531377196312e-01
7.507564150728285313e-01
7.500821012072265148e-01
8.978037189226597548e-01
7.162510079797357321e-01
6.825889640022069216e-01
9.028946659527719021e-01
6.445361739024519920e-01
6.792550920508801937e-01
6.385075550060719252e-01
8.939127959311008453e-01
6.617473079822957516e-01
9.697239771485328674e-01
7.837356650270521641e-01
8.051197200547903776e-01
6.983078760094940662e-01
7.843438030686229467e-01
8.227157159708440304e-01
7.592876779381185770e-01
7.005384089425206184e-01
8.704247288405895233e-01
7.411868760827928782e-01
6.995525760576128960e-01
7.135519080329686403e-01
6.868983749300241470e-01
7.317257940303534269e-01
6.748562850989401340e-01
8.804426740389317274e-01
8.093606638722121716e-01
8.288464918732643127e-01
7.228367850184440613e-01
7.696257459465414286e-01
7.795567549765110016e-01
7.001945199444890022e-01
7.680245179217308760e-01
8.453232450410723686e-01
8.614870789460837841e-01
8.447319851256906986e-01
8.663413391914218664e-01
9.303295398131012917e-01
7.504156059585511684e-01
6.480742229614406824e-01
8.750381080899387598e-01
9.780354260001331568e-01
7.874550069682300091e-01
7.991040211636573076e-01
7.369630660396069288e-01
7.131717791780829430e-01
7.566469379235059023e-01
7.362914809491485357e-01
8.305377149954438210e-01
9.060064880177378654e-01
9.288668280933052301e-01
7.075844209175556898e-01
7.494290699250996113e-01
6.700746931601315737e-01
6.662167939357459545e-01
7.263111588545143604e-01
6.858747620135545731e-01
6.803173751104623079e-01
7.421110381837934256e-01
7.397119218949228525e-01
8.036104419734328985e-01
9.531844600569456816e-01
8.048463149461895227e-01
6.905035339295864105e-01
9.287925199605524540e-01
8.994506988674402237e-01
7.099086651578545570e-01
7.538203971926122904e-01
6.675068640615791082e-01
8.934550799895077944e-01
6.256976840086281300e-01
8.488559860270470381e-01
7.045452501624822617e-01
9.932144789490848780e-01
1.014508352847769856e+00
9.772742351051419973e-01
7.948168350849300623e-01
7.362950651440769434e-01
8.334931989666074514e-01
7.152571219485253096e-01
7.282223869115114212e-01
6.579417549073696136e-01
6.794689479283988476e-01
5.038518330547958612e-01
7.390812030062079430e-01
6.582806841470301151e-01
8.757712689694017172e-01
8.997909219469875097e-01
6.740657731425017118e-01
7.023405840154737234e-01
6.994385940488427877e-01
7.333913671318441629e-01
7.779089510440826416e-01
7.549428171478211880e-01
9.653848619200289249e-01
9.869026620872318745e-01
8.340552500449120998e-01
8.226897350978106260e-01
9.690017818938940763e-01
6.782814771868288517e-01
6.971163379494100809e-01
7.487288978882133961e-01
7.009853208437561989e-01
7.110892930068075657e-01
6.786953881382942200e-01
7.214929119218140841e-01
6.907714400440454483e-01
7.952017621137201786e-01
8.183418400585651398e-01
8.259620969183743000e-01
7.530853350181132555e-01
7.331311779562383890e-01
8.177853140514343977e-01
6.663518950808793306e-01
9.203037098050117493e-01
6.865502151194959879e-01
6.425653179176151752e-01
6.704817027784883976e-01
5.918727931566536427e-01
9.093823791481554508e-01
7.093005131464451551e-01
7.047638460062444210e-01
8.770260449964553118e-01
8.951804058160632849e-01
6.536713801324367523e-01
9.978895899839699268e-01
8.304461659863591194e-01
7.886882368475198746e-01
8.135951398871839046e-01
9.795708949677646160e-01
7.281332518905401230e-01
7.908445710781961679e-01
8.654012021142989397e-01
7.069497620686888695e-01
7.558452801313251257e-01
6.871687979437410831e-01
8.863777259830385447e-01
6.897232418414205313e-01
9.064353669527918100e-01
6.822536520194262266e-01
7.961915209889411926e-01
7.868878110311925411e-01
7.505133079830557108e-01
7.207539340015500784e-01
7.681577049661427736e-01
7.112183899153023958e-01
6.608038051053881645e-01
7.476618110667914152e-01
9.038805370219051838e-01
7.419639159925282001e-01
6.937059168703854084e-01
8.815662148408591747e-01
8.061852180399000645e-01
7.505065379664301872e-01
8.532445228192955256e-01
9.207613631151616573e-01
6.515703639015555382e-01
6.821640189737081528e-01
8.048502940218895674e-01
7.938878550194203854e-01
8.721576028037816286e-01
1.025626995833590627e+00
7.285239198245108128e-01
8.303480988834053278e-01
6.626884208526462317e-01
8.712430298328399658e-01
7.076654189731925726e-01
9.093024111352860928e-01
6.917156029958277941e-01
7.452739248983561993e-01
9.076468429993838072e-01
6.812042628880590200e-01
8.921981949824839830e-01
7.174790950957685709e-01
7.314632800407707691e-01
9.245855428744107485e-01
7.246693139895796776e-01
9.494417989626526833e-01
9.600476790219545364e-01
7.387345549650490284e-01
7.125072081107646227e-01
7.060336940921843052e-01
7.142392601817846298e-01
9.114838389214128256e-01
9.226896108593791723e-01
6.798439410049468279e-01
8.855286529287695885e-01
6.664360389113426208e-01
8.570355090778321028e-01
8.209562830161303282e-01
9.671696198638528585e-01
9.163477451074868441e-01
7.344379380811005831e-01
7.656849578488618135e-01
7.813057559542357922e-01
9.836254441179335117e-01
9.981104719918221235e-01
6.734411630313843489e-01
7.087113531306385994e-01
6.921507010702043772e-01
8.619868750683963299e-01
8.947910589631646872e-01
7.102545839734375477e-01
6.384093170054256916e-01
8.318118981551378965e-01
9.314344399608671665e-01
8.944938159547746181e-01
8.843819659668952227e-01
8.572759858798235655e-01
7.553866379894316196e-01
7.339298301376402378e-01
7.558222869411110878e-01
9.944642949849367142e-01
9.429818191565573215e-01
6.780041018500924110e-01
7.822262039408087730e-01
6.138256639242172241e-01
9.012006558477878571e-01
4.235678981058299541e-01
6.622098111547529697e-01
7.188375878613442183e-01
7.446655230596661568e-01
8.868796690367162228e-01
6.835109388921409845e-01
6.713992850854992867e-01
6.771175991743803024e-01
5.107669460121542215e-01
8.262254139408469200e-01
8.310570288449525833e-01
9.967632831539958715e-01
9.620903709437698126e-01
7.543203548993915319e-01
6.713715321384370327e-01
7.310907559003680944e-01
4.940234660170972347e-01
7.255506999790668488e-01
6.929613349493592978e-01
6.683418750762939453e-01
8.108511911705136299e-01
6.562965218909084797e-01
8.822271749377250671e-01
9.099824291188269854e-01
7.262542080134153366e-01
7.736257279757410288e-01
9.607694649603217840e-01
7.644491419196128845e-01
7.455414750147610903e-01
6.879839419852942228e-01
7.984779719263315201e-01
7.220171520020812750e-01
8.107132299337536097e-01
6.727252800483256578e-01
7.303180480375885963e-01
8.552593530621379614e-01
6.952112019062042236e-01
7.327358638867735863e-01
6.915963089559227228e-01
6.810751138255000114e-01
9.180879949126392603e-01
8.519325309898704290e-01
8.889051170554012060e-01
7.913455620873719454e-01
9.316125949844717979e-01
7.867929269559681416e-01
7.859775819815695286e-01
7.359970409888774157e-01
8.004042268730700016e-01
9.953337060287594795e-01
6.851769760251045227e-01
8.646034838166087866e-01
8.815024089999496937e-01
9.315939019434154034e-01
7.020910270512104034e-01
6.936449608765542507e-01
7.022026078775525093e-01
7.337501340080052614e-01
7.107071159407496452e-01
8.842138319741934538e-01
9.504149649292230606e-01
8.282212340272963047e-01
7.858004008885473013e-01
7.205598820000886917e-01
7.098972809035331011e-01
9.943665049504488707e-01
9.686968540772795677e-01
7.020099840592592955e-01
6.874224059283733368e-01
6.689221640117466450e-01
6.948893801309168339e-01
8.528331548441201448e-01
7.100317100994288921e-01
8.639025529846549034e-01
7.098649770487099886e-01
6.159392350818961859e-01
7.426362792029976845e-01
7.111041392199695110e-01
9.958804850466549397e-01
6.896298031788319349e-01
9.527501419652253389e-01
9.294119800906628370e-01
9.466803988907486200e-01
8.610621208790689707e-01
6.533259479328989983e-01
6.638448208104819059e-01
8.857180511113256216e-01
9.092984078451991081e-01
7.019082498736679554e-01
6.676238030195236206e-01
7.433198729995638132e-01
6.505956200417131186e-01
8.422374341171234846e-01
7.151607358828186989e-01
8.808607221581041813e-01
6.949950880371034145e-01
7.763443058356642723e-01
9.782411649357527494e-01
7.900802651420235634e-01
8.091934530530124903e-01
1.027361031854525208e+00
6.943298978731036186e-01
7.073090479243546724e-01
4.848308099899441004e-01
8.639980640728026628e-01
6.507222820073366165e-01
6.732996460050344467e-01
6.823685909621417522e-01
7.225597999058663845e-01
6.809231280349195004e-01
7.865141159854829311e-01
7.674160550814121962e-01
7.690624990500509739e-01
8.117147018201649189e-01
7.112236060202121735e-01
7.437893229071050882e-01
7.727569639682769775e-01
6.497009519953280687e-01
7.029284900054335594e-01
7.262556999921798706e-01
7.046422271523624659e-01
7.145321371499449015e-01
8.655907728243619204e-01
6.707662970293313265e-01
7.221292450558394194e-01
6.181277369614690542e-01
6.571717560291290283e-01
9.270580590236932039e-01
7.444609180092811584e-01
7.525841849856078625e-01
9.573940038681030273e-01
7.888083939906209707e-01
9.876394991297274828e-01
1.013454723870381713e+00
8.981097268406301737e-01
7.335665530990809202e-01
6.541300159879028797e-01
8.437028811313211918e-01
6.871172529645264149e-01
8.569898041896522045e-01
9.104447150602936745e-01
7.180342930369079113e-01
8.608886068686842918e-01
8.772281080018728971e-01
9.015803860966116190e-01
7.004887610673904419e-01
8.140497219283133745e-01
6.597811721730977297e-01
1.008732672082260251e+00
7.247644651215523481e-01
7.354485080577433109e-01
7.990258368663489819e-01
7.875900031067430973e-01
7.352542281150817871e-01
7.898242680821567774e-01
7.124481389764696360e-01
6.586433150805532932e-01
8.531147160101681948e-01
6.622635829262435436e-01
6.618225648999214172e-01
6.740146628580987453e-01
7.442555350717157125e-01
7.724991859868168831e-01
9.448589470703154802e-01
7.512645372189581394e-01
7.861058469861745834e-01
8.081601799931377172e-01
7.975602168589830399e-01
7.561521169263869524e-01
6.851013451814651489e-01
8.969254139810800552e-01
7.062986812088638544e-01
7.271257371176034212e-01
6.774306991137564182e-01
8.048528460785746574e-01
7.042811999563127756e-01
6.858799811452627182e-01
7.055540368892252445e-01
8.556000490207225084e-01
7.443029009737074375e-01
7.131978787947446108e-01
6.561156369280070066e-01
8.191243279725313187e-01
7.673390919808298349e-01
9.339726299513131380e-01
8.256647780071943998e-01
7.483296541031450033e-01
7.156954668462276459e-01
7.696607951074838638e-01
7.141424249857664108e-01
8.364748482126742601e-01
8.909766820725053549e-01
9.155135930050164461e-01
6.943174679763615131e-01
9.251426339615136385e-01
6.582398118916898966e-01
7.066166950389742851e-01
7.951342398300766945e-01
7.360951069276779890e-01
9.891070409212261438e-01
7.445988541003316641e-01
8.285287139005959034e-01
1.019999932963401079e+00
7.690031870733946562e-01
8.860366030130535364e-01
8.424778019543737173e-01
7.508657339494675398e-01
6.739956359378993511e-01
8.282204139977693558e-01
8.612101231701672077e-01
7.077350700274109840e-01
7.447579060681164265e-01
7.130003101192414761e-01
7.046623548958450556e-01
8.910077591426670551e-01
6.875669870059937239e-01
7.246211429592221975e-01
7.355701301712542772e-01
8.212914860341697931e-01
7.328294380567967892e-01
7.705048748757690191e-01
9.198230172041803598e-01
7.129067110363394022e-01
9.092933561187237501e-01
8.701992151327431202e-01
7.292740799020975828e-01
6.619235661346465349e-01
9.284141198731958866e-01
9.302297169342637062e-01
7.477784310467541218e-01
7.015692088752985001e-01
7.040902390144765377e-01
6.927069360390305519e-01
8.781623500399291515e-01
8.163693491369485855e-01
7.901567120570689440e-01
7.524893549270927906e-01
7.871767440810799599e-01
7.938242340460419655e-01
8.855493229348212481e-01
7.325869130436331034e-01
6.709952750243246555e-01
6.730180741287767887e-01
8.907025649677962065e-01
7.094456928316503763e-01
7.119899289682507515e-01
7.433541798964142799e-01
6.634599920362234116e-01
8.880343409255146980e-01
9.016437910031527281e-01
7.216367961373180151e-01
9.935732660815119743e-01
1.015766110969707370e+00
9.585033080074936152e-01
6.886334661394357681e-01
8.052330340724438429e-01
7.419113980140537024e-01
7.190992510877549648e-01
7.221651000436395407e-01
8.475972409360110760e-01
7.312061910051852465e-01
6.828131098300218582e-01
9.125285730697214603e-01
6.838993658311665058e-01
7.056674489285796881e-01
7.131250300444662571e-01
9.950245460495352745e-01
8.089836840517818928e-01
7.446218749973922968e-01
7.635075051803141832e-01
8.239366770721971989e-01
7.400918090716004372e-01
8.066699409391731024e-01
6.841761879622936249e-01
6.747796789277344942e-01
8.615815490484237671e-01
5.652757328934967518e-01
6.561398389749228954e-01
6.721352569293230772e-01
7.106799241155385971e-01
7.136497991159558296e-01
6.863896870054304600e-01
7.306511381175369024e-01
7.137521200347691774e-01
6.833518319763243198e-01
8.204715100582689047e-01
7.355068719480186701e-01
7.642990530002862215e-01
8.869017050601541996e-01
7.773809011559933424e-01
8.108313120901584625e-01
8.107820639852434397e-01
6.626118528656661510e-01
7.565757760312408209e-01
6.973128190729767084e-01
7.151364251039922237e-01
8.292166600003838539e-01
8.542865251656621695e-01
7.190245660021901131e-01
9.161139288917183876e-01
6.073582749813795090e-01
8.274594249669462442e-01
7.189543759450316429e-01
7.669259728863835335e-01
9.764920740853995085e-01
7.482203820254653692e-01
9.856523689813911915e-01
9.120029769837856293e-01
8.222549678757786751e-01
6.977914809249341488e-01
6.863894420675933361e-01
7.278797701001167297e-01
6.773307810071855783e-01
6.558430870063602924e-01
7.338555548340082169e-01
8.857842229772359133e-01
8.777001812122762203e-01
9.320105439983308315e-01
8.273997679352760315e-01
6.354261739179491997e-01
6.754564868751913309e-01
9.209495170507580042e-01
9.137291200459003448e-01
1.006162439007312059e+00
7.989632810931652784e-01
8.103088941425085068e-01
7.885489519685506821e-01
7.222960169892758131e-01
7.265125939156860113e-01
7.437593808863312006e-01
6.934142960235476494e-01
7.499561819713562727e-01
8.808102258481085300e-01
8.908708030357956886e-01
8.829678660258650780e-01
7.501165240537375212e-01
8.581706078257411718e-01
8.539706987794488668e-01
7.358779339119791985e-01
7.878019921481609344e-01
7.493763919919729233e-01
9.980553840287029743e-01
9.837961040902882814e-01
7.876160161104053259e-01
6.963464750442653894e-01
7.477613240480422974e-01
6.784961100202053785e-01
9.122998339589685202e-01
8.201765229459851980e-01
9.080092369113117456e-01
9.157439151313155890e-01
6.677303879987448454e-01
7.370968351606279612e-01
7.982327109202742577e-01
7.819610079750418663e-01
7.556590111926198006e-01
7.475904622115194798e-01
9.886715838219970465e-01
7.260596561245620251e-01
8.781203399412333965e-01
7.304923289921134710e-01
7.168364280369132757e-01
7.309088080655783415e-01
7.484516310505568981e-01
6.844904241152107716e-01
7.478586158249527216e-01
9.220727549400180578e-01
6.781371519900858402e-01
9.139896559063345194e-01
6.566771201323717833e-01
9.382721430156379938e-01
6.848437399603426456e-01
8.002380349207669497e-01
7.826414529699832201e-01
8.298002900555729866e-01
9.647252438589930534e-01
7.812911591026932001e-01
7.727266380097717047e-01
9.375747370067983866e-01
7.505173638928681612e-01
7.299580969847738743e-01
7.290841049980372190e-01
6.777381580322980881e-01
7.374312290921807289e-01
6.669899530243128538e-01
8.251173091121017933e-01
7.064208611845970154e-01
7.821900330018252134e-01
7.857424360699951649e-01
9.790961889084428549e-01
7.929039900191128254e-01
8.337844049092382193e-01
8.305861030239611864e-01
7.236491148360073566e-01
6.471159649081528187e-01
7.067292148713022470e-01
7.105709668248891830e-01
6.867418028414249420e-01
8.711549900472164154e-01
7.306995769031345844e-01
8.607416450977325439e-01
6.742391020525246859e-01
6.624455631244927645e-01
8.238947219215333462e-01
6.605518870055675507e-01
9.559451472014188766e-01
9.494854919612407684e-01
7.969434449914842844e-01
7.916982581373304129e-01
6.634829109534621239e-01
1.004129010951146483e+00
6.933218059130012989e-01
7.168889478780329227e-01
7.353691011667251587e-01
8.515300489962100983e-01
6.761742308735847473e-01
6.582554618362337351e-01
9.051151468884199858e-01
6.664961059577763081e-01
9.129694709554314613e-01
6.781133499462157488e-01
8.155327530112117529e-01
7.789818379096686840e-01
9.907501679845154285e-01
8.270197599194943905e-01
8.049005249049514532e-01
7.371493829414248466e-01
7.131211310625076294e-01
7.093293559737503529e-01
7.423179289326071739e-01
7.117939400486648083e-01
9.311648679431527853e-01
7.222689420450478792e-01
8.365762620232999325e-01
5.606826879084110260e-01
6.753677730448544025e-01
7.234026000369340181e-01
8.501114069949835539e-01
7.519337669946253300e-01
9.093046048656105995e-01
7.054752490948885679e-01
7.454594438895583153e-01
8.251820749137550592e-01
8.277862078975886106e-01
5.526493529323488474e-01
7.782643861137330532e-01
9.534480208531022072e-01
7.981257410719990730e-01
9.021344431675970554e-01
6.270899970550090075e-01
6.861612140201032162e-01
6.922686519101262093e-01
6.556944621261209249e-01
7.395167851354926825e-01
6.561019059736281633e-01
7.169944709166884422e-01
8.840856601018458605e-01
7.790286170784384012e-01
9.670508259441703558e-01
7.899875540751963854e-01
8.305536240804940462e-01
8.122928400989621878e-01
7.442541050259023905e-01
7.597000550013035536e-01
6.965356860309839249e-01
7.444152710959315300e-01
6.859712109435349703e-01
7.123073048423975706e-01
5.939446759875863791e-01
8.480909429490566254e-01
7.153315320611000061e-01
7.074233309831470251e-01
6.631260390859097242e-01
7.116728001274168491e-01
7.466666749678552151e-01
7.070529570337384939e-01
6.676909348461776972e-01
7.679930990561842918e-01
9.321029200218617916e-01
7.135430378839373589e-01
7.858044239692389965e-01
7.948937469627708197e-01
8.073429230134934187e-01
5.838243358302861452e-01
9.086771369911730289e-01
7.042997558601200581e-01
8.982545661274343729e-01
6.635154760442674160e-01
6.954830649774521589e-01
6.781458701007068157e-01
7.056828769855201244e-01
7.866784969810396433e-01
7.270200010389089584e-01
7.666376309935003519e-01
7.194780199788510799e-01
8.235776328947395086e-01
7.894377231132239103e-01
7.406563269905745983e-01
6.935085421428084373e-01
7.454753590282052755e-01
7.079527038149535656e-01
7.438131337985396385e-01
7.234237331431359053e-01
7.424618729855865240e-01
9.074823679402470589e-01
6.638020328246057034e-01
8.736046920530498028e-01
7.244790950790047646e-01
8.942072358913719654e-01
7.198700311128050089e-01
7.677367329597473145e-01
8.275980439502745867e-01
7.223939180839806795e-01
7.864460849668830633e-01
9.860940778162330389e-01
9.345107779372483492e-01
8.234602499287575483e-01
7.134797340258955956e-01
7.460887010674923658e-01
8.539801400620490313e-01
6.970478738658130169e-01
7.039513189811259508e-01
7.014004800003021955e-01
6.653469048906117678e-01
9.011330949142575264e-01
8.554213340394198895e-01
9.242303338833153248e-01
9.108104358892887831e-01
6.968694729730486870e-01
6.850090580992400646e-01
7.227308759465813637e-01
9.683045709971338511e-01
9.684352299664169550e-01
7.260883969720453024e-01
7.902915759477764368e-01
7.481823749840259552e-01
7.659526518546044827e-01
6.510058001149445772e-01
4.947100889403373003e-01
7.163501279428601265e-01
7.508882209658622742e-01
8.985320960637181997e-01
7.017528589349240065e-01
8.870241269469261169e-01
8.208433059044182301e-01
6.771085839718580246e-01
7.907471188809722662e-01
7.435130430385470390e-01
8.020089769270271063e-01
9.488169578835368156e-01
9.759591899346560240e-01
6.475703502073884010e-01
6.903029780369251966e-01
7.081644989084452391e-01
8.535294858738780022e-01
6.630587459076195955e-01
8.607262619771063328e-01
8.585856759455054998e-01
9.041551668196916580e-01
7.239003509748727083e-01
7.223349709529429674e-01
6.328015138860791922e-01
9.020756690297275782e-01
9.309297141153365374e-01
7.800517901778221130e-01
7.502099629491567612e-01
8.216037589590996504e-01
7.697045828681439161e-01
7.703552809543907642e-01
8.390787090174853802e-01
7.821415010839700699e-01
9.171964600682258606e-01
6.738549449946731329e-01
8.880749128293246031e-01
7.582906330935657024e-01
8.799255548510700464e-01
6.994796290528029203e-01
7.552890509832650423e-01
9.070086609572172165e-01
6.858884210232645273e-01
7.474231028463691473e-01
7.731268859934061766e-01
7.261862300802022219e-01
8.151372799184173346e-01
7.365122979972511530e-01
1.011169021949172020e+00
7.231011081021279097e-01
8.344518418889492750e-01
7.280104751698672771e-01
6.633183010853827000e-01
7.047664090059697628e-01
9.176814178936183453e-01
7.317574890330433846e-01
6.196549250744283199e-01
7.191258601378649473e-01
7.135792758781462908e-01
8.488158639520406723e-01
6.498197531327605247e-01
8.345389468595385551e-01
6.625777550507336855e-01
8.129814220592379570e-01
7.719145109876990318e-01
9.993276998866349459e-01
9.879794758744537830e-01
7.936143039260059595e-01
7.169267970602959394e-01
7.507421451155096292e-01
6.874802059028297663e-01
7.185314139351248741e-01
6.744461660273373127e-01
6.400986930821090937e-01
6.974794419948011637e-01
9.018356900196522474e-01
6.723561971448361874e-01
7.198312110267579556e-01
8.969313548877835274e-01
7.013031321112066507e-01
7.726249899715185165e-01
9.213244318962097168e-01
8.981991519685834646e-01
1.020125725073739886e+00
7.912532079499214888e-01
6.759465639479458332e-01
8.959121510852128267e-01
8.933508759364485741e-01
8.409605778288096189e-01
6.883285439107567072e-01
7.126030949875712395e-01
7.495657240506261587e-01
7.512051539961248636e-01
6.743813510984182358e-01
8.940336860250681639e-01
8.723506119567900896e-01
5.543660412076860666e-01
7.266458550002425909e-01
7.357014559675008059e-01
1.022284900071099401e+00
8.119275651406496763e-01
8.282657051458954811e-01
7.594005449209362268e-01
6.001775360200554132e-01
9.090874670073390007e-01
6.657283450476825237e-01
7.139271381311118603e-01
6.565361928660422564e-01
7.074324688874185085e-01
9.137574590276926756e-01
6.774714800994843245e-01
8.580202378798276186e-01
7.775515951216220856e-01
7.782311218325048685e-01
7.447996081318706274e-01
7.303991860244423151e-01
8.297805318143218756e-01
7.559568169526755810e-01
6.569764008745551109e-01
6.773747149854898453e-01
8.924150608945637941e-01
6.702576610259711742e-01
7.290313299745321274e-01
6.866691459435969591e-01
7.974081260617822409e-01
1.006280811969190836e+00
8.043894350994378328e-01
7.339842519722878933e-01
9.203212540596723557e-01
8.140114839188754559e-01
9.422849221155047417e-01
8.107119728811085224e-01
1.059182743076235056e+00
8.609581538476049900e-01
7.955160990823060274e-01
8.874102619010955095e-01
9.245644051115959883e-01
7.963410480879247189e-01
1.030610969988629222e+00
7.547321699094027281e-01
7.773902898188680410e-01
7.445431419182568789e-01
7.300610661040991545e-01
7.952432651072740555e-01
7.885114280506968498e-01
7.707643518224358559e-01
8.042347698938101530e-01
8.616610830649733543e-01
1.148449123138561845e+00
8.537480239756405354e-01
1.039755627978593111e+00
7.818140869494527578e-01
8.340438110753893852e-01
7.845804290845990181e-01
7.871683649718761444e-01
7.504951758310198784e-01
8.051701739896088839e-01
6.999645680189132690e-01
7.807291781064122915e-01
5.632516150362789631e-01
1.002442154800519347e+00
8.859996839892119169e-01
8.417716519907116890e-01
9.185406989417970181e-01
9.221771880984306335e-01
7.882832291070371866e-01
7.939003291539847851e-01
8.914693018887192011e-01
7.790144570171833038e-01
7.561517450958490372e-01
7.865141169168055058e-01
8.353535181377083063e-01
7.375877271406352520e-01
9.893177789635956287e-01
8.120573558844625950e-01
8.120098919607698917e-01
8.297588061541318893e-01
7.497233899775892496e-01
7.967885129619389772e-01
8.143687939736992121e-01
1.078446552855893970e+00
8.407453149557113647e-01
8.025921860244125128e-01
8.197454379405826330e-01
1.143337352899834514e+00
1.051467115059494972e+00
9.808930919971317053e-01
7.013704229611903429e-01
8.242777921259403229e-01
7.550556589849293232e-01
7.847995618358254433e-01
6.390615829732269049e-01
7.837806059978902340e-01
8.518240801058709621e-01
8.771227400284260511e-01
9.253179449588060379e-01
8.761693730484694242e-01
1.079560101963579655e+00
7.489726869389414787e-01
8.071108318399637938e-01
9.972408160101622343e-01
7.551865370478481054e-01
7.492652209475636482e-01
7.110218810848891735e-01
7.662138589657843113e-01
9.566084989346563816e-01
9.699368290603160858e-01
8.048847659956663847e-01
1.005649057915434241e+00
7.592307310551404953e-01
1.070381584111601114e+00
8.906466199550777674e-01
8.236035960726439953e-01
8.704846899490803480e-01
8.218299271538853645e-01
8.197606471367180347e-01
7.424749068450182676e-01
7.366194329224526882e-01
8.006133569870144129e-01
7.629831999074667692e-01
9.902649309951812029e-01
8.090138707775622606e-01
7.820949559099972248e-01
1.014191437046974897e+00
1.068519210908561945e+00
1.125491712940856814e+00
1.007166304159909487e+00
1.130519845057278872e+00
1.018586897989735007e+00
8.448462891392409801e-01
8.131740069948136806e-01
1.015909552108496428e+00
7.974918459076434374e-01
9.640311049297451973e-01
7.391923828981816769e-01
7.573191260453313589e-01
7.668125811032950878e-01
7.196937440894544125e-01
5.524358560796827078e-01
6.266684569418430328e-01
7.801429899409413338e-01
1.003890868043527007e+00
8.483583282213658094e-01
1.122670122887939215e+00
7.826377118472009897e-01
1.019980018027126789e+00
9.037377911154180765e-01
9.013843811117112637e-01
8.880473370663821697e-01
7.522479998879134655e-01
7.885701728519052267e-01
9.952682817820459604e-01
1.015227092197164893e+00
6.967942120973020792e-01
8.218345458153635263e-01
9.647896981332451105e-01
8.339342828840017319e-01
1.011014417978003621e+00
1.054088382981717587e+00
9.277523469645529985e-01
8.853467830922454596e-01
1.048894320847466588e+00
8.429520949721336365e-01
7.536400158423930407e-01
8.055957490578293800e-01
7.440430230926722288e-01
8.344819471240043640e-01
7.769546709023416042e-01
8.235821679700165987e-01
7.416810558643192053e-01
9.538186111021786928e-01
9.804949387907981873e-01
7.614686931483447552e-01
8.415590489748865366e-01
9.246638349723070860e-01
9.024371718987822533e-01
8.704392509534955025e-01
1.049060947028920054e+00
8.939764921087771654e-01
9.272545541170984507e-01
1.001577564049512148e+00
7.953673780430108309e-01
9.764528910163789988e-01
8.138668090105056763e-01
7.510091438889503479e-01
7.431787350215017796e-01
1.020257489988580346e+00
1.126960985129699111e+00
8.622054310981184244e-01
8.793953109998255968e-01
8.671989920549094677e-01
9.201890728436410427e-01
9.115190689917653799e-01
7.393712538760155439e-01
7.403776780702173710e-01
7.424453450366854668e-01
7.445900142192840576e-01
8.036147009115666151e-01
9.480605770368129015e-01
9.917866250034421682e-01
7.927116351202130318e-01
7.023996389470994473e-01
8.401393098756670952e-01
8.047734859865158796e-01
7.860506339929997921e-01
9.306228449568152428e-01
1.114683631807565689e+00
8.397329440340399742e-01
8.358724850695580244e-01
1.020716676954180002e+00
8.522850282024592161e-01
7.051186140161007643e-01
7.515353129711002111e-01
1.016331651015207171e+00
8.039639359340071678e-01
8.070994850713759661e-01
7.752037951722741127e-01
7.642837909515947104e-01
7.929982698988169432e-01
9.233473869971930981e-01
8.742299678269773722e-01
8.577834779862314463e-01
1.035756123950704932e+00
1.088697169907391071e+00
8.137127610389143229e-01
7.258124831132590771e-01
8.107417460996657610e-01
7.872092849574983120e-01
9.633162720128893852e-01
7.827434679493308067e-01
9.464606270194053650e-01
7.500022861640900373e-01
8.221578840166330338e-01
8.051863771397620440e-01
1.038092854898422956e+00
7.144037268590182066e-01
9.806154740508645773e-01
9.238553601317107677e-01
8.305763271637260914e-01
9.315769460517913103e-01
8.650773260742425919e-01
8.788252240046858788e-01
8.942913420032709837e-01
7.374388000462204218e-01
7.386859748512506485e-01
6.491484527941793203e-01
9.294357439503073692e-01
7.212198809720575809e-01
6.566320259589701891e-01
7.327990410849452019e-01
6.604985918384045362e-01
6.913494111504405737e-01
8.730743369087576866e-01
7.193873419892042875e-01
7.344551691785454750e-01
9.556486159563064575e-01
9.674210560042411089e-01
9.660574139561504126e-01
9.981481828726828098e-01
7.330282658804208040e-01
7.444996240083128214e-01
6.676717670634388924e-01
6.826258129440248013e-01
8.345839658286422491e-01
8.767119420226663351e-01
7.495273828972131014e-01
6.959261808078736067e-01
7.253889350686222315e-01
6.488053989596664906e-01
6.669765939004719257e-01
7.971498148981481791e-01
7.978446090128272772e-01
1.024573311908170581e+00
7.129462680313736200e-01
9.731897870078682899e-01
7.689026810694485903e-01
8.251871108077466488e-01
7.118292718660086393e-01
7.435962560120970011e-01
9.267969641368836164e-01
6.660645040683448315e-01
8.753365981392562389e-01
7.032447948586195707e-01
6.952248169109225273e-01
6.620455440133810043e-01
7.027981409337371588e-01
7.083031290676444769e-01
8.994265899527817965e-01
6.259732211474329233e-01
7.670650358777493238e-01
7.871492968406528234e-01
4.693721239455044270e-01
7.663688149768859148e-01
7.420317837968468666e-01
5.523379880469292402e-01
1.003096196101978421e+00
6.992821439635008574e-01
6.930499728769063950e-01
6.716946559026837349e-01
6.209216788411140442e-01
4.529839551541954279e-01
7.420859050471335649e-01
7.000257160980254412e-01
7.216421840712428093e-01
6.959011489525437355e-01
7.005609788466244936e-01
6.246069329790771008e-01
8.083774331025779247e-01
9.017096420284360647e-01
7.886707431171089411e-01
1.000695692142471671e+00
7.757285148836672306e-01
7.411454760003834963e-01
7.264954100828617811e-01
7.028361710254102945e-01
7.201463012024760246e-01
6.743546549696475267e-01
6.514096881728619337e-01
6.785255791619420052e-01
7.286864779889583588e-01
6.974979341030120850e-01
6.954218610189855099e-01
8.810551860369741917e-01
8.663961000274866819e-01
8.240263431798666716e-01
6.885887319222092628e-01
7.423683200031518936e-01
7.855613499414175749e-01
7.526212569791823626e-01
9.836809651460498571e-01
8.178079810459166765e-01
9.285781171638518572e-01
7.185070798732340336e-01
7.464995111804455519e-01
7.340512208174914122e-01
7.131441270466893911e-01
6.903315240051597357e-01
6.983186991419643164e-01
8.815300278365612030e-01
7.434201689902693033e-01
6.816315238829702139e-01
6.693470731843262911e-01
7.404003050178289413e-01
9.944324670359492302e-01
7.206766288727521896e-01
7.743028909899294376e-01
7.546650238800793886e-01
6.778468510601669550e-01
9.292320259846746922e-01
7.578290300443768501e-01
7.125392949674278498e-01
6.979010012000799179e-01
6.511889051180332899e-01
6.882841191254556179e-01
7.028633239679038525e-01
6.430265521630644798e-01
8.658506281208246946e-01
7.166744298301637173e-01
6.970845200121402740e-01
6.841769199818372726e-01
6.872528740204870701e-01
7.358965899329632521e-01
6.931491869036108255e-01
9.239787748083472252e-01
7.236447869800031185e-01
7.825751819182187319e-01
8.200956098735332489e-01
7.079177268315106630e-01
8.654393439646810293e-01
7.193770681042224169e-01
7.461807047948241234e-01
7.007690609898418188e-01
7.235879078507423401e-01
8.727606679312884808e-01
9.096396490931510925e-01
7.144657270982861519e-01
8.086983589455485344e-01
8.074433330912142992e-01
7.550439350306987762e-01
7.714123800396919250e-01
7.094386420212686062e-01
7.027919469401240349e-01
7.280840110033750534e-01
8.760682239662855864e-01
9.097123800311237574e-01
7.154153890442103148e-01
8.385152749251574278e-01
7.093452750705182552e-01
6.914454959332942963e-01
9.265876389108598232e-01
6.958408539649099112e-01
7.572942830156534910e-01
7.399094761349260807e-01
7.282397390808910131e-01
9.957320739049464464e-01
7.509421990253031254e-01
7.554442458786070347e-01
7.872552529443055391e-01
7.451263698749244213e-01
9.332498770672827959e-01
7.418084670789539814e-01
6.650927378796041012e-01
8.648989291395992041e-01
6.961999479681253433e-01
7.067189649678766727e-01
6.792119380552321672e-01
6.664339520502835512e-01
7.467890970874577761e-01
8.561085059773176908e-01
7.576816310174763203e-01
7.771455009933561087e-01
7.669524010270833969e-01
8.001495120115578175e-01
8.006102759391069412e-01
7.357264261227101088e-01
7.663750390056520700e-01
6.925028339028358459e-01
7.161848701070994139e-01
8.303166290279477835e-01
9.116345639340579510e-01
8.296816630754619837e-01
7.493306710384786129e-01
7.091147219762206078e-01
9.041286571882665157e-01
7.498350148089230061e-01
6.462815899867564440e-01
8.199238139204680920e-01
6.824547571595758200e-01
8.939252900891005993e-01
7.856097009498625994e-01
7.862611890304833651e-01
7.313285798300057650e-01
7.534215990453958511e-01
7.958483670372515917e-01
7.382696049753576517e-01
7.394213350489735603e-01
7.033373070880770683e-01
7.415790199302136898e-01
6.427389369346201420e-01
8.595067108981311321e-01
8.151145528536289930e-01
6.953053870238363743e-01
7.241670270450413227e-01
9.227679800242185593e-01
9.235416660085320473e-01
8.196053260471671820e-01
7.502503090072423220e-01
7.039513909257948399e-01
7.624166449531912804e-01
1.008978354977443814e+00
7.446873970329761505e-01
7.788552108686417341e-01
7.579627360682934523e-01
8.105292150285094976e-01
9.757694790605455637e-01
7.280646089930087328e-01
6.963001028634607792e-01
6.964005948975682259e-01
6.865096960682421923e-01
9.068100419826805592e-01
9.223129230085760355e-01
7.013046310748904943e-01
7.331364590208977461e-01
7.959498940035700798e-01
9.718894709367305040e-01
7.516204859130084515e-01
9.636131029110401869e-01
7.642798779997974634e-01
7.316660569049417973e-01
6.790437160525470972e-01
9.086884579155594110e-01
6.407115859910845757e-01
6.690684789791703224e-01
7.107671040575951338e-01
8.967424009460955858e-01
8.950765538029372692e-01
6.761162669863551855e-01
6.903802810702472925e-01
7.260788769926875830e-01
6.921368180774152279e-01
7.461233770009130239e-01
7.480858920607715845e-01
7.258919337764382362e-01
8.287558630108833313e-01
7.674042051658034325e-01
9.999410309828817844e-01
9.875058960169553757e-01
7.897730560507625341e-01
7.129728191066533327e-01
7.339775359723716974e-01
7.212360620032995939e-01
8.961563680786639452e-01
7.161273690871894360e-01
7.040892450604587793e-01
9.024165130686014891e-01
7.031848938204348087e-01
8.816926551517099142e-01
9.474783611949533224e-01
7.453656529542058706e-01
7.938725149724632502e-01
1.007527044974267483e+00
7.497675749473273754e-01
7.791506508365273476e-01
7.681915729772299528e-01
7.344077490270137787e-01
6.845190480817109346e-01
9.282483709976077080e-01
6.776187729556113482e-01
7.097257219720631838e-01
6.427010181359946728e-01
6.433587570209056139e-01
6.740971668623387814e-01
6.879221270792186260e-01
8.314443398267030716e-01
6.360572220291942358e-01
7.130734201055020094e-01
7.018567700870335102e-01
6.969122760929167271e-01
9.688913160935044289e-01
7.697414010763168335e-01
7.205915309023112059e-01
1.014452554984018207e+00
9.819732259493321180e-01
7.676881188526749611e-01
8.856303351931273937e-01
6.414150239434093237e-01
7.291421820409595966e-01
7.200197109486907721e-01
9.045639359392225742e-01
6.165768271312117577e-01
8.766969309654086828e-01
7.218696500640362501e-01
7.521602921187877655e-01
6.006036158651113510e-01
6.614849518518894911e-01
7.337055481038987637e-01
9.800747020635753870e-01
9.860783580224961042e-01
7.698768249247223139e-01
1.025093164993450046e+00
7.694462968502193689e-01
9.259063510689884424e-01
7.309390739537775517e-01
7.360251888167113066e-01
7.108233449980616570e-01
6.695648049935698509e-01
7.199292238801717758e-01
7.190514099784195423e-01
6.882094440516084433e-01
6.714711308013647795e-01
8.273529969155788422e-01
7.179742760490626097e-01
6.895674569532275200e-01
7.511934009380638599e-01
7.369246170856058598e-01
7.907627997919917107e-01
1.001640926813706756e+00
7.670714401174336672e-01
5.166412298567593098e-01
7.046534840483218431e-01
6.427647781092673540e-01
6.765167610719799995e-01
6.820890321396291256e-01
7.151118528563529253e-01
7.143114390783011913e-01
7.480144859291613102e-01
7.126881310250610113e-01
6.901692990213632584e-01
7.490185580682009459e-01
7.222525151446461678e-01
1.011627876898273826e+00
9.340292511042207479e-01
1.011281577870249748e+00
7.849493550602346659e-01
7.596347939688712358e-01
6.673510009422898293e-01
7.514597119297832251e-01
7.527892119251191616e-01
7.056907999794930220e-01
7.459643299225717783e-01
7.004180429503321648e-01
7.024177960120141506e-01
7.120700308587402105e-01
6.752470009960234165e-01
7.224755110219120979e-01
8.141801750753074884e-01
7.300226299557834864e-01
8.205072998534888029e-01
8.002955901902168989e-01
8.088539659511297941e-01
9.413855390157550573e-01
8.099800420459359884e-01
7.823865760583430529e-01
9.146989320870488882e-01
7.217986050527542830e-01
6.752466319594532251e-01
7.091319938190281391e-01
7.468467738945037127e-01
6.936946681234985590e-01
7.518093688413500786e-01
9.141115250531584024e-01
7.088431499432772398e-01
7.287481548264622688e-01
7.992820229846984148e-01
8.324542690534144640e-01
8.332157200202345848e-01
7.366987450513988733e-01
7.196903289295732975e-01
7.203765609301626682e-01
9.551778140012174845e-01
8.374201210681349039e-01
8.910715780220925808e-01
6.805349760688841343e-01
9.867892889305949211e-01
7.908322871662676334e-01
8.194337249733507633e-01
6.529851439408957958e-01
6.240811340976506472e-01
7.991534159518778324e-01
7.647967198863625526e-01
9.222434740513563156e-01
7.663116070907562971e-01
8.273788150399923325e-01
9.444743278436362743e-01
7.134557289537042379e-01
6.873612140771001577e-01
8.824516730383038521e-01
6.583270269911736250e-01
6.173775410279631615e-01
6.755955088883638382e-01
7.370557559188455343e-01
7.211181931197643280e-01
6.223231467884033918e-01
8.897353350184857845e-01
6.536777110304683447e-01
5.014264280907809734e-01
7.473943769000470638e-01
7.682530079036951065e-01
7.984699718654155731e-01
5.384848420508205891e-01
9.320328291505575180e-01
7.572127778548747301e-01
8.255557729862630367e-01
7.578730110544711351e-01
8.720767309423536062e-01
8.797209910117089748e-01
8.801747909747064114e-01
6.818864201195538044e-01
8.753599289339035749e-01
6.698988589923828840e-01
8.724828839767724276e-01
7.269356839824467897e-01
6.370558280032128096e-01
6.495514509733766317e-01
6.922280869912356138e-01
7.278777859173715115e-01
7.072132560424506664e-01
8.111628259066492319e-01
9.297627408523112535e-01
9.994121610652655363e-01
7.402849867939949036e-01
9.865046099293977022e-01
7.016517729498445988e-01
7.059279249515384436e-01
7.297557441052049398e-01
6.691003388259559870e-01
6.718515779357403517e-01
8.247965350747108459e-01
8.787127418909221888e-01
8.740767950657755136e-01
6.705132538918405771e-01
6.375088139902800322e-01
6.933911191299557686e-01
6.446055797860026360e-01
6.587318179663270712e-01
9.288545579183846712e-01
7.297248370014131069e-01
9.770064179319888353e-01
7.004435670096427202e-01
1.005791551200672984e+00
9.314156009349972010e-01
8.404562878422439098e-01
6.578911230899393559e-01
8.537095771171152592e-01
7.279766229912638664e-01
8.306094689760357141e-01
6.492296480573713779e-01
6.939068958163261414e-01
6.451373668387532234e-01
6.732416159939020872e-01
8.730869509745389223e-01
6.361384610645473003e-01
6.620818439405411482e-01
6.813481310382485390e-01
7.258745331782847643e-01
6.882655578665435314e-01
6.647780840285122395e-01
7.048636151012033224e-01
8.926889889407902956e-01
6.786490271333605051e-01
8.192897548433393240e-01
8.716687979176640511e-01
7.202967789489775896e-01
5.974659440107643604e-01
6.888312620576471090e-01
6.728710399474948645e-01
7.231845799833536148e-01
7.024373719468712807e-01
9.059847898315638304e-01
6.937963850796222687e-01
6.899289910215884447e-01
6.480039299931377172e-01
6.711933868937194347e-01
6.917596929706633091e-01
8.315656830091029406e-01
6.337450598366558552e-01
6.709365101996809244e-01
6.904761369805783033e-01
8.628258898388594389e-01
7.232173690572381020e-01
6.410449650138616562e-01
6.723699460271745920e-01
7.006006638985127211e-01
8.456329500768333673e-01
6.318529150448739529e-01
7.085324621293693781e-01
6.698351309169083834e-01
6.396982648875564337e-01
6.620393909979611635e-01
6.704452771227806807e-01
6.142960570286959410e-01
8.481226831208914518e-01
6.412242320366203785e-01
7.002460078801959753e-01
9.897765039931982756e-01
7.079998948611319065e-01
9.953077798709273338e-01
7.411884949542582035e-01
7.174367739353328943e-01
7.047335961833596230e-01
8.253203460481017828e-01
5.464052001480013132e-01
6.908167558722198009e-01
6.790526038967072964e-01
7.038053309079259634e-01
6.614991319365799427e-01
6.293009361252188683e-01
6.564096719957888126e-01
6.346730969380587339e-01
8.875479330308735371e-01
7.860706779174506664e-01
7.332168270368129015e-01
7.650223611854016781e-01
7.885511959902942181e-01
7.869577901437878609e-01
9.359842708799988031e-01
7.907898889388889074e-01
6.572653120383620262e-01
8.676641799975186586e-01
6.556330439634621143e-01
7.173729389905929565e-01
6.634590569883584976e-01
8.594016288407146931e-01
6.747402239125221968e-01
6.862921500578522682e-01
7.172425971366465092e-01
7.849556910805404186e-01
7.996238649357110262e-01
8.944686008617281914e-01
7.238082359544932842e-01
1.026741612935438752e+00
9.302261460106819868e-01
9.224382760003209114e-01
7.280633519403636456e-01
8.886393429711461067e-01
6.833225400187075138e-01
6.828186661005020142e-01
8.699129568412899971e-01
6.633550960104912519e-01
6.823322479613125324e-01
7.069401498883962631e-01
6.994009870104491711e-01
6.626937799155712128e-01
6.966828638687729836e-01
6.911566259805113077e-01
8.898265389725565910e-01
7.294643369968980551e-01
7.338163850363343954e-01
8.179715068545192480e-01
7.798514838796108961e-01
7.900832630693912506e-01
7.884899801574647427e-01
7.118945710826665163e-01
8.093737869057804346e-01
6.000474770553410053e-01
5.861480080056935549e-01
8.277709849644452333e-01
7.538507811259478331e-01
6.548609479796141386e-01
6.168355599511414766e-01
6.780305628199130297e-01
6.655979391653090715e-01
4.461539338808506727e-01
7.293341979384422302e-01
8.089562209788709879e-01
7.686236689332872629e-01
7.969398619607090950e-01
7.855301760137081146e-01
8.701362749561667442e-01
6.475622721482068300e-01
6.697663280647248030e-01
6.274837260134518147e-01
6.110146481078118086e-01
8.290434910450130701e-01
6.551153161562979221e-01
6.447149740997701883e-01
5.982491259928792715e-01
8.278989999089390039e-01
7.946214119438081980e-01
6.569673821795731783e-01
8.438644101843237877e-01
6.303317339625209570e-01
7.139636811334639788e-01
8.194388269912451506e-01
7.986303160432726145e-01
1.004451518179848790e+00
8.180280430242419243e-01
8.066700531635433435e-01
7.340746568515896797e-01
6.818334208801388741e-01
6.084956622216850519e-01
6.633204799145460129e-01
8.447632570751011372e-01
6.170538880396634340e-01
6.508718549739569426e-01
6.234265589155256748e-01
7.787257120944559574e-01
6.064350910019129515e-01
7.765780759509652853e-01
6.395183338318020105e-01
