9.995412411367636807e-01
1.000385397787721287e+00
1.001590522465657385e+00
1.006674370157466303e+00
1.007555768366809490e+00
1.008023865792960549e+00
1.008571228894233451e+00
1.006567090942454223e+00
1.000117496156442742e+00
1.000480914236201890e+00
1.000043185269411161e+00
1.000032691030859677e+00
9.999485726641456074e-01
9.998693523392254701e-01
9.989827458797694293e-01
9.987642334534715394e-01
9.988546851743786981e-01
9.988367508165340025e-01
1.001535135222680895e+00
1.001344675988069977e+00
9.990094822066798441e-01
9.989679501631986147e-01
1.007836846670292053e+00
1.008162657730298672e+00
1.003297626165617906e+00
1.018342507945255049e+00
1.032355607010255971e+00
1.057256657337852346e+00
1.069346651092159428e+00
1.078703728902745684e+00
1.093509871727607052e+00
1.096834699510365718e+00
1.111105200206833565e+00
1.125094679704097267e+00
1.139115369248947296e+00
1.155359268982928400e+00
1.177131520465220182e+00
1.198188708531410462e+00
1.215857799750946766e+00
1.234037429027577293e+00
1.254947268531466875e+00
1.285429301274173985e+00
1.305454946143327577e+00
1.313033183156977701e+00
1.338442958381381498e+00
1.361700058394121005e+00
1.364281985247520534e+00
1.357405563603259147e+00
1.369978794830246427e+00
1.391428535109891840e+00
1.390767594225980508e+00
1.405816058923460288e+00
1.376220231734616606e+00
1.356217433580236831e+00
1.342829433508605286e+00
1.331430908459244611e+00
1.339832660947633647e+00
1.332623857024318959e+00
1.329125280162833489e+00
1.320386787971840503e+00
1.320948805177899921e+00
1.305529523491115951e+00
1.288849020135301782e+00
1.286410950792578500e+00
1.298708568029942834e+00
1.302777093943084052e+00
1.293901505729875501e+00
1.295691894640318642e+00
1.308190850271229611e+00
1.282550047287690953e+00
1.272171672432312439e+00
1.277884225712092148e+00
1.288339786833324396e+00
1.300309093545946926e+00
1.317126493546980859e+00
1.326742376597072948e+00
1.304045172097534788e+00
1.296386750353572204e+00
1.318171794152390941e+00
1.331936856096424426e+00
1.345703799440473691e+00
1.338351867218833702e+00
1.338712940021705267e+00
1.320629405782125287e+00
1.319856495401987795e+00
1.324948545392834465e+00
1.336829683702004612e+00
1.351215419134632167e+00
1.340733073144359189e+00
1.313117661244081802e+00
1.290206366791781356e+00
1.290989750768325894e+00
1.311923515132514595e+00
1.308950295944021125e+00
1.329196150584746716e+00
1.322142469196639025e+00
1.325180030651128771e+00
1.312206684833612913e+00
1.309417026827542907e+00
1.299282805615462610e+00
1.286304084306619133e+00
1.281786611908257933e+00
1.286859068924227856e+00
1.297669193438251822e+00
1.303249385481590306e+00
1.297026953531511095e+00
1.295528167709187439e+00
1.293911759236757941e+00
1.313647191337625975e+00
1.302751151944792740e+00
1.284587111923711555e+00
1.265848983843906428e+00
1.262780362399648082e+00
1.295608189774201557e+00
1.288864807940106605e+00
1.303774313310304578e+00
1.290025217022970683e+00
1.267029199065183409e+00
1.263564233396665015e+00
1.258591552192136920e+00
1.277814481127255819e+00
1.289162123646403479e+00
1.297909296331672957e+00
1.288231984368660710e+00
1.292507931226054119e+00
1.277550739947020286e+00
1.276309223926832992e+00
1.278933382698790977e+00
1.279329547208907680e+00
1.291366549529485486e+00
1.298315103351830979e+00
1.308386363396597973e+00
1.324942722532339801e+00
1.336428754314791689e+00
1.374846605176003544e+00
1.394323136825919018e+00
1.411214658831613011e+00
1.411393503092609469e+00
1.371470005356975497e+00
1.382563379397027781e+00
1.386695411933577926e+00
1.399694643892906987e+00
1.379318562955603511e+00
1.376205173890712619e+00
1.368821912060988355e+00
1.368224658111155234e+00
1.345285022078967163e+00
1.369389848290725853e+00
1.378494867202307406e+00
1.358061132614371891e+00
1.374379169762177666e+00
1.370886642499574259e+00
1.395564615051682722e+00
1.387059633513238355e+00
1.381193701284396003e+00
1.366882439919160586e+00
1.374735251606777897e+00
1.385249984227653330e+00
1.373788603722821522e+00
1.342979547048347877e+00
1.338279174127183113e+00
1.336255440424188867e+00
1.343110567626147445e+00
1.343049588582659659e+00
1.356178398339918267e+00
1.348178468213832915e+00
1.345616126437644722e+00
1.357221690192251806e+00
1.346788594118378590e+00
1.363657309069656653e+00
1.360327708847743233e+00
1.367181070382999852e+00
1.352451517469623221e+00
1.359201513219348012e+00
1.380228822995261062e+00
1.368330233466761081e+00
1.393067180179666797e+00
1.382412034421794944e+00
1.381330264561419163e+00
1.357034679391816434e+00
1.365013981889271033e+00
1.361109201305838123e+00
1.336575999429068018e+00
1.360299545134788790e+00
1.372750371420153881e+00
1.371903812588201266e+00
1.378994471524066068e+00
1.375347148639792794e+00
1.407136248251556143e+00
1.396175589458089839e+00
1.413688110998744918e+00
1.407249749451405130e+00
1.398065677952961217e+00
1.415754368046748146e+00
1.413886692709518611e+00
1.418029969226229259e+00
1.415232623941264700e+00
1.416322596930680744e+00
1.416720652357386756e+00
1.397856442810724298e+00
1.397877481895110963e+00
1.385996039830861282e+00
1.385044627101784886e+00
1.394156388617202369e+00
1.405877403631986100e+00
1.400481457611188141e+00
1.409702025329070185e+00
1.433330318661820035e+00
1.403926524193480851e+00
1.386462548614601387e+00
1.374127291541093587e+00
1.376545342917463000e+00
1.372077262530126296e+00
1.354417094010570422e+00
1.364335670409584589e+00
1.364542476550917982e+00
1.359234440720159975e+00
1.375432658766425620e+00
1.365576642905549143e+00
1.372777175051702159e+00
1.391052560934190829e+00
1.411102132640841278e+00
1.407623871394490189e+00
1.402849881005573396e+00
1.402087785167700051e+00
1.404786600444241973e+00
1.425696493959404787e+00
1.424598055057683554e+00
1.399953381706713573e+00
1.408610061030759253e+00
1.413091983766298076e+00
1.424085278020963408e+00
1.420398494440674453e+00
1.433857311608959906e+00
1.453337004691339196e+00
1.466747057654605113e+00
1.461922067187218399e+00
1.463975431905277791e+00
1.463226426489447896e+00
1.478371422178423211e+00
1.467147191442300658e+00
1.486877134797369493e+00
1.494506430904766647e+00
1.503140756413655188e+00
1.513775835858320429e+00
1.492640230091299536e+00
1.478423785795587531e+00
1.475959553967149285e+00
1.471295222611723963e+00
1.480385022131059714e+00
1.477540796912236720e+00
1.449987946070435463e+00
1.449378403749867150e+00
1.460884088014676063e+00
1.480332731940456448e+00
1.475047957188847070e+00
1.458271503114766610e+00
1.460619307694270175e+00
1.461075084687484038e+00
1.457154045431563905e+00
1.446419654632278062e+00
1.434384758254762415e+00
1.453480115351194701e+00
1.460036823897695513e+00
1.458339860463355953e+00
1.446204636761800444e+00
1.417856996321278817e+00
1.396140191168742328e+00
1.372157337506008767e+00
1.367709298111786653e+00
1.384930475960584939e+00
1.390685982390622355e+00
1.378489055788193918e+00
1.367624869034857138e+00
1.378548743215863182e+00
1.390196502098762554e+00
1.404067687501134643e+00
1.392816282719128163e+00
1.382591985445183358e+00
1.356441082168972967e+00
1.366864621562997817e+00
1.358229221276262777e+00
1.351435779203050469e+00
1.351269753105365234e+00
1.346955873986260599e+00
1.355752452969920974e+00
1.373054927621732313e+00
1.352248701259254782e+00
1.346060585613523708e+00
1.330153554475762334e+00
1.340646274747977928e+00
1.367140405160512051e+00
1.392473757368675846e+00
1.430351276289297591e+00
1.399414055310575389e+00
1.381319313505627644e+00
1.385120977680456722e+00
1.410540721596672542e+00
1.438098759203392474e+00
1.424215379627217670e+00
1.425045316560464403e+00
1.429556754012058617e+00
1.442549583059193008e+00
1.439323825536319434e+00
1.433359765046251955e+00
1.434228186361038215e+00
1.443247782950388691e+00
1.458285865341579335e+00
1.458371750217209994e+00
1.469743725028866743e+00
1.445629230142144506e+00
1.426647042699717316e+00
1.429373372291590227e+00
1.434652475787700832e+00
1.428807120196531555e+00
1.449858056506834414e+00
1.438691352288598235e+00
1.411720988890802886e+00
1.407811961760190966e+00
1.430118152345338567e+00
1.441156349781749002e+00
1.419644342042556628e+00
1.429621339057123741e+00
1.413813925063838850e+00
1.412596274847008671e+00
1.415151459032838233e+00
1.401490289935692024e+00
1.407853316581917147e+00
1.413609674669701777e+00
1.417323698653193409e+00
1.420372417064763360e+00
1.423301595657772811e+00
1.414716562999985383e+00
1.417915727653808577e+00
1.443499200952660155e+00
1.460234845620981048e+00
1.477662583972662036e+00
1.489528861068451171e+00
1.500680156034785107e+00
1.497344598749330569e+00
1.461732387190682658e+00
1.469685591826809024e+00
1.480891441416674947e+00
1.458715820411654596e+00
1.461038238830961955e+00
1.454756105395311305e+00
1.492088520411239738e+00
1.488292036632057780e+00
1.481307119874138323e+00
1.492503531214801837e+00
1.489940659189054495e+00
1.495048501261343477e+00
1.468290100420176048e+00
1.456476025676378905e+00
1.474781047352204721e+00
1.458826456693803841e+00
1.454477616282654484e+00
1.445343003148182426e+00
1.444152467075659807e+00
1.410877341399900953e+00
1.408686947076275953e+00
1.402416275651288124e+00
1.400710395118687890e+00
1.369889653775020699e+00
1.380788384885801801e+00
1.389369043822955119e+00
1.398348846225731412e+00
1.386544251365146696e+00
1.410631928937894797e+00
1.408908264677410038e+00
1.404163074899840380e+00
1.404927631157029344e+00
1.404991502530108294e+00
1.420644710092995089e+00
1.398667334967642617e+00
1.392658657766168595e+00
1.381135428194551151e+00
1.386367760407893224e+00
1.409425622307174608e+00
1.398949270904783715e+00
1.392983216755822928e+00
1.378423703378275800e+00
1.362213140360003072e+00
1.363640476560128656e+00
1.389893718756863406e+00
1.399955675936925825e+00
1.394486444262066582e+00
1.393021623360595207e+00
1.401269644393897007e+00
1.385080137634115083e+00
1.380751490270955451e+00
1.380709858288621028e+00
1.410036707670110578e+00
1.414108384676231012e+00
1.405321568497184703e+00
1.424454378304364610e+00
1.399967074042785642e+00
1.375746968965143369e+00
1.371252530668898517e+00
1.396454297595938421e+00
1.408671776672850706e+00
1.422429326310056918e+00
1.426714862157899111e+00
1.417523693410872587e+00
1.413829409427608708e+00
1.434028503741969107e+00
1.451636301684897212e+00
1.451503655591709796e+00
1.441608777564157284e+00
1.423646900260176151e+00
1.411136567879406556e+00
1.434936097890320061e+00
1.413445133272582588e+00
1.426141874007524457e+00
1.437857055464577982e+00
1.441246462983607923e+00
1.444239528039727549e+00
1.417885075057272015e+00
1.407847162693443233e+00
1.412242481604734090e+00
1.397554189704946159e+00
1.408972602059227919e+00
1.432443905593533628e+00
1.436284603726303510e+00
1.420282021057814648e+00
1.422534441736342803e+00
1.428123254894194671e+00
1.432299572918761532e+00
1.435114512918616914e+00
1.450274194801886241e+00
1.444651019776417078e+00
1.438550515804355001e+00
1.447014029876121821e+00
1.463909018732147072e+00
1.458281606790085227e+00
1.483136406565998877e+00
1.461836249540497512e+00
1.490232582893466384e+00
1.484681592844218301e+00
1.484536358532797973e+00
1.484133263066986341e+00
1.466971181982826833e+00
1.460383453959405831e+00
1.460595324420719709e+00
1.455359693625201567e+00
1.470262651979769242e+00
1.468621641585109439e+00
1.438828851415396182e+00
1.445521938135093665e+00
1.455068716073934620e+00
1.458382723830892624e+00
1.465940880053017148e+00
1.494704803083001909e+00
1.490102276068236753e+00
1.491012909791600949e+00
1.493362573460232712e+00
1.496678751369370675e+00
1.505013390283405972e+00
1.523873916223292824e+00
1.507554541919143398e+00
1.482696660079640294e+00
1.470188703543385156e+00
1.478091131326229934e+00
1.484847976316057139e+00
1.494006320585616887e+00
1.497801977498042891e+00
1.511932179820745459e+00
1.536893287737169045e+00
1.519258570701147004e+00
1.530628206425716620e+00
1.515718709520022633e+00
1.515326230641924621e+00
1.542283562422164467e+00
1.529170463928085644e+00
1.533639136873798714e+00
1.516644309162040294e+00
1.501808148059659453e+00
1.463379006584851094e+00
1.453523531436693217e+00
1.434632400305773103e+00
1.447544965217659296e+00
1.469854576502878762e+00
1.474299506812665195e+00
1.463169855426235788e+00
1.482614716556332146e+00
1.510573755728032097e+00
1.534431966335152220e+00
1.543516695333816857e+00
1.548318963312334429e+00
1.548058664860464395e+00
1.554379562159727168e+00
1.533089742010929735e+00
1.533022516799148471e+00
1.552604646290199675e+00
1.536389718893909517e+00
1.537897731717557948e+00
1.536221020206563592e+00
1.539295166755794586e+00
1.543936502053361304e+00
1.527585779884344408e+00
1.513590911401405892e+00
1.534833373961455694e+00
1.562239435024746159e+00
1.598336794865452548e+00
1.628290545421114066e+00
1.635052297290187528e+00
1.620570558348341850e+00
1.610300860098792031e+00
1.586047602684234059e+00
1.608609472936341600e+00
1.601710421743907542e+00
1.598924634213124474e+00
1.572197530280559308e+00
1.546545927905220275e+00
1.573150666353648308e+00
1.550760678335733056e+00
1.566780894158565474e+00
1.569354042555898054e+00
1.555121069222974883e+00
1.571436422912863895e+00
1.567331560119931133e+00
1.557331248208210450e+00
1.547939323695409097e+00
1.515388162860607624e+00
1.537012264627265701e+00
1.545929466074090985e+00
1.546042059560833071e+00
1.539482712661618624e+00
1.521249602384077804e+00
1.481984179126969003e+00
1.446736104352709162e+00
1.413155708643792030e+00
1.407550882876632548e+00
1.408882636856166659e+00
1.381187687143617282e+00
1.368606979340478036e+00
1.367109582301254012e+00
1.387569889085625174e+00
1.420299850074488113e+00
1.401551760003237002e+00
1.407362381194385614e+00
1.422221464527552381e+00
1.413488638310664181e+00
1.414576921409587795e+00
1.401025043908176615e+00
1.409569697759761375e+00
1.414533939652234729e+00
1.420698819808189795e+00
1.443001700618649741e+00
1.435999183200227458e+00
1.446151888398572449e+00
1.428078783305223975e+00
1.412978349968244229e+00
1.402543528295361330e+00
1.430424651721991181e+00
1.449554209449499531e+00
1.486584953202439108e+00
1.510408138873359674e+00
1.518385554983844310e+00
1.534447932121211444e+00
1.544603087759929716e+00
1.554480890676117610e+00
1.525085090066548466e+00
1.508251782429903098e+00
1.513850306821682645e+00
1.518538300905840632e+00
1.516170444152855845e+00
1.541146244669501897e+00
1.561945875871367129e+00
1.554450374856484629e+00
1.534680393503741636e+00
1.538453310551361808e+00
1.541068003021884847e+00
1.544127256590247743e+00
1.557261330593213922e+00
1.574670117357735988e+00
1.579644862511306425e+00
1.596555286811779828e+00
1.602078600757574911e+00
1.578523500088806708e+00
1.592008534487177052e+00
1.608444003455322457e+00
1.588045579305395805e+00
1.570368337104898648e+00
1.554152678708268231e+00
1.544983984451059555e+00
1.536145203457879305e+00
1.528634702152705804e+00
1.537653532147798874e+00
1.510052443395144772e+00
1.514130200252363778e+00
1.496859360616669576e+00
1.476416301557049504e+00
1.476002873543342586e+00
1.472467477776053801e+00
1.501976717436499298e+00
1.513627940063393407e+00
1.504140829617943265e+00
1.515962805068648445e+00
1.505266666059709380e+00
1.495198668519676310e+00
1.512291905980070572e+00
1.529316097210690506e+00
1.534713005887894832e+00
1.545253718799332043e+00
1.547269542603503023e+00
1.518374800816178594e+00
1.542974832064627932e+00
1.554647025653891124e+00
1.572137472626844223e+00
1.559189288616388502e+00
1.543795348148665925e+00
1.562986171780011313e+00
1.535419782292962720e+00
1.567827860548495877e+00
1.590911927210137078e+00
1.593466507409160293e+00
1.596687646212665346e+00
1.555402986669244259e+00
1.587558439689600975e+00
1.559289990761085098e+00
1.544929358869662872e+00
1.525013728346171549e+00
1.505194502433704784e+00
1.504466920894873105e+00
1.501545837303973396e+00
1.490677065729522077e+00
1.474314860319457576e+00
1.481641026280470008e+00
1.478543912850355246e+00
1.446743187136153352e+00
1.451957569184542995e+00
1.425291999130669618e+00
1.414776169160772090e+00
1.395882936518669348e+00
1.406076606220445058e+00
1.421465900236993596e+00
1.427099104913438055e+00
1.442546805670013033e+00
1.427159387111963440e+00
1.401237758297225522e+00
1.395952024028958238e+00
1.408113606446744992e+00
1.434037735189682028e+00
1.416252963959008460e+00
1.456522201268135808e+00
1.472807577461998196e+00
1.496771926130563868e+00
1.521023195791503912e+00
1.540254074764178194e+00
1.530661381309112112e+00
1.519627537351543545e+00
1.525264254500252381e+00
1.526756494888814375e+00
1.535152380407325712e+00
1.565672005750581963e+00
1.562069212033473153e+00
1.600715292415874069e+00
1.626640805810930512e+00
1.639210030183601674e+00
1.652634251784884878e+00
1.643962446900223195e+00
1.625923876863296424e+00
1.653495198048569481e+00
1.643178345555118991e+00
1.644577586519430312e+00
1.630390608010395370e+00
1.615655923361047686e+00
1.620229865312517337e+00
1.610525492601179165e+00
1.581068692204864901e+00
1.569974729759529675e+00
1.564673793768323051e+00
1.550134744176547175e+00
1.529688627975108517e+00
1.523965139055628804e+00
1.533749303624867499e+00
1.522529043228819212e+00
1.524372327159785989e+00
1.506897527885073806e+00
1.480454771143270065e+00
1.484286809083845249e+00
1.459912440308480441e+00
1.428752883539506024e+00
1.432069690618319902e+00
1.430893878628032079e+00
1.435612524966025427e+00
1.440341073819876527e+00
1.411229380992973237e+00
1.413940300552348317e+00
1.408945697796638141e+00
1.418114144357123241e+00
1.414762354372462783e+00
1.422105583992734568e+00
1.451493726693184216e+00
1.444548887621511346e+00
1.438261242437761434e+00
1.444773116071960795e+00
1.442611728822785544e+00
1.452137991259920380e+00
1.471826997548283611e+00
1.470275069425981407e+00
1.483676589260669587e+00
1.470021501893145510e+00
1.474924139271347912e+00
1.485381761084242802e+00
1.493221358735198123e+00
1.501196357320332853e+00
1.520102735794802262e+00
1.538710614728723725e+00
1.513868020296967876e+00
1.517634410576525594e+00
1.522664310952293709e+00
1.521580015448315892e+00
1.546493645423639096e+00
1.543573554382052126e+00
1.548513919199631328e+00
1.557587407724966067e+00
1.530200290334442270e+00
1.518443885224491918e+00
1.521576232709784593e+00
1.530474696017551928e+00
1.527536936833194581e+00
1.537039987000525798e+00
1.537834977781443069e+00
1.526718510329563960e+00
1.526864871397189072e+00
1.512149938060743048e+00
1.525472939873528944e+00
1.553655486178324718e+00
1.552643658535776572e+00
1.539693308322955811e+00
1.544688559467615852e+00
1.555409112924468262e+00
1.525299004021339444e+00
1.539361893890651034e+00
1.545942718657875581e+00
1.533825889601774239e+00
1.553297570136694894e+00
1.542363690058959014e+00
1.548903438101828955e+00
1.542527349648811219e+00
1.543285079596612430e+00
1.585263513250191547e+00
1.572853215122846260e+00
1.582642534867607864e+00
1.586938570913788205e+00
1.584758323300830662e+00
1.590541854742087091e+00
1.581607458537694022e+00
1.595497040865699878e+00
1.589256080750804712e+00
1.597244357117550528e+00
1.597918166738363288e+00
1.576271044501724283e+00
1.573677858423787823e+00
1.557629259371726471e+00
1.554043138591366446e+00
1.563709232844572083e+00
1.556768974160418484e+00
1.560255293933235698e+00
1.553354728641213489e+00
1.555649969879092431e+00
1.541726200594025320e+00
1.556507409874618775e+00
1.564731000787513482e+00
1.585114622719188127e+00
1.592663160270184619e+00
1.577647981486653750e+00
1.583313297138499554e+00
1.561679531004450006e+00
1.552646666831102307e+00
1.545904777193678248e+00
1.531876822586734077e+00
1.539807371892321308e+00
1.541077850750681710e+00
1.553215551759415058e+00
1.561560354676056583e+00
1.547055760992033457e+00
1.549058652883329890e+00
1.553799725338090854e+00
1.593531868460404732e+00
1.586286795835621488e+00
1.582170895537226674e+00
1.588610383154446692e+00
1.589181245805150633e+00
1.575504465050777902e+00
1.583534576677717576e+00
1.572586826184404485e+00
1.550142725419077383e+00
1.560658730160459751e+00
1.534779070679683777e+00
1.519886343998572587e+00
1.505162103081352454e+00
1.507910019137919777e+00
1.526873652295480444e+00
1.533189715601140479e+00
1.544175599687196643e+00
1.551668096416167097e+00
1.537858895553756877e+00
1.523612079626111893e+00
1.511926336113767144e+00
1.499310235924242951e+00
1.510604608178491404e+00
1.521191677139757337e+00
1.532586699667489283e+00
1.509618817789172729e+00
1.496582919405182732e+00
1.487760298287397198e+00
1.485443960020477627e+00
1.496507618940460027e+00
1.509991774032167333e+00
1.523018410699310321e+00
1.532420585690500214e+00
1.563571231864532729e+00
1.541890670913622641e+00
1.562332891373577892e+00
1.560011786317282434e+00
1.560744551663263868e+00
1.575048963086059794e+00
1.550992956380688126e+00
1.549807897320909733e+00
1.552578594165040959e+00
1.546913045655015750e+00
1.552409930102950364e+00
1.549950265227798996e+00
1.561134021779171599e+00
1.560239063075050447e+00
1.534891362404815052e+00
1.538129620940963171e+00
1.539956006277475753e+00
1.551472971857227767e+00
1.570752712642671467e+00
1.588452686887464660e+00
1.592025740940997025e+00
1.590131074171808212e+00
1.609592677841871655e+00
1.616028810287339468e+00
1.632150802842823989e+00
1.611977131908372218e+00
1.621602186735567219e+00
1.596212616024414555e+00
1.595146628812595058e+00
1.586978399731203471e+00
1.575793461250963201e+00
1.587402952326874006e+00
1.601370854874922589e+00
1.609073390010383964e+00
1.620700457104661929e+00
1.629786784263559385e+00
1.635560154884516670e+00
1.642053127115040478e+00
1.658210716166532039e+00
1.657218017947361455e+00
1.651607316303936424e+00
1.625654914067813372e+00
1.628386826351992278e+00
1.619095653132898605e+00
1.595555669400761323e+00
1.593438755007439367e+00
1.587055086858317754e+00
1.548917581832340185e+00
1.530964206959780194e+00
1.514959021192936461e+00
1.507469514750540585e+00
1.520622688177927895e+00
1.548766047460307993e+00
1.561140859369074763e+00
1.569652332589984489e+00
1.567438702986830412e+00
1.575873306301639243e+00
1.554705101939591438e+00
1.545230120605775914e+00
1.526651050938548471e+00
1.526103682268316719e+00
1.536733060772650150e+00
1.520081637441797806e+00
1.512416966363914650e+00
1.530479932070916815e+00
1.519725296452118846e+00
1.533016477995459814e+00
1.533264173873637004e+00
1.529514792156571712e+00
1.545634033811673413e+00
1.543412766106084799e+00
1.554420232416346082e+00
1.554995713160223669e+00
1.561930042567887478e+00
1.564411337767561250e+00
1.567403503096358675e+00
1.565890123320197835e+00
1.563553314359808821e+00
1.541606432433102913e+00
1.552369647074724357e+00
1.554239542834321197e+00
1.556522122444191858e+00
1.552159716971512893e+00
1.548730106663959605e+00
1.549404313927220445e+00
1.533701217080811974e+00
1.537004655463331648e+00
1.541066976230079710e+00
1.527787931064874094e+00
1.524747751833017029e+00
1.534018026911708743e+00
1.543599779425614660e+00
1.531451799349831333e+00
1.535896226523429942e+00
1.506130589284486954e+00
1.502439056929239847e+00
1.478947403136378735e+00
1.480376694049556630e+00
1.458024775373992110e+00
1.474416561804690717e+00
1.467956661399179907e+00
1.473248879672119038e+00
1.464330596421889119e+00
1.470264522659351814e+00
1.476040021861352303e+00
1.468825412381411510e+00
1.480588827991310641e+00
1.508728679362210778e+00
1.505780583451591825e+00
1.511609053744866760e+00
1.505345004066793724e+00
1.504689272721805748e+00
1.504439654101970891e+00
1.489398497015671952e+00
1.496378090999920030e+00
1.500304775127434986e+00
1.485468845600550036e+00
1.477486349854939540e+00
1.501489463189895845e+00
1.516493990548847037e+00
1.546528265625618515e+00
1.557605145843403704e+00
1.577120136198363332e+00
1.600815385698129090e+00
1.602102528206857279e+00
1.600945551637733111e+00
1.567596648442701079e+00
1.547792176863811209e+00
1.536345761376935570e+00
1.517704929290247140e+00
1.525234373511749730e+00
1.504723980421991403e+00
1.507106382825226243e+00
1.498379561434250329e+00
1.505786966523363857e+00
1.503905438304347086e+00
1.484427439642395541e+00
1.468076720737077512e+00
1.499322931598289665e+00
1.494817317413333901e+00
1.501007466448462058e+00
1.514682977581476742e+00
1.523519106271334023e+00
1.500750302112107581e+00
1.504875713021258221e+00
1.466970789456356616e+00
1.463778730914185422e+00
1.468698456961746723e+00
1.464576014908781643e+00
1.455860018887061624e+00
1.446883782976427169e+00
1.455802347443028388e+00
1.477642961621498552e+00
1.487866611406710948e+00
1.491196626317411456e+00
1.483544462799708308e+00
1.500030217040051239e+00
1.492426000003860720e+00
1.507311935076670162e+00
1.505374890174554947e+00
1.528317480581485865e+00
1.525356075956090018e+00
1.529898370818664199e+00
1.512361492405285057e+00
1.495016666194813437e+00
1.477668362277413383e+00
1.470072135513395439e+00
1.465242013312543001e+00
1.462057216545511240e+00
1.447779579597638699e+00
1.470122273665162682e+00
1.471930346941747514e+00
1.457199625479928651e+00
1.448406286089847450e+00
1.435919117464861783e+00
1.445718818381632742e+00
1.440863429216883151e+00
1.441088940560674825e+00
1.451034233311749633e+00
1.463415885360595636e+00
1.463949997336093656e+00
1.453370200826049619e+00
1.439677695751760744e+00
1.434382421019975151e+00
1.413810922747150478e+00
1.418395496852209892e+00
1.422522386351545043e+00
1.443858292817531641e+00
1.452953482110140193e+00
1.468889238930985552e+00
1.474962273545357805e+00
1.473188610997070436e+00
1.473737850168943764e+00
1.460897140464493482e+00
1.472051179448272684e+00
1.461609175361866519e+00
1.465791529966878226e+00
1.466062598131758099e+00
1.458047503015424073e+00
1.467410831372191860e+00
1.473044460724948213e+00
1.497252204493938255e+00
1.499422510373044304e+00
1.493716197823888425e+00
1.482067097580952675e+00
1.496109297616772693e+00
1.487151226258108583e+00
1.498386845493857367e+00
1.500804646583353774e+00
1.538175966198834566e+00
1.514704048162037742e+00
1.519716161192259607e+00
1.515629361669033726e+00
1.503812512542384683e+00
1.501800279886804201e+00
1.511384474287457147e+00
1.511520311192822152e+00
1.518401899422739509e+00
1.537483539559434842e+00
1.540540226431283966e+00
1.562642602383567336e+00
1.565356021312671819e+00
1.565622365434347518e+00
1.577959092393758755e+00
1.569102314778283436e+00
1.586345465923296283e+00
1.579691210614250219e+00
1.586757979823822051e+00
1.601138234568514784e+00
1.601742052838980079e+00
1.602596928916199870e+00
1.611756236253596652e+00
1.613392022423832728e+00
1.633367065144052610e+00
1.605518076531708527e+00
1.613064892099831393e+00
1.595432039390461298e+00
1.569607706203436814e+00
1.569959743412176367e+00
1.553568522486024506e+00
1.541378839704915960e+00
1.552816089140059308e+00
1.562543819790408017e+00
1.547191243200361610e+00
1.569217197300235789e+00
1.561461109595269958e+00
1.554623544129853707e+00
1.576711415287786133e+00
1.572906334367559777e+00
1.571770107734848487e+00
1.549670270483861634e+00
1.544058495069857040e+00
1.516543779071036102e+00
1.500732002993963032e+00
1.497756180683033067e+00
1.507821013087079720e+00
1.503600190772567791e+00
1.504199227310333953e+00
1.493065616556479513e+00
1.517492830859586972e+00
1.530893384468561269e+00
1.531634770381228527e+00
1.547638325931801395e+00
1.567998405314439347e+00
1.618379927600329449e+00
1.617061667986219087e+00
1.609817511773069532e+00
1.597598408657061597e+00
1.610439556592460519e+00
1.588370518011879895e+00
1.582995320030501807e+00
1.581923983933647637e+00
1.572784550850112817e+00
1.564056950698051951e+00
1.577276511370783174e+00
1.576007739335462343e+00
1.590805221131224467e+00
1.601036695514753250e+00
1.607743197057747819e+00
1.625254008282019269e+00
1.595746572322223500e+00
1.604361471800288319e+00
1.595010330347687244e+00
1.578072501928588833e+00
1.569787618634042037e+00
1.553913694204255513e+00
1.590202493974440356e+00
1.592402523681306858e+00
1.587565149026985756e+00
1.557449925310660399e+00
1.550522896019155272e+00
1.550857033251095141e+00
1.554070384175662234e+00
1.560183611877405951e+00
1.554806064985623681e+00
1.563814800797716398e+00
1.562697202665010554e+00
1.560268762408143939e+00
1.569442579658364201e+00
1.560073311262888396e+00
1.552512651330941518e+00
1.521095418940152211e+00
1.531715809608351631e+00
1.542860856886253185e+00
1.556333992708410996e+00
1.576186737215932610e+00
1.548785522948258331e+00
1.541420836918353743e+00
1.558858540357905831e+00
1.547299998748258298e+00
1.556229665587398392e+00
1.516917146762716495e+00
1.516775291778373447e+00
1.522810012039304439e+00
1.524165671187255322e+00
1.516836414802399391e+00
1.525180269297600422e+00
1.527687275836891567e+00
1.524438635918746066e+00
1.535347561168190156e+00
1.532156122675952137e+00
1.550821503674570723e+00
1.528702208843160548e+00
1.537778900770614854e+00
1.540795406168792070e+00
1.558757406378805666e+00
1.579771047252546357e+00
1.567353370451739059e+00
1.556870780952001487e+00
1.519177285919999232e+00
1.511556457684130717e+00
1.527791936222033575e+00
1.547059304401887880e+00
1.561347187901624300e+00
1.541631822680498809e+00
1.549387036242464655e+00
1.551138985973719464e+00
1.563760971220856666e+00
1.551641878859869150e+00
1.557276958215519258e+00
1.579544977975109177e+00
1.560227635502165144e+00
1.569277007508917521e+00
1.554772039025761332e+00
1.537623680771356582e+00
1.524062763176714075e+00
1.496646111955093561e+00
1.523654703528060761e+00
1.515458027869785340e+00
1.526675323840239296e+00
1.501509862611683399e+00
1.503529403246598894e+00
1.503286000277670231e+00
1.503041544190802270e+00
1.519105262966695014e+00
1.513922699388812854e+00
1.504923482029123294e+00
1.484396027583674504e+00
1.476086770492437639e+00
1.484135942042420497e+00
1.471894080035880403e+00
1.474782641765266744e+00
1.458805600897427723e+00
1.473742253229044064e+00
1.474219744440945945e+00
1.463647763755963505e+00
1.478301509469424735e+00
1.473513994562043905e+00
1.492453728047921535e+00
1.496542916357224806e+00
1.516290238921895961e+00
1.522464921498280610e+00
1.487119693405059451e+00
1.506607706816346370e+00
1.493275839776284863e+00
1.503554561831941694e+00
1.510060907980644407e+00
1.509159956511160194e+00
1.507699765090896316e+00
1.495790319135955171e+00
1.492626509116280697e+00
1.502990815419424475e+00
1.509221710527080207e+00
1.495321299516432001e+00
1.515005349921054068e+00
1.511865184560035269e+00
1.529497831210433256e+00
1.537909538393473996e+00
1.537901508213563195e+00
1.527434748327260561e+00
1.531081609002533650e+00
1.527956228321055265e+00
1.518355668776350420e+00
1.504072738414483634e+00
1.497246773979478141e+00
1.476629592985773565e+00
1.463074288984252735e+00
1.465156630250841641e+00
1.466231030745130504e+00
1.456611887934089911e+00
1.457664888372416812e+00
1.446102340424415322e+00
1.453703474742188195e+00
1.457029448733521804e+00
1.455992878259784629e+00
1.473742734368941543e+00
1.471145659423972019e+00
1.465047972745777916e+00
1.472648802857472461e+00
1.465770129603187311e+00
1.463410767460869621e+00
1.467125530815505785e+00
1.461941586409547744e+00
1.451671049015224257e+00
1.448300684567747743e+00
1.445155730649779979e+00
1.440006810451816888e+00
1.444893105284331680e+00
1.462213376001763709e+00
1.458520826383943758e+00
1.452063413653014390e+00
1.467494958000728600e+00
1.502335973197206354e+00
1.501780951019974442e+00
1.521102399624126633e+00
1.515182708046376447e+00
1.512811613425107060e+00
1.507340904659558722e+00
1.499977713594342399e+00
1.493444989889577190e+00
1.478443300481980582e+00
1.477497920047794899e+00
1.472672796853771393e+00
1.477016686838898085e+00
1.473927538598196918e+00
1.485161151251058520e+00
1.463552006487645718e+00
1.465670537548354968e+00
1.482852469626805059e+00
1.498691509912141617e+00
1.505849877186396624e+00
1.511320210967022515e+00
1.499730565377566327e+00
1.497628299978687183e+00
1.523723493061732270e+00
1.538562508267143691e+00
1.554013990669104173e+00
1.532446473028835410e+00
1.531376121270219492e+00
1.519268495286918652e+00
1.523538269572631165e+00
1.518850945770324756e+00
1.524010476966049410e+00
1.523252289565910189e+00
1.535182391786196865e+00
1.525275248119325466e+00
1.538709114132153166e+00
1.547549220346799759e+00
1.558855790417577047e+00
1.576177727437947373e+00
1.567336675167163573e+00
1.593235453852641870e+00
1.609348402603593575e+00
1.612501595312769487e+00
1.608367705149849947e+00
1.617549221220637268e+00
1.622536462480434594e+00
1.622429526017126644e+00
1.628307988528141959e+00
1.635895077630548533e+00
1.635110328277419534e+00
1.632075988242035036e+00
1.644568841392104463e+00
1.626391550537473529e+00
1.625767222063533746e+00
1.632423272413471071e+00
1.614923846909364080e+00
1.597425811894938263e+00
1.612784483173757000e+00
1.636129571656132153e+00
1.658403770447743897e+00
1.674446934328839731e+00
1.679956184707943168e+00
1.670129453027725974e+00
1.655174244354836510e+00
1.657320396298466614e+00
1.640935175513797750e+00
1.600968033715163719e+00
1.571298714695924525e+00
1.577466100267513882e+00
1.577675577506965965e+00
1.562072694525159511e+00
1.573921755236705522e+00
1.568940168789959122e+00
1.564731294030466513e+00
1.585861035813688202e+00
1.606171409245582771e+00
1.604838425441410976e+00
1.606082921735615843e+00
1.624191155764747929e+00
1.614875004232109834e+00
1.623136376315498897e+00
1.637300988192284201e+00
1.618466162044801759e+00
1.612765224370008577e+00
1.607785547572572415e+00
1.608777533545354910e+00
1.598130320261508475e+00
1.591746560897861817e+00
1.604576130463378991e+00
1.601989618420522454e+00
1.604390901313812234e+00
1.624006769944125850e+00
1.633108939655834924e+00
1.616085357647869758e+00
1.611313170570308317e+00
1.625412143559775036e+00
1.620347790712382441e+00
1.622015648076226224e+00
1.607206706783650629e+00
1.605712712607508363e+00
1.562030451637520745e+00
1.548568037963647059e+00
1.545430212389335312e+00
1.541698798684368210e+00
1.562135800766081051e+00
1.570061646774810749e+00
1.560782691160304436e+00
1.554788138797551289e+00
1.540172842291404942e+00
1.553122059607202177e+00
1.531112771569716813e+00
1.531122471163649301e+00
1.517300834913179575e+00
1.501356927160059751e+00
1.505289128276432242e+00
1.514222621115102196e+00
1.515237392474751532e+00
1.508215410421037905e+00
1.502142905227191960e+00
1.497365010729443835e+00
1.499023664591080607e+00
1.493855992828738932e+00
1.498285126339097717e+00
1.513021982528560905e+00
1.495174708018573551e+00
1.493562190943879653e+00
1.513011712213932602e+00
1.525180325751865906e+00
1.503138797815785299e+00
1.482224978422518769e+00
1.508779629983933779e+00
1.526379340383057670e+00
1.528868298914553447e+00
1.515578572389575385e+00
1.500586898515161582e+00
1.507428008247417184e+00
1.524859085903043310e+00
1.529098003662116678e+00
1.535398952479742452e+00
1.554906227251524387e+00
1.573020891561101697e+00
1.577227318671420742e+00
1.550464743381525956e+00
1.568838594340638437e+00
1.559163139523534358e+00
1.558586816652344220e+00
1.557311411422639402e+00
1.550925384332321189e+00
1.533447973762519290e+00
1.542750810420412177e+00
1.569559407373561921e+00
1.563338298798424786e+00
1.562975084648743573e+00
1.577996100581976480e+00
1.587069286748739927e+00
1.573989172362963096e+00
1.579312352518562612e+00
1.574647949933183355e+00
1.585047319302561819e+00
1.600655791303934983e+00
1.579171525792173458e+00
1.573280753617320116e+00
1.568733514399967444e+00
1.580039669058578067e+00
1.561215733443534592e+00
1.536669309182308929e+00
1.530364651677474042e+00
1.546835179463816878e+00
1.535977054344527248e+00
1.560970799333347925e+00
1.550621153035016464e+00
1.568555791083254380e+00
1.568517229962418824e+00
1.582998851253627715e+00
1.585897445800786842e+00
1.588919540078266079e+00
1.576029637306004760e+00
1.567344496454436742e+00
1.552876303627138688e+00
1.546427119858007515e+00
1.542552713017029564e+00
1.540867967405287198e+00
1.558832560088956098e+00
1.572554253134951230e+00
1.564390237694633257e+00
1.571181381942926780e+00
1.565856104200708199e+00
1.569051601243753202e+00
1.552593462103675881e+00
1.567943462538670785e+00
1.547753650170130335e+00
1.562103142375342646e+00
1.583334857700337439e+00
1.589823786882276435e+00
1.563106017830752981e+00
1.554750481738547352e+00
1.555961996341062026e+00
1.540719296762466772e+00
1.532184349901073661e+00
1.512646897691689363e+00
1.483779696471132503e+00
1.485473166576865234e+00
1.489095353863975957e+00
1.497869432621453001e+00
1.514854741904076318e+00
1.499082039764148888e+00
1.489886341407247849e+00
1.487203920432777160e+00
1.451861999993539820e+00
1.458272082333158970e+00
1.450367727371502768e+00
1.432113196490369500e+00
1.449667521869759224e+00
1.441863833941724904e+00
1.419286450341962880e+00
1.434453955019276972e+00
1.410673475126568155e+00
1.375066511600830932e+00
1.382072196962997435e+00
1.387988315222353108e+00
1.395452985926775469e+00
1.387881220273650129e+00
1.392994739641046475e+00
1.372031044096487129e+00
1.379704756785424147e+00
1.401218086482508340e+00
1.406143181613401794e+00
1.420608043418688071e+00
1.421414045416527383e+00
1.406618677477209589e+00
1.413793891675252157e+00
1.408120361147054078e+00
1.401268002862903650e+00
1.429366033836856120e+00
1.408722873706704348e+00
1.418472512741300040e+00
1.437433838992185686e+00
1.419383018217135861e+00
1.432341533824997848e+00
1.451100488715885151e+00
1.471528704131190413e+00
1.487969302732006893e+00
1.527825112973872024e+00
1.515009671395780133e+00
1.497857196234275268e+00
1.498114796124766723e+00
1.493584210483921870e+00
1.496447165897846876e+00
1.516964074928041972e+00
1.508838839316915426e+00
1.507647165368966924e+00
1.507882216927269647e+00
1.495328002915366161e+00
1.481638758274758105e+00
1.480034285222421753e+00
1.493292538690341065e+00
1.497222765772849185e+00
1.493318365538104597e+00
1.477186519511423768e+00
1.485741941241346176e+00
1.517403581494375375e+00
1.510622148216881344e+00
1.517476785934938066e+00
1.514948587834886728e+00
1.492752715270319497e+00
1.480969731149345492e+00
1.471128024669881684e+00
1.465477838194633398e+00
1.467452299475286326e+00
1.481919535854880676e+00
1.483037284498126551e+00
1.476267889675026979e+00
1.465336456621058714e+00
1.472396541056079755e+00
1.480067886229325946e+00
1.471760383619094448e+00
1.468688679237277528e+00
1.467347628018705441e+00
1.473541811471942964e+00
1.480528374122302537e+00
1.477242557442237647e+00
1.471829280260983808e+00
1.481581908453478258e+00
1.501485032306086653e+00
1.499988439602765400e+00
1.473570681080165867e+00
1.469990524208106386e+00
1.484442888363056046e+00
1.478887994502848136e+00
1.498779678171910268e+00
1.513420285549454514e+00
1.548199875205056530e+00
1.545136305301083368e+00
1.552782876261760592e+00
1.565324687356132394e+00
1.565579254693651112e+00
1.566823844317397407e+00
1.565659089543895988e+00
1.550524069974943631e+00
1.553380352523078933e+00
1.567054208392368198e+00
1.589841511969093846e+00
1.586822006134714469e+00
1.608592692730385965e+00
1.604576146255796587e+00
1.597221724225401873e+00
1.629052232746994511e+00
1.628962764049926681e+00
1.626299728771659847e+00
1.637625797228915658e+00
1.626162557355221638e+00
1.667054964234181869e+00
1.656240480774538337e+00
1.667425936972819045e+00
1.659095114393941639e+00
1.636143790347480254e+00
1.612445693247499534e+00
1.592246853266862106e+00
1.590522816488497915e+00
1.598505438492604736e+00
1.606878008409391212e+00
1.624491947699602923e+00
1.629971089211234681e+00
1.619827854919259735e+00
1.630375821945748704e+00
1.628687233121415279e+00
1.618818127432554155e+00
1.628502377717476080e+00
1.616772298418323484e+00
1.614760639984504476e+00
1.611996240667079361e+00
1.583259181424346185e+00
1.600273700847436142e+00
1.593464994525819911e+00
1.583304006948504705e+00
1.610164112985363216e+00
1.609488610044970125e+00
1.614572589596263041e+00
1.608947899513994750e+00
1.603588400206730213e+00
1.613976115303452419e+00
1.608529563022821351e+00
1.632604599072141616e+00
1.645974174914916155e+00
1.618524477000862882e+00
1.610231525034921507e+00
1.588999382507933822e+00
1.603383162579275156e+00
1.612571443001642235e+00
1.599828843599512718e+00
1.593986748614619531e+00
1.580702562232354280e+00
1.566171589985041024e+00
1.570373925095648993e+00
1.583034592563449250e+00
1.567675690598875127e+00
1.590083041955116183e+00
1.583022805060117832e+00
1.601364933244282751e+00
1.613174376707174229e+00
1.613513695445242702e+00
1.611835604678569789e+00
1.610629146104513021e+00
1.602234388885929173e+00
1.612161294145325385e+00
1.602331164036943978e+00
1.615324965388663880e+00
1.605126419096098545e+00
1.581211428457011570e+00
1.604974216927816499e+00
1.604621532559410646e+00
1.640225027233211730e+00
1.634077869036901998e+00
1.649284995496652195e+00
1.661412998741322644e+00
1.643744475007660188e+00
1.655030621750731123e+00
1.678686592281988466e+00
1.682616351598500870e+00
1.662557614251267468e+00
1.677099628855144520e+00
1.681805493409775254e+00
1.669151513790905428e+00
1.667605359597136072e+00
1.657126301727114948e+00
1.636109645667082946e+00
1.597054808728350928e+00
1.601215898296619811e+00
1.608845706261503805e+00
1.608451021726897912e+00
1.611999446921513091e+00
1.609764977103380179e+00
1.629896991850070087e+00
1.618071908128054570e+00
1.594411073257747002e+00
1.596652555432537479e+00
1.556813426201207218e+00
1.563674920695128145e+00
1.555860611224077150e+00
1.539115913986856654e+00
1.553640037788543093e+00
1.541620815413585088e+00
1.550202247059689453e+00
1.564161613907749881e+00
1.568213105924840756e+00
1.577629344055674787e+00
1.552654202159737595e+00
1.546099895510187672e+00
1.546962343692455777e+00
1.548709557857515184e+00
1.563938444062797917e+00
1.595309673992473920e+00
1.584257247682357539e+00
1.595047311912202614e+00
1.607813797574054293e+00
1.606608237231023528e+00
1.594453493409813793e+00
1.608026404110503904e+00
1.615511798937484089e+00
1.619412157897609283e+00
1.613175830722125115e+00
1.618089895434779768e+00
1.601835834287092197e+00
1.617740916745078250e+00
1.611336507927121131e+00
1.623858213062008726e+00
1.640838365801169374e+00
1.600199388773715592e+00
1.570154697198157256e+00
1.561632445264859337e+00
1.564009544737513080e+00
1.555638521888788928e+00
1.565581432413772900e+00
1.559316163626121909e+00
1.551672726743146269e+00
1.553156488184997963e+00
1.532337767877303580e+00
1.517237650663010307e+00
1.521032432058932349e+00
1.525785552883510254e+00
1.520868569711902207e+00
1.524749514000481865e+00
1.491013048570219324e+00
1.501568997092503688e+00
1.502557457898103133e+00
1.519130401799037244e+00
1.529205545690487167e+00
1.546503071135908236e+00
1.533568235302670724e+00
1.547993081734164500e+00
1.523271319432376369e+00
1.506788026748485887e+00
1.525169726806213211e+00
1.556273344758204447e+00
1.581010542938296570e+00
1.567026468678018647e+00
1.590898346982541511e+00
1.589461459518123121e+00
1.589737668399823001e+00
1.585241337889297553e+00
1.586275777648379126e+00
1.588132577030410664e+00
1.604008611248327609e+00
1.603740217291934833e+00
1.586660464251867575e+00
1.590638062842634648e+00
1.581433727789501198e+00
1.602786288507653589e+00
1.606836134239332914e+00
1.609899276728163020e+00
1.595830948862130727e+00
1.583622485028452598e+00
1.568314405023726321e+00
1.587924645485634167e+00
1.585651855084886153e+00
1.578739405124296225e+00
1.582887112862544576e+00
1.571416608641881707e+00
1.540543982228385955e+00
1.527640970280264687e+00
1.537047530959965824e+00
1.520268063432480554e+00
1.524175231822969545e+00
1.525651304013748710e+00
1.543884643746054497e+00
1.538714180417362964e+00
1.536743844816180982e+00
1.545527602852441618e+00
1.541504430944543813e+00
1.562230890317569676e+00
1.554883224002785225e+00
1.558475076914685120e+00
1.536737517627309479e+00
1.537262182317540526e+00
1.537481347205242876e+00
1.534293939030890952e+00
1.541166103044633751e+00
1.532545560051598255e+00
1.505639758983063681e+00
1.511243900304029664e+00
1.529292104578265921e+00
1.536048929346653713e+00
1.552112269601331418e+00
1.559240722950328006e+00
1.557238852266774165e+00
1.554969663885078512e+00
1.546276393815099626e+00
1.555317976506714439e+00
1.558182739417455442e+00
1.555733570440869240e+00
1.561826418953392803e+00
1.578632041419554710e+00
1.570149980840607418e+00
1.561381343337084004e+00
1.525182554373914812e+00
1.528720992753291874e+00
1.535410040646585372e+00
1.562304183031009153e+00
1.564874936180103093e+00
1.570363947863975040e+00
1.585821712507483827e+00
1.588246506996710439e+00
1.601765315112547716e+00
1.598457678368355950e+00
1.574039932660661112e+00
1.565567720617166536e+00
1.571421974644833908e+00
1.572527146139866439e+00
1.580933477233164242e+00
1.575011211208977580e+00
1.586541095146495106e+00
1.605230406510866237e+00
1.604136361104013808e+00
1.579173837790990076e+00
1.563575062208380606e+00
1.558212155453947201e+00
1.554890939419702578e+00
1.557013807351215640e+00
1.551782768530976631e+00
1.554117463960710044e+00
1.572010904477927795e+00
1.567429480922146956e+00
1.556654642943696043e+00
1.557364899995237861e+00
1.552465636187548403e+00
1.547615764369549618e+00
1.543417694983214128e+00
1.547862415018252058e+00
1.553808891500547462e+00
1.568890891789579189e+00
1.596156194088059310e+00
1.586342601382804141e+00
1.551308598104865544e+00
1.543119985575196473e+00
1.562283100130695157e+00
1.545111736692359905e+00
1.514453947655328481e+00
1.516256162516521844e+00
1.524649842764257190e+00
1.533635471739847045e+00
1.522497304632546955e+00
1.522225654897068292e+00
1.526952767976048619e+00
1.542830443601572954e+00
1.560028638030675818e+00
1.554690609448649008e+00
1.546997860232715682e+00
1.552734705991958286e+00
1.542321227625038427e+00
1.542209189732522079e+00
1.530380665922549177e+00
1.532164312688157892e+00
1.525919877508375766e+00
1.541151694162761432e+00
1.553421849991776904e+00
1.548441803075132572e+00
1.564370120623946647e+00
1.583056657626102481e+00
1.594425709198582952e+00
1.578704934697504170e+00
1.579290895277348117e+00
1.601184487616977403e+00
1.588327844016528045e+00
1.588522152710316826e+00
1.604813831323287365e+00
1.621713263410636374e+00
1.626015428952476860e+00
1.621894233590136958e+00
1.604572605245961459e+00
1.601082012736279925e+00
1.579890401857694249e+00
1.581464334446273545e+00
1.587377841621196550e+00
1.583093102532143082e+00
1.599534904200491603e+00
1.584144731089606628e+00
1.602996652189302429e+00
1.612029996250063490e+00
1.603627514816791777e+00
1.610102220744469514e+00
1.613191713832549556e+00
1.586197283907637923e+00
1.604452962223705370e+00
1.589988252399385571e+00
1.594070259624206454e+00
1.593313827029299690e+00
1.582314755225322500e+00
1.607119834997656982e+00
1.612950263205515267e+00
1.582439944928273112e+00
1.577499559178623612e+00
1.557782047425355199e+00
1.546018697451869706e+00
1.555786377310185431e+00
1.547949826737939905e+00
1.581953095733482195e+00
1.574875833330375841e+00
1.565372189383188894e+00
1.587045870098383826e+00
1.575722434050445431e+00
1.585789895396474858e+00
1.564445236100151071e+00
1.552814026538978931e+00
1.547628242587272940e+00
1.537126343579523935e+00
1.536127554585892119e+00
1.546741110884567449e+00
1.531818822301343586e+00
1.526885012379934903e+00
1.538566993260671589e+00
1.541780283401021912e+00
1.564283519667479583e+00
1.535999457389983558e+00
1.530723227577424073e+00
1.545461296990803257e+00
1.557463868494682213e+00
1.581649471532574402e+00
1.591656965172418392e+00
1.595171037432226546e+00
1.601254983359334139e+00
1.609638966203214894e+00
1.615282854036773408e+00
1.605719428597076170e+00
1.582711709001221267e+00
1.574318503988238804e+00
1.591267106947277910e+00
1.596709290887811772e+00
1.577585974143325798e+00
1.587352563952583839e+00
1.576164487643674894e+00
1.562045074132407008e+00
1.578087319460167448e+00
1.573484759384698783e+00
1.602014667295439398e+00
1.581691954711626158e+00
1.585489639048828447e+00
1.572400413511419348e+00
1.602104139993792531e+00
1.589662862209086924e+00
1.590985832698398106e+00
1.577222998792914499e+00
1.566299488023736419e+00
1.560435178590793059e+00
1.534952332316014134e+00
1.517648842946708987e+00
1.480709153732056027e+00
1.503197372459060155e+00
1.508666906634123617e+00
1.510127944642114750e+00
1.504371742854404337e+00
1.496449672822527388e+00
1.490318920204235953e+00
1.517959262955520305e+00
1.514786397990209199e+00
1.522638437545363210e+00
1.534826158737641721e+00
1.506362893264365566e+00
1.521382197230981559e+00
1.502214828275698633e+00
1.521487481502909134e+00
1.516058752527892795e+00
1.514770523821545423e+00
1.494266478002022946e+00
1.506715475946829752e+00
1.506218668602844479e+00
1.516405272611474953e+00
1.490618363176235750e+00
1.505538946720971660e+00
1.529731590982336353e+00
1.548496163628620526e+00
1.551550733248805436e+00
1.549383725028373737e+00
1.552364432367976610e+00
1.558079991349786253e+00
1.576796362218544356e+00
1.583835984232399463e+00
1.599410915100135222e+00
1.588967771406061491e+00
1.579296257429550376e+00
1.581192270536901701e+00
1.564414628278578911e+00
1.585025657998324178e+00
1.591777248209161666e+00
1.590364029840576565e+00
1.570887803134160654e+00
1.581640119241976228e+00
1.590760349790739436e+00
1.591604758841344447e+00
1.591378628913733939e+00
1.586273644628118928e+00
1.570273666305452620e+00
1.584032626144127098e+00
1.569507850990053521e+00
1.563964964560726756e+00
1.582427084564846487e+00
1.591451436318050305e+00
1.576883497128105605e+00
1.571380590496342267e+00
1.564552750884515397e+00
1.527899077199910138e+00
1.507796584634340631e+00
1.510129094378802606e+00
1.508874797147130575e+00
1.511202413369621578e+00
1.504889154877984359e+00
1.504303274506095800e+00
1.513995051821558802e+00
1.498442927606354669e+00
1.505832273250406805e+00
1.517252764285835998e+00
1.520446662398746707e+00
1.512454540051597185e+00
1.508257652210832855e+00
1.493854331433858595e+00
1.510591887191331750e+00
1.521153587362928272e+00
1.539546006781383536e+00
1.553444903456197235e+00
1.545322576571117157e+00
1.521817949993214292e+00
1.514316061766261212e+00
1.515722650525754833e+00
1.530431742690243846e+00
1.547737648079406725e+00
1.567458080421423317e+00
1.576724601464631226e+00
1.554976727093473565e+00
1.560472845515885831e+00
1.562556621536768775e+00
1.579985662330834151e+00
1.598537481546813854e+00
1.570052540279819109e+00
1.565729096202146620e+00
1.557390994643399251e+00
