9.976704903427117133e-01
9.982872723443889651e-01
9.976369365237596210e-01
9.989333894894517618e-01
9.957621554846296519e-01
9.972171862702111644e-01
9.965398727715925054e-01
1.001908471593895955e+00
1.003472894635800250e+00
1.003246917024840812e+00
1.004137816574697029e+00
1.004082213935979517e+00
1.003641874434429315e+00
9.989137654183353199e-01
9.998928742600533548e-01
1.001221530157685446e+00
1.001573565752561068e+00
1.002185862585279308e+00
1.000852581979136957e+00
1.000880426907047704e+00
1.001307321488455138e+00
1.000706079049309194e+00
1.003607072345693130e+00
1.003594400639178597e+00
1.000048825733910851e+00
1.013070784453132811e+00
1.027858184818367437e+00
1.047509516683351238e+00
1.061147261685924104e+00
1.072068930822515975e+00
1.086061424387585905e+00
1.087744151183245966e+00
1.094828812942537422e+00
1.107639273673924007e+00
1.119752888553218861e+00
1.138053067495154336e+00
1.160603748779334587e+00
1.182657239464711685e+00
1.184825365591862356e+00
1.204950913814812674e+00
1.207352719331921120e+00
1.205384263433817438e+00
1.210851954213133963e+00
1.212331980861863778e+00
1.218344707395320636e+00
1.222527740326473156e+00
1.239046321542319973e+00
1.236592071543287874e+00
1.254631873475202219e+00
1.277614182622577976e+00
1.279424984932898246e+00
1.265676595240354363e+00
1.256701777346241222e+00
1.244921112161290200e+00
1.229772257585665107e+00
1.233507807474190532e+00
1.248906472001634071e+00
1.253328285901402550e+00
1.237622679953478855e+00
1.241290601491547907e+00
1.235972696269370230e+00
1.230377854562290763e+00
1.221164760148621964e+00
1.235790546103019638e+00
1.239638309225316037e+00
1.252015266836717267e+00
1.275281666016969018e+00
1.288971646837365537e+00
1.309837739895121533e+00
1.324600100323887197e+00
1.339819274499792101e+00
1.325675568052525843e+00
1.334710439843155072e+00
1.328373883539023748e+00
1.315829755613797225e+00
1.302977684858921847e+00
1.309792537542548985e+00
1.311846236114312614e+00
1.309143906845763539e+00
1.329451892044772876e+00
1.328329853870233945e+00
1.324670721596703071e+00
1.328098802434201531e+00
1.343455116851519637e+00
1.331937611508800634e+00
1.313214940973856937e+00
1.319586446856707784e+00
1.326107283908654733e+00
1.314289752242689069e+00
1.306890551476064255e+00
1.313528333179344809e+00
1.295390166559631240e+00
1.288666941835371782e+00
1.287440802670967388e+00
1.285927341974258065e+00
1.265965947567598171e+00
1.266187728850851846e+00
1.279209590292201826e+00
1.277020809000706247e+00
1.271514150871116744e+00
1.283973129820716208e+00
1.286291020335244895e+00
1.282092362919949657e+00
1.298757459850686358e+00
1.299797049097857427e+00
1.294397799411928895e+00
1.280827267765119126e+00
1.275204994142546733e+00
1.281718400236641742e+00
1.271572922887609813e+00
1.284719663201234541e+00
1.267938786600363743e+00
1.266641933830460642e+00
1.270597179644726626e+00
1.273265708435502797e+00
1.265846295594740045e+00
1.267052518860353194e+00
1.260491352266474241e+00
1.257769470651040722e+00
1.254205769187997310e+00
1.269102251742110665e+00
1.268676270356534852e+00
1.272956991925857206e+00
1.278206150917247985e+00
1.285393937684681687e+00
1.268112181998051202e+00
1.285974720149052564e+00
1.277380901147246561e+00
1.260829763622153266e+00
1.260601915903974746e+00
1.245984804373470922e+00
1.268007888676088379e+00
1.261178470300205356e+00
1.246204053780673560e+00
1.258434222118527845e+00
1.256225976208543704e+00
1.257675118663502456e+00
1.243266100732149271e+00
1.244324767632447593e+00
1.250561271164577493e+00
1.249701127899601083e+00
1.265163978192052729e+00
1.268404000974322487e+00
1.251722764671616028e+00
1.248920797346246836e+00
1.238736581268944370e+00
1.258048076658931924e+00
1.255523142617136712e+00
1.265375270880593872e+00
1.281259314664161542e+00
1.291770106359344306e+00
1.291997614485044243e+00
1.294083491158790178e+00
1.298765029473932797e+00
1.302107548723708375e+00
1.306820611694162748e+00
1.297173491544405088e+00
1.315020408814563169e+00
1.323910254040471246e+00
1.337261260735226776e+00
1.332984871711150987e+00
1.327266687108175525e+00
1.345497281960393643e+00
1.350645290183673630e+00
1.329498658658115451e+00
1.345327127655871369e+00
1.361214549861603285e+00
1.365712880463456846e+00
1.398027667931903695e+00
1.390891297594160747e+00
1.398422153562743908e+00
1.390669485818123219e+00
1.381896819080447258e+00
1.361632985291571840e+00
1.345952536001019828e+00
1.336375884292942962e+00
1.329029893107607441e+00
1.323315221760654969e+00
1.332387598020961184e+00
1.338639318431940728e+00
1.352023350336204910e+00
1.378320405085311506e+00
1.375936608918300497e+00
1.373383391148430999e+00
1.349240074960126323e+00
1.358007309856007039e+00
1.373781764617266532e+00
1.377061392953561780e+00
1.370899945572682466e+00
1.370259799653527066e+00
1.357976236121187341e+00
1.321172297362338988e+00
1.329939052485659801e+00
1.329535729865775062e+00
1.347154638916974401e+00
1.358153518955895089e+00
1.353891377318775291e+00
1.356189359020256946e+00
1.358315976985016826e+00
1.360616372640480520e+00
1.377212686481368742e+00
1.367427565140217016e+00
1.400289332289633037e+00
1.409772006674721689e+00
1.394657241150806026e+00
1.380199196519758864e+00
1.338794783663762367e+00
1.347210159913290184e+00
1.337616085142836031e+00
1.349474426380746994e+00
1.330312281592706425e+00
1.331393685671186988e+00
1.306210887678637356e+00
1.326565950192929222e+00
1.336097783491032809e+00
1.330057187021435272e+00
1.349997441337603021e+00
1.353188697036573185e+00
1.323663847983300279e+00
1.313010452462826994e+00
1.317336471441056256e+00
1.331268681103423335e+00
1.322208301956996568e+00
1.302443558708139770e+00
1.299225881956979745e+00
1.300916573963516898e+00
1.312503968869436655e+00
1.299639491151443282e+00
1.303869426297628920e+00
1.301877378616445258e+00
1.297451438946979785e+00
1.308589245613076102e+00
1.299856595539780502e+00
1.330845244598318322e+00
1.327055729967334674e+00
1.343641655570966043e+00
1.309456525799330251e+00
1.314587790642523402e+00
1.306957545347453786e+00
1.289561803468443957e+00
1.299690526063267404e+00
1.281615206917475103e+00
1.282219358068558579e+00
1.291432626015622365e+00
1.299276017262094074e+00
1.288526794225401062e+00
1.293579695945024310e+00
1.300234970608982632e+00
1.322405120369283704e+00
1.339582954341353993e+00
1.344038711678844811e+00
1.308162230610721233e+00
1.298416897004473824e+00
1.266025990616376884e+00
1.271990128310507284e+00
1.285142387202262482e+00
1.288365945148210567e+00
1.276226094709714154e+00
1.263814382143808368e+00
1.263043187987181293e+00
1.286821201682366800e+00
1.319400208388325169e+00
1.332479046541339862e+00
1.338055960902962749e+00
1.349647471321516523e+00
1.331228049937336566e+00
1.352823114552797135e+00
1.331746235225363506e+00
1.327583396878367461e+00
1.316546425152765876e+00
1.321670596193503577e+00
1.312913568281539822e+00
1.302841513857250444e+00
1.306121961632972006e+00
1.305446291723692642e+00
1.287123049651037299e+00
1.295991276917247914e+00
1.315164577097300613e+00
1.342596788001146679e+00
1.341924568141894092e+00
1.370866998009821591e+00
1.359089897148811898e+00
1.377859359784200599e+00
1.380695491045102363e+00
1.403159288671885552e+00
1.371958591259608840e+00
1.367177643807496734e+00
1.368508929043072753e+00
1.365290210657476466e+00
1.365233359975292604e+00
1.366014438281895504e+00
1.375133977980561362e+00
1.391047987623209359e+00
1.391738399015614691e+00
1.400879178178493278e+00
1.386241066432182034e+00
1.384761765445489567e+00
1.396815944103126483e+00
1.395303154301938076e+00
1.392808332429298801e+00
1.393855317354331547e+00
1.427430108112891283e+00
1.413385882068054489e+00
1.395931653651392157e+00
1.378329782045462970e+00
1.347494882736967270e+00
1.350209230069944200e+00
1.325095571778138526e+00
1.323084458470652036e+00
1.299587155527267557e+00
1.311398922296881153e+00
1.306697887635730249e+00
1.318386984568780340e+00
1.324026038445747622e+00
1.318226908671687347e+00
1.356604737524085280e+00
1.353490531784694584e+00
1.344885487831485760e+00
1.355445723296790028e+00
1.352847449478506547e+00
1.380175983332619705e+00
1.377228571124769374e+00
1.360370428696933809e+00
1.361624556572704758e+00
1.367543023900369858e+00
1.382748867777777058e+00
1.376527784293429146e+00
1.382871583612634847e+00
1.381044742099246658e+00
1.387612797499101491e+00
1.396448267082598393e+00
1.409726751659340360e+00
1.419005184357205129e+00
1.410517569684616168e+00
1.408656254102890859e+00
1.410241290648782453e+00
1.417897803090252706e+00
1.406162065860045551e+00
1.380983238266564994e+00
1.399346171502449554e+00
1.383637633262288835e+00
1.376045787812390175e+00
1.390320902801273295e+00
1.400275405789173311e+00
1.394423351141489409e+00
1.377988901032345836e+00
1.369294633577813114e+00
1.388547675225839217e+00
1.396246389474081528e+00
1.397348722509339281e+00
1.401786315471782007e+00
1.393562865289639019e+00
1.369592986142533553e+00
1.384437922052069503e+00
1.386082001010370046e+00
1.390925687078837347e+00
1.397841415096895412e+00
1.403120774565605577e+00
1.398597856572340481e+00
1.398558860420236138e+00
1.399342740066070734e+00
1.382593208131505991e+00
1.373138263316612706e+00
1.394737617578539313e+00
1.387756723149321081e+00
1.385487278994182114e+00
1.380377092131804151e+00
1.377183568800364855e+00
1.358005670617546734e+00
1.368752560832035670e+00
1.369896466627452902e+00
1.367237132858786897e+00
1.350689877300876640e+00
1.327421629612612231e+00
1.304166422406139558e+00
1.294032504093669322e+00
1.286442775295046692e+00
1.296958796730375729e+00
1.298857691532623093e+00
1.304770732930701227e+00
1.307975040259419686e+00
1.292477936124452942e+00
1.293295311386835067e+00
1.305047122709769525e+00
1.313834350270822959e+00
1.305834226791779296e+00
1.310169325808564045e+00
1.338889931278727241e+00
1.341994694317703685e+00
1.326284018926618069e+00
1.327289701450570902e+00
1.328603036703294160e+00
1.311353953419504448e+00
1.321035233471487436e+00
1.323981866853074063e+00
1.331588844229306012e+00
1.327503496297529173e+00
1.339974825764043143e+00
1.365082595829177903e+00
1.387178539192931437e+00
1.389715889000447069e+00
1.416145340270732467e+00
1.448567956642307086e+00
1.441022560555015763e+00
1.445402805378198652e+00
1.438299707801669491e+00
1.457976779403106216e+00
1.460084176226785990e+00
1.461534041820922170e+00
1.456745169173492949e+00
1.455735295843795463e+00
1.471421016938754489e+00
1.445715834282964574e+00
1.429856270645788685e+00
1.443266237941898122e+00
1.422658060954920423e+00
1.425542703889717489e+00
1.424309235339908719e+00
1.415364345367075449e+00
1.389054266658644732e+00
1.387307893154431149e+00
1.425057808493962686e+00
1.440421666633371345e+00
1.445453764590907575e+00
1.421264039425796266e+00
1.425549537384521281e+00
1.401625190435016099e+00
1.356046826216523948e+00
1.351131085626503081e+00
1.332711727919797529e+00
1.312724588310641316e+00
1.312733095365978819e+00
1.333942607194427588e+00
1.353085070188215333e+00
1.368834792163879710e+00
1.361650517171285824e+00
1.344095251002790592e+00
1.361719184998597898e+00
1.363661972357210539e+00
1.360277802039751238e+00
1.371634857032454358e+00
1.377500807197949317e+00
1.380118111858776642e+00
1.402530286518525848e+00
1.427186404235127881e+00
1.427963853220600932e+00
1.410943427141431394e+00
1.396476460906517003e+00
1.399642327097043282e+00
1.415218907508612567e+00
1.400008065370906829e+00
1.400989841951512771e+00
1.431476027909367899e+00
1.450171720123730745e+00
1.475327509065153198e+00
1.488111428055617580e+00
1.480394228108361965e+00
1.446086319097990236e+00
1.426001163526135818e+00
1.405854645206320752e+00
1.420241315219420430e+00
1.427434925332909499e+00
1.403180444291280971e+00
1.409095363110448140e+00
1.426499898446661474e+00
1.417883377351037533e+00
1.402292422105490211e+00
1.418284146904999377e+00
1.404238730651741429e+00
1.406186667278473079e+00
1.400720894108738790e+00
1.391829839349765008e+00
1.387816744503778565e+00
1.392557701442396212e+00
1.419444018579248734e+00
1.417072630159677216e+00
1.420782763898020384e+00
1.410001798830311293e+00
1.405016316723314285e+00
1.385475136976495492e+00
1.399479914082977450e+00
1.376782346286861580e+00
1.389874017400423378e+00
1.394471530861040476e+00
1.403542515334848417e+00
1.409490442445730629e+00
1.433588913198981185e+00
1.452308851155946323e+00
1.461339279985186757e+00
1.458797519604191351e+00
1.465837351607422345e+00
1.483590839881967716e+00
1.464518087912478617e+00
1.440856623313409024e+00
1.420272489839445207e+00
1.408965996468060311e+00
1.408942068062998043e+00
1.428523941304375766e+00
1.413851003260739647e+00
1.393328393579743807e+00
1.407581026830757143e+00
1.415257995179348915e+00
1.402116331478965749e+00
1.409571359977736416e+00
1.414664732734520758e+00
1.409527505127079916e+00
1.441785969403075240e+00
1.443215516768990847e+00
1.443189841537452889e+00
1.432458632777640739e+00
1.414807156071981709e+00
1.370800284682216263e+00
1.359483994987599198e+00
1.360710192849656330e+00
1.339049392044002973e+00
1.346176602936515865e+00
1.334885052897729185e+00
1.340107105404631849e+00
1.365366771332382045e+00
1.388852412497120214e+00
1.391729365246022532e+00
1.413231318000782943e+00
1.398185013244519492e+00
1.403017649004949075e+00
1.402333199593956303e+00
1.382473798958420597e+00
1.375650732594879688e+00
1.393570146038290547e+00
1.368338671023933362e+00
1.375314762358976095e+00
1.356885644335993346e+00
1.369815594037721462e+00
1.379673323303076016e+00
1.382681970833110618e+00
1.391994894501713764e+00
1.391236192713835251e+00
1.415550133009813027e+00
1.432566180292295988e+00
1.423147520161037738e+00
1.449497095699216809e+00
1.440913436883082266e+00
1.444805572005673389e+00
1.461121774302179821e+00
1.450807482451457187e+00
1.451802509134556773e+00
1.460322351965633869e+00
1.440075131030085664e+00
1.453604055723348276e+00
1.454172625427263998e+00
1.455847114240804929e+00
1.470459138988513104e+00
1.458208775556981918e+00
1.434417995227720510e+00
1.451863285861497932e+00
1.442059689551704382e+00
1.466669689005367871e+00
1.433741074708872132e+00
1.438444487629709112e+00
1.410282549159154630e+00
1.424245229268227719e+00
1.435214104988590256e+00
1.427532862203353181e+00
1.426972778713491596e+00
1.413229433778218302e+00
1.400335965916834180e+00
1.393554662889187057e+00
1.397357145115205146e+00
1.399540012921342447e+00
1.399059665879959446e+00
1.395845354998034971e+00
1.392716520738580988e+00
1.388294382174016128e+00
1.379975522821117462e+00
1.381877862557350234e+00
1.386426511601462463e+00
1.376901364243817483e+00
1.390996245314179092e+00
1.410155987732190086e+00
1.378548196178969176e+00
1.372451938071990840e+00
1.362746170087691500e+00
1.369126251047281695e+00
1.361389441869679029e+00
1.389050389604653324e+00
1.375455913937275287e+00
1.366406725967124203e+00
1.383895275363288491e+00
1.385024657673791681e+00
1.390683303274569127e+00
1.381859648696823317e+00
1.404246789784436400e+00
1.413803215569570559e+00
1.408384592246356704e+00
1.409697065033127306e+00
1.411061861903116332e+00
1.397148760137052248e+00
1.391406800993031601e+00
1.390519814048827962e+00
1.370266588594413415e+00
1.360344345938101496e+00
1.385647970115657879e+00
1.370493383077039828e+00
1.370186039290767654e+00
1.406380621922010077e+00
1.407681611959508583e+00
1.399398123392062931e+00
1.386598791621784565e+00
1.374455313901216336e+00
1.369446310797293842e+00
1.370233916704338917e+00
1.383254859679342363e+00
1.399146548458551242e+00
1.388298458483391729e+00
1.373345632139600259e+00
1.388231972885852983e+00
1.378325923015214283e+00
1.362828353825899619e+00
1.366286681117241164e+00
1.360805145245423509e+00
1.353745920398916835e+00
1.382669054029313838e+00
1.382785837769366699e+00
1.376278840424753458e+00
1.374088018131642830e+00
1.377102228783686488e+00
1.373823413539401406e+00
1.372797605490874151e+00
1.379741556683695247e+00
1.352827547437794431e+00
1.352893262443907840e+00
1.358948899406932531e+00
1.371663362651352358e+00
1.395913382333977548e+00
1.393497253760565657e+00
1.408749400722341560e+00
1.406062447380756808e+00
1.397947518020272728e+00
1.394098144506919823e+00
1.402912203186767348e+00
1.398592347475939413e+00
1.400611621254552297e+00
1.413912339491202319e+00
1.405631533925808307e+00
1.415580510464012010e+00
1.425487494909404740e+00
1.407010008582502358e+00
1.433404854222330771e+00
1.440992962432219748e+00
1.449048607984560588e+00
1.437527513995010109e+00
1.440975275236699771e+00
1.453858291642858847e+00
1.454309981188291800e+00
1.470558349710536783e+00
1.474455705822299123e+00
1.462087707081195287e+00
1.452225784165866562e+00
1.453797755146261084e+00
1.447690442925958498e+00
1.431170412003082815e+00
1.415322669365519648e+00
1.406035568400064051e+00
1.392276941284204428e+00
1.407255208621546405e+00
1.428072406231885250e+00
1.422814140532808969e+00
1.412572371339429589e+00
1.426133176885554299e+00
1.446978519159640708e+00
1.432348860690990655e+00
1.444965648555931237e+00
1.430089927361016366e+00
1.431253139954875575e+00
1.459834837932270757e+00
1.464322532360706086e+00
1.439036554181529093e+00
1.436599014143705944e+00
1.440545332197064932e+00
1.433883680535126715e+00
1.444671599245825222e+00
1.448037393759618707e+00
1.470639979212670090e+00
1.449922085977833452e+00
1.443967158621136671e+00
1.462575009818539495e+00
1.490938722411398798e+00
1.476387434436830626e+00
1.479820408142816346e+00
1.465122055389874278e+00
1.424316910967955874e+00
1.416724832263072553e+00
1.445777428407381882e+00
1.433311245366527098e+00
1.411821640111465159e+00
1.426057512552441953e+00
1.414530661371203868e+00
1.435065207590129122e+00
1.448593600389632252e+00
1.443267252110922660e+00
1.450607056112407811e+00
1.454398854318083023e+00
1.463097758691670247e+00
1.453705811557167937e+00
1.465032680946878996e+00
1.469905016173324475e+00
1.469542302095482089e+00
1.437630456534122247e+00
1.449653066181552541e+00
1.467004772136592416e+00
1.469949239591755497e+00
1.462080651895258487e+00
1.492278757603661354e+00
1.518296164651362634e+00
1.528036811614178925e+00
1.553348081946198445e+00
1.560352442006777141e+00
1.528406258393264494e+00
1.517618543512001539e+00
1.510515281091350026e+00
1.505987699919674849e+00
1.497858824422539259e+00
1.490786504723870642e+00
1.469620361568117151e+00
1.458769164737488522e+00
1.457925195847038502e+00
1.472918895502636660e+00
1.460864813700413656e+00
1.443019032506954513e+00
1.442153872295577566e+00
1.426537438235701227e+00
1.425994349971772435e+00
1.438854881652051221e+00
1.407516504839299687e+00
1.405752941775350262e+00
1.405805781220217376e+00
1.414217005698135354e+00
1.399973859032390466e+00
1.391088356187405450e+00
1.394212267755652990e+00
1.388685769649693480e+00
1.381789031307643301e+00
1.382354802796183613e+00
1.403601610160573498e+00
1.388091489738677797e+00
1.385802010904275683e+00
1.406302969626201049e+00
1.385894893631356872e+00
1.397864607304002416e+00
1.402760739968120784e+00
1.402047524456052630e+00
1.386712920825060147e+00
1.382499493340898722e+00
1.397879846570185380e+00
1.406962336904976851e+00
1.421470926594438300e+00
1.449841461807942711e+00
1.443725332730089628e+00
1.464021433921167681e+00
1.462330681379417463e+00
1.454162128540500198e+00
1.444948508072042559e+00
1.450960237371921702e+00
1.440168630543259942e+00
1.432485507768322730e+00
1.434692500077083821e+00
1.436541224803015604e+00
1.455073038786150796e+00
1.440681633750551693e+00
1.471370922807087478e+00
1.467771016876358248e+00
1.451067816806435262e+00
1.456261091239473338e+00
1.454572094648285185e+00
1.432872954624114348e+00
1.450676705334603689e+00
1.460694252928280035e+00
1.488060643162371965e+00
1.488827362250646491e+00
1.466429684771505260e+00
1.449303555270593957e+00
1.425984128905770421e+00
1.449900841453747535e+00
1.447472074719923896e+00
1.426323796233843311e+00
1.427481878983623220e+00
1.425619825933666096e+00
1.420711069533627136e+00
1.425057524172552492e+00
1.446141444707198076e+00
1.444188865098470664e+00
1.451922165730730852e+00
1.443651121405195026e+00
1.452749347692086967e+00
1.433856420611664184e+00
1.441788148407426196e+00
1.453600615211427582e+00
1.452502235146450049e+00
1.438804683111253091e+00
1.439341978794584254e+00
1.424814981684821680e+00
1.439092526343061396e+00
1.411228729599290244e+00
1.412345489512665475e+00
1.415374115996301807e+00
1.417228664807157479e+00
1.415477069912899566e+00
1.405778431687039420e+00
1.398950895436628539e+00
1.414497962441366052e+00
1.396104861246372009e+00
1.378632196309730773e+00
1.389788616249995945e+00
1.400846345281052674e+00
1.391587376964585232e+00
1.375771980443657672e+00
1.363162331267608218e+00
1.358737771968498098e+00
1.340625952544830080e+00
1.336389595065100799e+00
1.326538685450978639e+00
1.306010639205211321e+00
1.300959635651510737e+00
1.324276069170461811e+00
1.325333856813967870e+00
1.337416333844873462e+00
1.308235544655133697e+00
1.318913217603759014e+00
1.307023959067966867e+00
1.320254378525002936e+00
1.329605953075102542e+00
1.345028305026005677e+00
1.326777841301045591e+00
1.329807868886303091e+00
1.318213814657795302e+00
1.321390454954641580e+00
1.340593213344888124e+00
1.338364063696622752e+00
1.347017540615663922e+00
1.335452264909988029e+00
1.342523106449330372e+00
1.345825681617092373e+00
1.336138194300832804e+00
1.345360206619746757e+00
1.344938442545787094e+00
1.334261287039602895e+00
1.343904860882759289e+00
1.353754764745208394e+00
1.339739646180883925e+00
1.354285467468935078e+00
1.337128718455767418e+00
1.340383204624560953e+00
1.338932474003482032e+00
1.353899128425404497e+00
1.334070101728473512e+00
1.333397779470523181e+00
1.319121686221191414e+00
1.333252709988337781e+00
1.323171171147472291e+00
1.342204777308151131e+00
1.353294803682308922e+00
1.338439706405787355e+00
1.312910130170583889e+00
1.297954222107455147e+00
1.327088630931798852e+00
1.333640239047261922e+00
1.362902245533096801e+00
1.382186610998536791e+00
1.370165597154503034e+00
1.388147351468953739e+00
1.390054282049870471e+00
1.395399579381858990e+00
1.398318152163149142e+00
1.407642006946066449e+00
1.413019729098219379e+00
1.393034063252749366e+00
1.398797410254881024e+00
1.407557844495301635e+00
1.401593194223140992e+00
1.415251517463758768e+00
1.404515819874191607e+00
1.426880180481394200e+00
1.411631377206257643e+00
1.411702386920637542e+00
1.397165358225666232e+00
1.389377044112198645e+00
1.392354061285712818e+00
1.412503859440263909e+00
1.406218209773336447e+00
1.383242310010282861e+00
1.383057252253258484e+00
1.370336076299751182e+00
1.354196598876285629e+00
1.376459018089211561e+00
1.357460986925359547e+00
1.355215521665621203e+00
1.337397240630832096e+00
1.343270282474008148e+00
1.355661886014088102e+00
1.341668221707539521e+00
1.351369050742859068e+00
1.361718319231892238e+00
1.366862359818413086e+00
1.366686164333775322e+00
1.353698593755983115e+00
1.354369137293931713e+00
1.345329613823400328e+00
1.361171866634320438e+00
1.365467602454382146e+00
1.392138740156046994e+00
1.410610102838439905e+00
1.417973069645639184e+00
1.420172032747561985e+00
1.422621144228263912e+00
1.422121165112165464e+00
1.426280736081590117e+00
1.434164392681349431e+00
1.422292784019197898e+00
1.424262494040496208e+00
1.432095604624734841e+00
1.453603907838774800e+00
1.492258568009737330e+00
1.475588687516965036e+00
1.439687907401773437e+00
1.453384721454660466e+00
1.456362053018156910e+00
1.457049051910761950e+00
1.427048025489092264e+00
1.418597885807414194e+00
1.432782171665578419e+00
1.432970206869571772e+00
1.417937863622399597e+00
1.419876062074669099e+00
1.433144913606463566e+00
1.432613955078360535e+00
1.411023536495842556e+00
1.419640075496354070e+00
1.416236126159806430e+00
1.418707493972567457e+00
1.427317181020498316e+00
1.413868895391442893e+00
1.407532884058638745e+00
1.422564669276235039e+00
1.408087271356349035e+00
1.429716250136954692e+00
1.427192294393482941e+00
1.399007760861245675e+00
1.420228939043947536e+00
1.435581974663296512e+00
1.428007039005766199e+00
1.439877743816621480e+00
1.438578951660327343e+00
1.464011723004234655e+00
1.478047529221822920e+00
1.475763619948387895e+00
1.492386768264379437e+00
1.485636436702904684e+00
1.480340735182845924e+00
1.487090261604136376e+00
1.455939814246502317e+00
1.460595908465297521e+00
1.453995138748001237e+00
1.438999983643336700e+00
1.431538304094960079e+00
1.431091531889649326e+00
1.445711437976543223e+00
1.440036025233881967e+00
1.445393224474186278e+00
1.433574553903100846e+00
1.441167540655185375e+00
1.431804096681486005e+00
1.448723923253929291e+00
1.419273461917992751e+00
1.413787855568910956e+00
1.401283722586671221e+00
1.412175400198068198e+00
1.412523419097055255e+00
1.401374379035226214e+00
1.396876559603929646e+00
1.405228322264853613e+00
1.391873034705200185e+00
1.422803818756502414e+00
1.411493052105855295e+00
1.407436846256849838e+00
1.406682834361621115e+00
1.420056866739529911e+00
1.434031033633644148e+00
1.448659483042100016e+00
1.450644517843781678e+00
1.453722900669819129e+00
1.451892377561772918e+00
1.451268824557297776e+00
1.433820167380982502e+00
1.454415731850296378e+00
1.434945938747424377e+00
1.436257169052231442e+00
1.432364951734091507e+00
1.444332711154046933e+00
1.430086138573192889e+00
1.448264285426038800e+00
1.450474844527372520e+00
1.443249699517363815e+00
1.456129033880505519e+00
1.471280910774200867e+00
1.456465850245711957e+00
1.460858621869002727e+00
1.431431130896867021e+00
1.421081380409357831e+00
1.410967068188814011e+00
1.424861368061865363e+00
1.413850091390756791e+00
1.401039264025352615e+00
1.401864145203279843e+00
1.400475788252603326e+00
1.377696575934732826e+00
1.374067934352696474e+00
1.371540203750791331e+00
1.393083329875647758e+00
1.385085529242578328e+00
1.394799220514508109e+00
1.403285539344908406e+00
1.407695749319970435e+00
1.403369499265998188e+00
1.413544241425369385e+00
1.405348422496929928e+00
1.403045469305157056e+00
1.419343593022804217e+00
1.399943849041009658e+00
1.385696108443172703e+00
1.409371166305285694e+00
1.422613933175399969e+00
1.436948158284379717e+00
1.467009011952406627e+00
1.489346676898114508e+00
1.500207015284311884e+00
1.500375720636858645e+00
1.487039410435604392e+00
1.485156105871785037e+00
1.489383769555112202e+00
1.479728355059571676e+00
1.486925404728678624e+00
1.472787860398839133e+00
1.478892848668518001e+00
1.481695863318999162e+00
1.473955872491355956e+00
1.476080215272322915e+00
1.471386160191098025e+00
1.484716584109080140e+00
1.493157953579380415e+00
1.478931296833907005e+00
1.475013386302410634e+00
1.454025803076136159e+00
1.479486214734543781e+00
1.481241147213690823e+00
1.465173621100773760e+00
1.453059138272815520e+00
1.440625779951338670e+00
1.433157097876700314e+00
1.413251052564502341e+00
1.392960506719665759e+00
1.383807599129301735e+00
1.389253784527272995e+00
1.385972562263976249e+00
1.378067048416470985e+00
1.393474913137850102e+00
1.378808605214700833e+00
1.380342088499942443e+00
1.364678000932229018e+00
1.365327713050026537e+00
1.353277313027610784e+00
1.352905292971334328e+00
1.351085422088407428e+00
1.338282459438870253e+00
1.345782718293150326e+00
1.363477042955083318e+00
1.361212004240660134e+00
1.362728491681716836e+00
1.356644772268401633e+00
1.342829847568288493e+00
1.341430553899880529e+00
1.345087508032459578e+00
1.354089322503480020e+00
1.351170272914888892e+00
1.371315822645066795e+00
1.395392375126479401e+00
1.400295680993520975e+00
1.409845302621574481e+00
1.401556749628396936e+00
1.430712748383889954e+00
1.438342233506600953e+00
1.464506742523121741e+00
1.471353102783691469e+00
1.480465363886777075e+00
1.467016041947658334e+00
1.475719263737029330e+00
1.486129039215573711e+00
1.475144314787756095e+00
1.498395294957239221e+00
1.479397690535233068e+00
1.488351052776543337e+00
1.493505977030398890e+00
1.517951514198946805e+00
1.514259280181718070e+00
1.526169343524786282e+00
1.527792411238390935e+00
1.513148574537354740e+00
1.503764701996525011e+00
1.501499722775916590e+00
1.480432814920951357e+00
1.453048589879968544e+00
1.464812553963601216e+00
1.477863222514405717e+00
1.483621636186795545e+00
1.460389488115626522e+00
1.458955182533252737e+00
1.431094965316894285e+00
1.427396576581265508e+00
1.409046479327159318e+00
1.433873817613226187e+00
1.431053439216579903e+00
1.414160603818789497e+00
1.433873211001092329e+00
1.431391370754274250e+00
1.442339699332319647e+00
1.419279867128133477e+00
1.388567616564789553e+00
1.358700122420075873e+00
1.353317781742075843e+00
1.343650666003236571e+00
1.350707062862229746e+00
1.350025163039862752e+00
1.349800458701176931e+00
1.361707329856306048e+00
1.353774390375472425e+00
1.378845905826277196e+00
1.380328484741426109e+00
1.351578073716908968e+00
1.364201573972341208e+00
1.358714045763797174e+00
1.340017784429661241e+00
1.362127707994460479e+00
1.377624279756116898e+00
1.387216598240270882e+00
1.376619534306982917e+00
1.399133124983923615e+00
1.413172422444363363e+00
1.428246089306851374e+00
1.418176248503597803e+00
1.404353981253103845e+00
1.419263792334759744e+00
1.445589870018072043e+00
1.452016458310924518e+00
1.457208582887630888e+00
1.454610519211718023e+00
1.448361899044049217e+00
1.449987393918967138e+00
1.457835999948201122e+00
1.452768446631288013e+00
1.449867372800823562e+00
1.423569646628859431e+00
1.420130997476799273e+00
1.429365347966875088e+00
1.411447286280897773e+00
1.427167870856006937e+00
1.436379414538711430e+00
1.428697349887479762e+00
1.418451402652102677e+00
1.420349847037449376e+00
1.433108174837149251e+00
1.398738406636173659e+00
1.393591769984240392e+00
1.364173581891134912e+00
1.345290578094492151e+00
1.354976025735530776e+00
1.346784157153041894e+00
1.359569842740244505e+00
1.370688693672248437e+00
1.368002368993079809e+00
1.363859667326118519e+00
1.358571208879275627e+00
1.378166657594171562e+00
1.389436853442470809e+00
1.389941594894134269e+00
1.406479239179955432e+00
1.410830020347170422e+00
1.419487864510283082e+00
1.414299847077811867e+00
1.413401912298382745e+00
1.399482440144271589e+00
1.409168474885869937e+00
1.412995347856754957e+00
1.419740380733808927e+00
1.399643362505330169e+00
1.401116988611042835e+00
1.401978435473778983e+00
1.406760620410607787e+00
1.418305628301294696e+00
1.429478654846207286e+00
1.415490387657885041e+00
1.410334375273892160e+00
1.391193339051046474e+00
1.378586946313967054e+00
1.361253993058554768e+00
1.378508608241432620e+00
1.374766039488673597e+00
1.371166208988772839e+00
1.361021214229675813e+00
1.371776251070954133e+00
1.361887977617787682e+00
1.376284495861416657e+00
1.363969284583607333e+00
1.368299882878098117e+00
1.395654939308177633e+00
1.392316603107492279e+00
1.383500165900738432e+00
1.376261542050357223e+00
1.391694150639521510e+00
1.408564424456571151e+00
1.398553580024778142e+00
1.414563261962895835e+00
1.400187585396545309e+00
1.397130274637381930e+00
1.422494347789208469e+00
1.435289297849086543e+00
1.435025735477739595e+00
1.441948193882917950e+00
1.452729171052614010e+00
1.473792498442766385e+00
1.474873155240112421e+00
1.498787089512509274e+00
1.471725185227806820e+00
1.461780220271962971e+00
1.449738408246939336e+00
1.444304006825759767e+00
1.433493569655973854e+00
1.420507207212576395e+00
1.429954714832494256e+00
1.416652178030804787e+00
1.438919480112228921e+00
1.457589130263619026e+00
1.457777288231015822e+00
1.435455594597417672e+00
1.430303306796045337e+00
1.430807825383179077e+00
1.439041620690196810e+00
1.425547863802984594e+00
1.424537798658471521e+00
1.406568389633550353e+00
1.406434683663934093e+00
1.418267498926820025e+00
1.406187052620406774e+00
1.395731679188904062e+00
1.376111452375063049e+00
1.362489073705810183e+00
1.346367704280336586e+00
1.351306501337737664e+00
1.359992951927131655e+00
1.363253326121941278e+00
1.368909905893635592e+00
1.386008785504397434e+00
1.385823716181488363e+00
1.388524618533392818e+00
1.388928402329002276e+00
1.368186891960812224e+00
1.353653639350508087e+00
1.361617346000682405e+00
1.353014146159810860e+00
1.360120661629461436e+00
1.355475023040920712e+00
1.333117006834797946e+00
1.332890202293623760e+00
1.338779971699077143e+00
1.338478075854332650e+00
1.347963652275092628e+00
1.338663946534403903e+00
1.351935423513343171e+00
1.347872039043886083e+00
1.374459783073710417e+00
1.384808430406530233e+00
1.376278115035345140e+00
1.377326077733413978e+00
1.376170840247790572e+00
1.365881305940811030e+00
1.374071640040927633e+00
1.369456869255834430e+00
1.365071840756921562e+00
1.353120654291630975e+00
1.337439969208237489e+00
1.343898974608402241e+00
1.352351408178588343e+00
1.336433431794508575e+00
1.349915286121338598e+00
1.362269377331744913e+00
1.367003742663478905e+00
1.371269119937538195e+00
1.400249549789347903e+00
1.397709400765780652e+00
1.395982856393452876e+00
1.373450707509086932e+00
1.391842409444523643e+00
1.379709493789462948e+00
1.384681091945951792e+00
1.358463308561445926e+00
1.346396702894815167e+00
1.358209543490039195e+00
1.384043644562505060e+00
1.385086986395484443e+00
1.400820420390162413e+00
1.394914750847953799e+00
1.377325841298993048e+00
1.411204687995329721e+00
1.403681285075444762e+00
1.418500338454811383e+00
1.407482651324172496e+00
1.418538048422308684e+00
1.425689924922033613e+00
1.423240817431225436e+00
1.396507593983495443e+00
1.391769734208228249e+00
1.405114310957785051e+00
1.382380426114944605e+00
1.377120390125192051e+00
1.380633557270588563e+00
1.392411704691960406e+00
1.378843470190399767e+00
1.383329965661334926e+00
1.401992318746566601e+00
1.406718610476630937e+00
1.421939533610821149e+00
1.413121589585912830e+00
1.386697100868305776e+00
1.378105064563998727e+00
1.366174037189939128e+00
1.357952624571592271e+00
1.389337512773457517e+00
1.374529791523630307e+00
1.382204619060417805e+00
1.381667756582666273e+00
1.406016142379144629e+00
1.378972103280201811e+00
1.376544759661370465e+00
1.378831844675484142e+00
1.392727654625100842e+00
1.394188006264370561e+00
1.372246151281670157e+00
1.385999821906914065e+00
1.385842678568645736e+00
1.400672640005284908e+00
1.411443412819755050e+00
1.414911563563656216e+00
1.417730688598335398e+00
1.409978004352913539e+00
1.408118811104691837e+00
1.399140923507447232e+00
1.401150600180550709e+00
1.417768438253003138e+00
1.427585043086137206e+00
1.421190121161684639e+00
1.427255518322621430e+00
1.418419441572845274e+00
1.403163635568540846e+00
1.401457946107412367e+00
1.404481197920375957e+00
1.406733397248086659e+00
1.404784375121975959e+00
1.392534064231727431e+00
1.385289255873114467e+00
1.380329256532466076e+00
1.387055735979208615e+00
1.400330076051933714e+00
1.396894966938843075e+00
1.389488132454948399e+00
1.370046358663137509e+00
1.363637000552347267e+00
1.379484275786635905e+00
1.380866027885383041e+00
1.370822414980571446e+00
1.401583634894634445e+00
1.400354419723048860e+00
1.414208745972760584e+00
1.420212784480244572e+00
1.412669132929227800e+00
1.420481481439290761e+00
1.416558165264753866e+00
1.412957315672742409e+00
1.423870832038714340e+00
1.440689355556787676e+00
1.431968748076966280e+00
1.418210990583850917e+00
1.422417992096212114e+00
1.424100714953242308e+00
1.421219863158603047e+00
1.410540866542142391e+00
1.395468934914731118e+00
1.393915214714292361e+00
1.398856575505058153e+00
1.424685216045284974e+00
1.442564127184361000e+00
1.445812144180557146e+00
1.414353650288290742e+00
1.406447894449335045e+00
1.423435660271598513e+00
1.416205004662623779e+00
1.411253398136420367e+00
1.394803712040910026e+00
1.382692745736540108e+00
1.406167209453742961e+00
1.425063760489914344e+00
1.426333657555014955e+00
1.417555129582535267e+00
1.430028436909486667e+00
1.405325725007779081e+00
1.410875607949227950e+00
1.414883273549546461e+00
1.417250432195517273e+00
1.420980356042057746e+00
1.403628100008116775e+00
1.426495878788037297e+00
1.428739761789344698e+00
1.434077179056091778e+00
1.414746266177088430e+00
1.388530440102487606e+00
1.381248954895281766e+00
1.380975686838878724e+00
1.396695150956925202e+00
1.399856482838439664e+00
1.383784434420685328e+00
1.360320872115370339e+00
1.384117983616050651e+00
1.378254731255184051e+00
1.350494819800071467e+00
1.323119002122046473e+00
1.313494097073429678e+00
1.331874702672350086e+00
1.345026100819696868e+00
1.337860928850073794e+00
1.334433451351017208e+00
1.336449224112429723e+00
1.344445249258049868e+00
1.355034355152122671e+00
1.350342388450214370e+00
1.389831256216671473e+00
1.388059511959815140e+00
1.406711221440215986e+00
1.403551367773232528e+00
1.421814451391876899e+00
1.439664349515356934e+00
1.420177672272821878e+00
1.416781376345608967e+00
1.415614539118537962e+00
1.418121025501613230e+00
1.428505290966936236e+00
1.439511573204366846e+00
1.433323262621105654e+00
1.463235539754149439e+00
1.512627461300036114e+00
1.541762895659404053e+00
1.534114886330532279e+00
1.520893363366613515e+00
1.520072254004197987e+00
1.504622310134958507e+00
1.525406215674845578e+00
1.524944912473440661e+00
1.521930199720746835e+00
1.513497432244714114e+00
1.539867910408583285e+00
1.522852103570443871e+00
1.517676044569205684e+00
1.499156440019191239e+00
1.505143568661506448e+00
1.499316371152183081e+00
1.493113814693321162e+00
1.519004636758735982e+00
1.520161796227869067e+00
1.543045850113206274e+00
1.540413458951145342e+00
1.538937160966867834e+00
1.539672033589365441e+00
1.525100887065491628e+00
1.539578864793932134e+00
1.535977943082649455e+00
1.517423523841727739e+00
1.515636769078383184e+00
1.523196258984976792e+00
1.496179763857423906e+00
1.508783950435985455e+00
1.502414036971531530e+00
1.505079370774892622e+00
1.491265940291828240e+00
1.495285160408553971e+00
1.492333166081543760e+00
1.500151870710975777e+00
1.503524853141293471e+00
1.515761715188965963e+00
1.532457599024173112e+00
1.553224048153540648e+00
1.553888887320934886e+00
1.533095190477938630e+00
1.517608322754711025e+00
1.497780490931615471e+00
1.514046167663009923e+00
1.501523577378863772e+00
1.507778401714628069e+00
1.526064206631235098e+00
1.510412875165672908e+00
1.480739960820963708e+00
1.500673438622695643e+00
1.509909232040393734e+00
1.490692589309704497e+00
1.487432394541887248e+00
1.475501690437160063e+00
1.487131618005645528e+00
1.481792754309016358e+00
1.502991314248147248e+00
1.510023465129409104e+00
1.491217928963715078e+00
1.464534266085716130e+00
1.451373479729451965e+00
1.425671223916957553e+00
1.409200262862970954e+00
1.400723116501304766e+00
1.406234464676089368e+00
1.401675404198599262e+00
1.408072016591305209e+00
1.402552054345951316e+00
1.389653401242203490e+00
1.409404041967238452e+00
1.397625228767041650e+00
1.390356250648276282e+00
1.377663982033990875e+00
1.402730027576763128e+00
1.397490160525310721e+00
1.405497387279157628e+00
1.423555474818420263e+00
1.438560851050992850e+00
1.452082658546057781e+00
1.429861288540148712e+00
1.447514267918391440e+00
1.441289440911000197e+00
1.431004828299055287e+00
1.444127237660483676e+00
1.471748888560098223e+00
1.486753861875447003e+00
1.492619242406392432e+00
1.482585440789324860e+00
1.464920536538252938e+00
1.463384762513063597e+00
1.486834931545074623e+00
1.473829867702390883e+00
1.457450626528034032e+00
1.462424536954642695e+00
1.436185018719205786e+00
1.430191357246294093e+00
1.426334875502084820e+00
1.430044790396999943e+00
1.431130700275955014e+00
1.415418050992455212e+00
1.389540136501104195e+00
1.377168845765214256e+00
1.361258921701615776e+00
1.361897478892507563e+00
1.362902167021685207e+00
1.348075259355679290e+00
1.335063545481435243e+00
1.346987200063131107e+00
1.352608291371049987e+00
1.359342647179566210e+00
1.352532763826869600e+00
1.364321035965188944e+00
1.357933878501695446e+00
1.366620628477096311e+00
1.376535190834697886e+00
1.350304462324595889e+00
1.344312796694143719e+00
1.377420919270087474e+00
1.363677975402997511e+00
1.366205669227918529e+00
1.371070145786314143e+00
1.372078380769500283e+00
1.366793697829151721e+00
1.360335017172452643e+00
1.385271277191877148e+00
1.403979360821564937e+00
1.392222957857057297e+00
1.403051641019789519e+00
1.407987880450644047e+00
1.432287382183971669e+00
1.428902989590351780e+00
1.453606358769387707e+00
1.462604605940097224e+00
1.459454714157710553e+00
1.460886963055495480e+00
1.459255655921338324e+00
1.437670134027803748e+00
1.442617775477014197e+00
1.425858658933809364e+00
1.401482415995422670e+00
1.424087363661336036e+00
1.446556168041549295e+00
1.442064589974360045e+00
1.464257911104764665e+00
1.473284646205774706e+00
1.461537155111004571e+00
1.459093880679819266e+00
1.460693491334556393e+00
1.436204510575234128e+00
1.415345962755389930e+00
1.414531241306597131e+00
1.430604458686201674e+00
1.440816663582693780e+00
1.431749269618156406e+00
1.416455208895478046e+00
1.417201078423101501e+00
1.400809176040545445e+00
1.383772919587810124e+00
1.386035159707317277e+00
1.352623902325439609e+00
1.358477002680888557e+00
1.394963142062807249e+00
1.423262915377466520e+00
1.439390778774580326e+00
1.456986671201823791e+00
1.444328189666263862e+00
1.458714097682524802e+00
1.460541712924166680e+00
1.437571446994865942e+00
1.456093453030583795e+00
1.494353461404279493e+00
1.519127093907389758e+00
1.526654393793301034e+00
1.561726400656978653e+00
1.560243581504547228e+00
1.538742458688943104e+00
1.549219379220508674e+00
1.539944026273080135e+00
1.552604726189698470e+00
1.570075315816228390e+00
1.573447335056491037e+00
1.552632840768778388e+00
1.534902758052340221e+00
1.539944191490754122e+00
1.536168176761274706e+00
1.540870266182032822e+00
1.527926382775065539e+00
1.503006310749343877e+00
1.491541518004581679e+00
1.500001077816770945e+00
1.507203242927529940e+00
1.488622774933411774e+00
1.474177869196633406e+00
1.490050084911355599e+00
1.470127051452519984e+00
1.465478653572957590e+00
1.436116606384825189e+00
1.434411250656444148e+00
1.406282451367833364e+00
1.401827013036984981e+00
1.408712826962411624e+00
1.384415305260902285e+00
1.389304627159581695e+00
1.378837677934857897e+00
1.376877304160032178e+00
1.373055001424608124e+00
1.389188047274124926e+00
1.404703239392315339e+00
1.390695436607153113e+00
1.419947332842011134e+00
1.414144527320442046e+00
1.426941344802314493e+00
1.446175363115269619e+00
1.442110963458524298e+00
1.445232324216789710e+00
1.452866361405738438e+00
1.444004500488796472e+00
1.456054098826087939e+00
1.468133863041483522e+00
1.451982188240998228e+00
1.423804083527704378e+00
1.435772199565520157e+00
1.435707474196913580e+00
1.438206055127311478e+00
1.446679089168073418e+00
1.454876916855085245e+00
1.476974092641553549e+00
1.483194167133388142e+00
1.478223026249877448e+00
1.455931000393998920e+00
1.455855801123679516e+00
1.453391129671735449e+00
1.454762700581516910e+00
1.445884055716936345e+00
1.436918639243343065e+00
1.418877953707900597e+00
1.395229767080215399e+00
1.395124562991256534e+00
1.411865196669916944e+00
1.403933769660266506e+00
1.393458169773142963e+00
1.409625242429298764e+00
1.397429958556013263e+00
1.388758285328798081e+00
1.408739274343519421e+00
1.422261264768045486e+00
1.413960569858331962e+00
1.416328537442007818e+00
1.433561312652355424e+00
1.456837935667880002e+00
1.467609104251396124e+00
1.452042303920675792e+00
1.437301951947105527e+00
1.434362577705603492e+00
1.429978942916484197e+00
1.422678256027897215e+00
1.414095790335597957e+00
1.419646545870522969e+00
1.431171763727796753e+00
1.436317038170320748e+00
1.448611467003719122e+00
1.468569748100597039e+00
1.459234346202980204e+00
1.472742327636977322e+00
1.455520903563380708e+00
1.465492708490901297e+00
1.462105191845537000e+00
1.452323186938824451e+00
1.441512217031201137e+00
1.418925681917347470e+00
1.433301426695484215e+00
1.416698717854471212e+00
1.409123047540467244e+00
1.399601753585426822e+00
1.371009807067177455e+00
1.368899183996461710e+00
1.389514237189845680e+00
1.408616897178303295e+00
1.413105526549666813e+00
1.437377896703571301e+00
1.445655620098482697e+00
1.448809082875127885e+00
1.436125688891271457e+00
1.438687724403487023e+00
1.433518967655455834e+00
1.435872385029941523e+00
1.428319820773058524e+00
1.429704293690511108e+00
1.431963405655532151e+00
1.429340335458461286e+00
1.414908191405571891e+00
1.422628450625805341e+00
1.427785295957391121e+00
1.437653327526129843e+00
1.458352397733976735e+00
1.445220895243518600e+00
1.466537398499583755e+00
1.473910823507833534e+00
1.490939660290493185e+00
1.482417159294404430e+00
1.487410425876542153e+00
1.497369131655325702e+00
1.472978491790170930e+00
1.489502269669857881e+00
1.472821344191612924e+00
1.469864768450842352e+00
1.483659301336337055e+00
1.500968024157923963e+00
1.501953184135296437e+00
1.509914350797302296e+00
1.496568893568499092e+00
1.517217996890470877e+00
1.518852830537445575e+00
1.504680239763045879e+00
1.530076038319732490e+00
1.544791253988337498e+00
1.526919105299457957e+00
1.518587594637666571e+00
1.501493266344994248e+00
1.486803735446374342e+00
1.460912233748677291e+00
1.461515193260813694e+00
1.450335156711582973e+00
1.441563640559939241e+00
1.450709040558429308e+00
1.454764940891983604e+00
1.445795844965340526e+00
1.472439949396297632e+00
1.461261406974871058e+00
1.474461295140865547e+00
1.481955830777585525e+00
1.468905430886842112e+00
1.466615484710568351e+00
1.469139531679733546e+00
1.441002882385297390e+00
1.448951942288281058e+00
1.445500144336931303e+00
1.449942058766762409e+00
1.470730791107966562e+00
1.472073314153536039e+00
1.474344414824054539e+00
1.478080881397580759e+00
1.485712071666638989e+00
1.495314550392933928e+00
1.512294616974051653e+00
1.528201199203467864e+00
1.530410232812828619e+00
1.530011843238741287e+00
1.510339945982167364e+00
1.516380635163232737e+00
1.522446676807209576e+00
1.506354668222335214e+00
1.491012847083963866e+00
1.483758452435751662e+00
1.476203564449844130e+00
1.466844843736685888e+00
1.477050299536710742e+00
1.489898554520897811e+00
1.471072055849086846e+00
1.483539875908544081e+00
1.475822616802525467e+00
1.473340642923069543e+00
1.476116650981931899e+00
1.437605938353259338e+00
1.424132588147458245e+00
1.419687715022386998e+00
1.420937960602828731e+00
1.449241011454288408e+00
1.453615497094368658e+00
1.432719441456516307e+00
1.451213579637141704e+00
1.424522246277533988e+00
1.421991318965320605e+00
1.453872837656313033e+00
1.450173089069421106e+00
1.418740903638470829e+00
1.439924258527369050e+00
1.445763301658507860e+00
1.458944807892395445e+00
1.444975131826393255e+00
1.432056355949965498e+00
1.427087093522487304e+00
1.413394343521906293e+00
1.418144754027506727e+00
1.424189890916895296e+00
1.447888869681017265e+00
1.445759913705740862e+00
1.432958594771568173e+00
1.449229933538603632e+00
1.437064126719227675e+00
1.422973698202386617e+00
1.428446333822879000e+00
1.419365222683194983e+00
1.413666239145391579e+00
1.424131017636810270e+00
1.426693912884420268e+00
1.437662240762578980e+00
1.443997504711997282e+00
1.416497245610446321e+00
1.445039493777849016e+00
1.450975138861063884e+00
1.438642837827276866e+00
1.440375107411974387e+00
1.424638650684694863e+00
1.450394230797633410e+00
1.478746986071012959e+00
1.502179273082711708e+00
1.498995089759394217e+00
1.506668444327105671e+00
1.508655398750238907e+00
1.492902229740133313e+00
1.488052300606483414e+00
1.501431615430433686e+00
1.491497337936110945e+00
1.504861733013200142e+00
1.518188873913492332e+00
1.502402367268464323e+00
1.499434842461770501e+00
1.501749391323354166e+00
1.504898867441270438e+00
1.495068587077904354e+00
1.504746948994988065e+00
1.509044175868521132e+00
1.520587325390759359e+00
1.484966579666735065e+00
1.474620254238235839e+00
1.452686210509857911e+00
1.443747616378054266e+00
1.452449983875636175e+00
1.427562306170406581e+00
1.430052611588449096e+00
1.423200336818997158e+00
1.416653952028701369e+00
1.405727581863839282e+00
1.418732933339369229e+00
1.429475545986598206e+00
1.442918064975464043e+00
1.439952829980495563e+00
1.449299350618636684e+00
1.445704276805156008e+00
1.444612773324010835e+00
1.450778224038908215e+00
1.432865355282058939e+00
1.435359320832541252e+00
1.431121268850418238e+00
1.436506128194431131e+00
1.448483254792699793e+00
1.444145860891761002e+00
1.431006287159029666e+00
1.454877670585881688e+00
1.481905312294119037e+00
1.505495274094243108e+00
1.507841698034898315e+00
1.512131634220151843e+00
1.529091611693270236e+00
1.507023843087171855e+00
1.499265296962273952e+00
1.481938550675180544e+00
1.493594988152751046e+00
1.472191844180591014e+00
1.458558660641555704e+00
1.417529635146095313e+00
1.394768546661377062e+00
1.385265239281387561e+00
1.401974557089273432e+00
1.386823219767545412e+00
1.395424260499269709e+00
1.403346785095301863e+00
1.417690970691420471e+00
1.432587377119314498e+00
1.430841409920676766e+00
1.405446792804451617e+00
1.413062581207854995e+00
1.428501535004653267e+00
1.396137731483913846e+00
1.399464716631733552e+00
1.418679983381174292e+00
1.424105774350669096e+00
1.412924207941613330e+00
1.390441698943322368e+00
1.379340326028256625e+00
1.354667636923520657e+00
1.362852362894812375e+00
1.362816551549327349e+00
1.366770432015472769e+00
1.375131285542564141e+00
1.395236227975847010e+00
1.409642595078453242e+00
1.439124447118164785e+00
1.414382061616574759e+00
1.416687325439325962e+00
1.407640794780688154e+00
1.410425708276905166e+00
1.384040342615937558e+00
1.377150337848890960e+00
1.370866334728525926e+00
1.387635490696051743e+00
1.361069256446175713e+00
1.371523043494206062e+00
1.381789206811407267e+00
1.370704965931115016e+00
1.352312223568545413e+00
1.331106272287708725e+00
1.333994468249759757e+00
1.344577265368843477e+00
1.349380094779353501e+00
1.369490354289569778e+00
1.368968978912918910e+00
1.375085232627108578e+00
1.392810083080982642e+00
1.364748001034219893e+00
1.355850982647122560e+00
1.357530622430934475e+00
1.335447107543781708e+00
1.354469243706063697e+00
1.358488759461879525e+00
1.365930673884128144e+00
1.355901182668761695e+00
1.366470256334779920e+00
1.379609988059349313e+00
1.377137328495009694e+00
1.363072758095663639e+00
1.392194117644445450e+00
1.387110645789318975e+00
1.404022370116049467e+00
1.388085086012900149e+00
1.414222393118879539e+00
1.430978330374460983e+00
1.440740006293993458e+00
1.444036592393147744e+00
1.447494144769767344e+00
1.452627665913663213e+00
1.458523183027432779e+00
