9.761256501078605652e-01
5.773611669428646564e-01
8.075399789959192276e-01
8.281851899810135365e-01
8.401111799757927656e-01
9.614263430703431368e-01
7.956971190869808197e-01
7.272295861039310694e-01
8.018009760417044163e-01
6.942067979834973812e-01
8.656192100606858730e-01
7.135926559567451477e-01
6.516548029612749815e-01
8.646310621406883001e-01
6.521295169368386269e-01
1.056929795071482658e+00
7.832670190837234259e-01
8.149368960876017809e-01
7.841198579408228397e-01
8.292766809463500977e-01
8.892998360097408295e-01
6.372996850404888391e-01
5.784001848660409451e-01
8.277343930676579475e-01
7.278191440273076296e-01
7.241477319039404392e-01
7.274885999504476786e-01
6.968365130014717579e-01
6.429346201475709677e-01
6.841852210927754641e-01
8.160935780033469200e-01
8.048436508979648352e-01
7.827016320079565048e-01
8.467304969672113657e-01
1.025028995936736465e+00
8.436707938089966774e-01
8.415472810156643391e-01
8.233350629452615976e-01
8.468213481828570366e-01
6.384800069499760866e-01
7.315344379749149084e-01
7.398240910843014717e-01
6.990819990169256926e-01
7.130972030572593212e-01
8.987523699179291725e-01
9.994446958880871534e-01
8.317851868923753500e-01
1.020974545972421765e+00
1.032586073037236929e+00
1.062499871943145990e+00
1.057020573876798153e+00
7.191355600953102112e-01
8.859883011318743229e-01
8.753692540340125561e-01
6.468808669596910477e-01
6.716269669122993946e-01
6.927995118312537670e-01
7.256559110246598721e-01
6.818443289957940578e-01
6.383222450967878103e-01
8.844922478310763836e-01
9.622175171971321106e-01
1.061448239022865891e+00
7.937470111064612865e-01
7.934227590449154377e-01
8.619453760329633951e-01
8.051538809668272734e-01
1.035843564197421074e+00
7.198524950072169304e-01
8.566140630282461643e-01
6.679500071331858635e-01
7.094732839614152908e-01
6.523889370728284121e-01
8.425200658384710550e-01
6.751652569510042667e-01
7.087539229542016983e-01
8.507059009280055761e-01
6.443293120246380568e-01
7.931167900096625090e-01
6.999299300368875265e-01
7.699920670129358768e-01
7.813468349631875753e-01
1.045178611995652318e+00
1.058925791177898645e+00
8.188017688225954771e-01
8.173776238691061735e-01
6.570249691139906645e-01
8.849113129545003176e-01
7.012301539070904255e-01
7.121921500656753778e-01
6.710471000988036394e-01
7.255719569511711597e-01
8.305243579670786858e-01
6.800010148435831070e-01
6.741475919261574745e-01
9.000328991096466780e-01
7.931757268961519003e-01
7.603196050040423870e-01
7.536159558221697807e-01
1.063979242928326130e+00
7.141057029366493225e-01
7.965829488821327686e-01
6.503576659597456455e-01
6.303721100557595491e-01
6.998853969853371382e-01
6.960809731390327215e-01
8.826181038748472929e-01
8.082984490320086479e-01
6.687220311723649502e-01
8.588921730406582355e-01
6.904896490741521120e-01
6.782374049071222544e-01
8.433052219916135073e-01
1.026985432952642441e+00
8.322114748880267143e-01
9.846667849924415350e-01
7.284949310123920441e-01
8.461913219653069973e-01
7.307774808723479509e-01
8.315732118207961321e-01
6.441484298557043076e-01
8.748958951327949762e-01
6.749443691223859787e-01
6.470820379909127951e-01
6.726640351116657257e-01
6.825108700431883335e-01
6.997483340092003345e-01
6.274121340829879045e-01
6.312856120057404041e-01
1.074418769916519523e+00
8.508048341609537601e-01
7.611851119436323643e-01
1.071235982934013009e+00
8.708413799759000540e-01
8.546542448457330465e-01
6.923512360081076622e-01
6.906296850647777319e-01
6.637821821495890617e-01
8.091210469137877226e-01
6.438585831783711910e-01
6.847433878574520350e-01
6.257684319280087948e-01
6.842882160563021898e-01
6.472996769007295370e-01
7.873501610010862350e-01
7.645295942202210426e-01
1.029251775005832314e+00
7.872645098250359297e-01
7.735572569072246552e-01
7.906440140213817358e-01
6.959473961032927036e-01
6.489664579275995493e-01
6.743510009255260229e-01
6.922973741311579943e-01
8.986914779525250196e-01
6.667790280189365149e-01
6.799970199353992939e-01
8.997245049104094505e-01
6.941478070802986622e-01
7.032716609537601471e-01
8.659623048733919859e-01
8.503720108419656754e-01
7.523850048892199993e-01
7.373960041441023350e-01
7.926268421579152346e-01
8.200626450125128031e-01
7.094558719545602798e-01
6.445845530834048986e-01
6.425844090990722179e-01
8.265510229393839836e-01
6.081607830710709095e-01
8.748986718710511923e-01
6.022330671548843384e-01
7.229194699320942163e-01
8.284036181867122650e-01
7.828288590535521507e-01
1.043108513811603189e+00
7.825152240693569183e-01
8.147259401157498360e-01
7.754680539947003126e-01
8.259259238839149475e-01
6.952341489959508181e-01
8.173681958578526974e-01
6.586692018900066614e-01
8.173851289320737123e-01
6.613043099641799927e-01
6.725500652100890875e-01
7.232118039391934872e-01
8.843203589785844088e-01
7.087587709538638592e-01
5.880026540253311396e-01
7.923658171202987432e-01
8.083906439132988453e-01
1.003971115918830037e+00
7.575017639901489019e-01
8.164848620072007179e-01
8.722511900123208761e-01
7.320680590346455574e-01
6.656025140546262264e-01
7.079075670335441828e-01
7.014046190306544304e-01
6.275237710215151310e-01
7.001981390640139580e-01
7.226075259968638420e-01
6.524871799629181623e-01
6.522922229487448931e-01
6.844882920850068331e-01
1.063061613123863935e+00
9.570717590395361185e-01
7.801575921475887299e-01
8.135453939903527498e-01
8.429513610899448395e-01
9.805919348727911711e-01
7.473996661137789488e-01
6.738527428824454546e-01
6.517939211335033178e-01
8.810262698680162430e-01
6.549752310384064913e-01
8.647943581454455853e-01
6.127962691243737936e-01
8.676187919918447733e-01
7.236748649738729000e-01
6.775080640800297260e-01
6.771599620115011930e-01
7.775864629074931145e-01
8.157128209713846445e-01
1.054547915002331138e+00
7.702664069365710020e-01
8.403944780584424734e-01
8.052666909061372280e-01
7.821957911364734173e-01
6.517993081361055374e-01
6.695660171099007130e-01
7.250914049800485373e-01
8.235670540016144514e-01
6.493069520220160484e-01
8.110470690298825502e-01
7.252270458266139030e-01
6.790072889998555183e-01
6.912333439104259014e-01
7.165337209589779377e-01
8.360014059580862522e-01
7.218984200153499842e-01
7.644370479974895716e-01
7.844202921260148287e-01
8.408129669260233641e-01
1.028227187925949693e+00
1.038334932178258896e+00
7.580734470393508673e-01
7.926611208822578192e-01
6.276264348998665810e-01
6.648195779416710138e-01
8.564081790391355753e-01
7.013034000992774963e-01
7.035992450546473265e-01
7.022004970349371433e-01
6.654148080851882696e-01
7.253209759946912527e-01
7.276669980492442846e-01
7.130467989481985569e-01
6.825640059541910887e-01
6.648151241242885590e-01
7.970429030247032642e-01
7.660931039135903120e-01
7.714148520026355982e-01
1.006487924139946699e+00
7.954124559182673693e-01
7.981126289814710617e-01
6.499018000904470682e-01
7.001802390441298485e-01
6.633136640302836895e-01
6.110894109588116407e-01
8.634168650023639202e-01
6.429709577932953835e-01
6.863584010861814022e-01
7.853109959978610277e-01
6.826638320926576853e-01
6.628344568889588118e-01
6.431868798099458218e-01
8.085705139674246311e-01
7.574944230727851391e-01
1.002972692018374801e+00
1.038472208892926574e+00
8.635280898306518793e-01
8.203232339583337307e-01
8.169236709363758564e-01
9.872656420338898897e-01
6.708881289232522249e-01
8.287596909794956446e-01
6.635396119672805071e-01
7.094379840418696404e-01
6.558510710019618273e-01
6.790625201538205147e-01
6.995061761699616909e-01
4.224162439350038767e-01
6.650787468533962965e-01
7.021973300725221634e-01
8.051349690649658442e-01
7.792771849781274796e-01
1.037100354908034205e+00
1.037352805025875568e+00
1.029036406893283129e+00
9.896365650929510593e-01
6.120962589047849178e-01
7.072151100728660822e-01
6.622305421624332666e-01
6.758433161303400993e-01
8.383328260388225317e-01
6.886084279976785183e-01
4.772130439523607492e-01
7.179804451297968626e-01
6.309247880708426237e-01
7.253641230054199696e-01
1.015125873032957315e+00
7.945857851300388575e-01
9.861618459690362215e-01
7.942165681160986423e-01
8.429503049701452255e-01
7.870783288963139057e-01
9.290746920742094517e-01
6.611127830110490322e-01
8.680757042020559311e-01
8.531375529710203409e-01
8.572207889519631863e-01
6.855145879089832306e-01
6.402633769903331995e-01
8.453161090146750212e-01
6.714784090872853994e-01
6.383693967945873737e-01
8.298155290540307760e-01
7.925260630436241627e-01
7.758076630998402834e-01
8.239251249469816685e-01
8.318945870269089937e-01
8.033317821100354195e-01
7.277780219446867704e-01
6.875632980372756720e-01
6.146682449616491795e-01
6.296928639058023691e-01
6.303458930924534798e-01
8.611908711027354002e-01
6.621832621749490499e-01
6.570301169995218515e-01
6.905568891670554876e-01
6.561224870383739471e-01
8.343571729492396116e-01
8.759848938789218664e-01
8.253644770011305809e-01
8.612984048668295145e-01
8.480549911037087440e-01
8.447082969360053539e-01
7.749538470525294542e-01
7.142864519264549017e-01
6.666597451549023390e-01
6.207721550017595291e-01
8.540022161323577166e-01
8.312533679418265820e-01
8.576466660015285015e-01
6.864324619527906179e-01
6.945209989789873362e-01
6.684601840097457170e-01
7.190819780807942152e-01
6.522911540232598782e-01
1.021452859975397587e+00
8.584585001226514578e-01
8.385644680820405483e-01
9.869826149661093950e-01
8.176609431393444538e-01
9.799396749585866928e-01
6.887086371425539255e-01
8.863028131891041994e-01
6.542129539884626865e-01
6.901476730126887560e-01
7.152759020682424307e-01
7.073807590641081333e-01
5.480130470823496580e-01
5.917949168942868710e-01
7.219577550422400236e-01
6.895203329622745514e-01
7.857299570459872484e-01
6.320762149989604950e-01
6.904790259432047606e-01
9.996526178438216448e-01
7.617987229023128748e-01
8.378536931704729795e-01
8.053226780612021685e-01
8.290383559651672840e-01
1.034457667963579297e+00
7.425567079335451126e-01
8.390798601321876049e-01
8.513748499099165201e-01
6.342128021642565727e-01
6.613085879944264889e-01
8.720543258823454380e-01
8.712589722126722336e-01
7.238024789839982986e-01
8.882092521525919437e-01
8.046574960462749004e-01
8.561157400254160166e-01
7.021827369462698698e-01
8.490719799883663654e-01
8.253179069142788649e-01
8.343587559647858143e-01
9.492655389476567507e-01
8.793030669912695885e-01
8.720218869857490063e-01
7.169938618317246437e-01
6.972564219031482935e-01
6.512857060879468918e-01
7.074063899926841259e-01
8.321331290062516928e-01
6.609020240139216185e-01
6.051917430013418198e-01
6.301390710286796093e-01
6.851121438667178154e-01
7.360780721064656973e-01
1.044312627986073494e+00
7.790061240084469318e-01
8.522704208735376596e-01
8.264909440185874701e-01
1.067759155062958598e+00
7.203192880842834711e-01
8.542244508862495422e-01
8.520901808515191078e-01
6.021116441115736961e-01
9.114034208469092846e-01
4.348155572079122066e-01
6.778289540670812130e-01
6.411336211021989584e-01
6.930078349541872740e-01
8.509487421251833439e-01
8.642937180120497942e-01
6.662905961275100708e-01
9.222960721235722303e-01
8.272552909329533577e-01
9.999032758641988039e-01
8.174566419329494238e-01
8.251806281041353941e-01
1.068399836076423526e+00
7.686147671192884445e-01
6.712597371079027653e-01
6.422638059593737125e-01
4.430901301093399525e-01
6.348404271993786097e-01
8.541183441411703825e-01
6.747179999947547913e-01
6.702247341163456440e-01
6.784837429877370596e-01
8.478049819823354483e-01
6.742118850816041231e-01
6.524133721832185984e-01
6.531142729800194502e-01
7.136701610870659351e-01
8.238125129137188196e-01
7.645520230289548635e-01
7.842828088905662298e-01
1.056249833898618817e+00
9.644593668635934591e-01
8.394604921340942383e-01
8.929498589131981134e-01
8.630850738845765591e-01
6.904443909879773855e-01
6.317325220443308353e-01
8.261315501295030117e-01
6.908443490974605083e-01
5.683982130140066147e-01
6.331623429432511330e-01
6.363500109873712063e-01
6.573507271241396666e-01
8.364328180905431509e-01
8.136047869920730591e-01
7.959870190825313330e-01
9.493119909893721342e-01
1.054997690021991730e+00
8.006193120963871479e-01
7.832165069412440062e-01
9.413382639177143574e-01
6.800508568994700909e-01
6.544249439612030983e-01
7.175437922123819590e-01
6.683545620180666447e-01
6.975549240596592426e-01
6.342739430256187916e-01
6.677333321422338486e-01
6.549991730134934187e-01
8.403441368136554956e-01
8.009771280921995640e-01
8.021116470918059349e-01
8.307554649654775858e-01
7.680172980763018131e-01
1.039378153160214424e+00
9.321680280845612288e-01
8.456848538480699062e-01
7.481936020776629448e-01
6.753520220518112183e-01
6.093650350812822580e-01
6.427657448220998049e-01
7.094754050485789776e-01
6.938233119435608387e-01
6.489557391032576561e-01
6.674178661778569221e-01
8.514152988791465759e-01
7.516783890314400196e-01
7.868339081760495901e-01
1.051470992853865027e+00
7.824067908804863691e-01
8.489439799450337887e-01
7.639594830106943846e-01
1.070141053991392255e+00
8.433378499466925859e-01
6.272231990005820990e-01
7.019392279908061028e-01
6.826837630942463875e-01
6.748148519545793533e-01
6.844738831277936697e-01
5.869395029731094837e-01
6.342327028978615999e-01
6.241783960722386837e-01
6.827190199401229620e-01
6.639048091601580381e-01
6.535675039049237967e-01
7.931683280039578676e-01
7.117066241335123777e-01
1.059304062044247985e+00
1.023187526036053896e+00
7.711366529110819101e-01
8.523059771396219730e-01
8.179948311299085617e-01
1.024130761157721281e+00
7.164261259604245424e-01
6.699080879334360361e-01
7.018364630639553070e-01
8.728031518403440714e-01
6.659864899702370167e-01
6.621646850835531950e-01
7.011348900850862265e-01
8.811783550772815943e-01
7.240984390955418348e-01
7.940764378290623426e-01
8.538082349114120007e-01
7.490238130558282137e-01
7.849204191006720066e-01
8.381118730176240206e-01
7.543043380137532949e-01
7.307348088361322880e-01
6.761154357809573412e-01
8.655848910566419363e-01
6.526349959895014763e-01
6.923710128758102655e-01
6.437750600744038820e-01
6.655277949757874012e-01
6.761683358345180750e-01
6.447303560562431812e-01
6.643813040573149920e-01
6.428400189615786076e-01
7.152776219882071018e-01
7.117018271237611771e-01
7.134746541269123554e-01
1.040471202926710248e+00
8.220728079322725534e-01
8.348272619768977165e-01
7.749460961204022169e-01
8.074335101991891861e-01
7.766547009814530611e-01
7.539201960898935795e-01
7.032498670741915703e-01
6.935799438506364822e-01
7.021175189875066280e-01
8.476761288475245237e-01
6.839672329369932413e-01
6.936237458139657974e-01
6.733827730640769005e-01
7.163303301203995943e-01
8.396440919023007154e-01
6.929084998555481434e-01
6.382883989717811346e-01
7.389048840850591660e-01
8.215917150955647230e-01
9.918668889440596104e-01
7.617870401591062546e-01
8.083184829447418451e-01
8.218336119316518307e-01
7.733945338986814022e-01
6.610801611095666885e-01
7.031230919528752565e-01
6.933786091394722462e-01
6.673888540826737881e-01
6.839621420949697495e-01
7.173436060547828674e-01
6.108073620125651360e-01
6.830494208261370659e-01
8.517904770560562611e-01
8.388675590977072716e-01
7.430312379729002714e-01
8.299395330250263214e-01
8.226709561422467232e-01
8.327000460121780634e-01
1.003752039046958089e+00
7.865073019638657570e-01
5.341529289726167917e-01
8.733110548928380013e-01
6.387478380929678679e-01
6.646149440202862024e-01
6.867500920780003071e-01
6.834393960889428854e-01
6.578639280050992966e-01
7.131082618143409491e-01
6.955065771471709013e-01
8.823091010563075542e-01
6.149538380559533834e-01
6.844197378959506750e-01
5.740891040768474340e-01
6.907091089524328709e-01
9.723381530493497849e-01
7.274166829884052277e-01
7.745608629193156958e-01
8.273846849333494902e-01
1.049795478116720915e+00
8.194856368936598301e-01
9.591640830039978027e-01
6.546797470655292273e-01
6.105666479561477900e-01
7.081462370697408915e-01
6.521929749287664890e-01
7.170393140986561775e-01
6.683591129258275032e-01
6.652292578946799040e-01
6.712725448887795210e-01
7.117279111407697201e-01
8.170482960995286703e-01
8.443661448545753956e-01
1.048667865805327892e+00
7.425297419540584087e-01
1.015658735996112227e+00
8.091012260410934687e-01
7.028925218619406223e-01
7.043463510926812887e-01
6.747680928092449903e-01
6.953622861765325069e-01
7.028548049274832010e-01
6.550028629135340452e-01
6.360283379908651114e-01
6.768205810803920031e-01
6.444027950055897236e-01
6.718580019660294056e-01
7.105689009185880423e-01
6.683837689924985170e-01
6.586009280290454626e-01
8.441731799393892288e-01
8.001603169832378626e-01
8.306114240549504757e-01
8.096123919822275639e-01
6.999607980251312256e-01
8.312020699959248304e-01
7.735105729661881924e-01
6.538361280690878630e-01
6.906034131534397602e-01
7.206403110176324844e-01
6.455577979795634747e-01
6.616215668618679047e-01
6.378447900060564280e-01
7.036272140685468912e-01
6.992437790613621473e-01
6.654680878855288029e-01
6.160404840484261513e-01
6.568394890055060387e-01
6.872448159847408533e-01
7.018336020410060883e-01
9.755444340407848358e-01
6.895963400602340698e-01
7.980024828575551510e-01
9.382104959804564714e-01
1.021415936062112451e+00
8.405744000338017941e-01
9.361413149163126945e-01
6.193917819764465094e-01
6.352784479968249798e-01
6.689577579963952303e-01
6.493008758407086134e-01
6.875337450765073299e-01
8.536564498208463192e-01
6.953706000931560993e-01
6.470760360825806856e-01
8.264722679741680622e-01
7.744481400586664677e-01
8.714565250556915998e-01
7.780831730924546719e-01
8.602414790075272322e-01
7.570728179998695850e-01
8.583978649694472551e-01
8.610373961273580790e-01
7.876730791758745909e-01
1.036235802108421922e+00
8.768223680090159178e-01
6.451530270278453827e-01
6.357776818331331015e-01
8.500589451286941767e-01
6.776771389413625002e-01
8.568238420411944389e-01
6.787913539446890354e-01
6.382182538509368896e-01
6.976036420091986656e-01
6.562672019936144352e-01
6.683026300743222237e-01
7.554118218831717968e-01
8.523899118881672621e-01
7.410118607804179192e-01
8.355136939790099859e-01
9.915364319458603859e-01
8.185012759640812874e-01
8.093140129931271076e-01
6.244142348878085613e-01
6.952232338953763247e-01
6.822964388411492109e-01
6.572818609420210123e-01
8.763336560223251581e-01
8.659244889859110117e-01
6.583373472094535828e-01
6.499362550675868988e-01
8.286017819773405790e-01
7.222841209731996059e-01
6.686162201222032309e-01
8.799224260728806257e-01
7.571270491462200880e-01
7.562700889538973570e-01
7.234261068515479565e-01
7.677549950312823057e-01
8.221801039762794971e-01
1.012911207973957062e+00
7.623349188361316919e-01
6.774835500400513411e-01
8.535468420013785362e-01
6.914003889542073011e-01
6.343179899267852306e-01
7.942967819981276989e-01
8.670483939349651337e-01
6.207765869330614805e-01
6.655906930100172758e-01
7.772176279686391354e-01
1.040581549052149057e+00
8.125322728883475065e-01
7.761316280812025070e-01
1.052351827034726739e+00
8.014009192120283842e-01
8.259568959474563599e-01
8.782290010713040829e-01
6.881660919170826674e-01
6.898960550315678120e-01
6.651122241746634245e-01
6.486011429224163294e-01
6.889427891001105309e-01
8.240326058585196733e-01
7.074617850594222546e-01
7.394635339733213186e-01
9.149876248557120562e-01
1.054227493004873395e+00
8.659500298090279102e-01
8.556454388890415430e-01
9.430022789165377617e-01
8.257897961884737015e-01
7.147801909595727921e-01
6.990360019262880087e-01
7.226852069143205881e-01
8.488504630513489246e-01
8.310086869169026613e-01
6.280257438775151968e-01
7.210668299812823534e-01
6.770031161140650511e-01
7.134572619106620550e-01
8.676534469705075026e-01
6.293399038258939981e-01
7.155959359370172024e-01
7.200710559263825417e-01
7.446351381950080395e-01
8.459271120373159647e-01
8.125201808288693428e-01
8.019143599085509777e-01
1.066431850893422961e+00
7.898522270843386650e-01
7.195093149784952402e-01
7.060361839830875397e-01
8.533075000159442425e-01
8.711824521888047457e-01
6.467718600761145353e-01
7.120048399083316326e-01
4.470912290271371603e-01
7.213437061291188002e-01
6.639758748933672905e-01
8.386102649383246899e-01
8.316401231568306684e-01
7.847828960511833429e-01
9.697558919433504343e-01
7.867569669615477324e-01
7.856109200511127710e-01
7.540452571120113134e-01
7.762070021126419306e-01
6.649469148833304644e-01
6.346739230211824179e-01
8.858586770948022604e-01
8.857039040885865688e-01
8.463901621289551258e-01
8.617251438554376364e-01
6.919672260992228985e-01
6.849508569575846195e-01
8.529854209627956152e-01
8.308768200222402811e-01
6.363762500695884228e-01
8.634573989547789097e-01
1.000167000107467175e+00
7.736826380714774132e-01
8.079395059030503035e-01
1.027682825922966003e+00
7.748882030136883259e-01
6.711191739886999130e-01
8.395545082166790962e-01
8.409980360884219408e-01
6.807572250254452229e-01
6.751790228299796581e-01
7.021839180961251259e-01
8.658628941047936678e-01
7.412817359436303377e-01
1.032850594958290458e+00
8.341279709711670876e-01
8.604723000898957253e-01
8.004719349555671215e-01
9.838733389042317867e-01
1.017569561954587698e+00
8.141198491211980581e-01
8.308112889062613249e-01
6.741708531044423580e-01
8.195425199810415506e-01
8.241947251372039318e-01
6.731971509288996458e-01
6.731641888618469238e-01
6.931179449893534184e-01
7.172476120758801699e-01
7.208791859447956085e-01
6.375909100752323866e-01
7.179882600903511047e-01
6.526882331818342209e-01
8.278222170192748308e-01
1.028850954957306385e+00
8.643037788569927216e-01
8.071913749445229769e-01
8.334684611763805151e-01
7.627792379353195429e-01
9.299748549237847328e-01
8.462371570058166981e-01
6.913497739005833864e-01
6.771032279357314110e-01
6.551240710541605949e-01
8.197840580251067877e-01
4.261264160741120577e-01
6.843693850096315145e-01
8.766686911694705486e-01
7.650134749710559845e-01
8.320717210881412029e-01
9.731812360696494579e-01
8.080077420454472303e-01
8.328791421372443438e-01
9.395533751230686903e-01
7.733771088533103466e-01
7.055677869357168674e-01
6.352920511271804571e-01
7.942322159651666880e-01
6.453289410565048456e-01
6.196801559999585152e-01
6.999013209715485573e-01
8.662755559198558331e-01
8.887925741728395224e-01
6.854700748808681965e-01
8.492354168556630611e-01
6.539010431151837111e-01
6.655503059737384319e-01
6.880871448665857315e-01
8.123620268888771534e-01
8.257118121255189180e-01
8.034471438731998205e-01
8.598362561315298080e-01
1.018354034051299095e+00
7.924171180929988623e-01
6.382684889249503613e-01
6.748976660892367363e-01
7.161508509889245033e-01
8.466132730245590210e-01
7.030331310816109180e-01
6.844740801025182009e-01
6.865932550281286240e-01
7.193057590629905462e-01
7.222116361372172832e-01
7.190050550270825624e-01
7.121791010722517967e-01
8.343684079591184855e-01
7.656647129915654659e-01
8.297397459391504526e-01
7.722081188112497330e-01
8.380065090022981167e-01
8.519424870610237122e-01
7.599817670416086912e-01
8.406108161434531212e-01
6.968516970518976450e-01
8.095467991661280394e-01
6.725345349404960871e-01
8.463162381667643785e-01
8.269077229779213667e-01
6.626573610119521618e-01
6.905788001604378223e-01
7.121426188386976719e-01
8.137335809879004955e-01
6.149491087999194860e-01
6.640541309025138617e-01
6.822040760889649391e-01
6.576707921922206879e-01
8.267784730996936560e-01
9.992995650973170996e-01
8.273544209077954292e-01
8.386966658290475607e-01
1.052502766018733382e+00
9.360856991261243820e-01
8.170723600778728724e-01
8.665405639912933111e-01
7.031800169497728348e-01
8.582176470663398504e-01
6.639709270093590021e-01
6.904144650325179100e-01
5.805207940284162760e-01
6.662043537944555283e-01
6.781295537948608398e-01
8.460188531316816807e-01
7.879348760470747948e-01
7.385515000205487013e-01
7.414059571456164122e-01
7.611471929121762514e-01
7.178515659179538488e-01
7.794184850063174963e-01
1.063353277975693345e+00
7.016814970411360264e-01
7.027462399564683437e-01
6.996142519637942314e-01
6.620386990252882242e-01
4.354507068637758493e-01
6.453936081379652023e-01
6.754577578976750374e-01
6.827956109773367643e-01
7.791929030790925026e-01
1.058313736924901605e+00
8.330333770718425512e-01
1.051284269196912646e+00
1.057239481015130877e+00
1.026814986020326614e+00
9.261650349944829941e-01
6.728131731506437063e-01
6.534187449142336845e-01
8.160239949356764555e-01
6.444287968333810568e-01
6.617217659950256348e-01
6.798996848519891500e-01
6.827210790943354368e-01
6.371790771372616291e-01
6.504899209830909967e-01
6.369013681542128325e-01
7.005433759186416864e-01
8.407477810978889465e-01
8.733453019522130489e-01
8.728724031243473291e-01
7.612024520058184862e-01
8.064981789793819189e-01
8.454074407927691936e-01
7.646905891597270966e-01
7.612795000895857811e-01
8.590875000227242708e-01
7.317813460249453783e-01
8.262936968822032213e-01
6.537631249520927668e-01
8.554405670147389174e-01
6.687693069688975811e-01
6.890417279209941626e-01
6.598789608106017113e-01
8.015002929605543613e-01
6.879712459631264210e-01
6.684997070115059614e-01
6.845985499676316977e-01
7.940638160798698664e-01
7.942448009271174669e-01
8.040240858681499958e-01
7.479381631128489971e-01
7.932311790063977242e-01
7.559074170421808958e-01
8.476929420139640570e-01
7.827526088804006577e-01
7.135752530302852392e-01
8.538551859091967344e-01
6.898341740015894175e-01
7.864855029620230198e-01
6.175313929561525583e-01
7.144945531617850065e-01
6.802371288649737835e-01
6.589774519670754671e-01
6.223790240474045277e-01
1.047552706906571984e+00
8.066872549243271351e-01
7.937734399456530809e-01
8.499672580510377884e-01
7.919540719594806433e-01
8.382195520680397749e-01
8.086842291522771120e-01
7.831176579929888248e-01
7.153107619378715754e-01
8.870692609343677759e-01
6.456592332106083632e-01
6.834429979790002108e-01
8.534058399964123964e-01
8.679921319708228111e-01
8.791895469184964895e-01
6.822471430059522390e-01
7.041605189442634583e-01
8.180909329093992710e-01
7.624075189232826233e-01
1.022001578006893396e+00
7.474658128339797258e-01
8.559954871889203787e-01
9.633966840337961912e-01
7.128491559997200966e-01
6.712422990240156651e-01
6.136788879521191120e-01
8.664916120469570160e-01
6.437502810731530190e-01
8.226868039928376675e-01
8.400926399044692516e-01
8.708750728983432055e-01
6.559257640037685633e-01
6.705513480119407177e-01
8.522267139051109552e-01
7.160930249374359846e-01
8.565564029850065708e-01
8.270124839618802071e-01
5.115369479171931744e-01
7.612611248623579741e-01
9.922425281256437302e-01
7.148166820406913757e-01
6.842722690198570490e-01
6.234687909018248320e-01
8.818081908393651247e-01
6.666046050377190113e-01
7.912382530048489571e-01
8.250856769736856222e-01
7.804205911234021187e-01
8.791584358550608158e-01
6.924208269920200109e-01
9.696744969114661217e-01
8.585431338287889957e-01
8.288264260627329350e-01
9.516221340745687485e-01
7.702972709666937590e-01
8.090898140799254179e-01
7.650896799750626087e-01
7.084554559551179409e-01
6.902490509673953056e-01
6.472161030396819115e-01
6.974361899774521589e-01
7.147884981241077185e-01
6.907828738912940025e-01
6.760242749005556107e-01
6.845194750931113958e-01
7.127817629370838404e-01
6.342766929883509874e-01
9.617666541598737240e-01
9.457481950521469116e-01
8.169470319990068674e-01
8.081796031910926104e-01
8.601062509696930647e-01
1.013221834087744355e+00
9.782243559602648020e-01
8.471447899937629700e-01
8.448573797941207886e-01
6.731666259001940489e-01
6.153263270389288664e-01
6.314206130336970091e-01
6.346143209375441074e-01
6.548634029459208250e-01
8.224539170041680336e-01
6.764433400239795446e-01
6.800173660740256310e-01
6.640201250556856394e-01
7.921524948906153440e-01
1.047149199061095715e+00
8.564452708233147860e-01
1.011096317088231444e+00
1.010792871937155724e+00
8.191627350170165300e-01
9.200013389345258474e-01
4.279937499668449163e-01
6.989340810105204582e-01
6.355981859378516674e-01
8.635667650960385799e-01
8.075560932047665119e-01
8.639937408734112978e-01
8.368003249634057283e-01
6.942901611328125000e-01
6.273615469690412283e-01
8.718324389774352312e-01
9.862609221599996090e-01
8.247898479457944632e-01
7.263067660387605429e-01
1.028866657987236977e+00
9.291279311291873455e-01
8.188851829618215561e-01
7.165596811100840569e-01
6.501229628920555115e-01
7.906577719841152430e-01
8.596456190571188927e-01
8.587158878799527884e-01
6.889257708098739386e-01
7.121059910859912634e-01
8.659303369931876659e-01
6.667651149909943342e-01
7.082589177880436182e-01
6.039956270251423120e-01
6.871253598947077990e-01
7.642933619208633900e-01
8.527929000556468964e-01
7.957422130275517702e-01
7.876958400011062622e-01
7.885613781400024891e-01
1.000301396939903498e+00
7.414398069959133863e-01
7.039521820843219757e-01
7.013420958537608385e-01
6.748091909103095531e-01
7.136157299391925335e-01
8.847621269524097443e-01
7.148030940443277359e-01
6.357620370108634233e-01
7.001869010273367167e-01
6.651004119776189327e-01
7.131274610292166471e-01
6.952586469706147909e-01
8.290524219628423452e-01
6.488130090292543173e-01
8.188730438705533743e-01
7.772357461508363485e-01
8.446564078330993652e-01
8.301523509435355663e-01
1.069035043008625507e+00
9.448411550838500261e-01
6.709557501599192619e-01
6.553101791068911552e-01
8.483527940697968006e-01
6.268625808879733086e-01
8.682403478305786848e-01
6.926238050218671560e-01
6.298103698063641787e-01
6.750352140516042709e-01
8.636506390757858753e-01
7.025278219953179359e-01
6.425413710530847311e-01
8.173483689315617085e-01
8.589291370008140802e-01
8.266506209038197994e-01
7.970513710752129555e-01
8.197883500251919031e-01
1.049950701184570789e+00
6.307839539367705584e-01
6.684272880665957928e-01
6.344460600521415472e-01
8.625987521372735500e-01
8.272505588829517365e-01
6.443630789872258902e-01
6.656010290607810020e-01
6.492680259980261326e-01
6.754522221162915230e-01
6.847013030201196671e-01
7.144903840962797403e-01
7.288322290405631065e-01
9.735439401119947433e-01
9.837298279162496328e-01
8.317588898353278637e-01
8.134711938910186291e-01
7.741024650167673826e-01
6.870593340136110783e-01
6.615761520806699991e-01
8.608412989415228367e-01
7.197562179062515497e-01
6.626073790248483419e-01
6.522914459928870201e-01
6.638700601179152727e-01
5.711737070232629776e-01
8.359897478949278593e-01
6.537717839237302542e-01
8.090670660603791475e-01
1.063549450132995844e+00
7.620422311592847109e-01
1.036030100192874670e+00
5.474876251537352800e-01
8.245684360153973103e-01
7.183200889267027378e-01
8.459101801272481680e-01
6.907182459253817797e-01
6.473791908938437700e-01
6.444757429417222738e-01
6.992969030980020761e-01
6.527813840657472610e-01
6.817579809576272964e-01
8.349919288884848356e-01
7.179192712064832449e-01
8.363766630645841360e-01
6.997026770841330290e-01
1.057524336967617273e+00
8.117084479890763760e-01
8.256447080057114363e-01
8.487881550099700689e-01
7.767019418533891439e-01
1.032781976973637938e+00
6.910738600417971611e-01
7.802884220145642757e-01
6.757104948628693819e-01
6.507882080040872097e-01
6.822233488783240318e-01
7.151207139249891043e-01
6.364750799257308245e-01
6.371509940363466740e-01
6.195099910255521536e-01
5.609697489999234676e-01
6.526804459281265736e-01
1.019135316833853722e+00
1.052370308898389339e+00
8.208990939892828465e-01
7.815330498851835728e-01
1.026909556007012725e+00
7.441321318037807941e-01
6.237171071115881205e-01
7.027743791695684195e-01
6.602562840562313795e-01
6.272368030622601509e-01
7.111944579519331455e-01
6.658779790159314871e-01
6.546410201117396355e-01
7.146297860890626907e-01
7.118052490986883640e-01
8.333723251707851887e-01
8.208632110618054867e-01
1.000336986966431141e+00
7.830515499226748943e-01
7.942415338475257158e-01
8.136631899978965521e-01
7.963552470318973064e-01
7.160360878333449364e-01
6.060598869808018208e-01
6.510038410779088736e-01
7.096608979627490044e-01
6.338675951119512320e-01
8.071225448511540890e-01
6.935383668169379234e-01
7.853620820678770542e-01
7.040570171084254980e-01
7.191734940279275179e-01
8.460941009689122438e-01
7.734962129034101963e-01
7.853268068283796310e-01
8.532564009074121714e-01
7.711481610313057899e-01
8.622314620297402143e-01
6.576453479938209057e-01
7.206258689984679222e-01
7.161162549164146185e-01
5.824143609497696161e-01
6.397273140028119087e-01
6.754270859528332949e-01
8.741201108787208796e-01
6.906523760408163071e-01
8.829690548591315746e-01
7.027893608901649714e-01
9.414261709898710251e-01
8.083510028664022684e-01
8.535111681558191776e-01
9.661753328982740641e-01
8.159896649885922670e-01
7.296754010021686554e-01
1.012373732170090079e+00
6.894590780138969421e-01
6.470355661585927010e-01
5.517284749075770378e-01
8.636508248746395111e-01
6.739926929585635662e-01
6.032242719084024429e-01
8.919304870069026947e-01
6.952523030340671539e-01
6.483820509165525436e-01
7.134696010034531355e-01
7.466060188598930836e-01
7.649651500396430492e-01
8.119226950220763683e-01
8.051429579500108957e-01
7.849821918644011021e-01
7.302523420657962561e-01
7.751486389897763729e-01
7.508808430284261703e-01
7.116418888326734304e-01
8.173810781445354223e-01
7.155045690014958382e-01
5.801210149656981230e-01
8.356314189732074738e-01
6.836629600729793310e-01
7.198184940498322248e-01
8.818592280149459839e-01
6.911835889331996441e-01
6.690261180046945810e-01
7.613531369715929031e-01
1.049213221995159984e+00
8.598188029136508703e-01
8.323604960460215807e-01
8.425600810442119837e-01
7.786009660921990871e-01
7.685675208922475576e-01
8.786877579987049103e-01
7.204922931268811226e-01
6.751983251888304949e-01
6.025307718664407730e-01
8.650499209761619568e-01
6.773800379596650600e-01
8.601502580568194389e-01
8.404317479580640793e-01
8.596785750705748796e-01
6.547473378013819456e-01
8.324028421193361282e-01
9.713551870081573725e-01
8.091976728755980730e-01
9.488875428214669228e-01
8.353109660092741251e-01
7.529067229479551315e-01
9.787966941948980093e-01
6.951870669145137072e-01
6.773733270820230246e-01
6.653343699872493744e-01
6.453824560157954693e-01
6.559878787957131863e-01
6.432761489413678646e-01
6.949968549888581038e-01
6.658190570306032896e-01
6.301956190727651119e-01
7.048263768665492535e-01
7.827094311360269785e-01
7.582672210410237312e-01
7.314859998878091574e-01
7.983453799970448017e-01
8.065498790238052607e-01
8.180559689644724131e-01
8.587686391547322273e-01
6.823030360974371433e-01
6.440090250689536333e-01
6.656656551640480757e-01
5.891450820490717888e-01
6.723331050015985966e-01
8.803449920378625393e-01
7.784970758948475122e-01
8.636072471272200346e-01
6.455612229183316231e-01
6.741051508579403162e-01
8.190370569936931133e-01
7.872567749582231045e-01
1.027042608940973878e+00
7.867412080522626638e-01
1.039105108939111233e+00
8.464694879949092865e-01
7.921570339240133762e-01
7.039533760398626328e-01
6.464583689812570810e-01
7.008013329468667507e-01
5.774196130223572254e-01
7.013376490212976933e-01
6.634532199241220951e-01
8.719769949093461037e-01
8.299583799671381712e-01
7.166441879235208035e-01
9.473953619599342346e-01
1.057555697159841657e+00
7.972630970180034637e-01
7.774814900476485491e-01
7.539423550479114056e-01
7.867921160068362951e-01
1.046558213885873556e+00
6.684403561521321535e-01
6.407457618042826653e-01
8.755904140416532755e-01
8.796073130797594786e-01
8.492160940077155828e-01
7.170686149038374424e-01
4.648885088972747326e-01
6.655726979952305555e-01
6.914521618746221066e-01
1.012625603005290031e+00
8.198972430545836687e-01
7.747121141292154789e-01
9.664964431431144476e-01
7.618255170527845621e-01
7.857875898480415344e-01
6.730173111427575350e-01
7.203710509929805994e-01
7.931740749627351761e-01
6.420942998956888914e-01
6.949429949745535851e-01
8.216156458947807550e-01
8.703206148929893970e-01
8.134538319427520037e-01
8.761459619272500277e-01
6.485902608837932348e-01
8.698437239509075880e-01
7.997011227998882532e-01
1.011712566949427128e+00
8.003187810536473989e-01
7.859468739479780197e-01
8.254060409963130951e-01
7.994842880871146917e-01
9.948409451171755791e-01
6.854063312057405710e-01
6.431316807866096497e-01
6.391102948691695929e-01
6.565003080759197474e-01
7.189896109048277140e-01
8.281458590645343065e-01
8.663296110462397337e-01
6.813241140916943550e-01
6.843820200301706791e-01
6.399292671121656895e-01
6.502502299845218658e-01
1.025052038021385670e+00
8.455647979862987995e-01
9.465557490475475788e-01
8.331301549915224314e-01
1.003607103833928704e+00
8.066194250714033842e-01
7.255992048885673285e-01
7.077877880074083805e-01
6.114823468960821629e-01
6.283763081301003695e-01
6.914624159689992666e-01
7.025450638029724360e-01
6.847922729793936014e-01
6.999933270271867514e-01
7.146057179197669029e-01
5.801343040075153112e-01
6.997666119132190943e-01
7.801288010086864233e-01
7.194918340537697077e-01
1.061296166852116585e+00
8.164549909997731447e-01
9.450649688951671124e-01
9.446274719666689634e-01
8.411678569391369820e-01
8.182519359979778528e-01
6.581833208911120892e-01
6.911988600622862577e-01
8.876904300414025784e-01
5.961003489792346954e-01
6.733997368719428778e-01
6.858497620560228825e-01
6.190352861303836107e-01
6.368653979152441025e-01
6.957199000753462315e-01
6.977595379576086998e-01
8.369484310969710350e-01
7.640269270632416010e-01
8.003913050051778555e-01
7.539262508507817984e-01
7.973893429152667522e-01
8.424877179786562920e-01
9.876103589776903391e-01
6.559680739883333445e-01
6.944848799612373114e-01
6.836301039438694715e-01
6.271247200202196836e-01
6.828810560982674360e-01
8.850637269206345081e-01
8.647636659443378448e-01
7.134460001252591610e-01
6.769367151428014040e-01
8.740062580909579992e-01
5.886963100638240576e-01
6.282325130887329578e-01
7.867892261128872633e-01
7.512044261675328016e-01
1.035477808909490705e+00
8.084610300138592720e-01
7.718554108869284391e-01
7.320874382276087999e-01
7.995867449790239334e-01
6.874456629157066345e-01
8.123794619459658861e-01
8.492453319486230612e-01
8.383277580142021179e-01
8.367544030770659447e-01
8.869753510225564241e-01
8.679321808740496635e-01
6.658670969773083925e-01
6.274710970465093851e-01
6.874680682085454464e-01
7.527784691192209721e-01
1.052713039098307490e+00
7.882917129900306463e-01
8.207136059645563364e-01
8.315089661628007889e-01
7.403985850978642702e-01
8.927650379482656717e-01
6.724898349493741989e-01
6.383445449173450470e-01
8.753327319864183664e-01
8.788237618282437325e-01
6.357668510172516108e-01
8.550476660020649433e-01
6.935722930356860161e-01
6.544145299121737480e-01
6.924966010265052319e-01
7.155262532178312540e-01
6.880497299134731293e-01
7.385941839311271906e-01
9.573016220238059759e-01
1.050692351069301367e+00
8.065958130173385143e-01
8.364070220850408077e-01
7.332236031070351601e-01
8.778540000785142183e-01
8.786757150664925575e-01
6.459167799912393093e-01
6.933402898721396923e-01
6.848155381157994270e-01
6.657358231022953987e-01
6.495020710863173008e-01
6.961747310124337673e-01
6.530636348761618137e-01
1.033051406964659691e+00
8.125093241687864065e-01
8.231779499910771847e-01
8.721201508305966854e-01
8.100883939769119024e-01
7.654442258644849062e-01
9.818055799696594477e-01
8.570137610659003258e-01
8.382697349879890680e-01
6.437805658206343651e-01
6.477652210742235184e-01
6.655496270395815372e-01
8.767327058594673872e-01
6.434325659647583961e-01
6.618334779050201178e-01
6.433974588289856911e-01
8.443723351228982210e-01
6.345330460462719202e-01
7.710743669886142015e-01
8.611599989235401154e-01
7.403760619927197695e-01
7.726584060583263636e-01
8.602825209964066744e-01
7.282779579982161522e-01
7.539970411453396082e-01
8.624051120132207870e-01
5.997474179603159428e-01
6.504771430045366287e-01
7.188955920282751322e-01
6.491241569165140390e-01
8.570393528789281845e-01
6.583045700099319220e-01
6.201967929955571890e-01
8.375879388768225908e-01
8.407655418850481510e-01
6.586562399752438068e-01
6.685391918290406466e-01
7.819389149080961943e-01
8.096922968979924917e-01
9.495557709597051144e-01
1.018375508952885866e+00
8.360058651305735111e-01
7.113561460282653570e-01
7.325506599154323339e-01
8.595181950367987156e-01
7.964408597908914089e-01
6.684733361471444368e-01
6.144297190476208925e-01
6.600143150426447392e-01
6.869224968831986189e-01
7.054545781575143337e-01
6.022749179974198341e-01
6.810671361163258553e-01
7.428864168468862772e-01
1.040542936883866787e+00
7.554428789298981428e-01
8.213109010830521584e-01
8.001333810389041901e-01
8.448492651805281639e-01
1.037954199826344848e+00
6.446568979881703854e-01
8.556278198957443237e-01
8.379767918959259987e-01
6.846565580926835537e-01
6.274812798947095871e-01
5.549195341300219297e-01
5.844608449842780828e-01
6.681778719648718834e-01
7.120963151101022959e-01
8.225645259954035282e-01
6.383590609766542912e-01
6.557589119765907526e-01
8.870842040050774813e-01
1.031713508069515228e+00
8.136261391919106245e-01
7.452521421946585178e-01
8.602504970040172338e-01
9.730425830930471420e-01
8.638641647994518280e-01
6.546368428971618414e-01
6.388692320324480534e-01
8.777006089221686125e-01
7.163510490208864212e-01
8.400075759273022413e-01
7.218569880351424217e-01
7.101840509567409754e-01
8.294317300897091627e-01
8.122304100543260574e-01
8.110655930358916521e-01
8.011143989861011505e-01
7.678432120010256767e-01
7.779909330420196056e-01
7.314728121273219585e-01
9.278977569192647934e-01
7.190908400807529688e-01
6.975424329284578562e-01
6.655017950106412172e-01
6.663884709123522043e-01
8.128867631312459707e-01
6.316674200352281332e-01
6.603483350481837988e-01
8.079612879082560539e-01
6.369840470142662525e-01
6.561767980456352234e-01
6.408741630148142576e-01
6.553867768961936235e-01
6.927744159474968910e-01
8.466805110219866037e-01
1.015465572942048311e+00
1.064773492049425840e+00
7.755846059881150723e-01
7.525580059736967087e-01
7.233728861901909113e-01
6.388907569926232100e-01
6.589909999165683985e-01
6.410749319475144148e-01
8.592886470723897219e-01
6.691388089675456285e-01
6.133532749954611063e-01
8.495945590548217297e-01
6.849777200259268284e-01
8.859768949914723635e-01
1.029462620848789811e+00
8.313778941519558430e-01
8.536604279652237892e-01
8.557837160769850016e-01
7.984684580005705357e-01
7.976923240348696709e-01
7.647497400175780058e-01
6.467922020237892866e-01
6.600772580131888390e-01
6.750495829619467258e-01
6.667219419032335281e-01
4.746584619861096144e-01
7.917223889380693436e-01
6.487293529789894819e-01
6.358452679123729467e-01
6.183072470594197512e-01
6.855505369603633881e-01
8.566036669071763754e-01
6.582924039103090763e-01
8.065572751220315695e-01
8.285177021753042936e-01
7.298136460594832897e-01
1.002122374018654227e+00
1.044617192819714546e+00
8.454348619561642408e-01
9.295533271506428719e-01
8.708296290133148432e-01
6.377404720988124609e-01
7.189911620225757360e-01
6.863150580320507288e-01
7.152377981692552567e-01
8.481136821210384369e-01
8.776170888449996710e-01
6.676012880634516478e-01
6.515681999735534191e-01
8.895473470911383629e-01
8.408887048717588186e-01
7.535292038228362799e-01
7.659864858724176884e-01
8.468142119236290455e-01
8.563755899667739868e-01
7.962190490216016769e-01
7.518529039807617664e-01
6.932832491584122181e-01
8.385954049881547689e-01
6.742869010195136070e-01
6.550342540722340345e-01
6.699855290353298187e-01
6.973213518504053354e-01
6.085950669366866350e-01
8.921153319533914328e-01
6.869131410494446754e-01
8.258208569604903460e-01
8.623198398854583502e-01
1.055313993012532592e+00
8.024970870465040207e-01
1.019347404828295112e+00
7.799240110907703638e-01
1.018262024968862534e+00
7.476230140309780836e-01
8.579900031909346581e-01
6.657404480502009392e-01
7.173126079142093658e-01
8.850702191703021526e-01
7.923772518988698721e-01
6.713019870221614838e-01
6.534933398943394423e-01
6.964879881124943495e-01
6.460134079679846764e-01
6.768293639179319143e-01
8.750031930394470692e-01
5.947649630252271891e-01
7.908518540207296610e-01
8.622227939777076244e-01
1.036943202838301659e+00
7.950784440618008375e-01
7.885013648774474859e-01
7.752750199288129807e-01
8.336541440803557634e-01
6.929772819858044386e-01
6.740451629739254713e-01
6.661934510339051485e-01
6.558866810519248247e-01
7.159604260232299566e-01
6.749416049569845200e-01
6.884340599644929171e-01
6.937481958884745836e-01
8.480843959841877222e-01
6.205415718723088503e-01
4.693135151173919439e-01
8.412467699963599443e-01
8.232052968814969063e-01
9.824034860357642174e-01
7.891740610357373953e-01
7.312329930718988180e-01
1.039703884860500693e+00
7.875103091355413198e-01
8.116793520748615265e-01
6.551267891190946102e-01
8.097868959885090590e-01
7.074471339583396912e-01
6.089595009107142687e-01
8.855704960878938437e-01
6.800036558415740728e-01
8.867609419394284487e-01
6.943916170857846737e-01
8.487118689808994532e-01
7.012758420314639807e-01
9.743999049533158541e-01
1.034547940129414201e+00
1.057808101177215576e+00
9.988396109547466040e-01
8.330146009102463722e-01
7.890907400287687778e-01
8.122581739444285631e-01
6.499706401955336332e-01
6.778354889247566462e-01
8.500506710261106491e-01
7.900223520118743181e-01
6.566215029451996088e-01
6.450210059992969036e-01
6.477419359143823385e-01
7.162317282054573298e-01
8.464820210356265306e-01
8.288348799105733633e-01
8.675907950382679701e-01
6.818628830369561911e-01
7.336640339344739914e-01
7.998001701198518276e-01
8.300806100014597178e-01
8.601463180966675282e-01
5.478887609206140041e-01
8.604236920364201069e-01
7.635219430085271597e-01
9.800411500036716461e-01
5.891675080638378859e-01
6.859807821456342936e-01
6.008268368896096945e-01
6.489602029323577881e-01
6.577918941620737314e-01
6.498256369959563017e-01
6.815410940907895565e-01
6.897435339633375406e-01
8.611288140527904034e-01
8.467643461190164089e-01
9.923103370238095522e-01
8.088628549594432116e-01
7.991891230922192335e-01
8.331533730961382389e-01
9.495137920603156090e-01
1.015466663986444473e+00
7.787686989177018404e-01
8.573027250822633505e-01
8.209785609506070614e-01
8.482202249579131603e-01
8.271427711006253958e-01
8.555477771442383528e-01
6.947101701516658068e-01
8.616924039088189602e-01
6.646781389135867357e-01
7.511751968413591385e-01
9.844880960881710052e-01
7.983378239441663027e-01
8.065347280353307724e-01
8.234454758930951357e-01
9.737290409393608570e-01
9.705615409184247255e-01
7.018137290142476559e-01
6.708740198519080877e-01
6.844848529435694218e-01
7.178343790583312511e-01
8.577699551824480295e-01
6.421026289463043213e-01
7.111615110188722610e-01
6.667372251395136118e-01
8.005520869046449661e-01
6.365536921657621861e-01
7.152920118533074856e-01
6.351510859094560146e-01
6.800915789790451527e-01
7.389158138539642096e-01
8.609478080179542303e-01
7.962120459415018559e-01
1.016499998979270458e+00
7.533104100730270147e-01
9.608244348783046007e-01
7.279457640834152699e-01
8.050402728840708733e-01
6.493970609735697508e-01
8.526297309435904026e-01
6.895981440320611000e-01
6.428326040040701628e-01
7.028177678585052490e-01
8.617466310970485210e-01
8.782567649614065886e-01
9.192247339524328709e-01
8.214233207982033491e-01
8.269581671338528395e-01
9.847581449430435896e-01
8.183848520275205374e-01
8.000216819345951080e-01
7.957773618400096893e-01
6.659802841022610664e-01
8.441683778073638678e-01
8.713183831423521042e-01
6.814245861023664474e-01
6.743546421639621258e-01
6.836684159934520721e-01
6.299560549668967724e-01
6.847084120381623507e-01
6.572596610058099031e-01
8.567259940318763256e-01
8.514427330810576677e-01
8.665655909571796656e-01
8.085489850491285324e-01
7.534174439497292042e-01
9.831724509131163359e-01
9.800701350905001163e-01
1.018474621931090951e+00
7.626267338637262583e-01
7.038810688536614180e-01
6.610528519377112389e-01
8.475344979669898748e-01
6.904016230255365372e-01
6.615862289909273386e-01
7.012853370979428291e-01
8.318144511431455612e-01
8.476778070908039808e-01
7.189475868362933397e-01
6.607379280030727386e-01
6.426087180152535439e-01
7.832738508004695177e-01
7.974745049141347408e-01
1.005431493977084756e+00
8.329959241673350334e-01
1.016564441146329045e+00
7.759345371741801500e-01
6.835160008631646633e-01
6.972304929513484240e-01
7.192704440094530582e-01
8.787928561214357615e-01
6.962916119955480099e-01
8.608850168529897928e-01
8.492446278687566519e-01
7.117964529898017645e-01
6.975386820267885923e-01
6.962536911014467478e-01
7.336578939575701952e-01
7.382293681148439646e-01
8.042575127910822630e-01
8.243545328732579947e-01
7.775568261276930571e-01
7.903735639993101358e-01
8.116750810295343399e-01
7.229471020400524139e-01
7.847424158826470375e-01
6.868062259163707495e-01
7.203894760459661484e-01
8.556998779531568289e-01
6.900193439796566963e-01
8.301979878451675177e-01
6.272763600572943687e-01
8.716648020781576633e-01
8.431980160530656576e-01
7.851208769716322422e-01
7.862369120121002197e-01
8.444387149065732956e-01
7.962360070087015629e-01
7.629399769939482212e-01
8.433441689703613520e-01
7.960250689648091793e-01
8.789301759097725153e-01
6.292938848491758108e-01
8.472094698809087276e-01
6.595948340836912394e-01
8.074222840368747711e-01
6.992681990377604961e-01
5.598457630258053541e-01
6.831142362207174301e-01
8.707544871140271425e-01
7.151424707844853401e-01
6.941289149690419436e-01
1.024978121975436807e+00
7.210878410842269659e-01
7.575529969763010740e-01
1.000693968031555414e+00
1.046077684033662081e+00
6.757200339343398809e-01
6.301460689865052700e-01
7.200730151962488890e-01
7.238196039106696844e-01
6.850613269489258528e-01
8.936116979457437992e-01
8.431719890795648098e-01
6.866344700101763010e-01
6.614894371014088392e-01
6.764535920228809118e-01
8.007379060145467520e-01
8.024514908902347088e-01
8.061850699596107006e-01
1.063315161038190126e+00
8.036730519961565733e-01
7.732325259130448103e-01
8.085286789573729038e-01
9.805524600669741631e-01
8.786275619640946388e-01
6.445995329413563013e-01
8.828776460140943527e-01
8.177376440726220608e-01
6.586823018733412027e-01
8.486188750248402357e-01
6.773325419053435326e-01
7.190835790242999792e-01
7.207905079703778028e-01
6.226518128532916307e-01
6.922095678746700287e-01
6.401897738687694073e-01
8.320212981197983027e-01
8.479835889302194118e-01
7.572031428571790457e-01
8.147166210692375898e-01
1.039342269068583846e+00
8.688309688586741686e-01
6.553749109152704477e-01
6.868340088985860348e-01
8.209782440681010485e-01
6.189846110064536333e-01
6.920923290308564901e-01
6.542840239126235247e-01
6.184593141078948975e-01
4.181179259903728962e-01
8.065371238626539707e-01
6.539616910740733147e-01
8.080012928694486618e-01
8.096429910510778427e-01
7.836219470482319593e-01
9.508308270014822483e-01
7.307897589635103941e-01
8.342923419550061226e-01
7.122322521172463894e-01
8.286027167923748493e-01
8.489909230265766382e-01
8.296026191674172878e-01
7.142475140281021595e-01
6.854286300949752331e-01
7.829066980630159378e-01
7.158732619136571884e-01
7.187278878409415483e-01
8.780552190728485584e-01
