8.949132636189460754e-03
9.439989924430847168e-03
8.581627160310745239e-03
8.138745091855525970e-03
8.138483390212059021e-03
7.060574367642402649e-03
6.870188284665346146e-03
8.586318232119083405e-03
1.083512231707572937e-02
8.303128182888031006e-03
6.625846959650516510e-03
8.188984356820583344e-03
6.812364328652620316e-03
6.417609751224517822e-03
9.288121014833450317e-03
6.974224001169204712e-03
6.434929557144641876e-03
8.644620887935161591e-03
8.052596822381019592e-03
5.859789438545703888e-03
7.945609278976917267e-03
8.067468181252479553e-03
8.612297475337982178e-03
6.028348580002784729e-03
7.811093237251043320e-03
1.103202067315578461e-02
1.031594537198543549e-02
9.532223455607891083e-03
6.512049585580825806e-03
7.088991813361644745e-03
8.491301909089088440e-03
9.210219606757164001e-03
8.966332301497459412e-03
7.157029584050178528e-03
8.024388924241065979e-03
5.358716007322072983e-03
8.312224410474300385e-03
7.230711635202169418e-03
7.148199714720249176e-03
7.303215097635984421e-03
9.560553357005119324e-03
1.365676894783973694e-02
9.275438264012336731e-03
1.081752590835094452e-02
1.211323775351047516e-02
9.441446512937545776e-03
1.213505398482084274e-02
1.112879440188407898e-02
8.513383567333221436e-03
1.457089744508266449e-02
1.056939363479614258e-02
1.041317358613014221e-02
9.405903518199920654e-03
1.134867593646049500e-02
7.632737513631582260e-03
1.575890183448791504e-02
8.103316649794578552e-03
1.058044563978910446e-02
1.819669082760810852e-02
7.567666005343198776e-03
8.534668013453483582e-03
2.193105407059192657e-02
1.039208378642797470e-02
1.228640507906675339e-02
1.757285371422767639e-02
9.955802001059055328e-03
1.449420768767595291e-02
1.094155572354793549e-02
9.811465628445148468e-03
1.321302633732557297e-02
8.415647782385349274e-03
7.680910639464855194e-03
8.301396854221820831e-03
9.919874370098114014e-03
8.790488354861736298e-03
7.525446824729442596e-03
1.112982723861932755e-02
7.246064022183418274e-03
7.046636659651994705e-03
9.608875960111618042e-03
7.351771462708711624e-03
8.044067770242691040e-03
8.149281144142150879e-03
9.239044040441513062e-03
8.082698099315166473e-03
6.873356178402900696e-03
1.133885979652404785e-02
7.577150128781795502e-03
7.667538709938526154e-03
7.335026748478412628e-03
7.324787788093090057e-03
7.987154647707939148e-03
8.400833234190940857e-03
8.654948323965072632e-03
1.074154116213321686e-02
8.180378936231136322e-03
8.646055124700069427e-03
8.851868100464344025e-03
7.762758061289787292e-03
7.400000467896461487e-03
7.675325963646173477e-03
7.985005155205726624e-03
8.624915033578872681e-03
1.217720285058021545e-02
9.231246076524257660e-03
1.271575503051280975e-02
9.249576367437839508e-03
7.464208640158176422e-03
1.016254164278507233e-02
9.984655305743217468e-03
8.550075814127922058e-03
7.744793780148029327e-03
8.568665012717247009e-03
8.363623172044754028e-03
1.002628728747367859e-02
9.761571884155273438e-03
1.478289440274238586e-02
8.556578308343887329e-03
8.045610040426254272e-03
1.202226057648658752e-02
8.554246276617050171e-03
8.348986506462097168e-03
1.207514293491840363e-02
6.815790198743343353e-03
9.975032880902290344e-03
1.173831336200237274e-02
7.687845267355442047e-03
9.277341887354850769e-03
9.217287413775920868e-03
7.672603707760572433e-03
8.149092085659503937e-03
8.173766545951366425e-03
1.048715040087699890e-02
8.057849481701850891e-03
1.126581802964210510e-02
1.023696549236774445e-02
1.059340126812458038e-02
9.029930457472801208e-03
7.698928937315940857e-03
7.233533076941967010e-03
8.896587416529655457e-03
8.622253313660621643e-03
9.821061044931411743e-03
9.473190642893314362e-03
8.253196254372596741e-03
8.242313750088214874e-03
5.904245655983686447e-03
7.667230442166328430e-03
6.917370017617940903e-03
7.873367518186569214e-03
7.439982146024703979e-03
7.775976788252592087e-03
9.587951935827732086e-03
8.590173907577991486e-03
1.095494069159030914e-02
1.143874973058700562e-02
7.630792446434497833e-03
1.016086153686046600e-02
8.506469428539276123e-03
8.333548903465270996e-03
1.053631026297807693e-02
9.412209503352642059e-03
7.160305045545101166e-03
1.302554458379745483e-02
8.098321035504341125e-03
8.619260042905807495e-03
1.054819859564304352e-02
7.651380728930234909e-03
7.797244470566511154e-03
7.127647753804922104e-03
7.300643250346183777e-03
8.446373045444488525e-03
7.714046631008386612e-03
8.724058978259563446e-03
9.798957034945487976e-03
8.206180296838283539e-03
7.024177350103855133e-03
9.146654978394508362e-03
8.256479166448116302e-03
7.986860349774360657e-03
7.646092213690280914e-03
1.048880256712436676e-02
6.910671480000019073e-03
7.547443266957998276e-03
6.965116132050752640e-03
9.519653394818305969e-03
6.431521847844123840e-03
1.114582829177379608e-02
7.554742507636547089e-03
8.239159360527992249e-03
1.077511161565780640e-02
6.372719071805477142e-03
9.844614192843437195e-03
7.121469825506210327e-03
6.767484359443187714e-03
1.088634040206670761e-02
6.726159714162349701e-03
8.288964629173278809e-03
7.409408688545227051e-03
7.551304996013641357e-03
9.430333040654659271e-03
9.715135209262371063e-03
8.324570022523403168e-03
8.574502542614936829e-03
8.742647245526313782e-03
8.288303390145301819e-03
1.090892218053340912e-02
8.330084383487701416e-03
6.254774052649736404e-03
8.118232712149620056e-03
7.017497904598712921e-03
8.727099746465682983e-03
9.320387616753578186e-03
9.642593562602996826e-03
9.198088198900222778e-03
7.125228643417358398e-03
9.615780785679817200e-03
7.041130214929580688e-03
7.870659232139587402e-03
1.014953292906284332e-02
6.901700049638748169e-03
9.175573475658893585e-03
9.763307869434356689e-03
8.384913206100463867e-03
1.010684296488761902e-02
9.497062303125858307e-03
1.110050175338983536e-02
7.517844438552856445e-03
8.568912744522094727e-03
8.487189188599586487e-03
9.959788993000984192e-03
7.446608040481805801e-03
1.020865794271230698e-02
6.180376745760440826e-03
8.022391237318515778e-03
8.166421204805374146e-03
7.697654422372579575e-03
8.866652846336364746e-03
7.142452057451009750e-03
7.491516415029764175e-03
7.900036871433258057e-03
8.402932435274124146e-03
7.280744612216949463e-03
8.315030485391616821e-03
9.385671466588973999e-03
7.091261446475982666e-03
6.146371364593505859e-03
7.950566709041595459e-03
7.603929378092288971e-03
7.471816614270210266e-03
7.717528846114873886e-03
8.933017030358314514e-03
7.491441443562507629e-03
6.697229109704494476e-03
8.973136544227600098e-03
8.318495936691761017e-03
8.627430535852909088e-03
8.239043876528739929e-03
8.189907297492027283e-03
6.781456060707569122e-03
5.497551057487726212e-03
7.755333557724952698e-03
6.814759224653244019e-03
6.287508178502321243e-03
7.014346309006214142e-03
8.923172950744628906e-03
7.421056274324655533e-03
8.940927684307098389e-03
8.270941674709320068e-03
9.929997846484184265e-03
7.904762402176856995e-03
8.553218096494674683e-03
1.238718628883361816e-02
7.542544975876808167e-03
1.381595525890588760e-02
1.020253263413906097e-02
1.133962813764810562e-02
1.156129222363233566e-02
7.745444308966398239e-03
7.355819456279277802e-03
8.890299126505851746e-03
8.548837155103683472e-03
6.602844223380088806e-03
7.250098511576652527e-03
1.072171702980995178e-02
8.032768964767456055e-03
9.367859922349452972e-03
7.652240805327892303e-03
1.077937800437211990e-02
7.179954089224338531e-03
8.392473682761192322e-03
6.986659020185470581e-03
9.636631235480308533e-03
8.052641525864601135e-03
9.310242719948291779e-03
6.955380551517009735e-03
9.117963723838329315e-03
9.296603500843048096e-03
7.435137871652841568e-03
8.451798930764198303e-03
9.611882269382476807e-03
9.429378435015678406e-03
6.360244937241077423e-03
9.262559004127979279e-03
8.799685165286064148e-03
8.647058159112930298e-03
8.599293418228626251e-03
6.479298230260610580e-03
8.111003786325454712e-03
7.130475714802742004e-03
7.013912312686443329e-03
6.693146191537380219e-03
7.572819478809833527e-03
7.565695792436599731e-03
1.174184493720531464e-02
7.772420533001422882e-03
6.582382135093212128e-03
9.617570787668228149e-03
8.233791217207908630e-03
7.604431360960006714e-03
1.056763622909784317e-02
7.370895706117153168e-03
6.686538457870483398e-03
8.330032229423522949e-03
9.386878460645675659e-03
7.229166105389595032e-03
9.971274994313716888e-03
1.194260269403457642e-02
6.518653593957424164e-03
8.679063059389591217e-03
8.935373276472091675e-03
9.870365262031555176e-03
7.498781196773052216e-03
1.180502772331237793e-02
7.277845870703458786e-03
8.422415703535079956e-03
1.274606585502624512e-02
8.629286661744117737e-03
1.317491196095943451e-02
8.101767860352993011e-03
7.807938847690820694e-03
1.027168333530426025e-02
9.767390787601470947e-03
8.066475391387939453e-03
9.556289762258529663e-03
8.326973766088485718e-03
9.930662810802459717e-03
8.555017411708831787e-03
7.647229358553886414e-03
6.565242074429988861e-03
9.488824754953384399e-03
1.351592503488063812e-02
7.839323021471500397e-03
9.921276941895484924e-03
8.447584696114063263e-03
8.576508611440658569e-03
9.396338835358619690e-03
8.196312934160232544e-03
8.438428863883018494e-03
7.228506263345479965e-03
9.296798147261142731e-03
9.601903147995471954e-03
7.552903145551681519e-03
6.487383507192134857e-03
5.888543557375669479e-03
8.911572396755218506e-03
7.006264291703701019e-03
9.563740342855453491e-03
7.155506405979394913e-03
6.798950955271720886e-03
6.719965953379869461e-03
7.597180083394050598e-03
1.061481237411499023e-02
8.964432403445243835e-03
7.767335046082735062e-03
9.243724867701530457e-03
8.327312767505645752e-03
1.120629347860813141e-02
7.517816964536905289e-03
1.024441234767436981e-02
8.584257215261459351e-03
7.538153789937496185e-03
1.040493417531251907e-02
1.027618069201707840e-02
8.989023044705390930e-03
6.898144725710153580e-03
7.496714591979980469e-03
7.232969626784324646e-03
8.120088838040828705e-03
8.229847997426986694e-03
8.479751646518707275e-03
1.071955822408199310e-02
8.922901935875415802e-03
9.335484355688095093e-03
9.197171777486801147e-03
9.188838303089141846e-03
1.071953866630792618e-02
7.222736254334449768e-03
6.966745015233755112e-03
8.284027688205242157e-03
7.708100136369466782e-03
8.540987968444824219e-03
8.731690235435962677e-03
7.176533341407775879e-03
9.634208865463733673e-03
6.977418903261423111e-03
8.070887066423892975e-03
6.811519153416156769e-03
7.642044685781002045e-03
6.910167634487152100e-03
7.441300433129072189e-03
7.586176041513681412e-03
8.318817242980003357e-03
7.272880990058183670e-03
8.691698312759399414e-03
1.009611971676349640e-02
8.030846714973449707e-03
9.244801476597785950e-03
6.056886166334152222e-03
9.705890901386737823e-03
8.292593061923980713e-03
8.836794644594192505e-03
8.416689932346343994e-03
1.127670519053936005e-02
7.897565141320228577e-03
9.918452240526676178e-03
8.161555975675582886e-03
8.970724418759346008e-03
8.031453937292098999e-03
8.330267854034900665e-03
7.995767518877983093e-03
7.634135428816080093e-03
8.504487574100494385e-03
9.971490129828453064e-03
7.372890133410692215e-03
8.371287956833839417e-03
8.805435150861740112e-03
7.205308880656957626e-03
8.241052739322185516e-03
9.682120755314826965e-03
1.063879393041133881e-02
8.483100682497024536e-03
9.110613726079463959e-03
8.626196533441543579e-03
7.318331860005855560e-03
7.165649440139532089e-03
9.792888537049293518e-03
8.771009743213653564e-03
6.379503756761550903e-03
1.050420384854078293e-02
7.348493672907352448e-03
6.705105304718017578e-03
9.016937576234340668e-03
1.194098312407732010e-02
9.500084444880485535e-03
6.856282241642475128e-03
7.641523145139217377e-03
9.853589348495006561e-03
7.742843590676784515e-03
8.668546564877033234e-03
7.752405479550361633e-03
9.631993249058723450e-03
6.800645031034946442e-03
8.979247882962226868e-03
9.881613776087760925e-03
1.042783632874488831e-02
9.596605785191059113e-03
8.683797903358936310e-03
7.482970133423805237e-03
8.016659878194332123e-03
8.220290765166282654e-03
8.394990116357803345e-03
9.285439737141132355e-03
7.440800312906503677e-03
7.717652246356010437e-03
1.067663356661796570e-02
6.761850789189338684e-03
1.143983751535415649e-02
6.371024996042251587e-03
5.700696259737014771e-03
1.049076765775680542e-02
7.065787911415100098e-03
7.836148142814636230e-03
8.734479546546936035e-03
1.001773029565811157e-02
9.676091372966766357e-03
9.565897285938262939e-03
8.988943882286548615e-03
1.146585680544376373e-02
1.073020696640014648e-02
6.741671822965145111e-03
7.760389707982540131e-03
8.724343031644821167e-03
9.201245382428169250e-03
9.888052009046077728e-03
7.800888270139694214e-03
7.982593029737472534e-03
8.511808700859546661e-03
8.529543876647949219e-03
8.383423089981079102e-03
6.096073891967535019e-03
8.313069120049476624e-03
7.555973716080188751e-03
1.057901978492736816e-02
9.359538555145263672e-03
7.860832847654819489e-03
8.321529254317283630e-03
8.476268500089645386e-03
6.662609986960887909e-03
6.777903065085411072e-03
5.578794050961732864e-03
7.476028986275196075e-03
7.588902488350868225e-03
8.617274463176727295e-03
8.221046999096870422e-03
6.855205632746219635e-03
9.858598932623863220e-03
7.215806283056735992e-03
9.502753615379333496e-03
7.098176516592502594e-03
7.013564929366111755e-03
9.849253110587596893e-03
6.546746008098125458e-03
7.242535240948200226e-03
8.894412778317928314e-03
8.509110659360885620e-03
1.043292880058288574e-02
9.676416404545307159e-03
1.014852430671453476e-02
1.093535497784614563e-02
8.728955872356891632e-03
1.503895130008459091e-02
1.071735471487045288e-02
7.140865549445152283e-03
1.281268242746591568e-02
9.666785597801208496e-03
9.295505471527576447e-03
1.054043881595134735e-02
9.373120963573455811e-03
6.213515065610408783e-03
1.124880276620388031e-02
1.092031411826610565e-02
1.026029698550701141e-02
9.058545343577861786e-03
7.984098978340625763e-03
8.171446621417999268e-03
8.157186210155487061e-03
9.202081710100173950e-03
7.951254025101661682e-03
1.157829351723194122e-02
7.251679897308349609e-03
9.624887257814407349e-03
6.638770457357168198e-03
6.082559004426002502e-03
7.416430860757827759e-03
8.528407663106918335e-03
8.280234411358833313e-03
8.182223886251449585e-03
7.340929936617612839e-03
1.005053147673606873e-02
8.341532200574874878e-03
7.149194367229938507e-03
8.248655125498771667e-03
6.647294387221336365e-03
8.028956130146980286e-03
1.045007258653640747e-02
8.697423152625560760e-03
8.719412609934806824e-03
7.414104882627725601e-03
8.237823843955993652e-03
8.392497897148132324e-03
7.495202589780092239e-03
6.756219081580638885e-03
8.153667673468589783e-03
7.983642630279064178e-03
9.041988290846347809e-03
8.210684172809123993e-03
8.454206399619579315e-03
8.514262735843658447e-03
8.012876845896244049e-03
7.172022014856338501e-03
8.960565552115440369e-03
6.613481324166059494e-03
9.864541701972484589e-03
8.714538998901844025e-03
7.360114715993404388e-03
1.181237399578094482e-02
9.718558751046657562e-03
9.395349770784378052e-03
1.120628789067268372e-02
7.278416771441698074e-03
1.308700442314147949e-02
7.374542299658060074e-03
7.501557469367980957e-03
8.728167042136192322e-03
6.979895755648612976e-03
7.699703797698020935e-03
8.419729769229888916e-03
6.483825854957103729e-03
1.055073365569114685e-02
8.893894962966442108e-03
1.123754400759935379e-02
1.375263091176748276e-02
1.080953609198331833e-02
1.170439273118972778e-02
1.323087792843580246e-02
7.662796415388584137e-03
1.496577635407447815e-02
9.306158870458602905e-03
7.741681765764951706e-03
1.201497670263051987e-02
1.089554652571678162e-02
9.167372249066829681e-03
1.182437501847743988e-02
7.786799222230911255e-03
9.514969773590564728e-03
7.533938623964786530e-03
6.213606335222721100e-03
5.643940530717372894e-03
1.023470237851142883e-02
8.357914164662361145e-03
7.373808883130550385e-03
9.448337368667125702e-03
9.352665394544601440e-03
9.631376713514328003e-03
1.584696955978870392e-02
8.414427749812602997e-03
9.997040033340454102e-03
7.502236403524875641e-03
8.442716673016548157e-03
8.838074281811714172e-03
9.241656400263309479e-03
7.942561060190200806e-03
8.724425919353961945e-03
9.042300283908843994e-03
7.701963186264038086e-03
8.660085499286651611e-03
7.174840196967124939e-03
9.117915295064449310e-03
9.080993011593818665e-03
6.024268455803394318e-03
6.963577587157487869e-03
9.360332041978836060e-03
6.708391942083835602e-03
7.482869084924459457e-03
8.517561480402946472e-03
7.549620699137449265e-03
7.142142858356237411e-03
8.453032001852989197e-03
7.777068763971328735e-03
8.229047991335391998e-03
8.064150810241699219e-03
1.039448752999305725e-02
7.437298074364662170e-03
1.056819036602973938e-02
7.665827870368957520e-03
9.280066937208175659e-03
1.047746185213327408e-02
7.486429996788501740e-03
7.558008655905723572e-03
6.249823141843080521e-03
1.123641245067119598e-02
7.695643696933984756e-03
1.060749590396881104e-02
7.556614000350236893e-03
9.662826545536518097e-03
1.090376917272806168e-02
6.459583528339862823e-03
1.054511219263076782e-02
1.066124252974987030e-02
6.867730524390935898e-03
8.314725011587142944e-03
9.640064090490341187e-03
9.767092764377593994e-03
7.867636159062385559e-03
9.463305585086345673e-03
6.983009167015552521e-03
8.173370733857154846e-03
7.867786101996898651e-03
9.679306298494338989e-03
8.938878774642944336e-03
7.798572070896625519e-03
8.434859104454517365e-03
8.314544335007667542e-03
6.308350246399641037e-03
7.881075143814086914e-03
7.299837656319141388e-03
9.449763223528862000e-03
7.130057550966739655e-03
8.027544245123863220e-03
7.855597883462905884e-03
1.061705593019723892e-02
8.539775386452674866e-03
8.046416565775871277e-03
7.872987538576126099e-03
6.983297877013683319e-03
8.370492607355117798e-03
9.698275476694107056e-03
7.670269813388586044e-03
9.378448128700256348e-03
6.987365428358316422e-03
7.608524523675441742e-03
7.966186851263046265e-03
7.582111284136772156e-03
7.706146687269210815e-03
9.166019037365913391e-03
1.037192903459072113e-02
9.258536621928215027e-03
1.368635520339012146e-02
8.108265697956085205e-03
1.526419166475534439e-02
9.139804169535636902e-03
1.001800689846277237e-02
1.088782306760549545e-02
8.176833391189575195e-03
9.065642952919006348e-03
1.438923925161361694e-02
6.305223330855369568e-03
8.458578959107398987e-03
1.175738312304019928e-02
7.522393949329853058e-03
9.711666963994503021e-03
1.055570691823959351e-02
7.013522088527679443e-03
1.151366345584392548e-02
8.842742070555686951e-03
9.807682596147060394e-03
7.573240436613559723e-03
9.122386574745178223e-03
1.044766046106815338e-02
9.141161106526851654e-03
9.431159123778343201e-03
8.039461448788642883e-03
8.601603098213672638e-03
7.706292904913425446e-03
9.809526614844799042e-03
7.715514861047267914e-03
1.287397928535938263e-02
9.349607862532138824e-03
9.507514536380767822e-03
1.059031859040260315e-02
8.479451760649681091e-03
7.725975476205348969e-03
7.496270351111888885e-03
8.303415030241012573e-03
8.291875012218952179e-03
8.703401312232017517e-03
9.780501946806907654e-03
8.499006740748882294e-03
5.758688785135746002e-03
9.218985214829444885e-03
8.194282650947570801e-03
7.489563897252082825e-03
8.180487900972366333e-03
7.644756697118282318e-03
7.735377177596092224e-03
9.165696799755096436e-03
8.649157360196113586e-03
8.508802391588687897e-03
9.708972647786140442e-03
8.730059489607810974e-03
9.674234315752983093e-03
7.625920698046684265e-03
7.752767764031887054e-03
8.232933469116687775e-03
8.483912795782089233e-03
9.794050827622413635e-03
9.323524311184883118e-03
1.130736432969570160e-02
8.056802675127983093e-03
9.040431119501590729e-03
1.103315688669681549e-02
8.362846449017524719e-03
9.045244194567203522e-03
1.001203153282403946e-02
9.623807854950428009e-03
8.553478866815567017e-03
8.830278180539608002e-03
8.459608070552349091e-03
9.524044580757617950e-03
7.249393500387668610e-03
8.480465039610862732e-03
1.025822479277849197e-02
1.089096628129482269e-02
1.017485838383436203e-02
9.809909388422966003e-03
1.435841340571641922e-02
8.288123644888401031e-03
1.512088347226381302e-02
1.114130392670631409e-02
8.257183246314525604e-03
1.270666066557168961e-02
9.036269038915634155e-03
8.986648172140121460e-03
1.350068673491477966e-02
7.957442663609981537e-03
6.675965618342161179e-03
1.260108500719070435e-02
8.431238122284412384e-03
7.836516946554183960e-03
9.009534493088722229e-03
9.959454648196697235e-03
7.243878208100795746e-03
1.212412118911743164e-02
9.318679571151733398e-03
1.107735838741064072e-02
9.539823047816753387e-03
9.503267705440521240e-03
8.077855221927165985e-03
9.469616226851940155e-03
9.558641351759433746e-03
1.040084846317768097e-02
8.224623277783393860e-03
8.906038478016853333e-03
8.073177188634872437e-03
6.979619152843952179e-03
7.148512639105319977e-03
1.051706075668334961e-02
8.040433749556541443e-03
8.309835568070411682e-03
7.022370118647813797e-03
7.920254021883010864e-03
1.194538455456495285e-02
8.932748809456825256e-03
8.726093918085098267e-03
7.660113275051116943e-03
9.706679731607437134e-03
8.842011913657188416e-03
7.695489563047885895e-03
8.243870921432971954e-03
6.250511854887008667e-03
7.485704496502876282e-03
9.563458152115345001e-03
6.291042082011699677e-03
6.796935107558965683e-03
8.167970925569534302e-03
8.489364758133888245e-03
8.020879700779914856e-03
7.629153318703174591e-03
7.886092178523540497e-03
7.630643900483846664e-03
8.329265750944614410e-03
7.736014202237129211e-03
9.586154483258724213e-03
7.691018283367156982e-03
9.084032848477363586e-03
6.523495540022850037e-03
7.673221640288829803e-03
7.655401714146137238e-03
5.926274694502353668e-03
6.505556870251893997e-03
9.463849477469921112e-03
7.545607164502143860e-03
7.792049087584018707e-03
6.856983993202447891e-03
9.090064093470573425e-03
1.084967982023954391e-02
8.511662483215332031e-03
7.041789591312408447e-03
6.458744872361421585e-03
8.011819794774055481e-03
9.729578159749507904e-03
8.123206906020641327e-03
7.586361840367317200e-03
7.383424788713455200e-03
7.932415232062339783e-03
8.074540644884109497e-03
7.542014122009277344e-03
7.025852333754301071e-03
7.896452210843563080e-03
6.980548612773418427e-03
6.264123134315013885e-03
6.316418293863534927e-03
1.002353243529796600e-02
7.860919460654258728e-03
7.737976964563131332e-03
7.881925441324710846e-03
9.020140394568443298e-03
7.234115153551101685e-03
8.197189308702945709e-03
7.567342370748519897e-03
1.230745296925306320e-02
8.122203871607780457e-03
8.484859019517898560e-03
7.037098985165357590e-03
9.849195368587970734e-03
7.066943682730197906e-03
7.307704538106918335e-03
1.080366969108581543e-02
8.724575862288475037e-03
1.236770860850811005e-02
8.625155314803123474e-03
9.789315052330493927e-03
1.227000728249549866e-02
8.052101358771324158e-03
1.244238764047622681e-02
7.544890046119689941e-03
8.054262027144432068e-03
9.614147245883941650e-03
8.162228390574455261e-03
8.801092393696308136e-03
7.277934346348047256e-03
8.635991252958774567e-03
8.132869377732276917e-03
8.280796930193901062e-03
7.953812368214130402e-03
8.385551162064075470e-03
7.587816100567579269e-03
8.834803476929664612e-03
6.822103634476661682e-03
7.162528112530708313e-03
7.643749937415122986e-03
7.301330566406250000e-03
8.457133546471595764e-03
7.530698552727699280e-03
9.792428463697433472e-03
6.538400426506996155e-03
8.775911293923854828e-03
7.768913172185420990e-03
6.367244292050600052e-03
6.387374363839626312e-03
8.329909294843673706e-03
5.480844527482986450e-03
7.650773506611585617e-03
9.569913148880004883e-03
8.147334679961204529e-03
8.144753053784370422e-03
6.655364297330379486e-03
9.779201820492744446e-03
9.695235639810562134e-03
9.642730467021465302e-03
1.117048040032386780e-02
7.998295128345489502e-03
1.276199053972959518e-02
7.442143745720386505e-03
8.537651970982551575e-03
7.924705743789672852e-03
6.325659807771444321e-03
9.140017442405223846e-03
7.988210767507553101e-03
7.010435685515403748e-03
8.313355967402458191e-03
1.063659600913524628e-02
6.720093544572591782e-03
1.017535477876663208e-02
8.064864203333854675e-03
7.199196144938468933e-03
7.621099241077899933e-03
7.895905524492263794e-03
9.548760950565338135e-03
9.120270609855651855e-03
9.713638573884963989e-03
7.165797520428895950e-03
6.766107399016618729e-03
1.031805947422981262e-02
9.646299295127391815e-03
9.839340113103389740e-03
1.241648104041814804e-02
6.786743178963661194e-03
9.188843891024589539e-03
1.713340543210506439e-02
7.699533831328153610e-03
1.016304455697536469e-02
8.751476183533668518e-03
1.059160195291042328e-02
6.923416163772344589e-03
9.067558683454990387e-03
1.256800070405006409e-02
7.310578599572181702e-03
1.521953009068965912e-02
1.733502745628356934e-02
9.584615938365459442e-03
1.705930382013320923e-02
1.649228110909461975e-02
8.353233337402343750e-03
2.429269999265670776e-02
1.933123543858528137e-02
1.003573648631572723e-02
1.571504399180412292e-02
1.736478693783283234e-02
8.402702398598194122e-03
1.936318725347518921e-02
2.085023559629917145e-02
9.786171838641166687e-03
1.368981972336769104e-02
2.999408915638923645e-02
8.832922205328941345e-03
2.248116768896579742e-02
2.024056017398834229e-02
9.133799001574516296e-03
2.546281926333904266e-02
1.013919897377490997e-02
1.034112833440303802e-02
1.648046821355819702e-02
1.861283183097839355e-02
1.366746239364147186e-02
1.772844791412353516e-02
1.718187518417835236e-02
1.480931416153907776e-02
