5.508828908205032349e-03
4.413150250911712646e-03
3.973866812884807587e-03
3.488315735012292862e-03
6.556117907166481018e-03
4.312282428145408630e-03
6.469344720244407654e-03
5.206661298871040344e-03
6.138458382338285446e-03
7.036817725747823715e-03
4.651503637433052063e-03
8.046232163906097412e-03
5.240784492343664169e-03
7.846020162105560303e-03
4.201517906039953232e-03
5.617286078631877899e-03
4.596979822963476181e-03
4.311505705118179321e-03
5.521364044398069382e-03
4.132110159844160080e-03
4.348472692072391510e-03
5.414009094238281250e-03
4.895543213933706284e-03
3.943360410630702972e-03
5.846493877470493317e-03
4.630426410585641861e-03
3.796800971031188965e-03
5.285903345793485641e-03
4.479384049773216248e-03
6.095634773373603821e-03
5.535226780921220779e-03
5.941352806985378265e-03
4.792267922312021255e-03
6.094982847571372986e-03
6.153250113129615784e-03
3.936835564672946930e-03
6.424594670534133911e-03
7.901344448328018188e-03
4.972314462065696716e-03
4.322818480432033539e-03
5.717344116419553757e-03
4.946588538587093353e-03
4.068598616868257523e-03
6.660560145974159241e-03
4.164651501923799515e-03
4.238316789269447327e-03
6.370215676724910736e-03
4.462940152734518051e-03
4.574122838675975800e-03
6.057043559849262238e-03
4.095778334885835648e-03
5.631502717733383179e-03
5.188985262066125870e-03
4.085772670805454254e-03
5.633475724607706070e-03
5.121275782585144043e-03
4.878116771578788757e-03
4.033088684082031250e-03
5.465815775096416473e-03
5.746512673795223236e-03
6.591438781470060349e-03
5.235455930233001709e-03
4.686400294303894043e-03
5.745062604546546936e-03
7.203066721558570862e-03
3.746887203305959702e-03
4.864233545958995819e-03
4.157375544309616089e-03
5.763140041381120682e-03
5.453855730593204498e-03
8.534556254744529724e-03
4.574503749608993530e-03
7.168996147811412811e-03
4.118409007787704468e-03
8.595291525125503540e-03
5.492855794727802277e-03
5.175124853849411011e-03
5.362031050026416779e-03
4.850378260016441345e-03
5.418904125690460205e-03
7.124130614101886749e-03
4.235782660543918610e-03
6.776605267077684402e-03
3.886543912813067436e-03
4.699267912656068802e-03
4.305141046643257141e-03
4.229797981679439545e-03
3.829573281109333038e-03
8.650438860058784485e-03
3.911979962140321732e-03
5.423191469162702560e-03
4.725793376564979553e-03
4.151636734604835510e-03
4.802800249308347702e-03
4.579260945320129395e-03
4.530856851488351822e-03
6.686127744615077972e-03
4.596071317791938782e-03
5.277049727737903595e-03
4.173894412815570831e-03
4.605426918715238571e-03
4.062492400407791138e-03
5.810824222862720490e-03
4.353386349976062775e-03
4.795145709067583084e-03
4.478312097489833832e-03
4.830381833016872406e-03
4.607345908880233765e-03
5.311474204063415527e-03
4.858386237174272537e-03
4.664813168346881866e-03
5.246987566351890564e-03
5.048832856118679047e-03
4.118618089705705643e-03
5.455673672258853912e-03
4.490371793508529663e-03
4.902177490293979645e-03
4.453980363905429840e-03
4.420451819896697998e-03
4.050133749842643738e-03
6.678343750536441803e-03
5.195586476475000381e-03
4.498957656323909760e-03
5.218926351517438889e-03
4.400832112878561020e-03
4.552247934043407440e-03
4.552775993943214417e-03
6.376072764396667480e-03
4.501837305724620819e-03
5.590477958321571350e-03
4.285602830350399017e-03
6.563123315572738647e-03
5.835432093590497971e-03
5.448039621114730835e-03
5.545838735997676849e-03
5.198883824050426483e-03
4.974666982889175415e-03
6.507555488497018814e-03
4.360229708254337311e-03
4.587806295603513718e-03
5.210488103330135345e-03
4.140334203839302063e-03
3.381008747965097427e-03
3.760183695703744888e-03
4.557087086141109467e-03
3.989871591329574585e-03
4.353882279247045517e-03
4.223083611577749252e-03
4.716122057288885117e-03
4.331602714955806732e-03
7.569231092929840088e-03
5.039876792579889297e-03
5.209043622016906738e-03
5.379204638302326202e-03
3.381191752851009369e-03
4.642565734684467316e-03
4.677656572312116623e-03
4.176103509962558746e-03
4.637581296265125275e-03
4.474297165870666504e-03
4.243290983140468597e-03
6.126431748270988464e-03
4.777728579938411713e-03
4.689652938395738602e-03
5.918217822909355164e-03
4.761288873851299286e-03
5.064740311354398727e-03
4.962347913533449173e-03
6.296303123235702515e-03
6.338751409202814102e-03
3.681908827275037766e-03
5.510884337127208710e-03
4.428146407008171082e-03
4.344837740063667297e-03
4.760583862662315369e-03
4.858809057623147964e-03
4.743934143334627151e-03
5.593079607933759689e-03
4.115616902709007263e-03
4.815451800823211670e-03
5.587708204984664917e-03
4.677262157201766968e-03
3.373996820300817490e-03
6.235784851014614105e-03
4.076030105352401733e-03
4.945969674736261368e-03
5.060394760221242905e-03
4.577862098813056946e-03
4.334315191954374313e-03
7.132266648113727570e-03
5.979967769235372543e-03
4.581316374242305756e-03
4.294375423341989517e-03
6.206131540238857269e-03
4.064940847456455231e-03
5.448858253657817841e-03
5.298635456711053848e-03
3.965293057262897491e-03
5.756138358265161514e-03
4.626774694770574570e-03
5.189662333577871323e-03
4.827990196645259857e-03
5.020727869123220444e-03
5.278130993247032166e-03
5.092097911983728409e-03
4.390817135572433472e-03
4.902721848338842392e-03
5.569604225456714630e-03
5.454135593026876450e-03
5.987809970974922180e-03
4.007500596344470978e-03
4.711049608886241913e-03
4.969924688339233398e-03
4.677665419876575470e-03
2.649026457220315933e-03
4.656860139220952988e-03
5.423605442047119141e-03
5.442691035568714142e-03
4.110999405384063721e-03
5.480815656483173370e-03
5.760762374848127365e-03
4.127898253500461578e-03
6.200051866471767426e-03
5.467213690280914307e-03
5.602800752967596054e-03
5.339710041880607605e-03
4.233712330460548401e-03
5.822909530252218246e-03
6.609430536627769470e-03
5.127894692122936249e-03
6.338024511933326721e-03
3.984785173088312149e-03
5.086879711598157883e-03
5.309082102030515671e-03
4.411917179822921753e-03
4.139529541134834290e-03
5.082029849290847778e-03
5.440838634967803955e-03
3.673512488603591919e-03
8.432224392890930176e-03
5.924198776483535767e-03
5.225120112299919128e-03
8.912782184779644012e-03
7.366267964243888855e-03
7.415272295475006104e-03
9.567098692059516907e-03
7.639591582119464874e-03
1.009892486035823822e-02
5.182870663702487946e-03
5.818012170493602753e-03
6.576604675501585007e-03
6.001248024404048920e-03
5.289006046950817108e-03
6.288753822445869446e-03
4.511053673923015594e-03
4.561070818454027176e-03
5.852166563272476196e-03
5.804641172289848328e-03
4.701804369688034058e-03
5.503941327333450317e-03
4.971147049218416214e-03
5.376907531172037125e-03
3.873261390253901482e-03
4.701495170593261719e-03
4.003278911113739014e-03
4.219900816679000854e-03
5.807623267173767090e-03
3.787316381931304932e-03
4.491552710533142090e-03
5.726237781345844269e-03
3.821231657639145851e-03
5.583150312304496765e-03
5.771602038294076920e-03
4.247158300131559372e-03
4.613323137164115906e-03
5.564377177506685257e-03
4.864761605858802795e-03
5.514890886843204498e-03
4.763658158481121063e-03
4.525259137153625488e-03
4.853256512433290482e-03
5.061463918536901474e-03
5.240769125521183014e-03
4.985966719686985016e-03
5.344756878912448883e-03
4.770587198436260223e-03
8.892754092812538147e-03
8.288111537694931030e-03
7.957409135997295380e-03
4.290653392672538757e-03
8.677134290337562561e-03
6.704285740852355957e-03
5.274971481412649155e-03
7.798045873641967773e-03
5.244854837656021118e-03
6.824276875704526901e-03
7.108675315976142883e-03
4.044872708618640900e-03
6.272736005485057831e-03
6.649999879300594330e-03
6.220375187695026398e-03
5.156873725354671478e-03
7.184870541095733643e-03
4.286642186343669891e-03
5.656037945300340652e-03
5.773032084107398987e-03
5.005789920687675476e-03
6.846736185252666473e-03
5.183264613151550293e-03
4.356862045824527740e-03
6.504569668322801590e-03
7.479522842913866043e-03
6.526095326989889145e-03
8.508084341883659363e-03
4.707512445747852325e-03
6.049894727766513824e-03
6.430525798350572586e-03
4.412130918353796005e-03
6.809542886912822723e-03
7.697159424424171448e-03
6.606888025999069214e-03
4.028462804853916168e-03
4.336940590292215347e-03
5.261829122900962830e-03
4.009623080492019653e-03
3.640941111370921135e-03
4.274756181985139847e-03
4.729376174509525299e-03
4.160647746175527573e-03
5.970479920506477356e-03
6.705304607748985291e-03
4.657011479139328003e-03
7.037609349936246872e-03
5.255620926618576050e-03
4.201967734843492508e-03
6.059000268578529358e-03
4.569116048514842987e-03
5.372492596507072449e-03
5.072633735835552216e-03
3.878299146890640259e-03
5.788663402199745178e-03
4.582001827657222748e-03
3.961447160691022873e-03
4.848130047321319580e-03
6.028081756085157394e-03
5.934942979365587234e-03
4.169452935457229614e-03
4.172652494162321091e-03
6.205531768500804901e-03
5.464543588459491730e-03
4.417086020112037659e-03
3.424138994887471199e-03
4.773950204253196716e-03
4.515320062637329102e-03
4.638814367353916168e-03
5.994842387735843658e-03
4.580304492264986038e-03
4.097607452422380447e-03
6.937025114893913269e-03
7.299551740288734436e-03
5.872101057320833206e-03
8.772597648203372955e-03
7.172168232500553131e-03
7.742738351225852966e-03
8.993280120193958282e-03
6.127139087766408920e-03
5.813246592879295349e-03
8.908314630389213562e-03
5.023988429456949234e-03
4.887484945356845856e-03
7.187568582594394684e-03
4.811068065464496613e-03
5.248910747468471527e-03
6.307243369519710541e-03
4.471317399293184280e-03
8.457942865788936615e-03
5.128268152475357056e-03
7.084581069648265839e-03
8.750032633543014526e-03
3.914528992027044296e-03
5.531332921236753464e-03
5.081908777356147766e-03
5.010982509702444077e-03
6.153992377221584320e-03
4.916097968816757202e-03
5.314212292432785034e-03
5.641780793666839600e-03
3.985989838838577271e-03
5.868005566298961639e-03
5.519837141036987305e-03
4.806334152817726135e-03
7.310542743653059006e-03
5.722850561141967773e-03
6.733858957886695862e-03
5.023892503231763840e-03
5.107874982059001923e-03
6.683416664600372314e-03
5.089267157018184662e-03
7.141278591006994247e-03
4.630793817341327667e-03
4.525343887507915497e-03
6.514028180390596390e-03
5.496152210980653763e-03
5.669257603585720062e-03
4.992223344743251801e-03
5.734113976359367371e-03
5.944965407252311707e-03
6.099816411733627319e-03
4.797990433871746063e-03
4.009310621768236160e-03
4.995600320398807526e-03
4.729745909571647644e-03
5.680344998836517334e-03
5.718943662941455841e-03
5.345455370843410492e-03
4.918919876217842102e-03
4.570438992232084274e-03
4.155053757131099701e-03
5.414110142737627029e-03
4.457003436982631683e-03
3.479261649772524834e-03
5.162769462913274765e-03
4.462926182895898819e-03
4.072206560522317886e-03
4.567665979266166687e-03
3.769224975258111954e-03
4.351405892521142960e-03
4.380417056381702423e-03
4.332417622208595276e-03
5.026916973292827606e-03
3.266131971031427383e-03
5.977621302008628845e-03
4.814324900507926941e-03
4.221520386636257172e-03
4.219782073050737381e-03
4.699164070188999176e-03
4.972192458808422089e-03
4.142269026488065720e-03
3.786174813285470009e-03
5.137326195836067200e-03
5.518116988241672516e-03
5.143264308571815491e-03
5.005528684705495834e-03
3.575609065592288971e-03
5.111814010888338089e-03
4.345449618995189667e-03
4.651308525353670120e-03
5.094501189887523651e-03
5.669431295245885849e-03
6.027190014719963074e-03
6.434929557144641876e-03
6.297645624727010727e-03
6.622807122766971588e-03
5.439934320747852325e-03
4.999676719307899475e-03
4.407739266753196716e-03
4.273991566151380539e-03
6.075908429920673370e-03
5.596232600510120392e-03
8.908945135772228241e-03
5.304239690303802490e-03
3.788788337260484695e-03
5.874473601579666138e-03
3.630467923358082771e-03
4.667358007282018661e-03
5.695773288607597351e-03
5.461347289383411407e-03
5.918106995522975922e-03
5.880034528672695160e-03
5.846622865647077560e-03
6.034997291862964630e-03
5.317647010087966919e-03
6.468960549682378769e-03
5.837883800268173218e-03
4.815172404050827026e-03
5.387030076235532761e-03
3.919399343430995941e-03
4.638385027647018433e-03
5.553725641220808029e-03
4.694325383752584457e-03
4.551480524241924286e-03
7.195220328867435455e-03
3.882946446537971497e-03
5.059007555246353149e-03
4.704959690570831299e-03
5.971500650048255920e-03
5.251378752291202545e-03
4.625784233212471008e-03
5.821586120873689651e-03
4.653456620872020721e-03
4.151568748056888580e-03
4.846896510571241379e-03
4.818714223802089691e-03
3.602171083912253380e-03
4.296862520277500153e-03
4.578001797199249268e-03
5.297120660543441772e-03
4.079673439264297485e-03
4.208806902170181274e-03
4.221161827445030212e-03
5.083502270281314850e-03
3.723258152604103088e-03
3.952734172344207764e-03
4.369447939097881317e-03
5.403172690421342850e-03
5.089602433145046234e-03
4.346850328147411346e-03
3.999789245426654816e-03
4.077017307281494141e-03
5.036458373069763184e-03
4.584270529448986053e-03
5.670911632478237152e-03
6.429259665310382843e-03
4.719621036201715469e-03
4.365963861346244812e-03
5.989352241158485413e-03
4.476442001760005951e-03
4.876620136201381683e-03
3.995096310973167419e-03
5.038893781602382660e-03
4.232291597872972488e-03
5.901278927922248840e-03
5.055419169366359711e-03
4.437394440174102783e-03
4.582841880619525909e-03
5.479562096297740936e-03
5.046902224421501160e-03
6.506833247840404510e-03
4.934482276439666748e-03
4.905157722532749176e-03
5.754610523581504822e-03
4.869326949119567871e-03
8.503753691911697388e-03
6.410239730030298233e-03
7.576908916234970093e-03
6.972949020564556122e-03
3.515452845022082329e-03
4.434835165739059448e-03
5.446401424705982208e-03
5.660247057676315308e-03
6.058624014258384705e-03
7.213170174509286880e-03
4.822844173759222031e-03
6.645506247878074646e-03
5.680942442268133163e-03
4.177589900791645050e-03
5.402245558798313141e-03
7.079031318426132202e-03
4.240606911480426788e-03
7.768320851027965546e-03
3.930510953068733215e-03
5.620565265417098999e-03
6.293269805610179901e-03
3.900387324392795563e-03
5.450699012726545334e-03
4.939191043376922607e-03
4.169749096035957336e-03
5.324664525687694550e-03
5.309019237756729126e-03
4.564200062304735184e-03
4.146455321460962296e-03
7.887550629675388336e-03
6.660931743681430817e-03
1.200589537620544434e-02
4.872826859354972839e-03
7.976760156452655792e-03
7.285016588866710663e-03
5.210865288972854614e-03
6.870454177260398865e-03
8.037380874156951904e-03
4.717453382909297943e-03
5.866705439984798431e-03
8.013381622731685638e-03
4.762620199471712112e-03
1.598307862877845764e-02
5.249476991593837738e-03
1.018995791673660278e-02
8.232615888118743896e-03
5.116073880344629288e-03
1.281897164881229401e-02
7.033257745206356049e-03
4.685421474277973175e-03
9.463890455663204193e-03
7.184055168181657791e-03
6.139468401670455933e-03
9.032842703163623810e-03
7.976638153195381165e-03
7.400173693895339966e-03
7.607557345181703568e-03
7.029231637716293335e-03
7.169679272919893265e-03
6.580309011042118073e-03
5.017330404371023178e-03
8.691676892340183258e-03
8.783355355262756348e-03
5.034612491726875305e-03
6.995791569352149963e-03
6.938456557691097260e-03
5.100953392684459686e-03
5.245842970907688141e-03
8.098900318145751953e-03
5.978357512503862381e-03
7.832327857613563538e-03
5.036788992583751678e-03
6.631337106227874756e-03
5.518175661563873291e-03
4.861126653850078583e-03
7.131914142519235611e-03
3.903886768966913223e-03
4.224127158522605896e-03
5.142639391124248505e-03
6.849656812846660614e-03
3.733900375664234161e-03
6.381431594491004944e-03
4.526386503130197525e-03
5.360704846680164337e-03
6.487605627626180649e-03
6.397978402674198151e-03
4.671359900385141373e-03
4.608046263456344604e-03
5.299563519656658173e-03
5.219897720962762833e-03
4.891120828688144684e-03
5.174568854272365570e-03
4.775180481374263763e-03
6.192598957568407059e-03
4.564754199236631393e-03
3.877353621646761894e-03
5.064932629466056824e-03
4.575018770992755890e-03
5.774299614131450653e-03
5.134060978889465332e-03
4.463776946067810059e-03
7.817689329385757446e-03
5.491408519446849823e-03
5.101257469505071640e-03
5.874143913388252258e-03
4.163638688623905182e-03
4.043986089527606964e-03
4.868052899837493896e-03
6.258131470531225204e-03
4.935379140079021454e-03
4.418183118104934692e-03
4.718071315437555313e-03
4.556221421808004379e-03
5.723860114812850952e-03
2.097860909998416901e-03
4.761176183819770813e-03
6.496922578662633896e-03
4.208632744848728180e-03
5.973151419311761856e-03
7.139541674405336380e-03
4.925934597849845886e-03
1.098667457699775696e-02
5.753106903284788132e-03
5.754161160439252853e-03
9.792140685021877289e-03
4.887098912149667740e-03
6.362617015838623047e-03
8.975643664598464966e-03
4.782966338098049164e-03
1.070634182542562485e-02
6.496478803455829620e-03
5.119941197335720062e-03
6.908177863806486130e-03
4.548265133053064346e-03
6.267715245485305786e-03
5.716439336538314819e-03
3.765834495425224304e-03
4.773010499775409698e-03
4.399778321385383606e-03
5.974089726805686951e-03
4.415724892169237137e-03
4.254441708326339722e-03
4.141714423894882202e-03
4.718660376965999603e-03
5.267095752060413361e-03
4.419045522809028625e-03
5.626874975860118866e-03
5.066895391792058945e-03
4.756211303174495697e-03
4.853757098317146301e-03
5.417617969214916229e-03
6.017030216753482819e-03
6.391850765794515610e-03
5.832541733980178833e-03
4.679792094975709915e-03
9.369105100631713867e-03
3.611362306401133537e-03
8.356713689863681793e-03
7.742147892713546753e-03
5.960054695606231689e-03
8.225734345614910126e-03
6.060718558728694916e-03
4.556605126708745956e-03
6.330342963337898254e-03
6.698004435747861862e-03
4.844401031732559204e-03
7.360604591667652130e-03
4.083946347236633301e-03
6.108257919549942017e-03
4.609206691384315491e-03
5.448199342936277390e-03
4.609152674674987793e-03
3.991960547864437103e-03
4.514968954026699066e-03
3.703241469338536263e-03
4.868320189416408539e-03
4.789833445101976395e-03
3.803402651101350784e-03
4.372257273644208908e-03
5.215235985815525055e-03
5.215657874941825867e-03
3.818126162514090538e-03
5.290292669087648392e-03
5.607507191598415375e-03
6.016867235302925110e-03
4.412635695189237595e-03
3.389792982488870621e-03
4.254713654518127441e-03
4.788119345903396606e-03
5.069902166724205017e-03
4.352621268481016159e-03
4.531829617917537689e-03
4.509866237640380859e-03
5.034689791500568390e-03
4.451283719390630722e-03
4.282545298337936401e-03
5.807307548820972443e-03
4.472655244171619415e-03
5.784544628113508224e-03
4.361295606940984726e-03
5.275985226035118103e-03
4.448821302503347397e-03
6.110346410423517227e-03
4.023684188723564148e-03
5.970545113086700439e-03
5.001763347536325455e-03
3.854407463222742081e-03
5.356187932193279266e-03
6.181745789945125580e-03
4.558303859084844589e-03
4.646415822207927704e-03
4.660546779632568359e-03
5.828114692121744156e-03
6.203871220350265503e-03
4.393415059894323349e-03
6.027170922607183456e-03
6.299150642007589340e-03
4.921094514429569244e-03
4.066899884492158890e-03
4.972567781805992126e-03
4.419836215674877167e-03
4.983060061931610107e-03
5.387651734054088593e-03
4.599263891577720642e-03
4.567098338156938553e-03
5.576925352215766907e-03
3.930431790649890900e-03
4.569604061543941498e-03
5.815635900944471359e-03
4.897330887615680695e-03
4.265057854354381561e-03
6.300478242337703705e-03
5.449318327009677887e-03
5.417881067842245102e-03
6.129323504865169525e-03
4.822851158678531647e-03
7.392931729555130005e-03
4.499820992350578308e-03
3.508148249238729477e-03
5.568677559494972229e-03
5.201926454901695251e-03
5.741177126765251160e-03
9.245412424206733704e-03
4.640826024115085602e-03
5.908561870455741882e-03
6.578115746378898621e-03
3.890909487381577492e-03
4.222122486680746078e-03
5.157011561095714569e-03
4.844504408538341522e-03
4.468367435038089752e-03
4.208059050142765045e-03
5.466544069349765778e-03
5.094286054372787476e-03
4.909981042146682739e-03
5.344369448721408844e-03
5.953615531325340271e-03
4.941896535456180573e-03
1.099111884832382202e-02
7.707606069743633270e-03
1.032387185841798782e-02
5.148872733116149902e-03
8.266767486929893494e-03
9.072156623005867004e-03
4.943131934851408005e-03
8.459177799522876740e-03
4.134497605264186859e-03
5.817650351673364639e-03
7.296767085790634155e-03
4.322132561355829239e-03
6.130998022854328156e-03
6.319301668554544449e-03
5.465361289680004120e-03
7.685874588787555695e-03
5.641161464154720306e-03
5.840717349201440811e-03
5.837072618305683136e-03
7.520967163145542145e-03
7.101124152541160583e-03
6.332927383482456207e-03
5.999614484608173370e-03
5.412571597844362259e-03
5.606801249086856842e-03
6.789748556911945343e-03
4.560820758342742920e-03
7.240205537527799606e-03
4.996570758521556854e-03
5.264957435429096222e-03
6.461280398070812225e-03
5.520165432244539261e-03
5.325128324329853058e-03
5.121914204210042953e-03
4.495130851864814758e-03
5.805186927318572998e-03
5.583928897976875305e-03
4.701542668044567108e-03
6.562701426446437836e-03
4.726281389594078064e-03
5.029428284615278244e-03
5.352962296456098557e-03
4.706068895757198334e-03
4.628986585885286331e-03
6.183892488479614258e-03
4.824213683605194092e-03
4.923824220895767212e-03
5.932946223765611649e-03
6.089325994253158569e-03
7.550222799181938171e-03
4.240147303789854050e-03
4.672132432460784912e-03
5.821002647280693054e-03
5.169813521206378937e-03
5.406770855188369751e-03
4.676801618188619614e-03
5.746633280068635941e-03
5.032651126384735107e-03
4.730714485049247742e-03
6.482229568064212799e-03
5.586877465248107910e-03
4.039569292217493057e-03
6.798046641051769257e-03
7.152565754950046539e-03
5.286762956529855728e-03
5.751340184360742569e-03
7.473763078451156616e-03
4.545359406620264053e-03
7.238738238811492920e-03
7.308308035135269165e-03
4.618834704160690308e-03
7.967142388224601746e-03
6.069936323910951614e-03
4.754907451570034027e-03
7.361881434917449951e-03
5.918512120842933655e-03
5.972330458462238312e-03
5.731251090764999390e-03
5.543387960642576218e-03
6.407906301319599152e-03
4.959697835147380829e-03
4.991960246115922928e-03
5.214491393417119980e-03
5.180514417588710785e-03
4.519715905189514160e-03
5.344336852431297302e-03
4.741622135043144226e-03
4.717607051134109497e-03
4.422741010785102844e-03
4.876570776104927063e-03
4.076788201928138733e-03
4.865328315645456314e-03
5.654467269778251648e-03
4.594797268509864807e-03
5.181460641324520111e-03
4.985648207366466522e-03
5.006062332540750504e-03
4.487976431846618652e-03
3.870697226375341415e-03
4.295876715332269669e-03
6.946111563593149185e-03
4.608495626598596573e-03
4.474876448512077332e-03
5.632832646369934082e-03
5.548134446144104004e-03
6.682819686830043793e-03
4.852538928389549255e-03
4.022765904664993286e-03
5.933402106165885925e-03
5.083606112748384476e-03
3.445441368967294693e-03
5.164863541722297668e-03
4.782457835972309113e-03
4.828369710594415665e-03
4.574929364025592804e-03
3.532792907208204269e-03
6.244268268346786499e-03
4.462188109755516052e-03
4.474445711821317673e-03
5.085639655590057373e-03
3.786139655858278275e-03
5.287477280944585800e-03
5.302967038005590439e-03
5.077650304883718491e-03
4.718418233096599579e-03
5.551420152187347412e-03
5.258848890662193298e-03
6.100900936871767044e-03
1.054123509675264359e-02
4.828132688999176025e-03
5.304275080561637878e-03
7.085708901286125183e-03
6.289408542215824127e-03
4.544568248093128204e-03
6.910478696227073669e-03
7.513694465160369873e-03
3.628415055572986603e-03
8.842061273753643036e-03
5.664220545440912247e-03
5.267741158604621887e-03
8.367649279534816742e-03
7.096186745911836624e-03
6.352393887937068939e-03
9.390357881784439087e-03
3.096898552030324936e-03
5.750751122832298279e-03
5.925785750150680542e-03
4.750947002321481705e-03
5.153158213943243027e-03
4.317734390497207642e-03
4.579659085720777512e-03
5.030212923884391785e-03
5.103275179862976074e-03
5.860824137926101685e-03
4.725444130599498749e-03
4.042758606374263763e-03
4.493481013923883438e-03
3.750816918909549713e-03
4.441244993358850479e-03
4.400079138576984406e-03
5.124612711369991302e-03
4.717398434877395630e-03
5.721541587263345718e-03
4.886255599558353424e-03
6.075368262827396393e-03
4.614482633769512177e-03
5.404654890298843384e-03
5.367049947381019592e-03
4.479090683162212372e-03
4.254000727087259293e-03
6.468077190220355988e-03
5.563665181398391724e-03
5.938029848039150238e-03
4.353563301265239716e-03
5.367191508412361145e-03
5.751320160925388336e-03
4.085256252437829971e-03
4.339947365224361420e-03
5.209841765463352203e-03
6.599679123610258102e-03
5.324937403202056885e-03
4.803096875548362732e-03
5.584518425166606903e-03
4.883554298430681229e-03
5.031878594309091568e-03
5.189355928450822830e-03
5.808707326650619507e-03
3.903389442712068558e-03
4.683848470449447632e-03
4.551177378743886948e-03
3.816982032731175423e-03
4.411086440086364746e-03
4.175411071628332138e-03
6.615737453103065491e-03
4.754902794957160950e-03
5.062219221144914627e-03
5.669132806360721588e-03
4.331256728619337082e-03
3.875002963468432426e-03
4.784473218023777008e-03
3.936953376978635788e-03
4.557765088975429535e-03
5.452707409858703613e-03
4.592021461576223373e-03
5.052469670772552490e-03
5.865812301635742188e-03
4.570328164845705032e-03
4.291832912713289261e-03
4.571655765175819397e-03
3.737736260518431664e-03
5.355030298233032227e-03
4.260713700205087662e-03
4.446703940629959106e-03
7.468389347195625305e-03
4.528878256678581238e-03
5.883151199668645859e-03
3.883623052388429642e-03
5.212830379605293274e-03
