7.512957789003849030e-03
5.755511112511157990e-03
4.524452611804008484e-03
5.547773558646440506e-03
5.704325158149003983e-03
4.002205096185207367e-03
5.490242503583431244e-03
6.857180036604404449e-03
4.214294254779815674e-03
7.394005544483661652e-03
4.731926135718822479e-03
8.309870958328247070e-03
5.090093240141868591e-03
5.376522429287433624e-03
5.232006311416625977e-03
5.560757126659154892e-03
5.311446730047464371e-03
5.618566647171974182e-03
4.827516153454780579e-03
4.435487557202577591e-03
5.713778547942638397e-03
5.429673008620738983e-03
6.069386843591928482e-03
5.250602960586547852e-03
5.197354126721620560e-03
4.490230698138475418e-03
4.618376027792692184e-03
6.311178207397460938e-03
4.291186109185218811e-03
5.165698006749153137e-03
5.018412135541439056e-03
5.718281492590904236e-03
5.745040252804756165e-03
5.595355294644832611e-03
7.400722708553075790e-03
4.418145865201950073e-03
4.514915868639945984e-03
4.620061255991458893e-03
5.991233512759208679e-03
4.895091988146305084e-03
5.338240880519151688e-03
5.944614764302968979e-03
5.382758565247058868e-03
6.166115403175354004e-03
4.697956144809722900e-03
4.962011240422725677e-03
6.579264067113399506e-03
5.851649213582277298e-03
5.233608186244964600e-03
5.049411207437515259e-03
6.379066500812768936e-03
5.824178457260131836e-03
6.355765275657176971e-03
4.634334705770015717e-03
5.532022565603256226e-03
5.464403890073299408e-03
5.776801146566867828e-03
4.780081100761890411e-03
5.507023073732852936e-03
5.399751011282205582e-03
4.825872834771871567e-03
5.269989371299743652e-03
6.345124915242195129e-03
4.321440123021602631e-03
5.256323143839836121e-03
4.357377532869577408e-03
4.814182408154010773e-03
5.093887448310852051e-03
5.351528059691190720e-03
4.194169305264949799e-03
4.392332397401332855e-03
4.743671510368585587e-03
6.380163133144378662e-03
8.053163997828960419e-03
5.377591121941804886e-03
4.184837918728590012e-03
3.878549672663211823e-03
5.335564725100994110e-03
5.424866452813148499e-03
5.268181674182415009e-03
4.981203470379114151e-03
5.166098009794950485e-03
4.004156216979026794e-03
5.229885224252939224e-03
4.942626692354679108e-03
5.506577901542186737e-03
6.175220943987369537e-03
8.444450795650482178e-03
6.361489184200763702e-03
5.144389346241950989e-03
6.347093731164932251e-03
7.149711251258850098e-03
5.119168199598789215e-03
7.019791752099990845e-03
5.132422782480716705e-03
6.998542696237564087e-03
6.909894756972789764e-03
4.373892210423946381e-03
7.016140967607498169e-03
6.603201385587453842e-03
4.186403006315231323e-03
8.763419464230537415e-03
5.994509905576705933e-03
8.527867496013641357e-03
7.850896567106246948e-03
4.764640703797340393e-03
1.223872788250446320e-02
5.540226586163043976e-03
8.046621456742286682e-03
7.953293621540069580e-03
7.002441678196191788e-03
2.091760560870170593e-02
5.185966845601797104e-03
2.601592801511287689e-02
5.101560615003108978e-03
1.663567498326301575e-02
7.815098389983177185e-03
5.957661196589469910e-03
1.571913808584213257e-02
6.678647361695766449e-03
8.876631036400794983e-03
7.016852498054504395e-03
5.225934088230133057e-03
5.920521914958953857e-03
1.135725248605012894e-02
4.779827781021595001e-03
1.031943131238222122e-02
6.944720167666673660e-03
5.438321735709905624e-03
9.180866181850433350e-03
4.357255063951015472e-03
4.353867843747138977e-03
7.847263477742671967e-03
4.593377001583576202e-03
4.922884982079267502e-03
7.669184356927871704e-03
5.486708134412765503e-03
6.249340251088142395e-03
5.023941397666931152e-03
5.477892234921455383e-03
5.999196320772171021e-03
4.281332250684499741e-03
4.631943535059690475e-03
6.931134965270757675e-03
4.209938459098339081e-03
5.625102203339338303e-03
4.527087323367595673e-03
7.667673751711845398e-03
4.584113135933876038e-03
4.900338128209114075e-03
4.280185326933860779e-03
6.195706315338611603e-03
4.061553627252578735e-03
6.837878376245498657e-03
5.054486449807882309e-03
4.717973060905933380e-03
4.661010112613439560e-03
4.744983278214931488e-03
4.987957421690225601e-03
6.102719809859991074e-03
6.504557095468044281e-03
4.056296776980161667e-03
6.104430183768272400e-03
5.741334520280361176e-03
4.155557602643966675e-03
4.958912730216979980e-03
6.467926315963268280e-03
4.993423819541931152e-03
5.272742826491594315e-03
4.555170424282550812e-03
5.460558924823999405e-03
5.457705352455377579e-03
4.656313918530941010e-03
4.769428167492151260e-03
4.428687505424022675e-03
6.209637969732284546e-03
5.282473750412464142e-03
4.866315983235836029e-03
5.498310085386037827e-03
4.550262354314327240e-03
4.810996353626251221e-03
5.027088802307844162e-03
4.218162037432193756e-03
5.190400406718254089e-03
4.354546777904033661e-03
5.856532603502273560e-03
9.331660345196723938e-03
4.054194316267967224e-03
4.804413765668869019e-03
9.558236226439476013e-03
5.993785802274942398e-03
1.214600168168544769e-02
6.086745299398899078e-03
7.942331954836845398e-03
1.059409789741039276e-02
5.902090109884738922e-03
1.329570263624191284e-02
5.751155316829681396e-03
8.752355352044105530e-03
8.921457454562187195e-03
5.185162648558616638e-03
6.935822777450084686e-03
9.176120162010192871e-03
4.412608221173286438e-03
7.563002873212099075e-03
8.358584716916084290e-03
6.039718165993690491e-03
7.690641097724437714e-03
6.289305165410041809e-03
4.793191328644752502e-03
6.839286070317029953e-03
7.612144574522972107e-03
8.770495653152465820e-03
7.509096991270780563e-03
8.661135099828243256e-03
5.963149014860391617e-03
8.591010235249996185e-03
8.162053301930427551e-03
4.449390806257724762e-03
5.963479168713092804e-03
6.078734528273344040e-03
3.949901554733514786e-03
6.169287487864494324e-03
9.902596473693847656e-03
5.676648579537868500e-03
1.025256607681512833e-02
5.249824374914169312e-03
7.461555302143096924e-03
7.662277668714523315e-03
4.568005446344614029e-03
9.619953110814094543e-03
5.405112169682979584e-03
6.414369679987430573e-03
1.092689484357833862e-02
6.827278528362512589e-03
7.589417509734630585e-03
6.314153317362070084e-03
5.515370983630418777e-03
8.428649045526981354e-03
6.784285418689250946e-03
6.516477093100547791e-03
6.150156725198030472e-03
4.474014975130558014e-03
5.808961577713489532e-03
5.760760977864265442e-03
4.882256034761667252e-03
4.978089593350887299e-03
5.356035195291042328e-03
4.600263200700283051e-03
5.072187632322311401e-03
5.307724699378013611e-03
4.744101315736770630e-03
4.508485086262226105e-03
4.321457818150520325e-03
5.978009197860956192e-03
5.608675070106983185e-03
5.541343241930007935e-03
5.257943645119667053e-03
5.387934856116771698e-03
5.989590659737586975e-03
4.931736737489700317e-03
6.451617926359176636e-03
5.612226668745279312e-03
6.143108941614627838e-03
4.363319836556911469e-03
4.541849717497825623e-03
5.414598621428012848e-03
5.872342735528945923e-03
4.781122785061597824e-03
4.626844543963670731e-03
4.180837422609329224e-03
4.638767801225185394e-03
4.319906234741210938e-03
6.308523472398519516e-03
4.495760891586542130e-03
5.507848225533962250e-03
7.120359688997268677e-03
4.376069176942110062e-03
5.494053009897470474e-03
5.409234669059514999e-03
3.829962573945522308e-03
5.952544044703245163e-03
5.033775232732295990e-03
4.288011696189641953e-03
4.099677316844463348e-03
5.073626991361379623e-03
5.756166763603687286e-03
6.104774773120880127e-03
5.625740624964237213e-03
6.969203241169452667e-03
5.848473403602838516e-03
4.282484762370586395e-03
4.309168085455894470e-03
4.901218228042125702e-03
4.483812954276800156e-03
6.344804540276527405e-03
4.195658490061759949e-03
4.935585893690586090e-03
6.687523797154426575e-03
4.962595179677009583e-03
5.201295949518680573e-03
4.686215892434120178e-03
5.562555044889450073e-03
4.141113720834255219e-03
8.190572261810302734e-03
5.166829563677310944e-03
8.338136598467826843e-03
4.990140441805124283e-03
5.431791301816701889e-03
6.430915556848049164e-03
5.231569521129131317e-03
4.801835864782333374e-03
6.089650094509124756e-03
3.909100778400897980e-03
6.137101911008358002e-03
4.735414870083332062e-03
4.619842395186424255e-03
5.555490963160991669e-03
4.483112134039402008e-03
4.305241163820028305e-03
5.223710089921951294e-03
6.891553290188312531e-03
4.146173596382141113e-03
4.591202829033136368e-03
5.424965173006057739e-03
6.165311206132173538e-03
5.464439745992422104e-03
4.413702525198459625e-03
4.712087102234363556e-03
4.915186204016208649e-03
5.601379089057445526e-03
4.416949115693569183e-03
5.461299791932106018e-03
3.988060168921947479e-03
4.990203306078910828e-03
5.331864580512046814e-03
7.342647295445203781e-03
5.027258768677711487e-03
5.067735910415649414e-03
4.923954606056213379e-03
4.909076262265443802e-03
4.796387162059545517e-03
4.524565767496824265e-03
4.534003790467977524e-03
5.696996580809354782e-03
4.259734414517879486e-03
5.279058590531349182e-03
5.662117153406143188e-03
6.478440016508102417e-03
6.030924152582883835e-03
7.500375621020793915e-03
5.240269005298614502e-03
7.580569013953208923e-03
8.808406069874763489e-03
5.158750806003808975e-03
6.185430102050304413e-03
7.952006533741950989e-03
5.282343365252017975e-03
9.018700569868087769e-03
5.880073644220829010e-03
5.891353357583284378e-03
1.179780624806880951e-02
5.430074874311685562e-03
1.368751376867294312e-02
6.722833495587110519e-03
5.954623222351074219e-03
6.119298748672008514e-03
7.610176689922809601e-03
6.475119385868310928e-03
1.045603118836879730e-02
4.180998541414737701e-03
5.251849070191383362e-03
6.039650179445743561e-03
4.279363900423049927e-03
5.748149473220109940e-03
4.792228806763887405e-03
5.454418249428272247e-03
5.773764103651046753e-03
7.583994418382644653e-03
5.037251859903335571e-03
5.886869505047798157e-03
4.244224168360233307e-03
5.581881850957870483e-03
5.866281688213348389e-03
5.950433202087879181e-03
5.247140303254127502e-03
5.977353546768426895e-03
4.313476383686065674e-03
4.747062455862760544e-03
6.067307665944099426e-03
5.329333711415529251e-03
4.249544814229011536e-03
4.792883992195129395e-03
5.312411114573478699e-03
4.527701064944267273e-03
4.623063839972019196e-03
5.136920139193534851e-03
6.102490238845348358e-03
7.126844022423028946e-03
4.976134747266769409e-03
4.294301848858594894e-03
4.824807867407798767e-03
4.669659771025180817e-03
4.802514333277940750e-03
4.397286102175712585e-03
5.124974995851516724e-03
4.406747408211231232e-03
6.740174721926450729e-03
7.592539303004741669e-03
5.428876727819442749e-03
6.407511420547962189e-03
8.184333331882953644e-03
4.369562491774559021e-03
5.141778849065303802e-03
5.071581341326236725e-03
5.747997201979160309e-03
7.540621329098939896e-03
4.775483161211013794e-03
4.788906313478946686e-03
6.978630088269710541e-03
5.662092007696628571e-03
6.615180522203445435e-03
9.135546162724494934e-03
4.542685113847255707e-03
5.675696767866611481e-03
7.238400634378194809e-03
5.435914732515811920e-03
4.860992543399333954e-03
5.542457103729248047e-03
7.791423238813877106e-03
5.652034189552068710e-03
7.954940199851989746e-03
7.438611704856157303e-03
7.297382690012454987e-03
6.674534175544977188e-03
4.580216482281684875e-03
4.618942737579345703e-03
6.351447664201259613e-03
4.938739351928234100e-03
5.561454221606254578e-03
6.311456207185983658e-03
5.714957602322101593e-03
7.305995561182498932e-03
8.712093345820903778e-03
5.964062176644802094e-03
7.879177108407020569e-03
6.140780635178089142e-03
5.220863036811351776e-03
1.065392419695854187e-02
4.499784670770168304e-03
1.161523908376693726e-02
7.627564482390880585e-03
5.045935511589050293e-03
7.334417663514614105e-03
6.297492887824773788e-03
6.285470444709062576e-03
7.194906473159790039e-03
6.326905451714992523e-03
5.718160886317491531e-03
4.754114896059036255e-03
9.108438156545162201e-03
8.808556944131851196e-03
8.051143959164619446e-03
4.747758619487285614e-03
5.180380307137966156e-03
7.608711253851652145e-03
5.772617645561695099e-03
6.045941263437271118e-03
6.998964585363864899e-03
5.487978458404541016e-03
6.575637031346559525e-03
5.495017394423484802e-03
4.805849865078926086e-03
4.109731875360012054e-03
4.889657255262136459e-03
4.631432238966226578e-03
4.645543638616800308e-03
5.021339282393455505e-03
4.092065617442131042e-03
4.175696987658739090e-03
4.574100486934185028e-03
4.618310369551181793e-03
4.554788582026958466e-03
7.623810786753892899e-03
5.221603438258171082e-03
6.062257103621959686e-03
5.294354632496833801e-03
6.783427670598030090e-03
4.434634931385517120e-03
5.318173673003911972e-03
5.509120412170886993e-03
4.748811013996601105e-03
4.850618541240692139e-03
5.003930069506168365e-03
5.370780825614929199e-03
4.978601820766925812e-03
4.256241954863071442e-03
4.671646282076835632e-03
5.381054710596799850e-03
4.390497226268053055e-03
5.382038652896881104e-03
4.313668236136436462e-03
5.058542825281620026e-03
4.432659596204757690e-03
5.530085880309343338e-03
5.397890694439411163e-03
4.025852307677268982e-03
4.614786244928836823e-03
5.528335459530353546e-03
4.005845636129379272e-03
5.884953308850526810e-03
6.334119942039251328e-03
4.967683926224708557e-03
7.469405420124530792e-03
4.787565208971500397e-03
5.060986615717411041e-03
6.797417998313903809e-03
4.407785832881927490e-03
9.029255248606204987e-03
5.560561083257198334e-03
6.065679714083671570e-03
5.176326259970664978e-03
4.540300928056240082e-03
4.249583464115858078e-03
4.672475159168243408e-03
4.566124640405178070e-03
6.247761659324169159e-03
6.531630642712116241e-03
4.635746590793132782e-03
4.030491691082715988e-03
5.860794335603713989e-03
4.713096655905246735e-03
5.151758436113595963e-03
5.060699302703142166e-03
4.365602042526006699e-03
5.151101388037204742e-03
5.122213624417781830e-03
5.139671266078948975e-03
3.904003184288740158e-03
4.427833482623100281e-03
4.946777597069740295e-03
6.177315488457679749e-03
3.628986189141869545e-03
4.192308057099580765e-03
5.612008273601531982e-03
6.310125812888145447e-03
5.085383541882038116e-03
4.451948218047618866e-03
4.506858065724372864e-03
5.689782090485095978e-03
5.053888540714979172e-03
4.923369735479354858e-03
4.638704005628824234e-03
4.702986218035221100e-03
4.550296813249588013e-03
5.776625126600265503e-03
5.324313417077064514e-03
4.352982155978679657e-03
5.164093337953090668e-03
4.948101006448268890e-03
4.369742702692747116e-03
4.606104455888271332e-03
4.498176742345094681e-03
4.456738010048866272e-03
4.423047415912151337e-03
4.838174208998680115e-03
4.454527981579303741e-03
5.326780490577220917e-03
5.896815098822116852e-03
5.012041889131069183e-03
5.526590626686811447e-03
4.369010217487812042e-03
5.566707346588373184e-03
7.432088255882263184e-03
5.948164500296115875e-03
4.668457899242639542e-03
6.284313276410102844e-03
5.145962350070476532e-03
4.141433630138635635e-03
6.575782783329486847e-03
5.099422298371791840e-03
5.241979844868183136e-03
7.033065892755985260e-03
5.825038999319076538e-03
7.912150584161281586e-03
5.942568182945251465e-03
5.652597174048423767e-03
6.143096834421157837e-03
5.807286594063043594e-03
7.310786284506320953e-03
5.088451318442821503e-03
5.556400865316390991e-03
7.343988399952650070e-03
7.264554966241121292e-03
5.258909426629543304e-03
5.241016857326030731e-03
5.665017291903495789e-03
6.162031553685665131e-03
8.860274218022823334e-03
4.295558668673038483e-03
5.054928362369537354e-03
4.729404114186763763e-03
4.372784867882728577e-03
4.159780684858560562e-03
5.535836331546306610e-03
5.411065183579921722e-03
5.337131675332784653e-03
5.140285938978195190e-03
6.601396948099136353e-03
4.114794544875621796e-03
4.877723753452301025e-03
4.681080579757690430e-03
4.864891059696674347e-03
6.097899749875068665e-03
5.955643020570278168e-03
4.821698181331157684e-03
6.884858477860689163e-03
4.546409938484430313e-03
5.246054381132125854e-03
4.506119061261415482e-03
4.765020683407783508e-03
4.753295332193374634e-03
5.571591667830944061e-03
4.986578598618507385e-03
4.506414756178855896e-03
5.035066977143287659e-03
5.781518761068582535e-03
4.328644834458827972e-03
4.170114174485206604e-03
4.123310558497905731e-03
4.135798662900924683e-03
4.259279929101467133e-03
5.004828795790672302e-03
5.220170132815837860e-03
5.727859213948249817e-03
5.102177150547504425e-03
5.859943572431802750e-03
4.538703709840774536e-03
3.940637223422527313e-03
7.536694873124361038e-03
5.172042176127433777e-03
5.690136924386024475e-03
5.498858168721199036e-03
5.483951885253190994e-03
4.306507296860218048e-03
5.003520287573337555e-03
3.814373165369033813e-03
5.535028874874114990e-03
4.833474289625883102e-03
4.336843267083168030e-03
6.487473845481872559e-03
4.872675985097885132e-03
5.557552445679903030e-03
8.043870329856872559e-03
5.484082736074924469e-03
5.039679817855358124e-03
6.791089661419391632e-03
4.223062656819820404e-03
5.309800151735544205e-03
7.331233471632003784e-03
3.655851585790514946e-03
7.981607690453529358e-03
4.681262653321027756e-03
4.503702744841575623e-03
9.349697269499301910e-03
5.216551478952169418e-03
4.800529219210147858e-03
6.061094813048839569e-03
4.691677633672952652e-03
6.296454463154077530e-03
4.973405972123146057e-03
4.922102205455303192e-03
4.204127006232738495e-03
5.543248727917671204e-03
6.310404278337955475e-03
6.663352716714143753e-03
4.921746905893087387e-03
6.049204152077436447e-03
4.752391483634710312e-03
6.430039182305335999e-03
5.573464557528495789e-03
6.240555550903081894e-03
1.224206760525703430e-02
9.244590997695922852e-03
7.997518405318260193e-03
5.477989558130502701e-03
6.101991515606641769e-03
6.239774171262979507e-03
7.295909337699413300e-03
5.015725269913673401e-03
7.025964558124542236e-03
8.470406755805015564e-03
6.343779154121875763e-03
6.478982977569103241e-03
6.791249848902225494e-03
4.382827319204807281e-03
5.188167095184326172e-03
5.878511816263198853e-03
4.042934626340866089e-03
8.002188056707382202e-03
5.471023265272378922e-03
6.398582831025123596e-03
4.759774543344974518e-03
6.748421117663383484e-03
4.034076351672410965e-03
6.035386119037866592e-03
6.733595393598079681e-03
4.779497627168893814e-03
5.573497153818607330e-03
5.868731532245874405e-03
5.393641069531440735e-03
7.164037320762872696e-03
5.400760099291801453e-03
7.405780255794525146e-03
6.796130910515785217e-03
4.837710876017808914e-03
6.137500517070293427e-03
5.882550496608018875e-03
5.762269720435142517e-03
5.263199564069509506e-03
6.414730567485094070e-03
6.388791371136903763e-03
4.386407788842916489e-03
4.460595548152923584e-03
5.891690496355295181e-03
4.743719473481178284e-03
5.254413932561874390e-03
5.718008615076541901e-03
4.474656656384468079e-03
5.073523148894309998e-03
4.553845152258872986e-03
5.642378702759742737e-03
5.781606771051883698e-03
4.426629282534122467e-03
4.480186849832534790e-03
4.302207380533218384e-03
4.970697220414876938e-03
6.851028650999069214e-03
5.729451775550842285e-03
5.112849641591310501e-03
4.989699460566043854e-03
4.428004845976829529e-03
4.999780096113681793e-03
6.855888757854700089e-03
4.934177268296480179e-03
6.111785303801298141e-03
4.157125484198331833e-03
5.215657409280538559e-03
4.779661539942026138e-03
6.803801283240318298e-03
4.416285548359155655e-03
5.964334588497877121e-03
4.917575977742671967e-03
4.874070174992084503e-03
5.131675861775875092e-03
3.680954454466700554e-03
4.615692887455224991e-03
4.573979414999485016e-03
4.607953131198883057e-03
5.514210090041160583e-03
4.284007009118795395e-03
2.952400129288434982e-03
7.352228276431560516e-03
4.728948231786489487e-03
5.869692191481590271e-03
4.997125826776027679e-03
5.744874943047761917e-03
5.028209649026393890e-03
4.711164627224206924e-03
4.712735302746295929e-03
7.317108102142810822e-03
5.548829212784767151e-03
5.288293585181236267e-03
5.731431767344474792e-03
5.096887238323688507e-03
5.743164569139480591e-03
6.263881921768188477e-03
4.466063808649778366e-03
4.696708172559738159e-03
4.429220221936702728e-03
4.252242855727672577e-03
4.559705499559640884e-03
6.280989851802587509e-03
5.248402245342731476e-03
4.800616763532161713e-03
4.553015343844890594e-03
5.253994837403297424e-03
4.768030717968940735e-03
7.378466427326202393e-03
6.133472081273794174e-03
6.856195628643035889e-03
5.003863014280796051e-03
5.046642851084470749e-03
4.839753732085227966e-03
5.285053979605436325e-03
4.637993872165679932e-03
5.659909918904304504e-03
4.878164269030094147e-03
5.439162719994783401e-03
4.772566258907318115e-03
5.039716139435768127e-03
6.198078393936157227e-03
5.038865376263856888e-03
4.399468190968036652e-03
4.938931204378604889e-03
4.071210045367479324e-03
5.962069611996412277e-03
4.511774983257055283e-03
5.267942324280738831e-03
6.567082367837429047e-03
4.355367273092269897e-03
5.045343190431594849e-03
4.363468848168849945e-03
4.759185016155242920e-03
4.779418930411338806e-03
4.258981905877590179e-03
3.983967937529087067e-03
5.659693852066993713e-03
5.593374371528625488e-03
4.343610256910324097e-03
4.874802194535732269e-03
3.867957741022109985e-03
4.942831583321094513e-03
5.271547473967075348e-03
4.768566228449344635e-03
4.776539746671915054e-03
5.239878781139850616e-03
4.160217940807342529e-03
5.483096465468406677e-03
4.335999488830566406e-03
4.191767424345016479e-03
5.565102212131023407e-03
4.567330237478017807e-03
4.366489127278327942e-03
5.874190479516983032e-03
4.157797433435916901e-03
3.995197825133800507e-03
6.499363109469413757e-03
5.060387775301933289e-03
6.044417154043912888e-03
6.182148121297359467e-03
4.869589116424322128e-03
4.316033329814672470e-03
4.689102992415428162e-03
6.016228348016738892e-03
4.954277537763118744e-03
4.728603176772594452e-03
5.160626955330371857e-03
4.829042125493288040e-03
5.529138259589672089e-03
4.822991322726011276e-03
6.866579875349998474e-03
4.047264344990253448e-03
4.156098701059818268e-03
5.141032394021749496e-03
5.371051374822854996e-03
5.828882567584514618e-03
5.216161720454692841e-03
6.373704876750707626e-03
7.196239661425352097e-03
5.976738873869180679e-03
5.042270757257938385e-03
7.963149808347225189e-03
4.230274353176355362e-03
6.101245526224374771e-03
4.655864089727401733e-03
4.133743233978748322e-03
5.720917135477066040e-03
3.799817292019724846e-03
4.167430102825164795e-03
3.860943950712680817e-03
4.808543249964714050e-03
4.840030334889888763e-03
3.871823661029338837e-03
5.344263277947902679e-03
3.678359789773821831e-03
5.815665237605571747e-03
5.120549816638231277e-03
6.375957746058702469e-03
6.158288568258285522e-03
4.544255323708057404e-03
5.718640517443418503e-03
4.876026418060064316e-03
3.678356762975454330e-03
6.010393612086772919e-03
3.859151154756546021e-03
4.552474245429039001e-03
6.490562576800584793e-03
5.010755732655525208e-03
5.024691112339496613e-03
5.255547817796468735e-03
4.908885806798934937e-03
5.435984581708908081e-03
5.313987378031015396e-03
4.665463697165250778e-03
7.075306959450244904e-03
4.048610106110572815e-03
5.002834368497133255e-03
4.986916668713092804e-03
4.717662464827299118e-03
4.361606203019618988e-03
5.034696310758590698e-03
4.996764939278364182e-03
5.016893614083528519e-03
4.921433050185441971e-03
5.287473089993000031e-03
5.462507717311382294e-03
5.690394900739192963e-03
5.602117627859115601e-03
5.253951530903577805e-03
4.744800738990306854e-03
5.152187310159206390e-03
6.148952525109052658e-03
5.626142024993896484e-03
4.098365548998117447e-03
4.582284484058618546e-03
6.969528272747993469e-03
6.413878407329320908e-03
4.916597157716751099e-03
4.334378987550735474e-03
5.094466730952262878e-03
4.896560683846473694e-03
5.061414092779159546e-03
5.484057590365409851e-03
4.178767092525959015e-03
6.289155222475528717e-03
4.615574609488248825e-03
4.913749173283576965e-03
5.112501792609691620e-03
4.516553599387407303e-03
4.479918628931045532e-03
6.195668131113052368e-03
4.859082400798797607e-03
5.408803466707468033e-03
5.739501677453517914e-03
4.914712626487016678e-03
4.527562297880649567e-03
5.352694075554609299e-03
8.003287017345428467e-03
4.731936845928430557e-03
5.912468768656253815e-03
6.406179163604974747e-03
6.594405509531497955e-03
5.606641527265310287e-03
5.232735536992549896e-03
6.824248936027288437e-03
5.568321328610181808e-03
4.231390543282032013e-03
5.878235213458538055e-03
5.549968220293521881e-03
4.729785025119781494e-03
4.835655912756919861e-03
4.662972874939441681e-03
6.881313398480415344e-03
6.262565031647682190e-03
4.497076384723186493e-03
6.077145226299762726e-03
7.672853302210569382e-03
3.951275721192359924e-03
6.729840766638517380e-03
8.130185306072235107e-03
4.470986314117908478e-03
7.834889926016330719e-03
5.212359130382537842e-03
5.617254879325628281e-03
6.886636838316917419e-03
5.464179441332817078e-03
5.227994173765182495e-03
5.327600985765457153e-03
6.867495365440845490e-03
5.711092613637447357e-03
8.714572526514530182e-03
5.223189480602741241e-03
5.962004419416189194e-03
6.410663947463035583e-03
5.358804948627948761e-03
4.552087746560573578e-03
6.869513541460037231e-03
6.313356105238199234e-03
5.352864507585763931e-03
5.458652973175048828e-03
4.887367133051156998e-03
5.349944345653057098e-03
5.117538385093212128e-03
5.604453384876251221e-03
4.590718075633049011e-03
4.340826068073511124e-03
4.592157900333404541e-03
4.475855268537998199e-03
4.377626813948154449e-03
4.693615250289440155e-03
4.224280826747417450e-03
3.919962793588638306e-03
3.734735306352376938e-03
5.311783868819475174e-03
4.321913234889507294e-03
5.436095874756574631e-03
4.557176958769559860e-03
5.204982124269008636e-03
5.370626226067543030e-03
3.918638918548822403e-03
5.212698597460985184e-03
5.324642173945903778e-03
6.315594539046287537e-03
5.147908814251422882e-03
5.385887343436479568e-03
6.376109085977077484e-03
6.152251735329627991e-03
5.020407028496265411e-03
5.185661371797323227e-03
6.018707528710365295e-03
3.902736585587263107e-03
4.861289169639348984e-03
5.331682972609996796e-03
5.289421882480382919e-03
4.611225798726081848e-03
4.634742159396409988e-03
4.890297539532184601e-03
3.897378221154212952e-03
6.659936625510454178e-03
