1.336343213915824890e-02
1.078000385314226151e-02
1.311677508056163788e-02
1.226566173136234283e-02
1.241385377943515778e-02
1.148732937872409821e-02
1.098981220275163651e-02
1.275513321161270142e-02
1.499910838901996613e-02
1.358909253031015396e-02
1.205751672387123108e-02
1.953466050326824188e-02
1.250421069562435150e-02
1.503245718777179718e-02
1.731138676404953003e-02
1.076641306281089783e-02
2.350490540266036987e-02
1.078435033559799194e-02
1.888264156877994537e-02
1.462025102227926254e-02
7.938308641314506531e-03
2.610270120203495026e-02
1.422828901559114456e-02
1.886146888136863708e-02
1.662350073456764221e-02
1.080458611249923706e-02
1.564079523086547852e-02
1.249485369771718979e-02
1.502017490565776825e-02
1.075860206037759781e-02
1.712429895997047424e-02
1.372438855469226837e-02
1.312153786420822144e-02
1.367442123591899872e-02
1.158348377794027328e-02
1.598126441240310669e-02
1.014370936900377274e-02
1.006889622658491135e-02
1.148076914250850677e-02
1.216886192560195923e-02
9.067644365131855011e-03
1.052466314285993576e-02
9.328430518507957458e-03
1.275043748319149017e-02
1.338090468198060989e-02
9.822512976825237274e-03
1.245267316699028015e-02
1.139411702752113342e-02
1.185356453061103821e-02
1.381036080420017242e-02
1.174527872353792191e-02
1.453972980380058289e-02
1.388052199035882950e-02
1.664622128009796143e-02
9.977015666663646698e-03
1.488078758120536804e-02
1.155310682952404022e-02
1.225242950022220612e-02
1.208816841244697571e-02
1.007755007594823837e-02
1.167671382427215576e-02
1.302144117653369904e-02
1.183352060616016388e-02
1.137603539973497391e-02
8.016827516257762909e-03
1.236859150230884552e-02
1.279472187161445618e-02
1.323217060416936874e-02
1.157810911536216736e-02
9.870879352092742920e-03
1.274040061980485916e-02
1.603087037801742554e-02
1.199825946241617203e-02
1.472326926887035370e-02
1.490027830004692078e-02
1.289915665984153748e-02
1.538210920989513397e-02
1.078497059643268585e-02
1.252763159573078156e-02
1.215288788080215454e-02
1.277706585824489594e-02
1.041993871331214905e-02
1.099766604602336884e-02
1.130807586014270782e-02
1.165369339287281036e-02
1.018777303397655487e-02
1.372916996479034424e-02
1.806188561022281647e-02
1.228483952581882477e-02
1.418051868677139282e-02
1.313827931880950928e-02
1.235557068139314651e-02
1.044821925461292267e-02
1.259953528642654419e-02
1.246543601155281067e-02
1.377023383975028992e-02
1.448452658951282501e-02
1.002415642142295837e-02
1.571807637810707092e-02
1.274940930306911469e-02
1.283613778650760651e-02
1.357932575047016144e-02
1.376874372363090515e-02
1.346285454928874969e-02
1.269329525530338287e-02
8.850945159792900085e-03
9.267400950193405151e-03
1.203327719122171402e-02
8.137155324220657349e-03
1.198106259107589722e-02
1.335743535310029984e-02
1.371066085994243622e-02
1.115247420966625214e-02
1.129109784960746765e-02
1.404123846441507339e-02
1.249636057764291763e-02
1.257165521383285522e-02
1.430394686758518219e-02
9.111875668168067932e-03
1.095046475529670715e-02
1.408915966749191284e-02
1.278871484100818634e-02
1.305195502936840057e-02
1.225745212286710739e-02
1.084851846098899841e-02
1.141114067286252975e-02
1.161630451679229736e-02
9.834076277911663055e-03
1.116538606584072113e-02
1.056482456624507904e-02
1.457369141280651093e-02
1.281942985951900482e-02
1.458241976797580719e-02
1.286412402987480164e-02
1.191386394202709198e-02
1.371469534933567047e-02
1.230608113110065460e-02
1.368500106036663055e-02
1.196901686489582062e-02
1.379554253071546555e-02
1.009002514183521271e-02
1.277002040296792984e-02
1.542484946548938751e-02
1.110887806862592697e-02
1.342851109802722931e-02
1.157316099852323532e-02
1.327463984489440918e-02
1.023754477500915527e-02
1.358922757208347321e-02
1.213265024125576019e-02
1.357716321945190430e-02
1.097192801535129547e-02
1.059307809919118881e-02
1.134770922362804413e-02
1.248821616172790527e-02
8.835759945213794708e-03
1.555616967380046844e-02
9.514710865914821625e-03
1.148509420454502106e-02
9.531682357192039490e-03
1.153944060206413269e-02
1.075538434088230133e-02
1.316162012517452240e-02
1.182465068995952606e-02
1.272417604923248291e-02
1.482320670038461685e-02
1.371346041560173035e-02
1.458120625466108322e-02
1.301509514451026917e-02
1.418154686689376831e-02
1.658002845942974091e-02
1.104147732257843018e-02
1.048509776592254639e-02
1.255855336785316467e-02
1.388038881123065948e-02
9.737243875861167908e-03
1.092496979981660843e-02
1.462967321276664734e-02
1.230235956609249115e-02
1.117814704775810242e-02
1.731880381703376770e-02
1.287551224231719971e-02
1.311194151639938354e-02
1.217329595237970352e-02
1.573233306407928467e-02
1.031412836164236069e-02
1.158259809017181396e-02
1.169387530535459518e-02
1.257819402962923050e-02
1.536826044321060181e-02
1.176008768379688263e-02
1.000552903860807419e-02
1.383604854345321655e-02
1.129746623337268829e-02
1.120525412261486053e-02
1.242921315133571625e-02
1.367939170449972153e-02
1.913791149854660034e-02
1.254798192530870438e-02
9.944716468453407288e-03
1.289686094969511032e-02
1.573457196354866028e-02
1.223720423877239227e-02
1.448745839297771454e-02
1.154728699475526810e-02
1.249716710299253464e-02
1.052681542932987213e-02
1.184193603694438934e-02
1.222950778901576996e-02
1.188925094902515411e-02
1.140698790550231934e-02
1.368466578423976898e-02
1.036251150071620941e-02
1.128827966749668121e-02
1.031794212758541107e-02
1.541037485003471375e-02
1.449552178382873535e-02
1.394968479871749878e-02
8.069556206464767456e-03
1.427427865564823151e-02
1.259566657245159149e-02
1.473714318126440048e-02
1.571466960012912750e-02
1.257469505071640015e-02
1.298347581177949905e-02
1.786960475146770477e-02
1.185093633830547333e-02
1.506004855036735535e-02
1.709898188710212708e-02
1.135216839611530304e-02
1.583562791347503662e-02
1.367732137441635132e-02
1.366378180682659149e-02
1.232324354350566864e-02
1.101128011941909790e-02
1.534052938222885132e-02
1.476302370429039001e-02
1.041332818567752838e-02
1.607709378004074097e-02
1.132815703749656677e-02
1.258799154311418533e-02
1.346760150045156479e-02
1.593296602368354797e-02
1.424764283001422882e-02
1.319028250873088837e-02
1.763325557112693787e-02
1.089552603662014008e-02
1.317562162876129150e-02
1.503037381917238235e-02
1.241598650813102722e-02
1.337024755775928497e-02
1.470073126256465912e-02
1.330868341028690338e-02
1.483046822249889374e-02
1.014026068150997162e-02
1.015451736748218536e-02
1.435378938913345337e-02
1.112545561045408249e-02
1.158615015447139740e-02
9.122768417000770569e-03
1.573954150080680847e-02
1.264766231179237366e-02
8.373395539820194244e-03
1.310359779745340347e-02
1.193934958428144455e-02
1.584174111485481262e-02
1.492313668131828308e-02
9.395696222782135010e-03
1.120479218661785126e-02
1.439464278519153595e-02
1.260416395962238312e-02
1.627708598971366882e-02
1.129784621298313141e-02
1.114518381655216217e-02
1.301912125200033188e-02
1.243776455521583557e-02
1.434865780174732208e-02
1.156167499721050262e-02
1.729033142328262329e-02
1.293773949146270752e-02
1.301009394228458405e-02
1.372050680220127106e-02
1.632789522409439087e-02
1.351203583180904388e-02
7.812450174242258072e-03
1.317791454493999481e-02
1.675767265260219574e-02
1.378948986530303955e-02
2.120741829276084900e-02
1.480227336287498474e-02
1.696215569972991943e-02
1.433457992970943451e-02
1.354207191616296768e-02
1.295637339353561401e-02
1.785005070269107819e-02
1.272778585553169250e-02
1.297443732619285583e-02
1.029388792812824249e-02
1.491427980363368988e-02
1.411659084260463715e-02
1.730965822935104370e-02
1.804545149207115173e-02
1.064072549343109131e-02
1.123886182904243469e-02
1.289932150393724442e-02
9.365018457174301147e-03
4.633274301886558533e-02
1.061328500509262085e-01
2.220473811030387878e-02
2.000470086932182312e-02
6.030163168907165527e-02
1.902470365166664124e-02
2.356911078095436096e-02
5.603732168674468994e-02
2.246515266597270966e-02
2.349712327122688293e-02
4.478865861892700195e-02
1.615502312779426575e-02
2.730612270534038544e-02
3.244074434041976929e-02
2.380974963307380676e-02
1.566069014370441437e-02
2.983643487095832825e-02
2.482648193836212158e-02
1.451497152447700500e-02
2.435026504099369049e-02
7.699039578437805176e-02
2.294932864606380463e-02
5.388224124908447266e-02
5.446511879563331604e-02
1.398980990052223206e-02
3.494930639863014221e-02
6.327874213457107544e-02
1.947778090834617615e-02
2.716942317783832550e-02
5.242677405476570129e-02
5.486217513680458069e-02
2.443682402372360229e-02
6.008500233292579651e-02
3.361435979604721069e-02
2.789429575204849243e-02
2.891222015023231506e-02
5.265573039650917053e-02
3.076992742717266083e-02
1.718420907855033875e-02
3.143228217959403992e-02
4.730165749788284302e-02
2.110008150339126587e-02
3.973883390426635742e-02
3.004191443324089050e-02
2.418546564877033234e-02
3.083830699324607849e-02
7.339700311422348022e-02
2.902990579605102539e-02
2.199774980545043945e-02
4.755670577287673950e-02
6.446351855993270874e-02
1.748843863606452942e-02
4.960650205612182617e-02
6.277142465114593506e-02
1.748647913336753845e-02
3.762573748826980591e-02
5.252140015363693237e-02
2.256121858954429626e-02
3.089294768869876862e-02
2.026262134313583374e-02
4.244137555360794067e-02
1.746346428990364075e-02
1.725929230451583862e-02
2.626346610486507416e-02
2.283582091331481934e-02
1.690894365310668945e-02
2.209242992103099823e-02
1.992599852383136749e-02
1.848234981298446655e-02
1.421418227255344391e-02
1.391643937677145004e-02
1.700800471007823944e-02
2.057595551013946533e-02
1.419342588633298874e-02
1.578951999545097351e-02
2.184927836060523987e-02
1.797092519700527191e-02
1.722534745931625366e-02
1.787026412785053253e-02
2.044606208801269531e-02
1.386662945151329041e-02
2.010185271501541138e-02
1.922514289617538452e-02
2.037848159670829773e-02
1.403369009494781494e-02
1.315918844193220139e-02
2.132475748658180237e-02
1.113495603203773499e-02
1.067501679062843323e-02
1.976717263460159302e-02
1.333776488900184631e-02
1.150734908878803253e-02
1.374952867627143860e-02
1.417314633727073669e-02
1.433689706027507782e-02
1.715098135173320770e-02
1.215254329144954681e-02
1.573931612074375153e-02
1.473047118633985519e-02
1.267141290009021759e-02
1.179580856114625931e-02
1.358746550977230072e-02
1.420366577804088593e-02
1.200589071959257126e-02
1.108804345130920410e-02
1.286481507122516632e-02
1.653666608035564423e-02
1.277401670813560486e-02
1.532051339745521545e-02
1.421033311635255814e-02
1.411725394427776337e-02
1.798849366605281830e-02
1.099574565887451172e-02
1.763286255300045013e-02
1.155602093786001205e-02
1.136502623558044434e-02
1.105063315480947495e-02
1.469377242028713226e-02
1.351153478026390076e-02
1.252386160194873810e-02
1.369401626288890839e-02
1.719154976308345795e-02
1.225643418729305267e-02
1.431178022176027298e-02
2.120510116219520569e-02
1.498708315193653107e-02
1.444642059504985809e-02
1.438514143228530884e-02
1.086456235498189926e-02
1.109103299677371979e-02
1.833955384790897369e-02
1.429046317934989929e-02
6.312167271971702576e-03
1.635756343603134155e-02
1.345120277255773544e-02
1.102706603705883026e-02
1.294180564582347870e-02
1.854357868432998657e-02
1.574166677892208099e-02
1.207262836396694183e-02
1.112416945397853851e-02
1.646228134632110596e-02
1.437114924192428589e-02
1.081612240523099899e-02
1.606223173439502716e-02
1.107014529407024384e-02
1.300008967518806458e-02
1.136495638638734818e-02
1.506532169878482819e-02
1.258954033255577087e-02
1.305641978979110718e-02
1.505404990166425705e-02
1.151485461741685867e-02
1.189251057803630829e-02
7.121345028281211853e-03
1.561266556382179260e-02
1.349959988147020340e-02
1.378169097006320953e-02
9.190155193209648132e-03
1.219257060438394547e-02
1.331702060997486115e-02
1.053586229681968689e-02
1.153129339218139648e-02
1.144441682845354080e-02
1.329256501048803329e-02
1.173021458089351654e-02
1.453801244497299194e-02
1.149976812303066254e-02
1.176203601062297821e-02
1.200996432453393936e-02
1.244661491364240646e-02
1.268808729946613312e-02
1.397523935884237289e-02
1.194313261657953262e-02
1.001428626477718353e-02
1.033919304609298706e-02
8.275892585515975952e-03
1.412308774888515472e-02
1.364780962467193604e-02
1.040311623364686966e-02
1.278064865618944168e-02
1.330319978296756744e-02
1.122161652892827988e-02
1.119853835552930832e-02
1.238195411860942841e-02
1.091771945357322693e-02
1.136433053761720657e-02
1.361721847206354141e-02
1.119092293083667755e-02
9.984867647290229797e-03
1.338751241564750671e-02
1.728207431733608246e-02
1.104256883263587952e-02
1.466895733028650284e-02
1.336482632905244827e-02
1.344316359609365463e-02
1.198359485715627670e-02
1.039794273674488068e-02
2.583291009068489075e-02
1.696679741144180298e-02
2.293042093515396118e-02
2.057113498449325562e-02
1.530753448605537415e-02
2.620932459831237793e-02
2.146442234516143799e-02
1.414922624826431274e-02
1.800917088985443115e-02
1.408639736473560333e-02
1.644054055213928223e-02
1.430277619510889053e-02
1.600922085344791412e-02
1.418057456612586975e-02
1.372077316045761108e-02
1.402042061090469360e-02
1.581556722521781921e-02
1.312269084155559540e-02
1.169177144765853882e-02
1.792588084936141968e-02
1.408094074577093124e-02
1.147905457764863968e-02
1.621220633387565613e-02
1.362103782594203949e-02
1.482108235359191895e-02
1.123535633087158203e-02
1.522222533822059631e-02
1.343704387545585632e-02
1.266798749566078186e-02
1.192720886319875717e-02
1.369639486074447632e-02
1.428228057920932770e-02
1.200945489108562469e-02
2.059732563793659210e-02
1.515166833996772766e-02
1.381432171911001205e-02
1.855106279253959656e-02
1.268520113080739975e-02
1.375172659754753113e-02
1.741701923310756683e-02
1.005415897816419601e-02
1.229598745703697205e-02
1.506775245070457458e-02
1.019812934100627899e-02
8.447576314210891724e-03
1.127629168331623077e-02
1.458341721445322037e-02
1.293991319835186005e-02
1.370587479323148727e-02
1.570582762360572815e-02
1.096543669700622559e-02
1.188990473747253418e-02
9.227746166288852692e-03
1.339673064649105072e-02
1.177854835987091064e-02
1.260508131235837936e-02
1.339683961123228073e-02
9.371598251163959503e-03
1.175006572157144547e-02
1.416382752358913422e-02
1.132064964622259140e-02
1.070614159107208252e-02
1.287983544170856476e-02
1.327281910926103592e-02
1.315805688500404358e-02
1.077963784337043762e-02
6.333112716674804688e-03
1.309553720057010651e-02
1.105109043419361115e-02
1.462227292358875275e-02
1.333547197282314301e-02
9.901179000735282898e-03
1.014838274568319321e-02
1.322649791836738586e-02
1.378031633794307709e-02
1.135677471756935120e-02
1.036724634468555450e-02
1.051555760204792023e-02
1.026957947760820389e-02
1.372002158313989639e-02
8.402370847761631012e-03
1.117048226296901703e-02
1.116800587624311447e-02
1.128476299345493317e-02
1.148960366845130920e-02
1.325188111513853073e-02
1.579827629029750824e-02
1.498539932072162628e-02
5.102646537125110626e-03
1.236052345484495163e-02
1.643107086420059204e-02
1.076014526188373566e-02
1.083564385771751404e-02
1.470798533409833908e-02
1.240476779639720917e-02
1.405713800340890884e-02
1.273633353412151337e-02
1.042974274605512619e-02
1.179214846342802048e-02
1.266462355852127075e-02
1.127795875072479248e-02
1.178955473005771637e-02
1.032944489270448685e-02
1.106837391853332520e-02
1.315981894731521606e-02
1.089005637913942337e-02
1.144694909453392029e-02
1.595863513648509979e-02
1.294861920177936554e-02
1.643902063369750977e-02
1.013142615556716919e-02
1.215287297964096069e-02
1.203862670809030533e-02
1.124394405633211136e-02
1.495288684964179993e-02
1.355011202394962311e-02
1.173833478242158890e-02
1.593887247145175934e-02
1.184818334877490997e-02
1.206537149846553802e-02
1.693905144929885864e-02
9.551439434289932251e-03
1.176036708056926727e-02
1.451135892421007156e-02
1.259193848818540573e-02
1.347778458148241043e-02
1.135763339698314667e-02
1.131257973611354828e-02
1.411409303545951843e-02
1.062278449535369873e-02
1.248188130557537079e-02
1.189726032316684723e-02
8.859792724251747131e-03
1.202508434653282166e-02
1.228529214859008789e-02
1.232413575053215027e-02
1.053602807223796844e-02
1.258213911205530167e-02
1.022201590240001678e-02
1.106382161378860474e-02
1.166921481490135193e-02
1.486284006386995316e-02
1.110665686428546906e-02
1.176299154758453369e-02
1.355456933379173279e-02
1.231410074979066849e-02
1.487458497285842896e-02
1.195331104099750519e-02
1.175115630030632019e-02
1.326989568769931793e-02
1.114428043365478516e-02
1.134952902793884277e-02
1.307482738047838211e-02
1.317692361772060394e-02
2.411998808383941650e-02
1.209687441587448120e-02
1.484709605574607849e-02
1.884755492210388184e-02
1.408124528825283051e-02
1.992672868072986603e-02
1.028819754719734192e-02
1.328129880130290985e-02
1.043865550309419632e-02
1.401407457888126373e-02
1.539409533143043518e-02
1.337740011513233185e-02
1.752466335892677307e-02
1.103261951357126236e-02
1.057046465575695038e-02
1.149535551667213440e-02
1.522192079573869705e-02
1.527490094304084778e-02
1.275636442005634308e-02
1.397058926522731781e-02
1.372672244906425476e-02
1.396132260560989380e-02
2.309177443385124207e-02
1.110680587589740753e-02
1.242684014141559601e-02
2.128275483846664429e-02
1.821705326437950134e-02
2.092066965997219086e-02
1.727363467216491699e-02
1.526121143251657486e-02
1.357335597276687622e-02
1.633832231163978577e-02
2.012222073972225189e-02
1.093719340860843658e-02
1.309254765510559082e-02
2.002665959298610687e-02
1.161332987248897552e-02
1.337033789604902267e-02
1.448724232614040375e-02
1.164593268185853958e-02
1.318262144923210144e-02
1.339134480804204941e-02
1.271657459437847137e-02
1.343236304819583893e-02
5.921630188822746277e-03
1.392336469143629074e-02
1.466838456690311432e-02
1.221451070159673691e-02
1.378196664154529572e-02
1.506872475147247314e-02
9.996747598052024841e-03
1.459454465657472610e-02
1.390619575977325439e-02
1.175464037805795670e-02
1.038410048931837082e-02
1.320214010775089264e-02
1.575095392763614655e-02
1.565546169877052307e-02
1.313252002000808716e-02
1.380823832005262375e-02
1.240402925759553909e-02
1.389313861727714539e-02
1.102758198976516724e-02
1.266215834766626358e-02
1.282030344009399414e-02
8.721776306629180908e-03
3.969605546444654465e-03
1.123226433992385864e-02
1.148800365626811981e-02
1.672612503170967102e-02
1.405812986195087433e-02
1.100674644112586975e-02
9.716194123029708862e-03
1.030217669904232025e-02
1.293882727622985840e-02
1.080023869872093201e-02
1.203643251210451126e-02
1.338146626949310303e-02
1.045087631791830063e-02
1.517978496849536896e-02
9.973900392651557922e-03
1.153953745961189270e-02
1.263180468231439590e-02
1.351686008274555206e-02
1.149352360516786575e-02
1.076447404921054840e-02
1.211147941648960114e-02
1.181962806731462479e-02
8.082170039415359497e-03
1.200392562896013260e-02
1.122487988322973251e-02
1.360641419887542725e-02
9.850948117673397064e-03
1.285297237336635590e-02
1.235715765506029129e-02
1.230940036475658417e-02
1.691903546452522278e-02
1.380236260592937469e-02
1.082670874893665314e-02
1.111873332411050797e-02
1.274226419627666473e-02
1.246169582009315491e-02
9.132639504969120026e-03
1.032215170562267303e-02
1.210895739495754242e-02
1.368259452283382416e-02
1.442562602460384369e-02
1.023894734680652618e-02
1.366764307022094727e-02
1.248293556272983551e-02
4.472641274333000183e-02
4.985182732343673706e-02
2.755049988627433777e-02
1.693844236433506012e-02
1.966778561472892761e-02
2.556178346276283264e-02
2.817122265696525574e-02
1.278109662234783173e-02
2.385274693369865417e-02
2.581056952476501465e-02
1.601248793303966522e-02
2.294367924332618713e-02
1.180278509855270386e-02
1.432978548109531403e-02
1.277795061469078064e-02
1.466066855937242508e-02
1.020460855215787888e-02
1.172356493771076202e-02
1.461089029908180237e-02
1.232765428721904755e-02
1.321858819574117661e-02
1.103746332228183746e-02
7.829394191503524780e-03
1.262244023382663727e-02
1.230143476277589798e-02
1.199471019208431244e-02
1.075926236808300018e-02
1.361318305134773254e-02
1.324219815433025360e-02
1.437111012637615204e-02
1.509239058941602707e-02
1.284089684486389160e-02
1.236100401729345322e-02
9.269956499338150024e-03
1.169005222618579865e-02
1.136315800249576569e-02
9.152056649327278137e-03
1.267364621162414551e-02
1.282164826989173889e-02
1.099119056016206741e-02
1.328551955521106720e-02
1.283196732401847839e-02
1.169778034090995789e-02
1.121442764997482300e-02
9.550012648105621338e-03
1.046801451593637466e-02
1.188610494136810303e-02
1.212271116673946381e-02
1.250671409070491791e-02
1.329535339027643204e-02
9.870641864836215973e-03
1.253392174839973450e-02
1.376724150031805038e-02
1.179108861833810806e-02
1.133196055889129639e-02
1.121637970209121704e-02
1.040073577314615250e-02
1.177558116614818573e-02
9.968033060431480408e-03
1.259840279817581177e-02
1.184520870447158813e-02
1.069812662899494171e-02
1.311148516833782196e-02
1.385512389242649078e-02
1.275309175252914429e-02
1.021150685846805573e-02
7.398714311420917511e-03
1.245368272066116333e-02
1.418230310082435608e-02
1.260089408606290817e-02
1.061055436730384827e-02
1.306373160332441330e-02
1.165577210485935211e-02
8.720963262021541595e-03
1.345015875995159149e-02
1.416501589119434357e-02
1.034832932054996490e-02
1.141632348299026489e-02
1.156542822718620300e-02
1.072044391185045242e-02
1.137290708720684052e-02
1.092449296265840530e-02
1.105448137968778610e-02
1.287057250738143921e-02
1.300105266273021698e-02
1.210775598883628845e-02
1.248413417488336563e-02
1.273231767117977142e-02
9.163925424218177795e-03
1.501946058124303818e-02
1.163097470998764038e-02
1.482441928237676620e-02
1.096253842115402222e-02
9.448338299989700317e-03
1.042536273598670959e-02
1.281975023448467255e-02
1.281418744474649429e-02
1.443053409457206726e-02
9.262861683964729309e-03
1.334255933761596680e-02
1.167813688516616821e-02
1.112622115761041641e-02
1.179054379463195801e-02
1.331105455756187439e-02
1.425197906792163849e-02
1.053150370717048645e-02
8.461739867925643921e-03
1.099119707942008972e-02
1.258895359933376312e-02
1.147855725139379501e-02
3.845810145139694214e-02
1.052631996572017670e-02
8.906792849302291870e-03
1.400649733841419220e-02
1.382104214280843735e-02
1.083214860409498215e-02
1.397041231393814087e-02
1.419209409505128860e-02
1.353478804230690002e-02
1.050438359379768372e-02
1.025455258786678314e-02
1.255743298679590225e-02
1.092348434031009674e-02
1.370296627283096313e-02
2.044496126472949982e-02
1.139516010880470276e-02
1.016618125140666962e-02
1.053302735090255737e-02
9.817976504564285278e-03
1.334850676357746124e-02
1.143555715680122375e-02
1.068325154483318329e-02
2.935102209448814392e-02
1.307459361851215363e-02
1.111768372356891632e-02
1.294396910816431046e-02
1.509528327733278275e-02
1.184503640979528427e-02
1.279402524232864380e-02
1.320648286491632462e-02
1.174535229802131653e-02
1.127096358686685562e-02
1.169516891241073608e-02
1.558263879269361496e-02
1.104660984128713608e-02
1.027409080415964127e-02
1.339139044284820557e-02
9.832888841629028320e-03
1.118745654821395874e-02
1.513899303972721100e-02
1.125943288207054138e-02
1.315452717244625092e-02
1.104175485670566559e-02
1.170253381133079529e-02
1.424094662070274353e-02
1.496819593012332916e-02
1.894721947610378265e-02
1.065749675035476685e-02
2.134696021676063538e-02
1.403689198195934296e-02
1.413333602249622345e-02
1.603137329220771790e-02
1.433353964239358902e-02
1.308411359786987305e-02
1.262372080236673355e-02
2.028687298297882080e-02
1.452345959842205048e-02
1.405893918126821518e-02
1.260693185031414032e-02
1.498720049858093262e-02
1.251511462032794952e-02
1.132662035524845123e-02
1.366011984646320343e-02
1.166892331093549728e-02
1.313336193561553955e-02
1.098114904016256332e-02
1.167841162532567978e-02
1.114692073315382004e-02
1.114997826516628265e-02
1.562127470970153809e-02
1.480830274522304535e-02
1.592471450567245483e-02
1.625527814030647278e-02
2.092606574296951294e-02
1.650224626064300537e-02
1.355657167732715607e-02
1.768936216831207275e-02
9.960305877029895782e-03
1.692312955856323242e-02
1.664322055876255035e-02
9.708994999527931213e-03
1.261929702013731003e-02
1.262053474783897400e-02
1.246397383511066437e-02
1.565550267696380615e-02
1.423749141395092010e-02
1.327507197856903076e-02
1.045650057494640350e-02
1.288756728172302246e-02
1.176017895340919495e-02
1.117485109716653824e-02
1.176652964204549789e-02
1.310686208307743073e-02
1.043837051838636398e-02
1.116341259330511093e-02
1.292537059634923935e-02
1.415252126753330231e-02
1.642442494630813599e-02
1.248821988701820374e-02
1.626764796674251556e-02
1.585831865668296814e-02
1.017748005688190460e-02
1.588363200426101685e-02
2.039512619376182556e-02
1.223266124725341797e-02
1.952714286744594574e-02
1.307090371847152710e-02
1.410470902919769287e-02
1.340928487479686737e-02
2.157769352197647095e-02
3.904267214238643646e-03
1.452782656997442245e-02
1.329844538122415543e-02
2.136100456118583679e-02
1.384915597736835480e-02
1.755921356379985809e-02
1.427156850695610046e-02
1.177842170000076294e-02
2.184019982814788818e-02
1.264290697872638702e-02
1.291596982628107071e-02
1.536602154374122620e-02
1.107349898666143417e-02
1.384685933589935303e-02
1.375831104815006256e-02
1.571715995669364929e-02
1.023656874895095825e-02
1.055468525737524033e-02
1.650570705533027649e-02
1.258431188762187958e-02
1.294056978076696396e-02
1.039052382111549377e-02
9.025613777339458466e-03
1.238535717129707336e-02
