1.179665998186730635e-03
9.439367838588995927e-04
3.868017527189682604e-03
6.355271680318260938e-03
7.219265331843277567e-03
2.335043113104230163e-03
1.025386594582102613e-03
7.717647662667214727e-03
1.106448087776393252e-03
5.363020651776770169e-03
1.830382769000014247e-03
6.054035837688157701e-03
4.378758577353487891e-03
1.971748036198462360e-03
5.787358812789510434e-03
2.320767599395208436e-03
3.679362897039208796e-03
5.945075150273326087e-03
3.668209347370119180e-03
6.744762140959011457e-03
2.212412779677432832e-03
2.621017784863661267e-03
1.283528981873581064e-03
1.288858833992436673e-03
8.514683729355433141e-04
8.207760878345159768e-04
8.621852279500275733e-04
6.966801875494177052e-03
5.235901389507242702e-03
6.602088166104977743e-03
5.806633339853162386e-03
6.289649858377646327e-03
3.233136465949789339e-03
7.107009347597372829e-03
2.136129344262674423e-03
1.222978884072766816e-03
1.237213129685231982e-03
1.096968968028051413e-03
1.266655663721212100e-03
2.012135896016088547e-03
7.816580243915146817e-03
9.425314535083684784e-04
6.203534065117984053e-03
6.065521558021769351e-03
2.239139885792383686e-03
2.458086903818484416e-03
4.716731318024513023e-03
1.573939704299078587e-03
1.821291298748750620e-03
2.403997937339227668e-03
2.238553109190649908e-03
7.680755434867124996e-03
5.819693166868544938e-03
1.398769547536798680e-03
1.734800231703679130e-03
2.674339012913602015e-03
4.668479565107900263e-03
1.194404216541954762e-03
4.922702365680636967e-03
5.468807567482952131e-03
1.392734247106533658e-03
4.970458719754198597e-03
4.117772760697083895e-03
9.324703090103813241e-04
7.222868526856410405e-03
9.496290429093390707e-04
4.299992681032445592e-03
4.601556398311471181e-03
1.052078045494568093e-03
9.471422963522025361e-04
5.353786097782133220e-03
2.156726559488250736e-03
1.547786064801065552e-03
2.286026261568235417e-03
2.528785213364378223e-03
4.760471798393310291e-03
8.409687740234688975e-04
5.761753622476714805e-03
5.845401023494358438e-03
4.634998060250560166e-03
5.046662493762429751e-03
2.437741386157498118e-03
5.367203698899469626e-03
5.977914841704918408e-03
2.839456367030751896e-03
9.554301299577953443e-04
6.218622692049410872e-03
1.618138906366306095e-03
1.792552820305894599e-03
9.471603442082170013e-04
1.223807282948405090e-03
7.947957466542870594e-03
8.735238658575541311e-04
5.728670547876693608e-03
2.033170965606747281e-03
2.116161233109876104e-03
1.808185867337465435e-03
5.033358090364957634e-03
2.604985475875420866e-03
1.228788926300200144e-03
8.232913265426774216e-04
2.334993713685628441e-03
2.348549126003161153e-03
2.235365011276492769e-03
2.699576469682158156e-03
5.965018532671613298e-03
7.550915670658680558e-03
5.595593074648685071e-03
5.590675772052968243e-03
2.299482187184426641e-03
1.637162898705677751e-03
3.146459361588173353e-03
5.202910053890820452e-03
8.496543809006653182e-04
5.665858744098843484e-03
4.711173409145649575e-03
4.842440133064005933e-03
2.726650939730170149e-03
9.450925497503534457e-04
5.475943810284748629e-03
4.297563583168478689e-03
1.167932211498299774e-03
3.470194193656227569e-03
1.881843751018846735e-03
1.979737103220569321e-03
4.043033651211257358e-03
5.286888614488727267e-03
1.729730452699393449e-03
1.867596859232922889e-03
4.189961192019466159e-03
4.234955363174248803e-03
2.500626611458510711e-03
8.801441105382733264e-04
7.822415433578745053e-03
1.176251639035104032e-03
1.234912876759467230e-03
2.530003482522673146e-03
1.714911471533588170e-03
4.192128831040178340e-03
4.157528325647807076e-03
1.862138831013440948e-03
6.703286574633231763e-03
3.773588242006865098e-03
3.770011136338455044e-03
1.968737822106396331e-03
1.452686242320517509e-03
5.462831117196161219e-03
8.023050867317357360e-04
2.379530562070024131e-03
2.441289419049413358e-03
1.384958619280391443e-03
2.540057188246046000e-03
6.993722443809978311e-03
4.278207392066142589e-03
5.254898939531084910e-03
2.894491993464047043e-03
1.021505117905070498e-03
5.366490614180445887e-03
1.952190311224579009e-03
6.114894164632650453e-03
1.255429654291260241e-03
6.290994517330792193e-03
1.998312100512448109e-03
1.668641651236387304e-03
5.376703300799414061e-03
6.830563913945816162e-03
7.292081817557451162e-03
2.524346926952572220e-03
1.017179764787736829e-03
3.769828438088429490e-03
8.366629748618023468e-04
4.860864665466883318e-03
6.412934064568781220e-03
3.119349177311536540e-03
4.876793623030784876e-03
5.277479231979400817e-03
1.361969094597240615e-03
9.522960210565491277e-04
6.245522951616101770e-03
1.153493700198471696e-03
9.319059278820284982e-04
5.103507619858753050e-03
6.431598210391638315e-03
2.579045238863143970e-03
5.112946232948451485e-03
4.277722843796604932e-03
6.029619447675377622e-03
5.746372651120114014e-03
7.726754499499579459e-03
1.060988101009444637e-03
1.656412676046494078e-03
1.342458334994967462e-03
7.114053185534574206e-03
5.174724922586287218e-03
3.508255746796358748e-03
6.820611833972489886e-03
5.969341146903832385e-03
5.455226705421272262e-03
1.030771496713010337e-03
4.550096742832803950e-03
8.904715058792820334e-04
1.159911755042931404e-03
5.471546565743902989e-03
5.698741525791932785e-03
3.498625824781744203e-03
3.888980438263695515e-03
4.505466339469688976e-03
4.552990589003455199e-03
7.084267150211370247e-03
4.851324142632671907e-03
3.580633499944804038e-03
2.065525093831334976e-03
5.104641002679701119e-03
4.629460632782244310e-03
1.584739345872342208e-03
4.532018614879188001e-03
2.459442718612753556e-03
2.084987086878170841e-03
7.405138248072478703e-03
1.176111127352931452e-03
5.319878825750954700e-03
7.584451073011594900e-03
3.509370683172281270e-03
6.611105525200393525e-03
2.518850425827975307e-03
5.188463447190610860e-03
4.360840983917278757e-03
5.609716112387495845e-03
4.668106155202750816e-03
5.052695491194364973e-03
6.296805202294497063e-03
7.144351057404141510e-03
1.786251545276807415e-03
2.558056623178992309e-03
1.866178558979723207e-03
3.525130078440275993e-03
3.554330383654634180e-03
6.592317700674655764e-03
5.040244001362380842e-03
1.984814090860834157e-03
4.568302489196367222e-03
2.521947415438576846e-03
6.210504676018559211e-03
1.211056346341861508e-03
7.636390625998164608e-03
4.695901766703354172e-03
5.491080472465266309e-03
5.056336530341996698e-03
3.573344566024315092e-03
2.266162168280022246e-03
1.519908575697021024e-03
6.293486661241053277e-03
5.606275989598207173e-03
1.373627287250117233e-03
3.573846257644238290e-03
5.783683964609573173e-03
6.814505791493012839e-03
2.547669254822652364e-03
4.794238519538565092e-03
5.764667075396136611e-03
3.842349702899540767e-03
4.222199061133591509e-03
6.345941772372502669e-03
5.599735167342203244e-03
1.791566683834909350e-03
7.346785770470020023e-03
4.049367662214396930e-03
8.389140626725868043e-04
4.400233632166619321e-03
5.449361556826694784e-03
5.715720341432251918e-03
6.060210872260068764e-03
5.894894540030413965e-03
6.226835310742794352e-03
2.077494713768851357e-03
1.305823785748709380e-03
3.697638274641906492e-03
2.096237198248075001e-03
1.329311055450622730e-03
7.231828644516453269e-03
4.147681293797641881e-03
2.138213192198188273e-03
3.714087539603594910e-03
5.668688318633526534e-03
1.025904596435951418e-03
5.588355168975637013e-03
3.437504095817751383e-03
2.917713479643636604e-03
3.834211587983409487e-03
1.165408391931946255e-03
5.051324318858086034e-03
1.553106445998470638e-03
5.878273091782585703e-03
2.070613943991166713e-03
1.737241455821639377e-03
3.134249488563764074e-03
2.298601370236367982e-03
7.042800221328549340e-03
3.532767694720208469e-03
7.395347905294664785e-03
4.873229662140278126e-03
1.069809710554157521e-03
9.735562002998368169e-04
1.167052676357782084e-03
2.336470460434768651e-03
1.274098658301539783e-03
5.057290575637678892e-03
8.752157853158415868e-04
1.107856567179525296e-03
1.625885950644356511e-03
8.465900085105569888e-04
1.959235741011921238e-03
4.380231786509452239e-03
7.259383899412914266e-03
8.316541517033698401e-04
9.854622269430816147e-04
1.334407123393603406e-03
5.078298724381988608e-03
4.167285403109791814e-03
2.034651404037086074e-03
3.823049643849804873e-03
5.096388595319981119e-03
5.445753032965530704e-03
6.312992396341184607e-03
9.102966851942326243e-04
1.366199558882332790e-03
7.052742119785047198e-03
5.366410251683369735e-03
2.043018133451076756e-03
4.506905578069779830e-03
2.162228191470369921e-03
6.175950918238496019e-03
1.971984729329555493e-03
3.260152471154644915e-03
2.595390567583871766e-03
1.814872299495305001e-03
1.667640712490489315e-03
2.368445909501041592e-03
8.429561013325700047e-04
2.272936202136347297e-03
1.071964290009807304e-03
1.378855816769176826e-03
2.327020200159295345e-03
1.997773591970112683e-03
7.658022847575551850e-03
5.331249743191192325e-03
4.661567012117710622e-03
2.117626549238174963e-03
4.196929102447193374e-03
3.877824051099829430e-03
5.474912596269436785e-03
1.159188766558491828e-03
6.307718080778104176e-03
6.647093969385052016e-03
1.119219692651989874e-03
5.038610426126864487e-03
5.695358137093298710e-03
5.623154062129652984e-03
8.553025357683396914e-04
2.555869824462402538e-03
2.260088244609042164e-03
5.644673723582056477e-03
5.850560298694820055e-03
4.470953438194811766e-03
1.726731948909876035e-03
4.547072924851077759e-03
8.942821515874511832e-04
7.456848080448406045e-03
4.853556118489543887e-03
2.264649200891553481e-03
8.719563603116991081e-04
3.725740681999063515e-03
4.240335923060774108e-03
2.435986671594569247e-03
4.033839172532719883e-03
4.722335572028789168e-03
2.911530634071164778e-03
2.780157910114237126e-03
5.256599503608612965e-03
1.965944607312752022e-03
9.296337093614243314e-04
5.511259462332687015e-03
1.680174494583536226e-03
1.509595410773790928e-03
5.400677252538140134e-03
4.905853374844859095e-03
2.053147465122937953e-03
1.837592859477798265e-03
2.991168961894636203e-03
4.461617022168731447e-03
4.531616901832095576e-03
5.947737605459467100e-03
1.813362861261393804e-03
2.719352155303369090e-03
2.787877142516368735e-03
4.458806874027442489e-03
2.416399080680253341e-03
4.655065948968179976e-03
3.598748860150942364e-03
4.490642916101975080e-03
4.738569768248175780e-03
5.126229674147809133e-03
1.146269988481628255e-03
5.887015153027504513e-03
4.673699574548489423e-03
6.065262293939604511e-03
6.085031898108241716e-03
1.433166469570778569e-03
3.712510587452046238e-03
4.875516010455943280e-03
7.588900586019349352e-03
1.425711476964973672e-03
1.435463354968840666e-03
1.946078472413889865e-03
1.637901176373688641e-03
7.471950579286663549e-03
1.483934465460215631e-03
1.944471825814278205e-03
1.986894913187983031e-03
4.639217531854571835e-03
9.580816489370419650e-04
5.443823781577804624e-03
9.415024670967613203e-04
6.435756886820367950e-03
4.003054620148229457e-03
2.090909616999824666e-03
4.875119718298034574e-03
2.103463803702087815e-03
4.276708767573591218e-03
2.991568864313491876e-03
3.882745419294416408e-03
4.265886429408468836e-03
1.624587197492736827e-03
4.154560070493483297e-03
1.405815623278553264e-03
4.127764290757732039e-03
3.024405558286999939e-03
7.665855854265257556e-03
2.079439897502076764e-03
4.345195809828420082e-03
3.570508627302371521e-03
1.826800564791219387e-03
5.320459918854266584e-03
9.133915582907959144e-04
6.021450795609347741e-03
1.677401729115165835e-03
8.454804710778359355e-04
3.790485157754816710e-03
1.700581446200788178e-03
2.898607166352390723e-03
6.992389144761222870e-03
6.501590810426208580e-03
2.253397931922082771e-03
1.866796206399735621e-03
4.481901992496135564e-03
3.718393690127513255e-03
2.207168656179463867e-03
4.350782390819888691e-03
5.449559381338354644e-03
2.736610914981519368e-03
1.588209008925510870e-03
1.191304977185506792e-03
3.753621759974369414e-03
5.179943066839751836e-03
2.477024197172860483e-03
4.244141968896783003e-03
7.464200344706360506e-03
2.305991432953459399e-03
6.743527440857026260e-03
2.489106671934886682e-03
6.405407889627552295e-03
2.422743907503266750e-03
4.961355989915776712e-03
8.402126939279327055e-04
9.516851527000302121e-04
1.288178603024194013e-03
1.497075971353765489e-03
1.143754869078818107e-03
5.190762007751777325e-03
7.517666279710048631e-03
3.769434146080470963e-03
3.677253161064681676e-03
1.620947183178066868e-03
2.398711401156151252e-03
1.125597678537514903e-03
8.772723904349150970e-04
8.540145162175494459e-04
3.640330210588019026e-03
5.754031953023146240e-03
6.694191132907697378e-03
2.456238187601540116e-03
4.028792754725770385e-03
3.118193534640123846e-03
4.161877653346526644e-03
1.311594329770750982e-03
3.512349639511462562e-03
2.441754823986334866e-03
1.722567772517630746e-03
2.283557642070737585e-03
5.953127650816326076e-03
8.301083615321629052e-04
5.520384808292334682e-03
2.117063437385123103e-03
2.400624046683452750e-03
5.511491451843148273e-03
4.159094468861384945e-03
5.161634366726877178e-03
5.727818687183904370e-03
9.706776245941591387e-04
7.135061960343629973e-03
7.737547655335005013e-03
2.448315434612621019e-03
1.369071726764096520e-03
4.675852336046527717e-03
1.002705466787522049e-03
1.479802620207928314e-03
3.596684609632989221e-03
2.236925034259470545e-03
6.213212420518006776e-03
5.420010904161194111e-03
3.486786323585493869e-03
5.657435292215069571e-03
4.145917725988488775e-03
1.650268479900911635e-03
5.287084156926631466e-03
3.820023874425188155e-03
1.173547074061722512e-03
2.154851229068712945e-03
7.731960524863923552e-03
1.954509913953629031e-03
1.411309232812919898e-03
8.873608552620046788e-04
1.385977562412556889e-03
8.552545081524089935e-04
4.125728226245568668e-03
9.560691372616227871e-04
7.703356231992249809e-03
1.774851991690544820e-03
2.232638100731070083e-03
2.298307591385389745e-03
3.312907896230397106e-03
5.247098217743637744e-03
3.795440832458810837e-03
4.504995241816540236e-03
3.520390218007179127e-03
6.152014328374979038e-03
6.069094131096894329e-03
6.448815686200938188e-03
5.601948618178320856e-03
6.896582697433261376e-03
9.604790938210249276e-04
8.425674404326272300e-04
2.024374866991600266e-03
2.548992568866554047e-03
4.395883998244393999e-03
5.479613760064908946e-03
3.041338229055641842e-03
7.512271267575774090e-03
9.703848898228742631e-04
5.565654086618850721e-03
2.484322345217693153e-03
9.449045915625778856e-04
4.629013478246773311e-03
2.147484485850365433e-03
5.922277367254594020e-03
1.897478096129779452e-03
3.101077447553922568e-03
2.036858803496488859e-03
2.320101957305204052e-03
1.003442247680547085e-03
2.645950803964060467e-03
4.152634577311636530e-03
2.539274168923107491e-03
5.344121233220584626e-03
1.956597706319581405e-03
1.647753853844674933e-03
2.615188162334905128e-03
5.277464966951028735e-03
5.056877296895333392e-03
7.528144859966403278e-03
5.978806869080910240e-03
1.041039146499040443e-03
5.093800091896782609e-03
2.504752492401878666e-03
4.952730718462139414e-03
5.320790223786476918e-03
2.526349946390901192e-03
5.164165974553607159e-03
5.420503278589458920e-03
1.249592260014626690e-03
5.787361358771207602e-03
1.206658172652149731e-03
8.175979811338218717e-03
7.900518678087884925e-03
4.101198444450612941e-03
4.788477957327360798e-03
4.065710739112389505e-03
2.918911632449219459e-03
5.874504704441813052e-03
6.663296151308142207e-03
5.225473335594643665e-03
4.958514661125933316e-03
3.356469787840541449e-03
4.677053955259755438e-03
4.808264528508150032e-03
4.581133427038575762e-03
6.177297634965612204e-03
1.117692452733068690e-03
7.928061666740461588e-03
3.367668100567133491e-03
3.078962240187883663e-03
4.801857222812878044e-03
2.425785653649031350e-03
2.981034449977316720e-03
2.858467507103593444e-03
1.974917721589171740e-03
6.155947989049921111e-03
9.561860694309241545e-04
5.342211797704492227e-03
1.881762112657006701e-03
5.127954236713668304e-03
7.023287101025830516e-03
4.930349871736453525e-03
6.994495101955427487e-03
4.206731531060804719e-03
4.235985243468506044e-03
9.174323890948533769e-04
8.580527138172408747e-04
6.862740751886571219e-03
4.012493980280455556e-03
3.265264231980700635e-03
5.659301076699771796e-03
1.645773008663729354e-03
7.192137786103373724e-03
2.808456498097198009e-03
1.570599371399362216e-03
8.385659551728191947e-04
6.091290557869912664e-03
2.499446388300298819e-03
1.159237018746878210e-03
3.884547580697759756e-03
1.706993676627771355e-03
6.516805908260280868e-03
7.340928043447736764e-03
7.708054349111418367e-03
2.906010057996591140e-03
6.293346143625341664e-03
3.330596355598792937e-03
4.600579069171327126e-03
3.628276791222913734e-03
5.224002384094654679e-03
1.201276434479828670e-03
2.227685227802358222e-03
5.568802912841671476e-03
4.754985064820670300e-03
2.028575150779632179e-03
1.629311085711715110e-03
1.822914705578894921e-03
2.450433309633761464e-03
1.329282755076367957e-03
5.254643329836069729e-03
4.586664669535552713e-03
3.125620552398017046e-03
2.476095378237075113e-03
4.153309194731857369e-03
1.926019514039334921e-03
2.295132538796712616e-03
3.916545216387673847e-03
6.077005518235582826e-03
1.882466931474651274e-03
2.822177293216417224e-03
8.773655295904111973e-04
1.551830845889659886e-03
3.364728999346310121e-03
2.076445468808519462e-03
7.929265773290342795e-03
2.036697986219342810e-03
6.350083648304229167e-03
5.981939062350722161e-03
5.761999294640564838e-03
5.816073864788858308e-03
1.751192597129564918e-03
1.537903086775313467e-03
3.183944421309176966e-03
4.169290970942838258e-03
5.319567675223118609e-03
9.655878923622109901e-04
1.810515727940792017e-03
7.826571783181574329e-03
1.636545129130011038e-03
6.342055953393242046e-03
2.843095003881834868e-03
9.709679538833371074e-04
8.405149341717622945e-04
3.702288635878086057e-03
7.373011735946287913e-03
2.079720219932583609e-03
1.060843383537991413e-03
2.182065260775463682e-03
3.675155708029207574e-03
3.396965516556934434e-03
5.623657709890328600e-03
5.540151606465396235e-03
5.432461557760656645e-03
2.122640768590908656e-03
2.299665390020414184e-03
2.239958146877375940e-03
6.778156807621202144e-03
1.093797920477902752e-03
9.579578943137524510e-04
1.496760671117693944e-03
5.768431785486505779e-03
2.201912229008952740e-03
3.074853069706362432e-03
2.343110815892108460e-03
2.137655012306394643e-03
2.144500736635129769e-03
2.737636652418528379e-03
6.052822481008407821e-03
1.202443025021594910e-03
2.387088634680007218e-03
4.871620003652429171e-03
2.535164568831708206e-03
1.582129615833229291e-03
6.115558856313521932e-03
2.911689066517303675e-03
4.291558318289308976e-03
5.512401676626367021e-03
7.246831133732569742e-03
9.675539812199655332e-04
2.205637365107711301e-03
5.507131181191641731e-03
6.084682314407990206e-03
5.231630267271998071e-03
5.643945634311585066e-03
1.529884853481974349e-03
2.225698867189604760e-03
1.031648623530065281e-03
2.597189356444343407e-03
9.058119877029897817e-04
8.706644746335579855e-04
1.587627360113384950e-03
1.337558275827803499e-03
2.248531869658777944e-03
5.895389369472737139e-03
5.055873614831566526e-03
6.608824269463372744e-03
5.748898201877892557e-03
5.618005681928194169e-03
2.496489382290725291e-03
4.057616997396519543e-03
5.187959754743889582e-03
5.110366018768425916e-03
3.853797858515182074e-03
6.420740789301861151e-03
6.721963105291970525e-03
4.083224869778885081e-03
4.749338417876603630e-03
2.361602933001365808e-03
5.602210786080578063e-03
6.595674972253659681e-03
1.437833589359741905e-03
5.543680727356147149e-03
5.354271145591616744e-03
3.260771197690765216e-03
2.342804350640779847e-03
2.732201563673425284e-03
4.486798180305914471e-03
7.064006717100534613e-03
5.800237499168457191e-03
3.704280467144925940e-03
9.980915888843935012e-04
4.116993111508785060e-03
3.753076274494344944e-03
5.742384220388504004e-03
5.050036883042040466e-03
3.684102133547201372e-03
5.257925676247138247e-03
1.299870796155925320e-03
1.782419861583283815e-03
7.247124890045457228e-03
8.656551224067008830e-04
7.663612138815889541e-03
2.515799881601951150e-03
3.148746078686961037e-03
2.027943030761068972e-03
4.566309112546762874e-03
1.610367131067816674e-03
8.876151824707351548e-04
6.045291176689403072e-03
4.775057236504448056e-03
2.405319090658464189e-03
4.541966901011581029e-03
5.695869529281544046e-03
6.277433475663138883e-03
5.931759304658448632e-03
5.105006655501813893e-03
2.286800895092840850e-03
6.030217355947478999e-03
2.145203492665809231e-03
6.389141109481355496e-03
6.669376031378139100e-03
3.980260341934560749e-03
3.020507395478228690e-03
4.473411656677785987e-03
6.360710997276671289e-03
1.037815688409095011e-03
5.682246653354524300e-03
5.795175795227523220e-03
4.155466700225711636e-03
2.311391090072406011e-03
5.493925571108172236e-03
3.871020536804402768e-03
5.454028344488372378e-03
6.727479235535450269e-03
7.341317850964346713e-03
5.818272817344856927e-03
7.604895212171304368e-03
5.930700958973394304e-03
4.720573817387704874e-03
3.560585118471672802e-03
4.551209676547998684e-03
1.901990443713595050e-03
1.923493956172872728e-03
5.760517759868642555e-03
4.865603934666381213e-03
4.447175233742745037e-03
6.391893076750840112e-03
2.331425682489125361e-03
5.982441671343628926e-03
5.921732500841893863e-03
2.186157438866946894e-03
4.505747080330002249e-03
7.809744552587005208e-03
5.476693890626407185e-03
5.914165501603385437e-03
7.830333933344077457e-03
4.601371977276352658e-03
3.663149543952002023e-03
2.748966003057634697e-03
5.313891421950973568e-03
1.682715110480013584e-03
7.752934987801865865e-03
2.945683885384904870e-03
6.179520492672280554e-03
6.041278060712858104e-03
1.989331230772660095e-03
7.835648466038389048e-03
4.870265169182973544e-03
5.071711914606512502e-03
4.406335571242084824e-03
3.255337293901159126e-03
3.031681897218065080e-03
1.347406221018112443e-03
2.917784006677807702e-03
6.127231486588595281e-03
6.593255449147406889e-03
1.431889231270523557e-03
2.031178418394668540e-03
9.763523137202630847e-04
5.159770272315617259e-03
1.686354032175644028e-03
2.532808650669871823e-03
9.229141932680542774e-04
4.465499788129993070e-03
4.958664873941751212e-03
3.925092747451104300e-03
2.478144181863993316e-03
3.844562492559517198e-03
4.642709470583456823e-03
2.059079773265397144e-03
4.966888675801839868e-03
6.214550009403860611e-03
3.666881663551199537e-03
3.186217784997536027e-03
6.131009752892063562e-03
1.269905248557627164e-03
5.760504679294766762e-03
6.478990455738805644e-03
1.779522721265364886e-03
6.283966909036040223e-03
3.989524703167099569e-03
5.213539490452854218e-03
2.813719421556656886e-03
5.251338309137295983e-03
2.303287488008245142e-03
7.138375447602400212e-03
5.365458659390284595e-03
6.145635506728260901e-03
1.689869670995308021e-03
2.869513412572674126e-03
2.507609436642463559e-03
3.098522646424269836e-03
5.354357683686524622e-03
6.676635676228091093e-03
1.970475150251508462e-03
2.456053516800154463e-03
1.095683758766882515e-03
2.281448912146036376e-03
2.435890516046989012e-03
4.797250982503296901e-03
4.934864944925581969e-03
2.780063002908999149e-03
7.043364415315893530e-03
5.121476051081312597e-03
7.265338793362493414e-03
3.062153948654850171e-03
6.256134158010352199e-03
7.496552160306342930e-03
8.166089932953030225e-04
7.427809325111115607e-03
9.711724423698562050e-04
5.938314767132319566e-03
3.868003539036930175e-03
1.244354848156751245e-03
5.512882370646877972e-03
5.444850447498082203e-03
4.876822274786631224e-03
7.064362028012854434e-03
3.642520477153993186e-03
2.100492276960823010e-03
2.633820569322924566e-03
1.916431889359754802e-03
5.889551720428481442e-03
6.779079299287426794e-03
1.816025944630206496e-03
4.938512329410355700e-03
7.500660644624195308e-03
9.613625123697332317e-04
1.598147379311863018e-03
3.067947473451523334e-03
1.608341411797775027e-03
4.513561791103687902e-03
6.509700669491521458e-03
8.550929435390029016e-04
5.687534760547386520e-03
7.817600076978624066e-03
9.009794679198009906e-04
5.905627514449835261e-03
2.376788678814364432e-03
5.077133683041468171e-03
2.091619010557500477e-03
2.794968646286040415e-03
4.068364672217806254e-03
2.445661917617867557e-03
4.066362819832860034e-03
3.885644857065934446e-03
2.514336181689244207e-03
1.627419836630588550e-03
1.439605014306037092e-03
5.673393723591343626e-03
5.436791740212359135e-03
9.247933150338793346e-04
8.829256659594231400e-04
5.509529231393893618e-03
1.943131061642603200e-03
1.313454139505769273e-03
7.135551162055582888e-03
4.967630834958373931e-03
5.507037665464412958e-03
5.323880149743278993e-03
4.210892847296468164e-03
5.046970140224257134e-03
5.157021978098775931e-03
1.965319892617802249e-03
2.021034608403435382e-03
5.794889066164949504e-03
5.099019267085374424e-03
5.374154691126971535e-03
3.679501206912800214e-03
1.190169741372988210e-03
1.532591760604186870e-03
2.757984105851600271e-03
5.497834573255348627e-03
7.312777045809265575e-03
3.319068553859074594e-03
4.921560398914016574e-03
5.124433056074868993e-03
2.316032968903600133e-03
2.869456866523156877e-03
5.149690071618838634e-03
3.570375025552372916e-03
3.608713565981522872e-03
3.310035421991433351e-03
5.645225473255094210e-03
5.566758097980019707e-03
1.214097884929631445e-03
2.027206717111367830e-03
1.763604797204785255e-03
9.265715608190701683e-04
3.967294712635771256e-03
2.442488045548275259e-03
7.179784441906545030e-03
3.372032649270728828e-03
1.369776711428563696e-03
1.157058356239157619e-03
9.380147465086670919e-04
2.527724304531753837e-03
3.604091163035327665e-03
9.171671952157258367e-04
5.688159282749499952e-03
5.018713371475925708e-03
2.368263044772892217e-03
2.273980200474909341e-03
2.328389549219525480e-03
2.364026766039510011e-03
3.210583163027379283e-03
6.663556461109740835e-03
3.823480856847560547e-03
3.159973997886742804e-03
1.777953148192637283e-03
6.120957586798138512e-03
2.971188979899687908e-03
1.131456208742064951e-03
5.595870593307335737e-03
7.889876638651710170e-03
6.089001203613194149e-03
2.999108626038224628e-03
3.434775369180063844e-03
6.570763498897434080e-03
1.951673037814192655e-03
8.386839054888896045e-04
4.913735525772714233e-03
4.365347421708443663e-03
2.612069658579920049e-03
2.671350509246416156e-03
5.640827005922082436e-03
4.576143539664869614e-03
1.022794276984924410e-03
5.625099675073183710e-03
3.816778974312296912e-03
2.224831730285817960e-03
3.693250735267604098e-03
4.602700615971126903e-03
5.546324392562329911e-03
7.112674351747322495e-03
9.354941858030117957e-04
1.951685222571950548e-03
3.872582841263358736e-03
3.328436978346283916e-03
7.574136268335886907e-03
4.106797890578355557e-03
4.942028358994566932e-03
4.297220106274988842e-03
5.195550400708830868e-03
3.364318255141914363e-03
5.311264189561856232e-03
3.377073066369115899e-03
8.309989387302758055e-04
1.247626131727736301e-03
1.846339777826987725e-03
4.286335386122916251e-03
4.648597069282269130e-03
2.198502080690264548e-03
6.291605049069171930e-03
5.785416708493575262e-03
5.020999833686789690e-03
6.016860027880965509e-03
4.415838448824433403e-03
2.651292640213452536e-03
1.241305211232709982e-03
2.385601560836251352e-03
6.589054374584538305e-03
1.184451423292604954e-03
6.953920061047733428e-03
8.743836991552439604e-04
3.241086909447602089e-03
1.091662370327405214e-03
4.754916834142138699e-03
6.615575412333762895e-03
3.568048292785313234e-03
2.151582498884756396e-03
2.033647492182709057e-03
6.175785683069761819e-03
4.816275120955057672e-03
2.645227090448885789e-03
9.041167703070569122e-04
2.647851935403169529e-03
1.954949753959845608e-03
5.559696189142438079e-03
5.273604168980660506e-03
3.366628072205732260e-03
1.460397782451628226e-03
5.109044172378285342e-03
5.366246365065325055e-03
5.157428680012518009e-03
1.284664740301328083e-03
1.930593457657987008e-03
4.319692115613797158e-03
1.328177332700094951e-03
1.413288934549465983e-03
2.071203865427896206e-03
6.395393007438652209e-03
7.027177519346593411e-03
7.299900188407863755e-03
1.951704809013060822e-03
1.671666006748053976e-03
2.380648553053266343e-03
2.405535059592432863e-03
1.895185996469764744e-03
5.868084746014136724e-03
4.941465748736841544e-03
8.355070614811271369e-04
7.340440644242192739e-03
2.438798310191859012e-03
5.417748377213550334e-03
2.601009565279386281e-03
1.436819626949848577e-03
5.176889379043729186e-03
3.320075744308119501e-03
4.456783054994661354e-03
4.620253832279835708e-03
5.870854725918465966e-03
4.944061009452106227e-03
6.039638499312501019e-03
1.488976816616919630e-03
1.356676286645035635e-03
4.039121263739254945e-03
3.668939998418688404e-03
6.099275117799546515e-03
1.593000390443627314e-03
6.256306010729266974e-03
6.268526253818923304e-03
5.801588924595544108e-03
5.522508148292289663e-03
3.598216088118842953e-03
6.590247567387951325e-03
9.227752221661323067e-04
4.970599758589645117e-03
4.144677562573880099e-03
5.302936752692669758e-03
6.592159839535849039e-03
2.898034035137595377e-03
7.398336306095883164e-03
3.666562891670071492e-03
2.389937654165016391e-03
8.248155483052133086e-04
2.365764562653935397e-03
2.244188091192838262e-03
2.862214717864791994e-03
5.819127855311885880e-03
2.183112423810384430e-03
3.176828179740409652e-03
4.599184640531362410e-03
1.662089128970043036e-03
5.618546284892869148e-03
9.425989947065830559e-04
2.011182100743374827e-03
2.330434013844311265e-03
6.367241509176731207e-03
5.524682936420293247e-03
6.194428290685740322e-03
5.736660245148433868e-03
2.345051744889986838e-03
7.495412948924189134e-03
4.112639392507710760e-03
3.573846543138281626e-03
4.746387051781326104e-03
7.398937041645296114e-03
3.377746725631861069e-03
1.368134585474562077e-03
2.594522268116980154e-03
4.432757366308806048e-03
1.656730472024721965e-03
2.699994729551427348e-03
4.788333264535674268e-03
4.846946951997107428e-03
5.574957877030852632e-03
9.283465221963650661e-04
1.317896273033205244e-03
5.508093018221550501e-03
2.716994658704341859e-03
5.011949116809754495e-03
4.456195071840273782e-03
2.762514903192038723e-03
3.710398099583599348e-03
1.653771678467922095e-03
1.735623809950698464e-03
2.484122710764580504e-03
6.945409314072385765e-03
1.272710999451999491e-03
6.673205494599793175e-03
3.996309997815431815e-03
6.200481896326249208e-03
5.472640248002716423e-03
1.645361838597847546e-03
2.161254033518061196e-03
5.656468419614371461e-03
2.382898656188352834e-03
1.112991766583723823e-03
3.283558959064984337e-03
1.025099212991383664e-03
4.377456883613741259e-03
4.998829314879980369e-03
5.617255926330248436e-03
5.102020233070700406e-03
2.291158044809207296e-03
2.494081507874833757e-03
8.468266964844968795e-04
8.235431584702743776e-04
2.581575476460824369e-03
1.800136884371003219e-03
1.547396539383818787e-03
1.913135271300122177e-03
1.700941574710237601e-03
3.946447144653092085e-03
5.526162401390069014e-03
2.376647779428909830e-03
2.932942541516668760e-03
5.565133150283654330e-03
4.478671275454234116e-03
1.367179251325571950e-03
8.702973909643334097e-04
6.150369322791835076e-03
1.804149036759385150e-03
7.127246404462424766e-03
2.713330706560298893e-03
1.844321769350981254e-03
1.543679826667384344e-03
2.611449282482422932e-03
3.494089232825612224e-03
7.636849838513781220e-03
5.609415946581050062e-03
2.671158761451818131e-03
4.454560567002650330e-03
5.863586645330783227e-03
2.405781907279274344e-03
3.628894759016382861e-03
5.142978403161103766e-03
5.529214979907929282e-03
9.860865874569443683e-04
9.716841964069164493e-04
6.202228894597748045e-03
1.786622910682263837e-03
2.428107977091767400e-03
5.392353860776119556e-03
1.961075700340029516e-03
9.375618159816025490e-04
1.941835435295368806e-03
9.249333986468985481e-04
9.362231408891076969e-04
9.254982873849442598e-04
1.639733540580555352e-03
4.617208974170647177e-03
2.430405201501568534e-03
2.917778661422401436e-03
6.893747761866905917e-03
1.028140562020781129e-03
2.405047422752770725e-03
4.594362453511011135e-03
8.715988101062430594e-04
4.761395564777163268e-03
4.476700072391786266e-03
2.888866065283576205e-03
2.684350756665400319e-03
4.710022980119884031e-03
1.237368036772519466e-03
3.493901888925117320e-03
3.378753406377531850e-03
5.854433434927006769e-03
4.954247598418543182e-03
1.773242588286296157e-03
5.831494544711194120e-03
6.141087555498696456e-03
5.070804201634436514e-03
2.743930866881166136e-03
1.083116997697687340e-03
6.713652642459735226e-03
1.200417225649853467e-03
3.293660262468293097e-03
2.401653522315799240e-03
4.965555046126089896e-03
1.923333762753883435e-03
6.343057119001249862e-03
5.266487034539096661e-03
5.787958342274517921e-03
5.432552713951155354e-03
6.630157846861195990e-03
6.062619806596500523e-03
5.594806582630618141e-03
1.594783125070792923e-03
1.870310533349343884e-03
5.074780351662084091e-03
5.810751997221068159e-03
1.950196584467856452e-03
7.483803926991837267e-03
1.649885013060349050e-03
4.144052180969938319e-03
5.388416657981507860e-03
5.432675769630961049e-03
4.523230798579852031e-03
1.591925071692366998e-03
3.745204588572354724e-03
6.914207357317796350e-03
4.403414870776491304e-03
3.909602720257255616e-03
7.844320560366610864e-03
1.815946568713866938e-03
8.746012735823108014e-04
3.932013313728189088e-03
1.127213550199078962e-03
6.759905080824372449e-03
2.337387717620618109e-03
2.121530225806693599e-03
4.674572959158925130e-03
5.256651004563598836e-03
4.013824089798518485e-03
3.440603141373766837e-03
6.649918478564066301e-03
8.769151493036781743e-04
1.223973261227098057e-03
5.381680234391334264e-03
1.344933996635010393e-03
8.274073253639903629e-04
5.288752943353127248e-03
6.222535062158500961e-03
3.011805121764001437e-03
3.707989561493240434e-03
1.671091396716421415e-03
1.894529147304655717e-03
1.853336574932516224e-03
1.675659251900397592e-03
2.637044022365939676e-03
5.755074429062022670e-03
3.914086881309679529e-03
1.018598252690705499e-03
9.081714731081941576e-04
2.290379264570279252e-03
5.563545024122615833e-03
5.070371625333575452e-03
4.647619385037331415e-03
4.971807665660962945e-03
3.647878853484452615e-03
1.748308747265843888e-03
3.989460250446504909e-03
3.877481142194782755e-03
2.219663457292075058e-03
6.543182767939835671e-03
2.570111783954906557e-03
6.245122199766447828e-03
5.451422984403024412e-03
8.337372861470831098e-04
3.713332165331187287e-03
8.284306508711417136e-04
8.605593062961530443e-04
2.649201546510349028e-03
2.191046434381687183e-03
8.520025750555313294e-04
1.309089388121716666e-03
4.636720154198606565e-03
4.689372353849945683e-03
5.016015052045353674e-03
6.025290036228998954e-03
6.437931552520294309e-03
2.201251281198321561e-03
1.355696410853593319e-03
2.205760348733114620e-03
5.569211733399310159e-03
1.524332337822172567e-03
5.975216532903207013e-03
5.977513491529628034e-03
2.786796388426156495e-03
5.754445701394710067e-03
5.472980897906682719e-03
6.215934996854022287e-03
7.683527815496116707e-03
5.408942178330556835e-03
9.486532027458542161e-04
1.222983996385488626e-03
7.847201781994462069e-03
1.405072660223276922e-03
2.965860825168366213e-03
2.366183356340400331e-03
5.340435107241856168e-03
6.117888390680213152e-03
3.157585353828595408e-03
4.659867590313648486e-03
7.777795893946928309e-03
3.777600218439267857e-03
6.353819497687079182e-03
6.633598104190406401e-03
8.354625413525187255e-04
1.867134157529537486e-03
5.736807098729150740e-03
3.919865808403697090e-03
5.902723223320403313e-03
5.335616316451649230e-03
1.114186680468006937e-02
4.086784346860205044e-03
1.723730439523367712e-03
8.360052743372820743e-04
2.023990843979408313e-03
2.491608473884705105e-03
7.208749752007434161e-03
5.095500857101526240e-03
1.125572239855307305e-03
4.594540554014644312e-03
2.060635409765330071e-03
6.415690342735373003e-03
4.456861530744882401e-03
4.039278225305713635e-03
6.017830143720303074e-03
2.231987277827422473e-03
3.592078919603777093e-03
5.702376064056871238e-03
2.404806336199613072e-03
3.371555443546782674e-03
9.913538424416660621e-04
3.882394359937913625e-03
4.140653313477660712e-03
2.147816600268340551e-03
5.095682601603777895e-03
7.324889884258548554e-03
6.189117569601834505e-03
1.083579758655518928e-03
4.765287489569291351e-03
2.549596204145074436e-03
2.089498574492619672e-03
5.988458637882154538e-03
5.518750995211134207e-03
5.728115355326313281e-03
5.260617351052626622e-03
9.952570556980440929e-04
2.600259679413323075e-03
1.934134664979186846e-03
3.891577183194821089e-03
4.005520919229504408e-03
4.570452183548083004e-03
1.178234911278611607e-03
2.421390329256541563e-03
6.074255403184924441e-03
8.242553332690674825e-04
1.414496364019209420e-03
5.657983408035158722e-03
6.196219220129404494e-03
1.928421056384929319e-03
4.881464518539010630e-03
6.015244427475191849e-03
4.586498375965121499e-03
1.463726908728566400e-03
3.251821224601855135e-03
1.440281143420364630e-03
1.933504467719314836e-03
4.167291530159007891e-03
5.617583814806990754e-03
4.047770513379621814e-03
1.947366803606158034e-03
4.255074494961144302e-03
4.716362745758572936e-03
3.440909156574770752e-03
1.942766831489130003e-03
1.723296032832062402e-03
3.642284841084121160e-03
5.777436936860622443e-03
2.593994409265433683e-03
1.649726230854094752e-03
6.218346825154649066e-03
7.543263316981335849e-03
3.917064828753541103e-03
9.760525325226033101e-04
2.952538864645978724e-03
1.142990984961568665e-03
1.870152375007049861e-03
4.578783013761124517e-03
2.418819152318028853e-03
1.048885703045139518e-03
2.895360567347777300e-03
5.796990598922843740e-03
5.468538132803423858e-03
7.170047800829902965e-03
4.820465941781536777e-03
4.928026369792758328e-03
6.814982456837053240e-03
6.237030054780785988e-03
3.056411634856057245e-03
3.338356205715996977e-03
1.474740469003896041e-03
1.779874627433618598e-03
5.909251537704871861e-03
1.155308982489457485e-03
1.817214211231607014e-03
1.229841202564325954e-03
6.353914962473267321e-03
1.907272447797614965e-03
4.624723984575294412e-03
2.506443375718225754e-03
4.050007133245983257e-03
2.644351038378165743e-03
2.178734633079376995e-03
2.113137364802068936e-03
6.099969655738540948e-03
8.294880958489908238e-04
2.505924579365841412e-03
5.233428809250759324e-03
7.046409199664650271e-03
5.113929017439059442e-03
8.583933302097844758e-04
6.774812509035670234e-03
3.012119132218720081e-03
2.457547697440089218e-03
6.437763499301074437e-03
2.366328881458188132e-03
1.963041047690485246e-03
5.261256809840694250e-03
1.309027696527691577e-03
6.309340890748829818e-03
8.289294718194927143e-04
2.451986775543702358e-03
5.329665725000028685e-03
8.224836958553159065e-04
3.103936377500109145e-03
6.035462309492790021e-03
4.085031880556837768e-03
6.825331471047961507e-03
1.165888730137882136e-03
5.322261973452305749e-03
5.336258252144022649e-03
1.964574364998025041e-03
3.426738264774241080e-03
1.838878043965266060e-03
6.297269734062232310e-03
5.064173546498692592e-03
1.506563596365150665e-03
3.285580597702449351e-03
2.767268706935481319e-03
1.446093221271583596e-03
1.025889860805376513e-03
1.780206078517015044e-03
5.463607863408250810e-03
7.584229081264618789e-03
9.981208395403314785e-04
9.790113541980993532e-04
6.540554207557269621e-03
6.164337691501636102e-03
6.218355316423544547e-03
1.988412059042427796e-03
2.547308775781839674e-03
8.329671388265199369e-04
8.699091575247637226e-04
1.713600049419995892e-03
5.433431598612915164e-03
5.144472078116201635e-03
4.019738516895869987e-03
5.961511531792609148e-03
7.036174342275756423e-03
7.076930344137461956e-03
4.129713607106779913e-03
2.328423978393313019e-03
6.245172063981002143e-03
2.125992087386246402e-03
3.632073320279924963e-03
2.324340763792885102e-03
4.203627888587475013e-03
5.771004298053153923e-03
5.178218607882419805e-03
5.076411829032967567e-03
1.518317091703811576e-03
7.619294217575171835e-03
1.472607563777113444e-03
6.278613731465064463e-03
1.499139961037988366e-03
5.579875323003436263e-03
2.510709270547777615e-03
1.939060576401363317e-03
1.218709608136454067e-03
5.310255818138684240e-03
1.076115922998809428e-03
5.122633141404527544e-03
2.188598853418175470e-03
2.881501492079089569e-03
6.817135823647108191e-03
2.848856496432106665e-03
5.560742057530425331e-03
6.609065982705411742e-03
9.988948543911558686e-04
4.733771966274274469e-03
2.398002993323713854e-03
4.220881960338920477e-03
4.409744928816501305e-03
5.725394383638764823e-03
7.490887495184356953e-03
5.880983718988266711e-03
6.169206582368271657e-03
1.836203126588653416e-03
2.201330153572613867e-03
2.803191722105823503e-03
5.653852506501425013e-03
1.907783715971509862e-03
5.424155704058511961e-03
9.628206952358648370e-04
1.316108926278734782e-03
5.944071154315636214e-03
5.212907925182756058e-03
2.579533194423384249e-03
7.671621835475258416e-03
3.992223906840614359e-03
5.704915911564119833e-03
5.239248939689434940e-03
1.225814272695774148e-03
5.201902234578199315e-03
3.048548273275030092e-03
1.284499674106554792e-03
5.218337830794774965e-03
1.227538013484472459e-03
5.930750035694830162e-03
2.779230014997366785e-03
2.084784113566159197e-03
2.005002475424262545e-03
9.181973717618923661e-04
2.083200540447758490e-03
7.050623751644196323e-03
6.158119321449807837e-03
7.439155874682574013e-03
5.031627371755998702e-03
8.226690291294611523e-04
7.000166337199765880e-03
2.124049767489764266e-03
2.148230987434151910e-03
6.159566505521411189e-03
5.965814887639844279e-03
9.881281540392748350e-04
4.957237631579137702e-03
4.611418051276460449e-03
5.838840588152595726e-03
6.471637864626776995e-03
1.011988021089919171e-02
3.605830397840156191e-03
1.895359446598371021e-03
1.632205333596000070e-03
4.786325796081739720e-03
1.070628640292813679e-03
6.640418009833114719e-03
2.397103771223925688e-03
5.196005585847536350e-03
1.682389882013808624e-03
4.697125259199259190e-03
2.697696222411917304e-03
1.728547427067958237e-03
2.068734119624495663e-03
1.178337368938451191e-03
6.850783997678224803e-03
6.078062733493731426e-03
6.347206096319652976e-03
8.463994749232994297e-04
6.920744611153064295e-03
5.847574294050584577e-03
2.368390276487066046e-03
7.339234966611780236e-03
3.458306286371256970e-03
3.945177120898562227e-03
3.621376821741405759e-03
5.927371974726127792e-03
3.261904177001822419e-03
5.527665283905886830e-03
5.743481944973725939e-03
1.806194387433475608e-03
1.255331231829170165e-03
2.351846735300691313e-03
4.063555736203088888e-03
1.075254433355484407e-03
4.663524050658397237e-03
2.427872720458731925e-03
3.526101170751771031e-03
1.268064055086541835e-03
1.101188881672387349e-03
6.081669799188009658e-03
7.368860452219116834e-03
3.707529503215512869e-03
6.660894356845438284e-03
1.831396960798279804e-03
1.974738609883041392e-03
1.616844145264060856e-03
2.133394065290858486e-03
5.014807641378387498e-03
7.386085592202061394e-03
5.200641969150323132e-03
1.017548330214940091e-03
2.002087907677763731e-03
6.256788760250109500e-03
3.384269005771670547e-03
2.369758750704415318e-03
6.555987655586121947e-03
2.543112083895926814e-03
3.119062776910361268e-03
9.790688695018286494e-04
2.507811786285390511e-03
3.341735047239265642e-03
4.095966076125832564e-03
3.360368266078117300e-03
1.817912002380921719e-03
1.262999320149956568e-03
3.631603059732521187e-03
1.079775383708102450e-03
2.321971256862388061e-03
5.441646001525975163e-03
4.136582372244989800e-03
5.552227668605802524e-03
5.753026313946153422e-03
4.968252484603472192e-03
2.028955896663828511e-03
5.221625236478773767e-03
5.830565662496898713e-03
5.628229694774381474e-03
5.544777235226516950e-03
5.719976425040799312e-03
8.576584374723274272e-04
4.085710985964600105e-03
9.986508732262181290e-04
5.439690794950166955e-03
5.246133256693616062e-03
3.468771931420736813e-03
3.854232682263515185e-03
8.303407979769045905e-03
4.977587185543018780e-03
8.208342725319992417e-04
2.070153396638641560e-03
1.612501234672703704e-03
1.267345347520582206e-03
3.769451427832223693e-03
1.070740101138367576e-03
6.562319040642038831e-03
2.619640822683747851e-03
4.229685591692269354e-03
3.666005357068646310e-03
2.725033664864199255e-03
5.877174265220081774e-03
3.849365627703994677e-03
5.667732778256580686e-03
6.495785702988032817e-03
4.262494712899004071e-03
5.803621196325541888e-03
5.368692542342596609e-03
4.181617874906117492e-03
3.304209069803671749e-03
1.214929115254954244e-03
1.079219412376924460e-03
5.628263894726517370e-03
1.225410009807822000e-03
2.150881878852823736e-03
3.502932496398245259e-03
4.250879801846698357e-03
3.874337225603069913e-03
6.470538844524862006e-03
5.105414100598214613e-03
2.354646145302910932e-03
5.439312491459966439e-03
1.474179039165898547e-03
5.100196030770883654e-03
3.651144852797486972e-03
9.557817588780237374e-04
5.361208769513953545e-03
5.540581835061156660e-03
2.327637823321414973e-03
4.786341158357018850e-03
5.447713239829169406e-03
5.306519276713157589e-03
9.093009509684008528e-04
5.082253931136918555e-03
1.646630030385738902e-03
7.459035000990666894e-03
5.602517908143040369e-03
3.982111748098397450e-03
2.843972992678487320e-03
4.116938411119193918e-03
5.237552213683041233e-03
6.339760624624426674e-03
3.435141892722705283e-03
5.992979621021615050e-03
5.459994257357463597e-03
4.494147472531820516e-03
2.398114094419773450e-03
4.344743482121189194e-03
6.280810619393547255e-03
6.042662221047580273e-03
3.423997925050558527e-03
1.139610422083505836e-03
2.963043396197131366e-03
4.241187000649253649e-03
5.409085948729715557e-03
1.231092213032127999e-03
5.972664522840350800e-03
9.128750560110680205e-04
4.018743411464139638e-03
6.525153305156947137e-03
3.546742957594602869e-03
5.605967589948962840e-03
5.015005473167258310e-03
2.362512372214031937e-03
2.338407457769454099e-03
1.109501284944184500e-03
6.615362382701862019e-03
5.132116665518462323e-03
1.437651098696477283e-03
3.926084249696953909e-03
4.679290602424338724e-03
4.068997914291239484e-03
5.909274238809047140e-03
7.548284725055316724e-03
1.172235383629801958e-03
1.241831552521148289e-03
1.555474874954728293e-03
1.423872458728703966e-03
6.445055327028107600e-03
6.801719195651665349e-03
4.171060594696828980e-03
3.643846019261135286e-03
2.542950939436238855e-03
6.259245234135269419e-03
2.454226376657600833e-03
8.655747162194820819e-04
2.753862876491520572e-03
6.373069569085484769e-03
5.540960353544528878e-03
5.518991251703150511e-03
6.939288141471071023e-03
4.508742501315560723e-03
6.395792971688483985e-03
5.997253202151239457e-03
2.064509938918501070e-03
6.062044691691454053e-03
9.404883746034615978e-04
3.797907514011530060e-03
5.913888636311800950e-03
3.660877812133895605e-03
9.973041667829671969e-03
7.077491602957422696e-03
5.188062829487273368e-03
1.639139657002106759e-03
2.058561427485019590e-03
1.859396943502876444e-03
1.636227899836263091e-03
1.508892262103756843e-03
1.447983172387485489e-03
1.317020580262266097e-03
2.794123380762828304e-03
4.040894170570997167e-03
2.386508401242909850e-03
1.326818919766481518e-03
3.831380090038805520e-03
5.359313845788935514e-03
4.988330150897669381e-03
5.470671041821302365e-03
1.782631652584698969e-03
1.704909695600057050e-03
6.283225403302891872e-03
5.713478032502861646e-03
9.162114047713455648e-04
2.180655035970483629e-03
2.659336020000074505e-03
9.652801596686356273e-04
2.324250896907877322e-03
4.501074544565688423e-03
4.951551572003198495e-03
5.079403052865128637e-03
6.501287209356627211e-03
2.934916630506871627e-03
1.418475494915366272e-03
3.406686645874574659e-03
7.385624622956182654e-03
1.787435786391291690e-03
3.281423679346598832e-03
3.774662074735985872e-03
1.227145998265096035e-03
2.575355321628656526e-03
1.308082004839075446e-03
4.326633960698129423e-03
5.439375049229036412e-03
5.081706864818522421e-03
1.788832901125611162e-03
4.016247950948986789e-03
4.170439099103409250e-03
6.477641403317606003e-03
4.247094972033945391e-03
1.315120110158780886e-03
1.967377071427048058e-03
8.473851370925833577e-04
3.295111294566337341e-03
2.143555645730830898e-03
1.409498303284858730e-03
1.022572872713848691e-03
1.462165694933014425e-03
6.745473175016889096e-03
5.676708776718874909e-03
1.172156845391696687e-03
5.684564649951837599e-03
5.036917516242641647e-03
3.203701713920180990e-03
1.126911775768387001e-03
6.973798049380842100e-03
2.842306875840416424e-03
5.085817465706185710e-03
3.666286320719517287e-03
3.127738151496684254e-03
4.563075304284232130e-03
4.105462164004148630e-03
5.092484695821298570e-03
6.110419431220818348e-03
1.313401891304251824e-03
3.484043304522607687e-03
4.886831855822830473e-03
6.150200042417618661e-03
1.789546896972005066e-03
3.474236168181777436e-03
2.228526885311390374e-03
3.247740672427851943e-03
3.879356915125867483e-03
3.360166917601683373e-03
7.058300434953121254e-03
4.701087272818720367e-03
1.034399219747850641e-03
2.329756782194497642e-03
2.985370001590371275e-03
3.201219837492507141e-03
5.895407151483339839e-03
3.339144532417897583e-03
5.914826476508064541e-03
3.160480975513616300e-03
2.465934631620344923e-03
6.023751520921472556e-03
2.379778231688797416e-03
7.463326063961315572e-03
1.189406333617567873e-03
5.918183474146413575e-03
2.094608392241330969e-03
9.074736405789542507e-04
6.939149944855668890e-03
4.916486940500446046e-03
2.395783969710503156e-03
7.293644275266166800e-03
4.365230181646255654e-03
4.349754631208358965e-03
1.778694156022350790e-03
7.848138393348233488e-03
1.908677327103705350e-03
2.270791144885760809e-03
2.399217819858136605e-03
1.297157886481165555e-03
4.483321308748298810e-03
6.604297761189314130e-03
4.831145851540067856e-03
6.589416924501778801e-03
9.722760699915162716e-04
1.526567883088900991e-03
6.100824804007155475e-03
7.579809022800270205e-03
2.138342381328422505e-03
4.709056874442485094e-03
2.269425889469823578e-03
4.925630639729096372e-03
5.694242104635039749e-03
6.040542202221740528e-03
5.398542242727140568e-03
5.612483863001767846e-03
1.653254148489241137e-03
5.156959897025503378e-03
4.892694479337458130e-03
4.071011422511558973e-03
1.393899626186834032e-03
1.937158606257546357e-03
5.445776795070502753e-03
1.382782322716515988e-03
4.830659159713333872e-03
1.679780202695003218e-03
3.954144721979098616e-03
6.541884018902080836e-03
7.882667978227602540e-03
3.156754267398661704e-03
1.282654599642271210e-03
4.738943335910911735e-03
7.421467986211467693e-03
6.820032515844133211e-03
3.741309226054379163e-03
2.308984253996615877e-03
4.953374056278600675e-03
6.562355443363462881e-03
4.648825888198846595e-03
1.438543249486704543e-03
3.510425176142014346e-03
6.190041634636444384e-03
4.674446826427789553e-03
1.297051548930031224e-03
2.946410307365526261e-03
5.668958941253552514e-03
3.856039471275948729e-03
2.042631606531595829e-03
1.830131513915578961e-03
6.749276501952300271e-03
1.533433645932783451e-03
2.889985186936434077e-03
5.161706170937394728e-03
5.478092572393536593e-03
9.976019939339651667e-04
5.510897760387315457e-03
2.094540271121035548e-03
2.081161789657295057e-03
4.694542513743502066e-03
3.553767376242614098e-03
2.380461362370278264e-03
2.806777933623639219e-03
2.420401882790064550e-03
