9.781299968031340660e-04
9.439367838588995927e-04
9.596530398648813430e-04
9.467238229946611447e-04
9.783021263014119416e-04
9.908017686852839661e-04
9.794036110865099540e-04
9.563528210955685388e-04
9.941310167250493914e-04
9.574737730668345321e-04
9.253430261830098823e-04
9.855291901441334736e-04
9.888521302098211407e-04
9.900193494688108459e-04
9.909142644952081448e-04
9.631627954148359308e-04
9.994757690092918954e-04
9.605109238808236553e-04
9.318963003629023934e-04
9.774734759677673399e-04
9.193067639012452623e-04
9.201427680340720913e-04
9.947969422256304657e-04
9.539073287659246810e-04
8.514683729355433141e-04
8.207760878345159768e-04
8.621852279500275733e-04
9.700704012234191405e-04
9.879823580154377047e-04
9.940711370184278708e-04
9.910009880762093038e-04
9.495531697832637359e-04
9.820991124667309731e-04
9.770935185080260703e-04
9.703851110424453535e-04
9.419287402432161959e-04
9.396996576276317155e-04
9.950561259402025162e-04
9.410917429456892554e-04
9.899881782399696812e-04
9.793796521625876619e-04
9.425314535083684784e-04
9.702085120165704910e-04
9.860870137114940374e-04
9.454414338930804173e-04
9.185704289164786781e-04
9.515091130083750239e-04
9.239179501029130218e-04
9.187912738146677364e-04
9.974479503327576303e-04
9.461525813206451757e-04
9.759298566723486733e-04
9.825121302201183810e-04
9.985927720768845994e-04
9.826610092617588024e-04
9.628689968095559834e-04
9.694152995953013137e-04
9.396030979528388833e-04
9.715970021460015177e-04
9.816665060495548701e-04
9.353685744075301194e-04
9.149283050679030875e-04
9.112242743886622654e-04
9.789108715689126810e-04
9.862194882138491069e-04
9.435173255869424430e-04
9.485160604733605281e-04
9.473272860536839732e-04
9.400433550639835300e-04
9.433936249397424775e-04
9.871568764089843316e-04
9.708274788003196576e-04
9.389797458901711844e-04
9.185534454762620113e-04
9.689272720061237491e-04
9.666630529983111274e-04
9.522088199539737114e-04
9.306499828842919406e-04
9.902514189473173110e-04
9.270379207067352663e-04
9.413440749224790197e-04
9.881369106465541768e-04
9.593348090967560114e-04
9.754568575187896797e-04
9.106886751872838963e-04
9.806108641314740908e-04
9.633971294599239605e-04
9.551177255255456850e-04
9.640711523369097351e-04
9.978408517526680174e-04
9.486199137251615518e-04
9.882774195240624868e-04
9.501746232076789577e-04
9.737624534133516559e-04
9.043650868910534536e-04
9.777001725506696828e-04
9.790154784576050959e-04
9.873729745017336811e-04
9.441537933930643388e-04
9.428045691799669331e-04
9.776959246993145117e-04
9.932313999339280070e-04
9.203373412908987753e-04
9.207781215190264214e-04
9.353327365404709567e-04
9.015067872244784735e-04
9.904967746821341946e-04
8.494397483387421122e-04
9.619838805178393274e-04
9.467270628890500509e-04
9.482458908212962985e-04
9.948191134619725415e-04
9.731417171239630350e-04
9.825835520904364993e-04
9.743252750697347373e-04
9.692553838363957485e-04
9.891922768066228281e-04
9.607881730995507154e-04
9.567865193840786571e-04
9.119185366515795716e-04
9.700031860257018849e-04
9.396382970221466967e-04
9.871705409585833715e-04
9.910690324522373161e-04
9.853426183851843670e-04
9.768988918020364304e-04
9.845871819033210574e-04
9.049719438616608868e-04
9.187479804725128896e-04
9.526843160834783759e-04
9.100034287265109387e-04
9.729262308706479456e-04
9.442932801172514634e-04
9.537234316881286738e-04
9.296129264749603514e-04
9.808108700209354318e-04
9.790226829090508884e-04
9.150263211854749081e-04
9.291033569505316577e-04
9.520094233981751071e-04
9.368531091000100288e-04
9.613215749961928104e-04
9.870513638474400983e-04
9.721490106282152733e-04
9.406757318933009308e-04
9.494054089694833410e-04
8.975348215250118257e-04
9.674770636391968924e-04
9.978464937341316367e-04
8.835351613406577020e-04
9.857721358271234139e-04
9.486386153718100612e-04
9.996119546793241686e-04
9.902057768444291405e-04
9.735096486125152659e-04
9.891009337215804411e-04
9.745467657827635525e-04
9.203801260868228881e-04
9.936863925269954177e-04
9.274803836397029627e-04
8.276913200721932240e-04
9.910749218253918358e-04
9.920300215492993193e-04
9.329943377909365307e-04
9.086274924033065645e-04
9.995922900751291664e-04
9.992817888015345911e-04
9.607169597942973385e-04
9.968093672325067500e-04
9.665140032234831357e-04
9.125472454120244587e-04
9.401074761452537891e-04
9.674250600530939553e-04
9.508151356604742106e-04
9.084955745588423927e-04
9.634286634637593064e-04
9.506075405129628527e-04
9.328995169387756942e-04
9.849866861973654002e-04
9.936190590484196387e-04
9.637168135391773090e-04
9.892170437827594535e-04
8.984906443485657672e-04
9.924554418471896386e-04
9.511602844894701154e-04
9.363567509481288261e-04
9.752246940023635109e-04
9.103028274345980383e-04
9.413697478814885694e-04
9.867618059925108587e-04
9.918668096529010322e-04
9.175110627043363840e-04
9.583505449969015148e-04
9.480253777800227771e-04
9.067026768936843400e-04
9.382620074797651082e-04
9.771809477638869219e-04
9.268942085645208440e-04
9.177535249370353480e-04
9.566143737564478285e-04
9.384415334628929285e-04
9.938547210325018953e-04
9.598020499301966385e-04
9.999372348560152824e-04
9.896323223364731064e-04
9.918394313535264673e-04
9.602180445249594446e-04
9.654144983605838625e-04
9.534684890114805732e-04
9.334333218903969383e-04
9.583533553617661679e-04
9.615758706193514548e-04
9.349849815378690268e-04
8.755650268306879773e-04
9.967682957656431864e-04
9.118539059687172680e-04
9.790968198365086229e-04
8.857343547694655414e-04
9.797436414850390664e-04
9.549094993759743707e-04
9.715145062002328085e-04
9.256491158071459505e-04
9.687677399379522082e-04
9.660441705908426628e-04
9.999512916898432944e-04
9.578088889190974984e-04
9.991389900461961765e-04
9.451077359219459302e-04
9.505503560369831916e-04
9.813818329428040596e-04
9.955117284547025137e-04
9.643646186314427287e-04
9.899400377258377789e-04
9.557823840044691373e-04
9.108893744335094930e-04
9.804028997690635190e-04
9.673202795492252684e-04
9.698101155295285299e-04
9.545859349735243658e-04
9.138935186421002273e-04
9.797896831592119334e-04
9.539506452201524387e-04
9.375857376061186559e-04
9.813687082917737971e-04
9.534063195379311210e-04
9.834193255864943136e-04
9.870774960444854852e-04
9.485629655745138073e-04
9.496627913044932735e-04
9.973418457944866443e-04
9.978636654967710639e-04
9.791115868563330174e-04
9.885505337641530346e-04
9.637751336495591330e-04
9.381712790697616707e-04
9.939931835515993571e-04
9.359947275480096822e-04
9.682316317690952160e-04
9.389006668373856565e-04
9.439334521671873630e-04
9.833690889922796878e-04
9.037962170862014503e-04
9.784227746709810679e-04
9.468270676100676297e-04
9.741463968057385023e-04
9.623915359802583808e-04
9.807206960425959852e-04
9.901136534479562656e-04
9.834204183484527087e-04
9.608418291628424831e-04
9.253739232497607730e-04
9.945234525422026912e-04
9.618291624138487371e-04
9.356658033797263718e-04
9.411131016817998480e-04
8.824456649956345525e-04
9.192415104412047155e-04
9.568753963532937619e-04
9.957945704453078934e-04
9.721893348945850844e-04
8.809992252327516517e-04
9.394814052623683001e-04
9.887751840034139650e-04
9.515921754826271468e-04
9.513389790267418695e-04
9.726937027234447072e-04
9.891915636118192665e-04
9.426297932338177730e-04
9.054909040872293488e-04
9.419822742983123163e-04
9.531593258459995690e-04
9.485528843756621878e-04
9.703681657484886005e-04
9.986923057396037990e-04
9.825633810044964982e-04
9.847889803574574365e-04
9.676711897716610850e-04
9.008544251163920448e-04
9.329358549619645854e-04
8.213832263378136912e-04
9.197917292876594403e-04
9.937763292416203296e-04
9.803275696363179543e-04
8.502218352007235398e-04
9.436720502334201800e-04
9.443093160775950339e-04
9.284015765420852630e-04
8.967456136093067106e-04
9.835650243242416695e-04
8.739240044369514472e-04
9.538176773683900355e-04
9.228573062823025976e-04
9.721741182626012293e-04
9.899049631171580755e-04
9.775290340431380849e-04
9.649729412241228686e-04
9.915899166378545643e-04
9.517576113224456968e-04
9.873107851269518741e-04
9.484308668667591454e-04
9.513780050787858187e-04
9.192945970952703331e-04
9.942079025945604973e-04
9.069370732678896062e-04
9.146665602416181396e-04
8.875568074415456565e-04
9.419949647662276618e-04
9.704999706810815132e-04
9.401256781451295579e-04
9.360775006140853449e-04
9.763516119332453719e-04
9.858093404572383905e-04
9.286088972573405126e-04
9.682139393657739632e-04
9.930476382635376655e-04
9.718617535023240913e-04
9.722810401129355126e-04
7.684902850066083028e-04
9.324379313938356909e-04
9.880219525388366040e-04
9.587124078446085818e-04
9.458808706626656250e-04
9.953178531864538981e-04
9.946567160498513693e-04
9.183789014710258330e-04
8.917527822265216165e-04
9.051963984000811932e-04
9.677357470724393422e-04
9.423512596611397212e-04
9.272638289002734001e-04
9.491308798890253163e-04
9.469242621904595857e-04
9.998851826836753151e-04
9.762864664642395595e-04
9.777248054797060654e-04
9.510578744018772374e-04
9.553929849644308752e-04
9.182326718166837183e-04
9.106088669142044104e-04
9.661628027002217315e-04
9.505631382838588368e-04
9.785271243423121403e-04
9.484374276828964759e-04
9.650002621768197881e-04
9.659732871971061195e-04
9.191805998295024928e-04
9.653865148592042505e-04
9.327051389851358275e-04
9.478681438078750444e-04
9.176462128290501083e-04
9.425229341864380583e-04
9.691555219628962721e-04
9.831830968389935251e-04
9.578347080461531394e-04
9.975766995267804863e-04
9.784600935357306000e-04
9.336770353418742284e-04
9.738948092407704194e-04
9.247659539902079295e-04
9.294428188713261575e-04
9.557092941485194598e-04
9.969105642441326940e-04
9.974408389204834739e-04
9.819189693362777218e-04
9.680584391372219679e-04
9.734662926169933327e-04
9.941611400890674327e-04
9.636922635244733358e-04
9.869080454918189617e-04
9.986374788044810082e-04
9.780488352719074376e-04
9.270522917182424851e-04
9.356171324679290113e-04
9.572684974049977752e-04
9.960307288326339641e-04
9.361260180987574257e-04
9.363330986450671802e-04
9.763292608261744162e-04
9.011644897245140676e-04
9.393369180338536142e-04
9.529127056724604481e-04
9.799628061615442247e-04
9.755925807243161349e-04
9.493996512538353328e-04
9.839762190850557741e-04
9.358743496058920383e-04
9.461340123726110244e-04
9.875206654472200914e-04
8.996043935946624248e-04
9.225555711245892777e-04
9.064834264333585965e-04
9.418671344963816831e-04
9.711042271495616161e-04
9.818031270645128337e-04
9.493815468831234318e-04
9.928779072798693713e-04
9.730020701405577965e-04
9.431315692184921587e-04
9.421889497662122364e-04
8.883407104531351739e-04
9.664819100194699817e-04
9.248932943342615901e-04
9.550945073564933796e-04
9.970526824439962868e-04
9.491729335038524232e-04
9.061393372041111295e-04
8.466902071188510273e-04
9.719713906960985965e-04
9.458984378426770747e-04
9.755562565753435810e-04
9.482126761425298039e-04
9.509655237178005855e-04
9.688184157948078520e-04
9.436904960265355595e-04
9.754051585270252095e-04
9.696157975403347238e-04
9.986317871446739186e-04
9.998232832980629044e-04
9.875731261873503357e-04
9.488506263746977667e-04
9.724105658472461701e-04
9.884958841998180059e-04
9.424834615158748149e-04
9.558330817876488188e-04
9.325133624755177486e-04
9.712024622862944255e-04
9.026108990909883795e-04
9.072557925141965613e-04
9.629961035397451713e-04
9.444385207434193323e-04
9.394321740906723525e-04
9.985888592394778687e-04
9.870655915612727010e-04
9.523948181591526934e-04
9.233415249799055164e-04
9.383401474462196943e-04
9.848826629424111117e-04
9.728837371436524495e-04
9.703984528665554827e-04
9.505237784099626738e-04
9.578959442287232617e-04
9.824686906725760022e-04
9.877718063444763507e-04
9.750939976019798753e-04
9.935321832070169272e-04
9.864781001171012923e-04
9.310902476344087245e-04
9.120436644199584730e-04
9.934681283678007194e-04
9.721256050895042255e-04
9.625824820636262342e-04
9.448432766489675214e-04
9.215799114142375452e-04
9.451320321335172046e-04
9.709476181894890730e-04
9.479549414453840913e-04
9.336387489716181046e-04
9.762673912292597726e-04
9.428052133398944802e-04
8.906023315854581963e-04
9.185605964135694790e-04
9.045581156379053607e-04
9.460287825625792076e-04
9.648700101640520508e-04
9.643913170157610709e-04
9.730444616086598823e-04
9.466362042336019756e-04
9.534501479162600787e-04
9.174316657753401509e-04
9.801988223539709940e-04
9.454518750816284008e-04
9.234224128824933004e-04
9.795156548068934162e-04
9.902250588254572685e-04
9.988443798141777557e-04
8.955889231786644863e-04
9.910250133835553105e-04
9.253347548237972038e-04
9.190149968293619001e-04
9.477232825651028597e-04
9.529393174836834181e-04
9.769570928678742838e-04
9.835633093227859336e-04
9.750921625564009515e-04
9.271311686165410694e-04
9.280692225109633299e-04
9.587770360304977710e-04
9.237774872997134680e-04
9.784495818121062474e-04
9.369028702224986441e-04
9.236834152175795159e-04
9.267559253387430479e-04
9.664321998275347608e-04
9.430658801106904738e-04
8.927629529492329399e-04
9.428749750044080604e-04
9.189244722443576591e-04
9.604737238543617495e-04
9.789523413055996152e-04
9.580352194081941802e-04
9.291137809699992478e-04
9.713108677840650608e-04
9.742075945340225368e-04
9.651006177001224826e-04
9.122703255962280036e-04
9.986089282784489044e-04
9.909551874163610372e-04
9.942852465921819208e-04
9.337383572121439081e-04
9.999890948638931725e-04
9.483533816860310666e-04
9.523366801513674347e-04
9.916474033611799750e-04
9.677198227390166945e-04
9.520800000546771882e-04
9.629195602009961745e-04
9.692348346852387025e-04
9.804692986524470456e-04
9.450641293172639453e-04
9.721263722384892959e-04
9.368379496443989679e-04
9.846307437112362688e-04
9.615686675423315176e-04
9.903716996788258179e-04
9.457944833264411710e-04
9.833262379724642954e-04
9.149652496929915491e-04
9.986018134866252866e-04
9.652778474272804285e-04
9.788718190385126573e-04
9.842177278647605554e-04
9.580252965928884226e-04
9.654107653343536053e-04
9.728343924308455268e-04
9.802763861271773013e-04
8.285649396654488083e-04
9.638448962366360628e-04
9.415072113988903193e-04
9.318933407891356706e-04
9.687096456657651004e-04
9.104202535238895997e-04
9.203603115472458506e-04
9.937696022559144426e-04
9.646327889781119991e-04
9.723362623287407297e-04
9.519768095971553688e-04
9.986545111413459071e-04
9.815901288462956786e-04
8.669675437245574117e-04
9.946825848838780799e-04
9.762174618483683954e-04
9.233957794963793680e-04
9.400186619074488116e-04
9.958154595403646836e-04
9.767866573263707386e-04
9.465349098762126370e-04
9.038693419776158916e-04
9.180549507133792947e-04
9.533431043479911274e-04
9.806202422401777592e-04
9.890927372090657210e-04
9.656233077478571262e-04
9.479161250709211041e-04
9.492123715525307721e-04
9.520744080685549860e-04
9.703343170821175038e-04
9.581144483362369867e-04
8.867853473822373024e-04
9.737433753750482151e-04
9.487067442940425293e-04
9.143838038733129170e-04
9.524110144930669156e-04
9.777392638469955058e-04
9.864731345810145990e-04
9.343264439319741606e-04
9.985225875216549758e-04
9.474950850282628807e-04
9.939609542058136515e-04
9.640447364920758230e-04
9.571165866269526782e-04
9.676065828254837081e-04
9.535785887895547198e-04
9.768371479578518476e-04
9.494407452145955072e-04
9.709958015579484838e-04
9.405379282943483700e-04
8.938643763936209886e-04
9.166735696674371478e-04
9.417223699396886716e-04
9.986723694720108565e-04
9.363159588388943059e-04
9.957325319727525648e-04
9.707223263535353763e-04
9.696532703486866961e-04
9.825739739951116006e-04
9.832859325584236872e-04
9.510373269537737966e-04
9.851692337066867474e-04
9.686420918052142826e-04
9.783841965966195205e-04
9.986057382336138450e-04
8.648108356068698668e-04
9.961430550746855957e-04
9.023261723386125175e-04
9.917262782466850900e-04
9.627724978352663688e-04
9.162073914367171784e-04
9.646434457347571011e-04
9.728864858260094766e-04
9.972683227783482596e-04
9.194015918629681698e-04
9.925436796139482619e-04
9.646177583419916031e-04
9.598008959220006697e-04
9.602548076683132096e-04
9.882258996541941516e-04
9.950327115913213186e-04
9.906221764276752339e-04
9.554136052765644467e-04
8.190060092033143785e-04
9.840651374058541692e-04
9.792140047261994190e-04
9.526208920485330738e-04
9.807778363389977900e-04
9.564791422453023306e-04
9.925208452885442290e-04
8.797773793446862951e-04
9.762063055512655747e-04
9.643229924655863719e-04
9.725618411234712626e-04
9.937232937083497007e-04
9.406910162797390684e-04
9.633385553182736765e-04
9.433390559897482808e-04
9.994193089367081183e-04
9.541840968098990296e-04
9.301009228283777354e-04
9.435111901467947530e-04
9.185889995520163734e-04
9.502219366285240970e-04
9.497351930716797916e-04
9.040082781170412059e-04
9.626928199837008577e-04
9.782520971909714012e-04
9.629705041834048284e-04
9.440480372999411965e-04
9.166720745036287385e-04
9.568953901368041888e-04
9.999700605969976709e-04
9.711075338391576914e-04
9.491751945410887691e-04
9.822282809920997344e-04
9.957191071745198543e-04
9.605322354727021533e-04
9.277767604120207333e-04
9.752950495524125669e-04
9.740766505800563420e-04
8.949603305443476270e-04
9.978077310541094702e-04
9.151320639341711414e-04
9.562767995224971890e-04
9.580033064256138556e-04
9.860961518044883585e-04
9.963265430168388118e-04
9.607188099182765962e-04
9.961355411646395652e-04
9.516391313266616770e-04
9.559250024252064588e-04
9.822483416493778610e-04
9.834938171950282238e-04
9.186724081834399995e-04
9.560757810649869086e-04
9.126108124003907800e-04
9.243547518549646326e-04
9.680026318762887392e-04
9.695372621281719491e-04
8.823732119520091019e-04
9.073795524062267057e-04
9.196831998394266062e-04
9.950973140132807811e-04
9.743707273609538127e-04
9.809654394327643571e-04
9.666779814456457698e-04
9.465505374179728577e-04
9.336284246665612881e-04
9.205690462821400008e-04
9.921974695046513037e-04
9.488498678592817079e-04
9.325611737616306719e-04
9.171262631431928783e-04
9.335709457653692265e-04
9.376507983769484782e-04
9.954284765007106583e-04
9.914756194761892207e-04
9.792111617976217552e-04
9.817205108449743398e-04
9.899708821590209179e-04
9.658838188701246571e-04
9.862797983602946024e-04
8.997400712311229981e-04
9.076594994141993448e-04
9.947285869757985406e-04
9.816746241652033345e-04
8.960252357645043285e-04
9.417249268101503387e-04
8.273140630269668928e-04
8.847118072414500564e-04
9.382537036476275814e-04
9.477429135165830239e-04
9.569156304285742756e-04
9.578684073104807651e-04
9.804003865646309778e-04
9.984673562528452104e-04
9.709017189837442115e-04
9.822137044329659616e-04
9.788550084013987636e-04
9.455958159192628465e-04
9.421868991179504702e-04
9.214203780383596739e-04
9.806655595249889803e-04
9.349284581244039901e-04
9.430010296749988469e-04
9.649333924435147094e-04
9.339999393207381890e-04
9.300242166999626598e-04
9.873421230750436400e-04
9.583371459743284058e-04
9.332318122999745409e-04
8.888160744384620768e-04
9.595841779246543730e-04
9.486514554863184840e-04
9.401474364319374740e-04
9.348541830047802119e-04
9.507730936437943509e-04
9.989987909845411771e-04
9.472326627924118831e-04
9.944111580284351222e-04
9.110664866277747324e-04
9.633052766293396813e-04
9.934950560515120113e-04
9.320931266500653758e-04
9.431490436061265277e-04
9.611967311853082544e-04
9.933204920688405454e-04
9.926547889204367231e-04
9.307461746245156761e-04
9.979477861606768190e-04
9.724758290798851375e-04
9.940503579375895189e-04
9.587738000722134538e-04
9.421646563270083671e-04
9.958186356801681030e-04
9.390710964418528574e-04
9.656393500067342230e-04
9.670361598040805610e-04
9.831762632459693958e-04
9.700834798998696825e-04
9.930794419882238086e-04
9.422862819239832604e-04
9.782420736987183958e-04
9.688879817546115075e-04
9.966991840062713534e-04
9.317632218522508203e-04
9.692582439192296180e-04
9.387256678524869176e-04
8.849782704200200587e-04
9.788106744873948523e-04
9.346830381913323214e-04
9.239169743047808379e-04
9.670082162097631958e-04
9.893791284390298941e-04
9.646558706483640859e-04
9.992024643207110361e-04
9.678104692429363286e-04
9.435573918570751414e-04
9.361474295413097684e-04
9.589474473699900444e-04
9.194200223260249293e-04
9.022249856528145482e-04
9.219192677392154490e-04
9.520702444847044645e-04
9.932176760963278093e-04
9.594721370940471113e-04
9.922458596109567409e-04
9.833071733959606719e-04
9.978058351122818907e-04
9.659766210569503426e-04
9.299719631883690465e-04
9.973761358125173872e-04
9.642903393998410481e-04
9.263222069713202217e-04
9.846940722684916891e-04
9.713588549910621810e-04
9.608824398025766610e-04
8.369857130083453419e-04
9.435685326320676723e-04
9.630243647427964458e-04
8.547195547659854151e-04
9.359217553559804953e-04
9.055283422589038974e-04
9.491123853449847650e-04
9.244043875042064380e-04
9.299954273310674256e-04
9.326129536922099289e-04
9.749298852025446499e-04
9.638097595588168177e-04
9.880886355131462614e-04
9.927603271676947120e-04
9.458160339058070210e-04
9.807695926220762368e-04
8.549779326951968293e-04
9.963834208922951827e-04
9.335573914568113087e-04
9.965880315165225392e-04
9.697859620754413663e-04
9.646166129503146993e-04
9.780703068554843192e-04
9.818798490459743240e-04
9.808551548514581400e-04
9.951976751754556573e-04
8.694343639519733604e-04
9.498436055306455020e-04
9.984332599755826876e-04
9.435635724397488334e-04
9.165292124993124371e-04
9.584838648277555157e-04
9.464588814310421518e-04
8.353564519051069658e-04
9.464749700901405874e-04
9.582116003135722265e-04
9.775972892435023844e-04
9.437287335326912004e-04
9.650361190231428578e-04
8.389385008576706691e-04
9.739382087716191719e-04
9.877400011721623827e-04
9.561625493616995614e-04
9.380905983015846387e-04
9.971232387015855573e-04
9.442514422805664553e-04
9.984085364191863047e-04
9.680142392146534082e-04
9.988042681534328900e-04
9.451735154272936177e-04
9.938918006141153703e-04
9.919601894565338585e-04
8.059131343596510162e-04
9.872469829905513704e-04
9.427498919684279338e-04
8.930080385200532891e-04
9.402210878211035615e-04
9.884462329841059956e-04
9.711154789584212519e-04
9.654733023515460390e-04
9.522698444605788830e-04
9.199563750438501282e-04
9.899000538719979463e-04
9.136121383770462109e-04
9.064564492325830275e-04
9.843199097613081639e-04
9.512141711585330155e-04
9.388428079963287605e-04
9.549857081886054064e-04
9.290734029803217331e-04
9.381260884069943544e-04
9.694583319949167744e-04
9.587737916489636174e-04
9.497270524164685545e-04
9.749822174490060641e-04
9.631956855728334441e-04
9.939010957348234400e-04
9.603561267837370380e-04
9.470817317662234705e-04
9.551577403811111183e-04
9.832077859487349612e-04
9.938215901685505151e-04
8.959449661380263245e-04
9.252618726385003359e-04
9.616440557300615132e-04
9.618866560944310754e-04
9.698666576927546419e-04
9.366624565142848144e-04
9.541414298953562224e-04
9.911841985707501093e-04
9.565986765909102697e-04
9.297193108922821537e-04
8.813344869274766400e-04
9.764361523389739148e-04
8.535122578936393421e-04
9.329354378260308264e-04
9.452652994495072203e-04
9.606803127668550558e-04
9.634092032790181077e-04
9.059702300345266659e-04
9.301348535550555156e-04
9.858770709327514467e-04
9.824233259890843145e-04
9.742643476436741237e-04
9.990498334369781862e-04
9.353637989264133434e-04
9.876376910186752001e-04
9.536567282046051145e-04
9.348316480256449804e-04
9.371578294811018462e-04
9.326803443587503581e-04
9.654589382429702802e-04
9.577310700196312292e-04
9.859958075217614085e-04
9.790788472750146677e-04
9.726419406926654736e-04
9.244732812758411434e-04
9.721138386592363852e-04
9.692851882058468090e-04
8.884646457562162371e-04
9.227780114446741677e-04
9.591392110547081271e-04
9.740433610767819297e-04
9.861980517610812944e-04
9.881663484366174071e-04
9.407982710311718578e-04
9.868433531779866909e-04
9.505668657375265004e-04
9.488705429971689169e-04
9.531457139817126967e-04
9.959246415448858199e-04
9.917884090100764164e-04
7.579224816470205104e-04
9.894725417395023540e-04
9.516563782183964319e-04
9.654448751564762400e-04
9.568015513556587907e-04
9.531436198835010207e-04
9.867026168563291458e-04
9.017566506245881450e-04
9.356292999712734031e-04
9.179256922719843028e-04
9.382944612142978718e-04
9.781070118697863820e-04
9.096902921551194322e-04
9.623153460831440674e-04
9.663116623314153787e-04
9.826486546953801856e-04
9.997353873716073071e-04
9.703941927740224052e-04
9.655862952904082763e-04
9.750049298122110764e-04
9.827480249582898602e-04
9.290607935273676203e-04
9.253916185186486423e-04
8.876900673340018793e-04
9.361262532774835285e-04
9.903262867457956510e-04
9.400068177216792812e-04
9.221910614653213789e-04
9.662049161190832845e-04
9.385743271054756975e-04
9.736133892161771006e-04
9.929828895187697325e-04
9.268897783430283437e-04
9.465255989529305827e-04
9.341753649649251227e-04
8.706313925756378703e-04
9.993802258989796603e-04
8.548511171674981479e-04
9.467421706524819288e-04
9.239018807674722776e-04
9.684948314299744298e-04
9.899316231961306518e-04
9.634494710983328809e-04
9.635536754330920745e-04
9.832323305837037571e-04
9.959299804688740571e-04
9.972065164561001553e-04
9.263136276881946130e-04
9.614318695970692705e-04
9.710797449126840715e-04
9.077526079478123776e-04
9.994460760236276858e-04
9.491896594334386494e-04
9.606891030635535990e-04
9.314880789608966961e-04
9.408792410306014448e-04
9.241607756945869473e-04
9.639168531488906096e-04
9.662370314432404796e-04
9.381206446456997463e-04
9.524189475883258543e-04
9.592485303808411358e-04
9.537837935352661825e-04
9.032936807774574100e-04
9.806404183321706242e-04
9.549315080896482715e-04
9.749022687962458251e-04
9.475577264350117752e-04
9.557303206155640584e-04
9.173815053326277299e-04
9.677362269009606591e-04
9.645353984746005182e-04
8.707469775513267118e-04
9.722238577162715207e-04
9.307622531207801041e-04
9.821409476524585111e-04
8.908164759712746588e-04
9.641592163431791799e-04
9.109274398061358068e-04
9.781116285940624766e-04
9.813040716077374350e-04
9.866937337288494547e-04
9.754078798374381156e-04
9.566865999442447773e-04
9.762310318926693169e-04
9.812650035813874020e-04
9.815141923824287351e-04
9.450682873427355144e-04
9.507412289286112667e-04
9.989960809871302385e-04
9.725810524548128772e-04
9.692692383051328218e-04
9.212030168500863177e-04
9.568255764495836114e-04
9.771799785884948547e-04
9.697659029462222776e-04
9.503889316779781833e-04
9.864831203864358675e-04
9.430975010397170399e-04
9.723783039698107814e-04
9.372246413251792254e-04
9.962168043483540531e-04
8.178828652587704761e-04
9.475799529866838584e-04
9.190638103188735440e-04
9.965029493193000576e-04
9.574889540589753140e-04
9.768490172839402411e-04
9.784365434876399377e-04
9.612640177178863798e-04
9.924555643155363004e-04
9.322605729608829167e-04
9.630235559217947350e-04
9.444830152159918541e-04
9.649184199776960052e-04
9.856467815553880771e-04
9.877284499349714419e-04
9.817962705423104001e-04
9.684025019025342251e-04
9.615787498485329175e-04
9.372791866979087155e-04
9.375865171620330514e-04
9.770890744791665364e-04
9.973680141024295065e-04
9.941404025040931174e-04
9.745081732411006248e-04
9.708648168182704586e-04
9.848892648070220902e-04
9.855511185643311880e-04
9.644762610944109839e-04
9.489156242290007828e-04
9.691601772866203319e-04
9.720405765899066495e-04
9.848768437564945580e-04
9.889967321884366325e-04
9.929996611389238243e-04
9.766701600044463364e-04
9.302216655874254083e-04
9.340779741971684189e-04
9.090691335338872692e-04
9.419461468374110830e-04
9.697437021351578649e-04
9.918493364099759905e-04
9.872328487127166388e-04
9.909586780536129395e-04
9.991933378970586400e-04
8.677041766596710077e-04
8.662774745778357294e-04
9.848977316287595152e-04
9.115737896827419895e-04
9.840965407077403599e-04
9.040596363912152501e-04
9.742112710206254304e-04
9.732072065527802183e-04
9.795667679087234452e-04
9.431390701835814508e-04
9.798330666688170008e-04
9.893842369569614843e-04
9.503320613590952350e-04
9.190076044451631976e-04
9.998110219704161271e-04
9.480476889274036621e-04
9.364547004848003484e-04
9.851172424387166521e-04
9.603035862424462140e-04
9.462897939704863681e-04
9.926096576310294763e-04
9.563977042063269299e-04
9.874743481957516493e-04
9.919222717359749836e-04
9.700640269158033275e-04
9.899549217446262928e-04
9.610140210093270343e-04
9.777723845230804935e-04
9.909012276853594765e-04
9.928045931478640673e-04
9.781815915669846932e-04
9.616296367025539389e-04
9.880500656880241133e-04
9.134848486967293195e-04
9.591518719799122048e-04
9.816795938105285849e-04
9.527611456503111420e-04
9.312691070081835411e-04
9.797999042427119054e-04
9.988564967682016672e-04
9.365657992096258766e-04
9.742673006715223084e-04
9.842774239683020707e-04
8.751105272238271114e-04
9.080507053528691927e-04
9.510994382391032729e-04
9.620911279132071409e-04
9.574612852930535585e-04
9.307937506082974858e-04
9.614893809192518121e-04
9.333784437335763658e-04
9.834177844591869468e-04
9.378483431966873471e-04
9.962665055467544075e-04
9.875372535155160086e-04
9.906744531352920744e-04
9.201775300447021357e-04
9.599267647147916504e-04
8.979304837828108125e-04
9.295529226465721467e-04
9.708830921352336546e-04
9.352086630313834669e-04
8.322887259570859331e-04
8.909178091069759392e-04
9.985740415659717043e-04
9.452230398007328317e-04
9.606609024669490520e-04
9.912485183863541539e-04
9.572365171495231641e-04
9.544687624296388289e-04
9.947686574047021144e-04
9.707254707030694854e-04
9.729826683743648084e-04
9.919023775250164748e-04
8.984402961200765089e-04
9.507860080574249669e-04
9.412233788815486772e-04
8.939977083831368706e-04
9.790271870978742384e-04
9.331329633186588200e-04
9.667088298119793721e-04
9.230360188188801735e-04
9.813235310377418658e-04
9.046063664104427504e-04
9.355509924980499447e-04
9.309344767905956266e-04
9.880750258657463279e-04
9.903127705910945433e-04
9.864590961778895144e-04
9.606003401927130144e-04
9.119072367671705349e-04
9.689963716807351978e-04
9.750285112669858497e-04
9.915874569239554234e-04
8.602733375509708392e-04
9.872660809200953756e-04
9.332542463582866417e-04
9.782732200489675355e-04
9.804707742835907982e-04
9.954072864133273191e-04
9.900510428046164439e-04
9.592162231373285329e-04
9.332708291615695239e-04
9.654895293341890419e-04
9.474047838273159852e-04
9.792320751157111963e-04
8.833481428181730322e-04
9.924678657081465773e-04
9.681757896374404426e-04
9.551244892265057813e-04
9.462253199356210473e-04
9.919854108594587834e-04
9.478509167720378147e-04
9.856660115355061168e-04
9.407128306994414326e-04
9.675067204103495692e-04
9.810448541446052315e-04
9.988041828545310506e-04
9.607812678483898050e-04
9.591353066730226541e-04
9.253008650330345631e-04
9.360071459611746638e-04
9.514112958685055736e-04
9.596119764879365967e-04
9.955684872719635075e-04
9.590802219497789353e-04
9.482588812310144841e-04
9.987100164821874522e-04
9.730669410036782690e-04
9.644254562044286003e-04
8.268930034287429523e-04
9.252020126219709286e-04
8.254099576996139871e-04
9.837312565190046640e-04
9.757690677762897091e-04
9.534070482686510944e-04
9.831636659128723758e-04
9.641595880048527308e-04
9.437211179438213891e-04
9.491877606485142182e-04
9.740142997255450989e-04
9.585786503325049394e-04
9.595769182257122241e-04
9.314585908686838674e-04
9.500283844970040109e-04
9.078753205612181314e-04
9.945738253680056103e-04
9.669593876680371942e-04
9.683633459847144822e-04
9.594991467210293654e-04
9.387084227769305553e-04
9.294870006751859270e-04
9.510867707785550977e-04
9.000218189572890088e-04
9.695056229813001818e-04
9.298279716470770739e-04
9.903207003089061801e-04
9.026700657759884451e-04
9.623499198260022968e-04
7.959008823340477231e-04
9.647736920945863262e-04
9.408678158781686980e-04
9.725653863301599164e-04
9.318287658041448122e-04
9.442238506769401333e-04
9.620179576314358619e-04
9.336827257798063946e-04
9.658526088873999266e-04
9.676238448278035552e-04
9.456616351886940530e-04
8.951902053967637513e-04
9.581135793498378721e-04
9.414817278035351924e-04
9.563412409933246721e-04
9.549526451317744049e-04
8.573393457732566376e-04
9.580826223328277064e-04
9.557854150548616935e-04
9.510530847563417999e-04
9.601051955332387403e-04
9.578870487319422408e-04
9.616054819222560413e-04
8.524003139956543582e-04
9.939130702150778072e-04
9.861740496510576059e-04
8.983160567482343902e-04
9.667949150736937806e-04
9.974131037602234490e-04
9.553462498424849549e-04
9.497551115560920985e-04
9.361166233542387444e-04
9.703845805958128800e-04
9.963474891775388285e-04
9.583439475659105656e-04
9.290957507005873127e-04
9.758680834905057028e-04
9.220441896636049272e-04
9.893211113713264778e-04
9.884274106356581279e-04
9.474037241291510467e-04
9.360361134841267260e-04
9.548174603757322767e-04
9.360948241955056263e-04
9.773394722379698946e-04
9.478095492339833582e-04
9.639576586273000377e-04
9.836600172863814440e-04
9.447128114458309966e-04
9.292552728725424118e-04
9.313336993406099535e-04
9.692063343896033722e-04
9.582929686711728077e-04
9.456261809555579134e-04
9.535165276015224308e-04
9.594012591104292102e-04
8.891549074730349406e-04
9.353546882946868739e-04
9.145589832058095142e-04
9.854612203674703412e-04
9.556642287432342642e-04
8.509629694483707846e-04
9.509815142806693142e-04
8.957955746377358440e-04
9.579585095202798823e-04
9.942992614821036853e-04
9.883919583827051498e-04
9.849186072865960019e-04
9.545716487066958694e-04
9.719235174642410239e-04
9.769258088048325857e-04
9.970978716485124401e-04
9.507118637532736838e-04
9.727318716175758660e-04
9.816027867877508747e-04
9.703263113932262878e-04
9.197175964124931942e-04
8.994199428799810577e-04
9.165941278099378310e-04
9.644572818186928926e-04
9.288450269317228853e-04
9.892028718472829600e-04
9.899024810640442550e-04
9.755469854170120822e-04
9.785557155737210303e-04
9.356143816662518568e-04
9.823875209364250037e-04
9.590366914645337675e-04
9.823983171783283019e-04
9.506658790106305114e-04
9.714410551979461199e-04
9.553009675564342424e-04
9.888306672259661052e-04
9.706290763714851789e-04
9.337808092475944396e-04
9.802503379254716778e-04
9.429850442331351923e-04
9.885171910881491650e-04
9.213216613644867325e-04
9.938987217730133224e-04
9.860187457572373946e-04
9.957969649316397633e-04
9.991774523136415839e-04
9.725560628991209875e-04
9.449942995547093785e-04
9.339967011079762342e-04
9.702601591212774851e-04
9.504779957853774688e-04
9.371058594455478584e-04
9.212457336020700481e-04
9.980458705361107841e-04
9.866630944760377067e-04
9.151410032133355885e-04
9.309419249023176196e-04
9.594495514908916046e-04
9.893599972718145931e-04
9.740876834609740135e-04
9.842574628031654661e-04
8.999114159143588179e-04
9.259439897045906691e-04
9.922052483952925259e-04
9.520489276786321979e-04
9.456783364775833527e-04
9.713665908891222283e-04
9.894551101280418641e-04
9.423893722921158293e-04
9.312976355779985270e-04
9.991004204281425487e-04
9.093042071498709262e-04
8.764932304162268957e-04
9.308798726746337444e-04
9.470687709396274781e-04
9.460937524303614623e-04
9.590801077602913172e-04
9.572491158101831352e-04
9.790178851944264342e-04
8.081035972261398645e-04
8.356457466767925387e-04
9.768828342398756283e-04
9.975700950545982309e-04
8.958353921371517339e-04
9.746316347909899551e-04
9.235090775324910446e-04
9.410606989139569476e-04
9.794248836894510479e-04
9.686715231596550787e-04
9.867970295998234383e-04
9.469519374297700066e-04
9.356178403975781580e-04
9.590078834730233646e-04
9.355604618034198258e-04
9.950876729147158876e-04
9.860284181873206141e-04
9.924703598038328491e-04
9.398159544585248971e-04
9.127324001713026450e-04
9.515227760134438266e-04
9.458985117391925006e-04
9.487882088505152208e-04
9.441325765211191264e-04
9.930865774771559500e-04
9.509491326575024743e-04
9.389108852068885243e-04
9.764276565767645091e-04
9.188563048507620516e-04
9.107653356794818359e-04
9.156309797005384278e-04
9.876313271040804663e-04
9.148118662130472201e-04
9.713251968966882862e-04
9.769836200285728165e-04
9.954229494207147196e-04
9.588160337025404632e-04
9.417358358861770834e-04
9.656728975027316321e-04
9.639910443628539735e-04
9.826859710249183106e-04
9.873037688920280937e-04
9.676183070250918240e-04
9.248084587191458383e-04
9.318166119753640720e-04
9.502309450939955097e-04
9.348462410404419741e-04
9.858981147907242611e-04
9.971776924647414962e-04
9.803015251837791065e-04
9.929911910325020259e-04
9.662539117637036334e-04
9.313370087240567053e-04
9.493555833351583146e-04
9.539700184201929450e-04
9.474464440448650141e-04
9.753419022894943254e-04
9.835212572559687023e-04
9.428277967136039755e-04
9.329712585893033946e-04
8.881452839391432630e-04
9.477751309855231938e-04
9.566912837723536706e-04
9.397478684819250477e-04
9.359369641021385690e-04
9.497856922138354875e-04
9.879401706939586192e-04
9.209970129978716641e-04
9.485376959351650211e-04
9.323935129919288861e-04
9.779693990021143084e-04
9.344257199078739948e-04
9.535505385160944047e-04
9.730542277636319544e-04
8.621785504099167656e-04
9.997363361631582748e-04
9.530245850725536797e-04
9.317219312653068864e-04
9.647711003237343557e-04
9.973486679960945345e-04
9.519891767664145302e-04
9.314897057576325369e-04
9.881033256396174261e-04
9.954391147599923970e-04
9.860142609897637727e-04
9.669218464103253264e-04
9.503055881622064684e-04
9.642962354218491275e-04
9.291944628182427631e-04
9.564369241287075472e-04
9.301373927854711832e-04
9.864269766764680990e-04
9.903091122889797447e-04
9.016573139809259388e-04
8.268625983953616218e-04
9.770427245950369811e-04
9.294549722970325140e-04
9.493736161028484182e-04
9.778793509295433117e-04
9.855514351369703847e-04
9.945911838250751352e-04
9.795977611555808581e-04
9.161155822465700833e-04
9.917562337172320872e-04
9.924119369574158512e-04
9.669604448081819308e-04
8.276526394978148474e-04
9.926759966599962241e-04
9.775136182230059409e-04
9.435183198079966690e-04
9.972721684541874503e-04
9.720759279327399575e-04
9.299623453541694135e-04
9.868009340326226470e-04
9.927971930400359031e-04
9.189170745352201160e-04
9.613462154062048844e-04
9.470236507077872028e-04
9.861435942145166562e-04
9.273709859721148861e-04
9.924428177728939534e-04
9.597670549224023885e-04
9.360399540816563991e-04
9.181141509566891372e-04
9.244595721046870631e-04
9.856411745823268847e-04
9.482131919941545663e-04
9.343027269640484479e-04
9.634472186135950881e-04
9.563576627565235086e-04
9.540845359913060347e-04
9.714881769594002105e-04
9.207818967053590193e-04
9.561928655693602416e-04
8.856844208499075211e-04
9.419463220525356104e-04
9.781318936934533647e-04
9.458547658873084222e-04
9.530687632320491249e-04
9.590040149571615489e-04
9.573844042165952344e-04
9.712008726864226633e-04
9.895582175802701812e-04
9.511262752353208090e-04
9.807657751973173407e-04
9.695146995086545471e-04
9.267504312678719481e-04
9.394438104327270962e-04
9.783562017588068142e-04
9.146516309101052414e-04
9.350068192005118409e-04
9.989376702377252178e-04
9.621566006205538703e-04
9.703485642529061182e-04
9.862379725167223690e-04
9.673125458183166620e-04
9.570568263196357287e-04
9.777517830080358074e-04
8.985058208430268681e-04
9.944436665498251199e-04
9.431977212435734394e-04
9.946727435706341491e-04
9.958926393400717274e-04
9.692508088156507988e-04
9.371028722719682924e-04
9.755091741644474589e-04
9.306164274150473606e-04
9.235901030210451031e-04
9.931800183328352242e-04
7.779058853373755278e-04
9.852070593987839481e-04
9.866990675338922767e-04
9.721579921289527464e-04
9.197612489111370955e-04
9.447394440670451752e-04
9.818195648690548373e-04
9.544609408220977110e-04
9.040293587880820223e-04
9.512839651367319604e-04
9.809782747993529492e-04
9.796973915796795655e-04
9.005173994870995261e-04
9.718476086268643685e-04
9.893072079992096864e-04
9.812484580521392899e-04
9.499383686585932338e-04
9.294095354280417116e-04
9.806716116337085409e-04
9.529883733217387473e-04
9.997514810118504711e-04
9.712648626450921894e-04
9.739458819302439360e-04
9.779049216107524832e-04
9.903290732016076150e-04
9.689539939022991577e-04
9.889783925300919300e-04
9.716225260026192844e-04
9.679837022102172252e-04
9.733910526089435602e-04
9.613752134658468769e-04
9.325509016274779539e-04
9.786896706281218630e-04
9.594328684386302245e-04
9.116526212562645233e-04
9.804762132845177419e-04
9.672075354568140720e-04
9.506415925619217389e-04
8.497529808883798027e-04
8.558664461179056864e-04
9.950060347891412880e-04
9.903538392248615024e-04
9.658917538695223348e-04
9.974765699863785869e-04
9.988671586827829133e-04
9.325082489991708612e-04
9.517779158172030027e-04
9.850313534835208103e-04
9.695211780677996443e-04
9.628730300038903719e-04
9.160659402938167457e-04
9.206541598794490064e-04
9.614168850842338618e-04
9.889808078909268808e-04
9.827705487209597267e-04
9.928157850482390630e-04
9.698548160330338177e-04
9.965673919378472637e-04
9.966939194514363130e-04
8.095281769765375968e-04
9.543304741642306445e-04
9.626496375359873186e-04
8.569902366860747845e-04
8.999896052810206363e-04
9.268784380423427532e-04
9.190284597920601222e-04
9.953307014888917136e-04
9.800636899232296421e-04
9.709383672345547975e-04
8.975923211339200281e-04
9.183617043713343964e-04
9.280204803068287014e-04
9.825695320201457972e-04
9.756859067885063777e-04
9.869810666209058968e-04
9.175687441725111646e-04
9.804709578049210922e-04
9.404647776398239673e-04
9.837314748112871345e-04
9.349860448142028680e-04
9.963573551594444039e-04
9.724634553870177165e-04
8.916191691176651463e-04
9.957777067480021258e-04
9.916601075512299687e-04
9.437418256837980289e-04
9.851725979588376973e-04
9.786370675157020967e-04
9.731120688758595951e-04
9.925320987793243097e-04
9.905261935963666220e-04
9.085800431098293778e-04
9.304308440766823497e-04
8.833376314642414542e-04
9.607941898265509118e-04
9.903659293397691979e-04
9.305230019044198131e-04
9.682034896022868268e-04
9.527985455672926575e-04
9.735442372110982186e-04
9.504187492613299206e-04
9.638513860720551284e-04
9.947454460080371475e-04
9.101103750478009742e-04
8.190713568271848705e-04
9.506392971583571419e-04
9.777769675559017971e-04
9.995262532501490802e-04
9.895090188982288634e-04
9.598805392459469187e-04
9.493377408751043972e-04
9.833646889626480262e-04
9.995513256661086622e-04
9.969036187360135349e-04
9.856435974829966945e-04
9.443080041402947006e-04
9.869897311408494349e-04
9.830823008037167104e-04
9.435165385439087246e-04
8.545313556078921536e-04
9.487309661162828455e-04
9.377695176269899629e-04
9.821964245882678236e-04
9.917364387984118918e-04
9.793877778058379321e-04
9.953950884766798058e-04
9.511548635197006850e-04
9.366184451443737916e-04
9.940330905770600276e-04
8.407959152541600884e-04
9.313092593296963453e-04
9.975835333819182971e-04
9.962356259855204097e-04
9.780955073311384772e-04
9.636781473411625302e-04
9.742995613532463069e-04
9.824168640418819414e-04
9.999195970878638987e-04
9.935348739645536321e-04
9.828617204417145533e-04
9.560877133106246472e-04
9.643472012764293900e-04
9.577723241361849786e-04
9.446916490369546048e-04
9.462324365834016765e-04
9.985123825420048112e-04
9.833123895745157338e-04
9.750744951984972615e-04
9.515135489898240550e-04
9.176811388655140836e-04
9.152754149074503100e-04
9.985236718570234329e-04
8.324442556543830809e-04
9.698034123531157217e-04
9.899405501989249657e-04
9.586216064685598292e-04
9.763791452929740334e-04
9.550625338785082540e-04
9.235425172944232951e-04
8.537475419634201835e-04
9.431956234672830884e-04
9.460664110324216048e-04
9.613570966360776441e-04
9.154798541305252807e-04
9.509047326336796634e-04
9.592262607687962938e-04
9.413310643653216700e-04
9.211337677057759897e-04
9.692031597817693826e-04
9.241793322136241393e-04
9.606272032910479798e-04
9.534317947507884271e-04
9.688673067893432706e-04
9.473553988350492819e-04
9.583538046165933008e-04
9.445777091338426225e-04
9.351454641648380408e-04
9.981958477285675802e-04
9.373356340358066823e-04
9.389528193074524534e-04
9.195153451071329557e-04
9.109023104012787912e-04
9.949951746130258987e-04
9.394193776010251401e-04
8.364321282640301653e-04
9.831970628116852139e-04
9.387021553774946422e-04
9.324134076977825354e-04
9.798039516382517182e-04
9.194378963475061464e-04
9.193646862179135357e-04
9.990929254623168426e-04
9.580288174944398549e-04
9.563127692585910323e-04
9.448731711577009048e-04
8.422980379280854820e-04
9.732108147502547451e-04
9.732631573271769299e-04
9.359118495536280667e-04
9.506900708807978877e-04
9.531528658264725546e-04
9.789873097256829911e-04
9.669775664361907530e-04
8.949440802376215079e-04
9.935082735757052100e-04
9.767307511714636622e-04
9.935941744250980506e-04
9.887344037414833985e-04
9.686604547552442974e-04
9.646551935404437889e-04
9.184853720308470190e-04
9.613614030489277696e-04
9.980109139873325624e-04
9.688974280048727851e-04
9.954275288530795018e-04
9.252294199069852282e-04
9.640986445379667652e-04
9.444742927743121153e-04
9.993874882489612449e-04
9.797174822751180193e-04
9.656095237041184597e-04
8.771984544236489240e-04
9.706152884909681781e-04
9.734363377159866272e-04
9.937297279626075650e-04
9.898775574763965437e-04
9.625827513483697180e-04
9.225912750713390282e-04
9.502837705662233597e-04
9.499094527896269477e-04
8.252562645040343583e-04
9.976591043366427568e-04
9.709752241533613519e-04
9.460913575514744633e-04
9.643868616524763852e-04
9.572149077736935227e-04
9.381735755649417809e-04
9.697056672977024056e-04
9.458098672557514091e-04
9.521761408575465458e-04
9.496770633397549986e-04
9.778556634424684108e-04
9.877205813578022672e-04
9.538537118004895930e-04
9.814554346271916595e-04
9.234434468589644649e-04
9.152607184300520912e-04
9.832782844362750706e-04
9.883511091626103178e-04
9.608218857542100448e-04
9.160768799271770636e-04
9.945757188153736897e-04
9.368306577105313697e-04
9.072502172939080891e-04
9.703656220285008073e-04
9.844376888330135314e-04
9.514268168938030436e-04
9.180094525483447308e-04
9.329764139934442011e-04
9.496153466377670006e-04
9.642353650807862671e-04
9.250696626596241565e-04
9.209702196379754638e-04
9.924894023092100791e-04
9.350867520435918005e-04
9.520293517851725678e-04
9.961521562417668518e-04
9.681420109953446781e-04
9.867376987956017961e-04
9.556397042512085544e-04
9.224231312418852127e-04
9.599548520449153674e-04
9.901447293803207744e-04
9.826286522690731023e-04
9.916951595187453380e-04
9.476175871907942423e-04
9.513168829303363843e-04
9.924074595610095275e-04
9.545564087811904972e-04
9.804533548520642360e-04
9.640288748683938959e-04
9.797663215321660967e-04
9.315621481655628634e-04
9.854008328294729113e-04
9.507246142469672140e-04
9.602988586830316347e-04
9.879957617569047092e-04
9.550677756682658193e-04
9.917785572912656694e-04
9.578476360549027097e-04
9.258326098011720367e-04
9.757495597163372281e-04
9.807122680384710960e-04
9.914898336487005474e-04
9.144071408798817640e-04
9.599928465216147483e-04
9.610966717339882457e-04
9.707927090708393146e-04
9.616917724913105888e-04
9.713221329244197842e-04
9.943345304405260682e-04
9.840636388749593108e-04
9.963855236853334015e-04
9.874785248803052019e-04
9.397035407397096940e-04
9.912108852293990795e-04
9.642308454983683150e-04
9.289748414666665821e-04
9.448447804827147210e-04
9.361568868456974103e-04
9.509202732383400039e-04
9.525790170875477955e-04
9.935068209470693419e-04
9.860378807949152398e-04
9.864121349044620464e-04
9.959844659670584466e-04
9.506423584469761174e-04
9.517309864855881194e-04
9.779419873930036977e-04
9.600377426107789243e-04
9.188095356285812341e-04
9.751752294466050535e-04
9.336576398557361670e-04
9.930993185033637656e-04
9.874040681265129973e-04
9.598870504560349463e-04
9.922450295361475055e-04
9.138682281522755814e-04
9.431283026403204650e-04
8.592508970308764329e-04
9.044885485325022479e-04
9.820886755678125135e-04
9.950929776689106110e-04
9.659108637955387319e-04
9.619103704647357766e-04
9.554049265931621997e-04
9.366027116494642134e-04
9.845696765695521446e-04
9.618818447162753773e-04
9.078383530710509158e-04
9.920950030517707713e-04
9.878398336499022696e-04
9.511228975586258306e-04
9.735261079804001776e-04
9.849621955472550715e-04
9.528195566857560177e-04
9.371475068403161812e-04
9.930643923708572587e-04
9.604091035339100283e-04
9.425694860225741637e-04
9.643293732568399218e-04
9.535751579417864028e-04
9.033009707820704006e-04
9.912565234832281576e-04
9.656573166292994675e-04
9.183437980598100356e-04
9.822603636717177310e-04
9.593367972974562244e-04
9.818646651194784178e-04
9.438571488475943922e-04
9.855512042673388127e-04
8.942848199684212511e-04
9.699143937062691895e-04
9.258631510840938800e-04
9.384030641809623912e-04
9.798625323705083181e-04
9.798600767349484059e-04
9.815334074840340733e-04
9.934587158641602824e-04
9.630801740198977230e-04
9.989554056002085229e-04
9.804507796317069642e-04
9.410292208346038778e-04
9.824785841352212667e-04
9.800625390289337616e-04
9.424073924528325250e-04
9.123236495061623269e-04
9.479373700467520715e-04
9.758580208521342760e-04
9.870118231517473802e-04
9.850090674738919399e-04
9.809002606576025345e-04
9.320622515248250511e-04
9.121868341976319215e-04
9.729720644557541100e-04
9.458133028021122610e-04
9.730760146970442734e-04
9.703730566793922598e-04
8.432410019810222248e-04
9.193812308720390822e-04
9.583784552251578808e-04
9.357130143512910067e-04
9.391776892102577908e-04
9.894413966425848542e-04
9.654680532023098873e-04
9.839192956714213571e-04
9.681899781825401181e-04
9.950302250537014156e-04
9.094744950832940903e-04
9.697934279156220343e-04
9.562119242008183025e-04
9.562375959415113889e-04
9.960712358552453391e-04
9.296645912651868441e-04
9.517625987222713994e-04
9.858448259257447232e-04
9.349321886593122116e-04
9.555665306495164397e-04
9.861237033069534651e-04
9.463968200060508644e-04
9.920740105839815151e-04
9.120179892055549180e-04
9.809084782167487061e-04
9.680060807530574407e-04
9.210160099246812813e-04
9.742896118595645695e-04
9.848021147900703608e-04
9.093788174077434543e-04
9.732161730338007759e-04
9.794446840830878069e-04
9.803813919047139804e-04
9.516834412911107923e-04
9.862225701467396393e-04
9.929656051124162875e-04
8.991032484621235433e-04
9.964975303480229276e-04
9.513311717111769912e-04
8.774603189861466786e-04
9.405250630759294603e-04
9.432688723010067451e-04
9.990084162052222105e-04
9.514094980581947955e-04
9.931736360582850073e-04
9.971437526342212532e-04
9.205578936710771517e-04
9.404756413251702399e-04
9.591021584413732823e-04
9.654364969775793871e-04
9.128491283453852917e-04
9.726458637312502143e-04
9.933796506483947176e-04
9.868350224818359800e-04
9.237449082118617252e-04
9.453072536344355511e-04
