9.957541834394149083e-01
9.970924086685194476e-01
1.014432744040941525e+00
1.011836584667227035e+00
1.009796126459610255e+00
1.008466773319877330e+00
1.011659181285973208e+00
1.009366297724809014e+00
9.983673317190741026e-01
9.983292263657949084e-01
9.993115505685494782e-01
9.992736100188018833e-01
9.990124125759559659e-01
9.996398630606881941e-01
9.909281694915674787e-01
9.971224816569276284e-01
9.980080700834731422e-01
1.000782761448345770e+00
1.000920170551917288e+00
1.000965624931601017e+00
1.000454041823487294e+00
1.000873058633733326e+00
1.000787894401369948e+00
1.001396158433317751e+00
1.001452878454377249e+00
1.016866949086464356e+00
1.030456000680486595e+00
1.046636913119454393e+00
1.061963660070218030e+00
1.077969395624832627e+00
1.098721926507663982e+00
1.102294916987819118e+00
1.111286439289032479e+00
1.126872217875349858e+00
1.135644514135155658e+00
1.154290213867589676e+00
1.173830192385278082e+00
1.193398004048306094e+00
1.212034011531260225e+00
1.230005765986104560e+00
1.252244892293620904e+00
1.272204861234861761e+00
1.294628739811139573e+00
1.303550216347899582e+00
1.328227948080920040e+00
1.348045528145776384e+00
1.354095237887551262e+00
1.365081407765983190e+00
1.370789878150531660e+00
1.378972275943351589e+00
1.361570546087496725e+00
1.357390653328155006e+00
1.328265465937129131e+00
1.313298575345652530e+00
1.309246175617799102e+00
1.302871390778548077e+00
1.316864976349894523e+00
1.328708132124035934e+00
1.317978064556501350e+00
1.318945605877059002e+00
1.298503947986856311e+00
1.288828618651536972e+00
1.275095077020410139e+00
1.267923377510432159e+00
1.262461536968813025e+00
1.268924260160710249e+00
1.254980314120055729e+00
1.264499901566511264e+00
1.276220572444213497e+00
1.268576369224940104e+00
1.252796766876230539e+00
1.243287451945276789e+00
1.236080773188167781e+00
1.229582162580769022e+00
1.240750466521359563e+00
1.258582309688814016e+00
1.249676443715701746e+00
1.264064341028513505e+00
1.270240091251610304e+00
1.266538034808351920e+00
1.252827511096032742e+00
1.245025802607963916e+00
1.225736332476863533e+00
1.242520413959067982e+00
1.233591551149903598e+00
1.225561663845554206e+00
1.228904374371297736e+00
1.226078536621028725e+00
1.211944360401487897e+00
1.197526234995389238e+00
1.181115113020995144e+00
1.184959575103761376e+00
1.171841064457022963e+00
1.171114194533108055e+00
1.160122883497765267e+00
1.151575441251134535e+00
1.170936317254365422e+00
1.192262624222808931e+00
1.188571067075108623e+00
1.175090107098969217e+00
1.177416204308365799e+00
1.183211063462428436e+00
1.190542149416479401e+00
1.195394585077997007e+00
1.190538026747320455e+00
1.211495713504009197e+00
1.218491850960914391e+00
1.226554660797878338e+00
1.227466710036038133e+00
1.243860068263328733e+00
1.267083978471343020e+00
1.280793325081992728e+00
1.296844976158117335e+00
1.315529681880477142e+00
1.325448338724823483e+00
1.330423532820782961e+00
1.333161991805610347e+00
1.340619942135926390e+00
1.332573886989958822e+00
1.354236620577680794e+00
1.379638546428016976e+00
1.369586317003081088e+00
1.360234526801129995e+00
1.396264461867501527e+00
1.403441759611405937e+00
1.383354836040263214e+00
1.383636842515212795e+00
1.378294149811478020e+00
1.391545490343211400e+00
1.407950837971199354e+00
1.391662852021583241e+00
1.404222755326040240e+00
1.427046915056348730e+00
1.404592043737056040e+00
1.397615956768073042e+00
1.394038766552129438e+00
1.383778440509878971e+00
1.388777879547047345e+00
1.367634019309564630e+00
1.374906538206080997e+00
1.363702469879984225e+00
1.369216507480986111e+00
1.358223324824959777e+00
1.363604712793270890e+00
1.358155382571251124e+00
1.374333752272230980e+00
1.409571632393337381e+00
1.420986320501250288e+00
1.395157792471924729e+00
1.401328527553990400e+00
1.386456150109564911e+00
1.397326168355686349e+00
1.401048622349141626e+00
1.379249268371957271e+00
1.381392080613056406e+00
1.372378179605121318e+00
1.381420693435384539e+00
1.362351352314571606e+00
1.367288682367144625e+00
1.348948930863748785e+00
1.354230978519640249e+00
1.344990564227874774e+00
1.353485739263502019e+00
1.373533742517845102e+00
1.359634438260052036e+00
1.371693714092187211e+00
1.379827767743486477e+00
1.380047485505910609e+00
1.389864919152732359e+00
1.382817382485775015e+00
1.377147354862447548e+00
1.339775401623338524e+00
1.324390213835495933e+00
1.336748665841143380e+00
1.350740281120238917e+00
1.352257988979076453e+00
1.336069939311404609e+00
1.314682637790923980e+00
1.312706071254743589e+00
1.294495329838309283e+00
1.301332029004528712e+00
1.272424822742294515e+00
1.282547041950810707e+00
1.280381446756633013e+00
1.305244335091710894e+00
1.297378277971857008e+00
1.292779598332401969e+00
1.270752655013818622e+00
1.270652829552870511e+00
1.272058441494748005e+00
1.277844517403444957e+00
1.259675319210217470e+00
1.263926161126864622e+00
1.258202670359059416e+00
1.259287950604313533e+00
1.251458991477326421e+00
1.268708781099889382e+00
1.266849028219688478e+00
1.271772754015561890e+00
1.251979670515402487e+00
1.271171047495664119e+00
1.305473896077230744e+00
1.326429907819011156e+00
1.339445596491753765e+00
1.368119014377026321e+00
1.388294427843571821e+00
1.414061358258532408e+00
1.418105831279264928e+00
1.412719977399079285e+00
1.404442928701816751e+00
1.418463257375447206e+00
1.434748328014997520e+00
1.447790506381954501e+00
1.448918141067859544e+00
1.466960415626997971e+00
1.455766705551753804e+00
1.479256624291736211e+00
1.459082315707177058e+00
1.450752449936041799e+00
1.466550342696789411e+00
1.470119150457430912e+00
1.472526439386804942e+00
1.481089129611105726e+00
1.460092522931378367e+00
1.468933877143290490e+00
1.458199954165792622e+00
1.437723467584402837e+00
1.421132371275733108e+00
1.412267611395887634e+00
1.382815714360315917e+00
1.360833588761125590e+00
1.334045769062973008e+00
1.331510692004819640e+00
1.348026615779166937e+00
1.356443441017988194e+00
1.334464682214705489e+00
1.341105415404822754e+00
1.322656773084024628e+00
1.329108458894610045e+00
1.331709663645125108e+00
1.352069559216025452e+00
1.349999897144593008e+00
1.350022413997385984e+00
1.348268909011791195e+00
1.339895555501771751e+00
1.341248775781483937e+00
1.332571520347108240e+00
1.333341706425221984e+00
1.364040609239634882e+00
1.364995255376136862e+00
1.376249459476160952e+00
1.361043785523033289e+00
1.362385633815814234e+00
1.356070796415967949e+00
1.375375199285243877e+00
1.394143863878781309e+00
1.394853096132504078e+00
1.393282738185818603e+00
1.383160083499558546e+00
1.398212612995349602e+00
1.406882379682769413e+00
1.385580816251182457e+00
1.393782884740439654e+00
1.381824023715505279e+00
1.388487613648073049e+00
1.370229604432342763e+00
1.365589400011496091e+00
1.364372631126434365e+00
1.371361281022712708e+00
1.383416254489142627e+00
1.381076991347357730e+00
1.394350755705397571e+00
1.386435555742555614e+00
1.367679948719345395e+00
1.370212067523935984e+00
1.367954526758160538e+00
1.381337653631611539e+00
1.406844978201141183e+00
1.413820768425460894e+00
1.403701213609775067e+00
1.414217337919411399e+00
1.416734582911077567e+00
1.414534281188678522e+00
1.435024412832984320e+00
1.421412414807050606e+00
1.426390860875685673e+00
1.424064223493989090e+00
1.421659335457645001e+00
1.420303446325383412e+00
1.413448514844399595e+00
1.415510018719137397e+00
1.416141365227882920e+00
1.413502547148648203e+00
1.394224980249418877e+00
1.383321137310950633e+00
1.385912519690415401e+00
1.368511119805653653e+00
1.384442287557200668e+00
1.379377548436513168e+00
1.369605691962500593e+00
1.372342968117067130e+00
1.347966200125844116e+00
1.338733163651495639e+00
1.369192739960089833e+00
1.367403084787720324e+00
1.340573971776797046e+00
1.359070860401139669e+00
1.380384786045256940e+00
1.373250704693688817e+00
1.372061487814926206e+00
1.360511383387848827e+00
1.358945360362036281e+00
1.379726004029431907e+00
1.409097505263247063e+00
1.400254747043746972e+00
1.417457908769033548e+00
1.394229583603553424e+00
1.418371619057944732e+00
1.440154309814022815e+00
1.439233056273953926e+00
1.423374706943512535e+00
1.433300165657028336e+00
1.422207892493922543e+00
1.414914462401330786e+00
1.440528257214540808e+00
1.445067408594980396e+00
1.457571479716503360e+00
1.435275508343684114e+00
1.404792010253420154e+00
1.408824603153978394e+00
1.427394548425483078e+00
1.406031495401945719e+00
1.367120674395004842e+00
1.353334861063825834e+00
1.338406224871175443e+00
1.343316097299688261e+00
1.367492575819605038e+00
1.347119423062553834e+00
1.344189034293134632e+00
1.356278985775100088e+00
1.334599007243134627e+00
1.370046082373088669e+00
1.355663240753210541e+00
1.358499501824916633e+00
1.340013282695683428e+00
1.360771709345467428e+00
1.339871445319841703e+00
1.346834163191097167e+00
1.365641621279843676e+00
1.357445190532248880e+00
1.346471972456991573e+00
1.334149699917374532e+00
1.351662474881530907e+00
1.352154270198993258e+00
1.355512314662604245e+00
1.346044178322996832e+00
1.357245331453211579e+00
1.382850080740090304e+00
1.405115018603936283e+00
1.411583772266929548e+00
1.416108562523023418e+00
1.424846257498389779e+00
1.438957169516780876e+00
1.425218882247452301e+00
1.419503563147448855e+00
1.429016665780577622e+00
1.393954656617120813e+00
1.405929517167923137e+00
1.388223241492726467e+00
1.407282454748880696e+00
1.394857164659061954e+00
1.421883431865388348e+00
1.413006642708291904e+00
1.412132480624007425e+00
1.391624202607858463e+00
1.384890335066847111e+00
1.423553333112305141e+00
1.407303024509013678e+00
1.412148864938503667e+00
1.428870296589938249e+00
1.434663866238898633e+00
1.432589674268022195e+00
1.432873748430479655e+00
1.410190245624551864e+00
1.412381044586597634e+00
1.415585610330308608e+00
1.372477706513244966e+00
1.357078929094399866e+00
1.341151858426880894e+00
1.347876355400418058e+00
1.358626821320486400e+00
1.367463596709489249e+00
1.370420843742372607e+00
1.386007571275281958e+00
1.378300620559092193e+00
1.384326899073339057e+00
1.379703296248638633e+00
1.382243519951160904e+00
1.363222429917645195e+00
1.393849629239101384e+00
1.386987929125410357e+00
1.346968954461073231e+00
1.352853468416793215e+00
1.352734807918806403e+00
1.340658162359200656e+00
1.340349808298298750e+00
1.348099460055363519e+00
1.328623357068446920e+00
1.350395493309851647e+00
1.367858350198545736e+00
1.363266365786166112e+00
1.396697256117967800e+00
1.414464461512899174e+00
1.425712659493510337e+00
1.419513487566953280e+00
1.419160912393111706e+00
1.425916310845237289e+00
1.424471297984430507e+00
1.439350486493413905e+00
1.430684906669759116e+00
1.430247906463806506e+00
1.422498706637862709e+00
1.418124411357535974e+00
1.429859657410437412e+00
1.407418282248696695e+00
1.429073071367285896e+00
1.460177694341183718e+00
1.472066449102994001e+00
1.469999434069260591e+00
1.470216481658677132e+00
1.466543202361353826e+00
1.469788765252000085e+00
1.486575945110869990e+00
1.493444599442429022e+00
1.481831978122851723e+00
1.485614352725568965e+00
1.484634465744697263e+00
1.481432865074558292e+00
1.506456378813038066e+00
1.523731263989449136e+00
1.518880507438977734e+00
1.523481793489019909e+00
1.507309084620122253e+00
1.492844358893702372e+00
1.509864010433568327e+00
1.524349073798849874e+00
1.544721669120983076e+00
1.544199147514469184e+00
1.550574334593483483e+00
1.551702674129380899e+00
1.549323366239944155e+00
1.522481178427910864e+00
1.501308317080974453e+00
1.484300127795716184e+00
1.493041538463760531e+00
1.510707897373831932e+00
1.499781427402623102e+00
1.498765807130316707e+00
1.485745684930656063e+00
1.484923611312975789e+00
1.514834505499429218e+00
1.494538138479062583e+00
1.487552296770826565e+00
1.438982526299407150e+00
1.415058609739721085e+00
1.412438801135606159e+00
1.421655295232346683e+00
1.455425324669983089e+00
1.460065752166021635e+00
1.477178958234072192e+00
1.483447085278781108e+00
1.473276447492393393e+00
1.482678570818510844e+00
1.483140800535608150e+00
1.495646574921596583e+00
1.476624634309319672e+00
1.496036929514835467e+00
1.515540985232633586e+00
1.543446506893697556e+00
1.539969225929446406e+00
1.533604045507825697e+00
1.551659673138747753e+00
1.535690530206498039e+00
1.536176849705981562e+00
1.539464128950242205e+00
1.503982269661471305e+00
1.520053372279161819e+00
1.512167320798237569e+00
1.542676387561567664e+00
1.532442072830281443e+00
1.539679226024122105e+00
1.515641001934542098e+00
1.502825459961721455e+00
1.498861758592177074e+00
1.476651170827598669e+00
1.463608389303801660e+00
1.451190280151713141e+00
1.448002140655512138e+00
1.443567449937776193e+00
1.429374077330608728e+00
1.442173508555752992e+00
1.442898543970079217e+00
1.421751453535303300e+00
1.428058845771944974e+00
1.424848770469979486e+00
1.406826699227263777e+00
1.393853517910385476e+00
1.405381328079469805e+00
1.416519346415701319e+00
1.401702217284948704e+00
1.416064606992440966e+00
1.420591036936847296e+00
1.420869598884144658e+00
1.423023806414898118e+00
1.441758488859466780e+00
1.430780539998423695e+00
1.454423035037847756e+00
1.447167956979296788e+00
1.452542548096572128e+00
1.460521821709753532e+00
1.465248010912515442e+00
1.467824458025614121e+00
1.466519880199612658e+00
1.467659594762614317e+00
1.491546801516973275e+00
1.487057325800484442e+00
1.483358288178515894e+00
1.505894582435885365e+00
1.498610572956970310e+00
1.474331129171562837e+00
1.476561620599991631e+00
1.485688533347253593e+00
1.485825359158107206e+00
1.470592934898714788e+00
1.489378306984828537e+00
1.460609569456182033e+00
1.442278337977382030e+00
1.448840334382659689e+00
1.460090762059011338e+00
1.454091032854127219e+00
1.465452998276961738e+00
1.443405488921341240e+00
1.434006102888607526e+00
1.412709664843849078e+00
1.425241537459981389e+00
1.426654207855645895e+00
1.435384019060706118e+00
1.438476442135153910e+00
1.438219521639360954e+00
1.423207925678392716e+00
1.434051316122742170e+00
1.439347368598447696e+00
1.453530607864672364e+00
1.449873844291492686e+00
1.483266729574540310e+00
1.462641114994124969e+00
1.450806418807950804e+00
1.440512247909592647e+00
1.428750357265393678e+00
1.396202520517426660e+00
1.422394050794327125e+00
1.433506370295814403e+00
1.437965333539122037e+00
1.421278645221425219e+00
1.428457084461980831e+00
1.415227994853684779e+00
1.414770878140312327e+00
1.434617885659938086e+00
1.447380489917314828e+00
1.437211243062830546e+00
1.418204732600361284e+00
1.426806559119750073e+00
1.428061493682417638e+00
1.432460003381602842e+00
1.429900086302355211e+00
1.420354001894094331e+00
1.414923359395295677e+00
1.409572829178399989e+00
1.411787619272193650e+00
1.392103460067193099e+00
1.411090422605066230e+00
1.410499282355188733e+00
1.421390235029036164e+00
1.432502253208708609e+00
1.456126301064230910e+00
1.443761904143528119e+00
1.438640631451679086e+00
1.422542309660443705e+00
1.418043898522279633e+00
1.405094896394284643e+00
1.414716154326889352e+00
1.426346143798747468e+00
1.410646914287606135e+00
1.417393745518120474e+00
1.409357403904757167e+00
1.411340655981163650e+00
1.402014798764520842e+00
1.385034391570139523e+00
1.376342062432263313e+00
1.360279159969413509e+00
1.386931892337753602e+00
1.418817683324885559e+00
1.413035655605525465e+00
1.404874559248832755e+00
1.423776700043461130e+00
1.425224883033263001e+00
1.412460080800438167e+00
1.402833558119585433e+00
1.409339136023074701e+00
1.430133923928497142e+00
1.431741364627729274e+00
1.427607499723508200e+00
1.449363579087730169e+00
1.446127331300526730e+00
1.466372664366183187e+00
1.460110700037255738e+00
1.475101844128261064e+00
1.493870852887215328e+00
1.479302835190529963e+00
1.485674471348892522e+00
1.497704461594485670e+00
1.512398126061105907e+00
1.553753005399892695e+00
1.577124086685094184e+00
1.583087479794438979e+00
1.560227236419850172e+00
1.533059576011301051e+00
1.529987744974679709e+00
1.526566271460357838e+00
1.511342245164040143e+00
1.519118994948020385e+00
1.540736990151552854e+00
1.572805090608177858e+00
1.536994327744947597e+00
1.542633327115435105e+00
1.538811827373225194e+00
1.535526047052241161e+00
1.531725418785333304e+00
1.531329792673570278e+00
1.514342343618924724e+00
1.508340753771998166e+00
1.494395014919979392e+00
1.479648666014345082e+00
1.498914631645816620e+00
1.509063832787482129e+00
1.481282506909517904e+00
1.451741648172991894e+00
1.429220045383121640e+00
1.433378079087907597e+00
1.440808090805291375e+00
1.426225863171767028e+00
1.422287665122257572e+00
1.421666581431593412e+00
1.434989775299959192e+00
1.441050124046999947e+00
1.437027078860972029e+00
1.434065485376825544e+00
1.402990275552500554e+00
1.444053417519777005e+00
1.419926722784585538e+00
1.445355490473495763e+00
1.455966095979268404e+00
1.456142211161521871e+00
1.446732300846728991e+00
1.451955076326078231e+00
1.458067142321194387e+00
1.447200420870623061e+00
1.434343715623642934e+00
1.418051573878361893e+00
1.414116092715397510e+00
1.433421364616033422e+00
1.462209140559853404e+00
1.449093630507109598e+00
1.436918680437885287e+00
1.440275173412361331e+00
1.448322804929129903e+00
1.450834368201143310e+00
1.443075514237193380e+00
1.441538255433996385e+00
1.443243876186043995e+00
1.455916021707686525e+00
1.469719479226708758e+00
1.486968077615004713e+00
1.488712703923473324e+00
1.481561852547755631e+00
1.462506498392191601e+00
1.453186088004674303e+00
1.446213437830670800e+00
1.454423406161808874e+00
1.447350188034183249e+00
1.450242060494624008e+00
1.463340464489862658e+00
1.481093275475684923e+00
1.496265779518060057e+00
1.502403407405512814e+00
1.499213559347993829e+00
1.495125564315253230e+00
1.499040300132086889e+00
1.477588970743039409e+00
1.474789997614399439e+00
1.480526022395521890e+00
1.483142750408819710e+00
1.498109126967563043e+00
1.496837030718036532e+00
1.499250252245496684e+00
1.492596295751791313e+00
1.488351378006301573e+00
1.496199230231832988e+00
1.478691211501920622e+00
1.498104496626420978e+00
1.498985236536552579e+00
1.529443125297332395e+00
1.544114550082164472e+00
1.541692452449282325e+00
1.526629726062830317e+00
1.514733103717007978e+00
1.491279967366068160e+00
1.492386134500658379e+00
1.474701217270112386e+00
1.454445948324235571e+00
1.447652292706734345e+00
1.449832489148824122e+00
1.474700458974386619e+00
1.497350450360094509e+00
1.503535976959466058e+00
1.523340714393969453e+00
1.525494762963018225e+00
1.515818832901379087e+00
1.515994847007348767e+00
1.503974489895198108e+00
1.498673126301635294e+00
1.510977735823619827e+00
1.512092887934077368e+00
1.515958160128795251e+00
1.518252684786544515e+00
1.528574601678694300e+00
1.507379051900253897e+00
1.477982253769432708e+00
1.489118290898351127e+00
1.507205106680008733e+00
1.526227937477369512e+00
1.554663180160667402e+00
1.553833541995866430e+00
1.555150066618019133e+00
1.565385261581192067e+00
1.574927126365180508e+00
1.573304030316412527e+00
1.556346957341675274e+00
1.546027085945670621e+00
1.536614202732429435e+00
1.504743254031969180e+00
1.509387801415635222e+00
1.509699384136347522e+00
1.527995865123209063e+00
1.524865059935816225e+00
1.521187337196905798e+00
1.493336727244997775e+00
1.478789508334108493e+00
1.481187866274633169e+00
1.475089810313843897e+00
1.458707861155363883e+00
1.465642200224187119e+00
1.482760581331720395e+00
1.476848500210139914e+00
1.477994090953378636e+00
1.462777236230367262e+00
1.447945003946423448e+00
1.436835789425341625e+00
1.447575163238318696e+00
1.436243329904504318e+00
1.447344343930137001e+00
1.449721354468800572e+00
1.451879291614628142e+00
1.472774590257433180e+00
1.475204393329256014e+00
1.474967922341826609e+00
1.467842445762234993e+00
1.477927313678422561e+00
1.443412587861604424e+00
1.448211795291758142e+00
1.454787740494761783e+00
1.452925246127541259e+00
1.459008951904126272e+00
1.457239056693766965e+00
1.466270259318464886e+00
1.481124960604048191e+00
1.473935072388990353e+00
1.467974573509583713e+00
1.468475521903940040e+00
1.476386747463336091e+00
1.489148622278491763e+00
1.507537405145240594e+00
1.503670809772598371e+00
1.504992631219585819e+00
1.519651914656604763e+00
1.504841707421851416e+00
1.499656244572581842e+00
1.517986158496277271e+00
1.490265401958545288e+00
1.486278846403400244e+00
1.484456454734397024e+00
1.475303946012961553e+00
1.468425196310294334e+00
1.473875859337313576e+00
1.486865179059627673e+00
1.493483152622465227e+00
1.501594379802980717e+00
1.498599853465125697e+00
1.508307841644675351e+00
1.500392709434765548e+00
1.490847291537366059e+00
1.492673185489915566e+00
1.499277579000383609e+00
1.490990986152280096e+00
1.479251063188754767e+00
1.482675689296162114e+00
1.452943928449149213e+00
1.471748542163130891e+00
1.486021541087591880e+00
1.477602428570322646e+00
1.483754591442710602e+00
1.489670602461246718e+00
1.478585742431474781e+00
1.497908096632499353e+00
1.513967749470085833e+00
1.514643718518472015e+00
1.520605550269967576e+00
1.516244378981373542e+00
1.530008484453154738e+00
1.518215436937105700e+00
1.517523618257698992e+00
1.513369382943535957e+00
1.503358399152687985e+00
1.489401287975032240e+00
1.479408435750913853e+00
1.478550102502507624e+00
1.465255791613616188e+00
1.470264301825426001e+00
1.466345934197981427e+00
1.470163579598997794e+00
1.463047418467163130e+00
1.456288071245218196e+00
1.458899823017101305e+00
1.435611155503807135e+00
1.450987209240535591e+00
1.449392324986903846e+00
1.444048286869592301e+00
1.436480494623406656e+00
1.427160305974327192e+00
1.423974002172062825e+00
1.434071464958347697e+00
1.434416574808757838e+00
1.423305525699752438e+00
1.433005993515069409e+00
1.436343930561835291e+00
1.425576504918692144e+00
1.409189604744059077e+00
1.420064460149812469e+00
1.402653465835831614e+00
1.404619659048377267e+00
1.389726652076040070e+00
1.409816235917432881e+00
1.397327493870519577e+00
1.419609422927192943e+00
1.419307701489318063e+00
1.404494068591456424e+00
1.443152034454277199e+00
1.446198789930647211e+00
1.453851886275903338e+00
1.451505737356111769e+00
1.464318561215357972e+00
1.470738960871499357e+00
1.456771025254489649e+00
1.465221734229321005e+00
1.467326646475484164e+00
1.472328641812997718e+00
1.462346571301751830e+00
1.473782314039895347e+00
1.467347135433129779e+00
1.461441603132515032e+00
1.447558117495379992e+00
1.452912821765484752e+00
1.446160316652377098e+00
1.464848110884723997e+00
1.462623955071876036e+00
1.491126742196776434e+00
1.490358703133903173e+00
1.519623872167905843e+00
1.531239681831285226e+00
1.540800877445526629e+00
1.548347941409979445e+00
1.552177615101996366e+00
1.552829849079759406e+00
1.570011846624224550e+00
1.567334420034768971e+00
1.559286241772285253e+00
1.534327289321087529e+00
1.560435339054214943e+00
1.543383899171581586e+00
1.527523133637548325e+00
1.524711774027026179e+00
1.540796434312238672e+00
1.531906942457675891e+00
1.515505008296377909e+00
1.516027597231570656e+00
1.535477024661417556e+00
1.549320235059098660e+00
1.562605972686417655e+00
1.579954745846736230e+00
1.582208595009076957e+00
1.557012292343248339e+00
1.554682116067941600e+00
1.551153621711040431e+00
1.513298475300724810e+00
1.519146605527508465e+00
1.525962912270088623e+00
1.505262955698493332e+00
1.492970252474854043e+00
1.490457587059297540e+00
1.479580952249199166e+00
1.485263747674654189e+00
1.495931925792669315e+00
1.505009818018624879e+00
1.516448944121432829e+00
1.535569334999397073e+00
1.527748790226758357e+00
1.515023735242838621e+00
1.520510171201843175e+00
1.529314984751036777e+00
1.527694921037482167e+00
1.536162756009117336e+00
1.544459687504273759e+00
1.539338507547383328e+00
1.516890783416061650e+00
1.526430302896244928e+00
1.537136819842992441e+00
1.548559186223077644e+00
1.547422450427904383e+00
1.563370011140456706e+00
1.547359806679142746e+00
1.551567709738289835e+00
1.541213738532781097e+00
1.539607164715970145e+00
1.541996966622796172e+00
1.540483525709402279e+00
1.545747674598676458e+00
1.560267206930525896e+00
1.554952390838241882e+00
1.554707125582422078e+00
1.540153696913158177e+00
1.549310667860231527e+00
1.554834646550428356e+00
1.579114548265822648e+00
1.584292148471230233e+00
1.595174590097654610e+00
1.609213823253983877e+00
1.600844769649152566e+00
1.611516545181667093e+00
1.601133671849210183e+00
1.593388548337211219e+00
1.599975499128724277e+00
1.602221451502994887e+00
1.588424793392898104e+00
1.587553846114899025e+00
1.567405410146578859e+00
1.553240205926368578e+00
1.564849376463865127e+00
1.570891453341834554e+00
1.542009288044256188e+00
1.558328832790741636e+00
1.555130470098898376e+00
1.553227251379928786e+00
1.538928469419053258e+00
1.526203466536927955e+00
1.529380248334445636e+00
1.530254853902726531e+00
1.518507619673117537e+00
1.509704363011377781e+00
1.499448629120855081e+00
1.488040081874046461e+00
1.478444445262792284e+00
1.479306677593246189e+00
1.479051388072684325e+00
1.473845291706496363e+00
1.480299415969550614e+00
1.494788208170771959e+00
1.473500535312953774e+00
1.480279566529292712e+00
1.501923344100342561e+00
1.531656902941283205e+00
1.534821484779256728e+00
1.549567071457950806e+00
1.538873673299782974e+00
1.548362563831686023e+00
1.537012402528463717e+00
1.512779347993578938e+00
1.490775261681628550e+00
1.489500069555635298e+00
1.507171238068514940e+00
1.503619229773798693e+00
1.496814642835135878e+00
1.521705804986480892e+00
1.505365531587369965e+00
1.515617702474683748e+00
1.521697816529368641e+00
1.513183091180343665e+00
1.510492841141949594e+00
1.496690125799722271e+00
1.537832366099373571e+00
1.547659674526854268e+00
1.538248787253976957e+00
1.542598081552525979e+00
1.536229995674735616e+00
1.525014200856104285e+00
1.495570331461553160e+00
1.496491028978527149e+00
1.515784297219912702e+00
1.521143608908610112e+00
1.521683517045008704e+00
1.514030757907608882e+00
1.518408493616884902e+00
1.531300638937485248e+00
1.547010485231606669e+00
1.531166218689921088e+00
1.538393211365066682e+00
1.549049417230039083e+00
1.517060515570034962e+00
1.535609426539154665e+00
1.543854107678134024e+00
1.551127335869569857e+00
1.534657565367076426e+00
1.544449761144417232e+00
1.543297073990570478e+00
1.520680599228709795e+00
1.511189702249488009e+00
1.538695310427149243e+00
1.523910606739535822e+00
1.536733713028823001e+00
1.530807296651038429e+00
1.543922775898768585e+00
1.536274940300416558e+00
1.501783893933825276e+00
1.499266068488628534e+00
1.505119462622694027e+00
1.515164407105813460e+00
1.519526034482734378e+00
1.526465484463473299e+00
1.506894390100173675e+00
1.520781871400560981e+00
1.506629347830040100e+00
1.486254629657032478e+00
1.541175666467148986e+00
1.525123169177834859e+00
1.525480765665840233e+00
1.533536640778964122e+00
1.535344607700594777e+00
1.527692580520177978e+00
1.527561981697741489e+00
1.519202378855552649e+00
1.515024629053798089e+00
1.480413117504316922e+00
1.496815182657641241e+00
1.494696370539359220e+00
1.503624729184380282e+00
1.510357981738124966e+00
1.528733255817839254e+00
1.529633536011341999e+00
1.543394191653572278e+00
1.539228862550715782e+00
1.560217537977057090e+00
1.566730452680548558e+00
1.558073117706509914e+00
1.557482059491901438e+00
1.563104446480366283e+00
1.589717121311606585e+00
1.595418507204849012e+00
1.560441668065239540e+00
1.574213270569038814e+00
1.561348602344584613e+00
1.537140535081966464e+00
1.562197174277385914e+00
1.578843100526005738e+00
1.595735223007400228e+00
1.608711109316943721e+00
1.588599294576594767e+00
1.597181122799620656e+00
1.589797771653130409e+00
1.599880515819683380e+00
1.620541053756805683e+00
1.617571332571053233e+00
1.618791278033269387e+00
1.626655716120203099e+00
1.614536235971526290e+00
1.632953761532122128e+00
1.603588529117825789e+00
1.584578319991398088e+00
1.598776774830606762e+00
1.617240737313232923e+00
1.605019295875251384e+00
1.581320986113941895e+00
1.589629139529247670e+00
1.600183850844331346e+00
1.587265845427081379e+00
1.581121567642350900e+00
1.586462671803697155e+00
1.585749029819230271e+00
1.555796624411797335e+00
1.536592482561008888e+00
1.532418483231669626e+00
1.562394302190277751e+00
1.559040023465869451e+00
1.553084158200144893e+00
1.523527048501768455e+00
1.506895052260526668e+00
1.511916143301240689e+00
1.495568268183193883e+00
1.483111833996662243e+00
1.480980968977029022e+00
1.445642733116431211e+00
1.447326713321846592e+00
1.459869604766746098e+00
1.439643573046331726e+00
1.439610576430816025e+00
1.445316863331153723e+00
1.458882967526338170e+00
1.457472045219525336e+00
1.452040787247762088e+00
1.428673802362722789e+00
1.454503826722503002e+00
1.452689034722275396e+00
1.436715665371300021e+00
1.448933888706997131e+00
1.449204639880879109e+00
1.441592903113638302e+00
1.428998678703580438e+00
1.416888330614346270e+00
1.439717691588425552e+00
1.472926605153764834e+00
1.461788997463404849e+00
1.451399160251017895e+00
1.451793193604047572e+00
1.466396645241719643e+00
1.475545828893518596e+00
1.500603110563930809e+00
1.511995540351472211e+00
1.507046240057317243e+00
1.530149227564380432e+00
1.493923272402852165e+00
1.488697358567014239e+00
1.472742052758778009e+00
1.479685187407693281e+00
1.471134015444929499e+00
1.492195688766845274e+00
1.485040734264250650e+00
1.495742116382169140e+00
1.514944358391061563e+00
1.523588213665709068e+00
1.514841756464452072e+00
1.527168714619728807e+00
1.529545825017922134e+00
1.545380583692931742e+00
1.539356090826483170e+00
1.514502164879925061e+00
1.529558369659319794e+00
1.543478367402448370e+00
1.543168889642870578e+00
1.534225888523083725e+00
1.538703956158413044e+00
1.543111742165401701e+00
1.540744710505330017e+00
1.549738866276467064e+00
1.539286235135785441e+00
1.543243018449590442e+00
1.522215078618804451e+00
1.542648267636709480e+00
1.536645584186281166e+00
1.525581285845047264e+00
1.522481877301359088e+00
1.520235402492548182e+00
1.513898067548870019e+00
1.493028148268247923e+00
1.481441450196807841e+00
1.501235615865556206e+00
1.513135507583242889e+00
1.494631884329076676e+00
1.479195850372985177e+00
1.468627741527905872e+00
1.474154183171830335e+00
1.449427091402102130e+00
1.432472720261639187e+00
1.446416211961041087e+00
1.441238249067628541e+00
1.430673506411310969e+00
1.449448089437337384e+00
1.462091839582562169e+00
1.455962533329225872e+00
1.474082674135724025e+00
1.516612342182819928e+00
1.545595666279047764e+00
1.528577753124564120e+00
1.534184076056283930e+00
1.549389393576121821e+00
1.576893433337081651e+00
1.570809398014703095e+00
1.579363760594864274e+00
1.597950646872567493e+00
1.617658497986370181e+00
1.606266425132675923e+00
1.595999014855971732e+00
1.598185735413290676e+00
1.612923061248119794e+00
1.624295828390260432e+00
1.622709080941233228e+00
1.640543681434052159e+00
1.649560582399422604e+00
1.625849093065225848e+00
1.620451297145942826e+00
1.636245536496264474e+00
1.628590105928116483e+00
1.615107351869670582e+00
1.625257766610352927e+00
1.605437231413731514e+00
1.580813275375780202e+00
1.577398933975508122e+00
1.605829000694902309e+00
1.605606910770448481e+00
1.601712112500532470e+00
1.584624811013235712e+00
1.595590766545013528e+00
1.574261737945793271e+00
1.569602757246289393e+00
1.556804241818218859e+00
1.558735746114727316e+00
1.553249744969258384e+00
1.557439309012484507e+00
1.561774481177924834e+00
1.551138763574912760e+00
1.548609116883775449e+00
1.554809051770006612e+00
1.564681991356715596e+00
1.577801022199691428e+00
1.573454143640801606e+00
1.554750522318889105e+00
1.505611699844929152e+00
1.503330684825667340e+00
1.510129761688510985e+00
1.519569144985755349e+00
1.506340979361646903e+00
1.493176036358719871e+00
1.483606932303839221e+00
1.494714402372569806e+00
1.494092925851246756e+00
1.501179064165668153e+00
1.488408763822722358e+00
1.503419924323537327e+00
1.499773302144402409e+00
1.492545325918521959e+00
1.471122071104563389e+00
1.485568387189593054e+00
1.486137354705614255e+00
1.471301635905054361e+00
1.476127010473081702e+00
1.493406123850852918e+00
1.478565776027565670e+00
1.462702775624907137e+00
1.458698690053056524e+00
1.472083508177205458e+00
1.486154229468655608e+00
1.522736957313005846e+00
1.535094057548837876e+00
1.524917874554642339e+00
1.540631646046819014e+00
1.547262791693392092e+00
1.565229380617304100e+00
1.562598235616258213e+00
1.550418184485834683e+00
1.567670212378780681e+00
1.574386442548995291e+00
1.574347575403981958e+00
1.576577355248980572e+00
1.570283131966584200e+00
1.580475271882605615e+00
1.610552581143174677e+00
1.596102198191338806e+00
1.631735797575923463e+00
1.650441040089188016e+00
1.653807787842558108e+00
1.624639515529297640e+00
1.610302004518932240e+00
1.612641740960984116e+00
1.614943369589874944e+00
1.599108938030022298e+00
1.591208797390694984e+00
1.596517107131522284e+00
1.604464272529935176e+00
1.619250050442614608e+00
1.585016969342148307e+00
1.597882281431897145e+00
1.602456698390006151e+00
1.587727983671626708e+00
1.598621027394927285e+00
1.590616312581431435e+00
1.571469429871367174e+00
1.577629133309364162e+00
1.573046617458061514e+00
1.566705884548852401e+00
1.572723020644344549e+00
1.561382330651194694e+00
1.582943719720729447e+00
1.558707340845849609e+00
1.530353842406158238e+00
1.515862593948035242e+00
1.544502067501575260e+00
1.570075012278830506e+00
1.585749674149841359e+00
1.588136524694707896e+00
1.613990721440657694e+00
1.608153725761302333e+00
1.616311399924368564e+00
1.588256137623131670e+00
1.565497791191322152e+00
1.586215890701968556e+00
1.595008176172783010e+00
1.580035638134432041e+00
1.587799499567780437e+00
1.567898258621338359e+00
1.563069174091313407e+00
1.582010058476712722e+00
1.574290438817952165e+00
1.580694086504211393e+00
1.598838983375820977e+00
1.591193471956140248e+00
1.608455724876960202e+00
1.576149293554206299e+00
1.579985209224298304e+00
1.578944173729712075e+00
1.593837378224938206e+00
1.576987742357676581e+00
1.578636491971517009e+00
1.570005654585583388e+00
1.571255603593673777e+00
1.555970350424432436e+00
1.553338115578410950e+00
1.528052214950303966e+00
1.533019967284377838e+00
1.514928861132984528e+00
1.512229781255352457e+00
1.484424965856006695e+00
1.468750752220347122e+00
1.467140950220231055e+00
1.471106823339053182e+00
1.471182419137974540e+00
1.461787504893193201e+00
1.467769120126690918e+00
1.454062187681078422e+00
1.440852789549409207e+00
1.437229361734385424e+00
1.425496014701230552e+00
1.439864885220498270e+00
1.445291974173584348e+00
1.450794854040703186e+00
1.455711670895456500e+00
1.447634510039085498e+00
1.433217161760701908e+00
1.403539070651855125e+00
1.400202739594237134e+00
1.404656943705455019e+00
1.424567958074575369e+00
1.424071176196892718e+00
1.440032401615045421e+00
1.463080033828803028e+00
1.472681093202410585e+00
1.495115906643127879e+00
1.507322690374756524e+00
1.523211461574336179e+00
1.523317150502185413e+00
1.533848504238567889e+00
1.537997556782848330e+00
1.551960037044561647e+00
1.557921110949028742e+00
1.559716146682252891e+00
1.560345726564033253e+00
1.573209532104766106e+00
1.587121226103821447e+00
1.569435269362691843e+00
1.588603531867474050e+00
1.568416480903884969e+00
1.587482191838170520e+00
1.597270835040496051e+00
1.623745176338487584e+00
1.614827201439873461e+00
1.612036619950742766e+00
1.596603561603136656e+00
1.604635039841614930e+00
1.595242447920661055e+00
1.601020293082807688e+00
1.569751137024504528e+00
1.538144558534294326e+00
1.519996196525493781e+00
1.498345701151136966e+00
1.523118504207820578e+00
1.517661995332410640e+00
1.500220240483963297e+00
1.488813251172503849e+00
1.488870477499112388e+00
1.501478103331620018e+00
1.500449578540504092e+00
1.475657622281928871e+00
1.469604814780616442e+00
1.489313777082745371e+00
1.477222592592473127e+00
1.492485199670409157e+00
1.495619769554355161e+00
1.522992193368833291e+00
1.525813351079438718e+00
1.537177960297390511e+00
1.553374245725733571e+00
1.556328921682812449e+00
1.578350770367510369e+00
1.549508265359793580e+00
1.548248872095786988e+00
1.565312131014868768e+00
1.593551847108643615e+00
1.632859614706135387e+00
1.641118080870519025e+00
1.631631710889866582e+00
1.627820735937860253e+00
1.651868484856540142e+00
1.645151356935151243e+00
1.644734040044872225e+00
1.627380886080079359e+00
1.640444049741965227e+00
1.677577807088244555e+00
1.679664893586231944e+00
1.666348504263416519e+00
1.680564414572836451e+00
1.678560609394866843e+00
1.655142222732855384e+00
1.633671859931923542e+00
1.619655606390115521e+00
1.624085242951979646e+00
1.616925285483307162e+00
1.624978933701448858e+00
1.592974721290667306e+00
1.614362589676713755e+00
1.600220754990434813e+00
1.586708676377180049e+00
1.603222843389669139e+00
1.602725515730252903e+00
1.617162061416224095e+00
1.603413928075877903e+00
1.613272976100615486e+00
1.597217514754288858e+00
1.618766973605913817e+00
1.616299420737191239e+00
1.616656656843986406e+00
1.602088587907727124e+00
1.583994945364842311e+00
1.586294707023385264e+00
1.576751222355701421e+00
1.558970241424616265e+00
1.566365728562914228e+00
1.572423768019054702e+00
1.554269248986094087e+00
1.565653905470136831e+00
1.541161484463952958e+00
1.542381503357885819e+00
1.546471655887135421e+00
1.551916717014248714e+00
1.553137509458313303e+00
1.559820723850546820e+00
1.562132909912144152e+00
1.524178190634974728e+00
1.506204368425521523e+00
1.503516860439172875e+00
1.490195073358759670e+00
1.490993058169868490e+00
1.483927811712730804e+00
1.459156623318653478e+00
1.473742744196108401e+00
1.468205218399095235e+00
1.474134416537909331e+00
1.488878312283945737e+00
1.497818603797519854e+00
1.501922164982697705e+00
1.516543636416366025e+00
1.518833878534251669e+00
1.524939600418923957e+00
1.506106327105705356e+00
1.505907009034680888e+00
1.513285806247063103e+00
1.499556214906552221e+00
1.476898274476100115e+00
1.474612045460437892e+00
1.467112743738620440e+00
1.475269258872025535e+00
1.473246915070448138e+00
1.503445160549206294e+00
1.504582901225724134e+00
1.504436823575754145e+00
1.522463126548075252e+00
1.495684766875772675e+00
1.524615904772268937e+00
1.527336626449938395e+00
1.491420106318940508e+00
1.523546551332704002e+00
1.518760822684943168e+00
1.505183033927649738e+00
1.480068267567768103e+00
1.489916852371715894e+00
1.475406491108386620e+00
1.460216658360312447e+00
1.465747656514634789e+00
1.488709666798599063e+00
1.507946998873810118e+00
1.500792452468587168e+00
1.512322994854113478e+00
1.523029309244156693e+00
1.545648014931918945e+00
1.552243889960339462e+00
1.560321939422355975e+00
1.555355234839262080e+00
1.559753471236725364e+00
1.567417390912172470e+00
1.562842589100305712e+00
1.541776461302734047e+00
1.569856817620635780e+00
1.559314973459833720e+00
1.542624865404395251e+00
1.561744725141151147e+00
1.540091535359142005e+00
1.544871351069837528e+00
1.535296482792698702e+00
1.555654096905384920e+00
1.555039129699862466e+00
1.565226181445960485e+00
1.577482264818140134e+00
1.577992534312105954e+00
1.575875282582744230e+00
1.570580407598102024e+00
1.596391753634545774e+00
1.607837235550687138e+00
1.603853218869090824e+00
1.573896711578748109e+00
1.571448003594210663e+00
1.555079116371761216e+00
1.564378739822022801e+00
1.526326484230892344e+00
1.502297460014213826e+00
1.491806609988557186e+00
1.507845442786549972e+00
1.505612005746537196e+00
1.491750506053671543e+00
1.510298858754949736e+00
1.506708336196725284e+00
1.511258984285609230e+00
1.506900138380787846e+00
1.527496468260733042e+00
1.512356735765425730e+00
1.501483119676436218e+00
1.495228682670144194e+00
1.504521512465869959e+00
1.476237180713327879e+00
1.472688391958081322e+00
1.480786042846472306e+00
1.475398350854033369e+00
1.465627758512738632e+00
1.465600156099492013e+00
1.473847396094877693e+00
1.484242105337842510e+00
1.500091470727434650e+00
1.492986797721841619e+00
1.509215678505439584e+00
1.527948557486196401e+00
1.533890603786568274e+00
1.547718080983685462e+00
1.524619617917525094e+00
1.557164995181073541e+00
1.551797564892412273e+00
1.547960497570562088e+00
1.534376337534402612e+00
1.564045075394723705e+00
1.568448990692387968e+00
1.583222273961374604e+00
1.591640507348709876e+00
1.604789488531205510e+00
1.587080089192557608e+00
1.604933335399967076e+00
1.611203942366723929e+00
1.597561843016652494e+00
1.594873013099969761e+00
1.590116515143227272e+00
1.589392430964098546e+00
1.592512618641498401e+00
1.583463193929132595e+00
1.569208867509630068e+00
1.602143948250135841e+00
1.606594358660829558e+00
1.601072792035294734e+00
1.593791893551413263e+00
1.575019990336874898e+00
1.599817075929153232e+00
1.568193477850488460e+00
1.586671089421126446e+00
1.588388194941176890e+00
1.604609453152655574e+00
1.577491880986955808e+00
1.532291607525373189e+00
1.525205283170471215e+00
1.516801100249428158e+00
1.506296749674381541e+00
1.491265166578672030e+00
1.485688160001356728e+00
1.477298177033950166e+00
1.472194701814111273e+00
1.476210336825306113e+00
1.463365101002829682e+00
1.453557540228310740e+00
1.446132430832523852e+00
1.444233668041508212e+00
1.444749436308674362e+00
1.413395349219020103e+00
1.432899196021515165e+00
1.431332304508658337e+00
1.435281234264234040e+00
1.439895836406106300e+00
1.425333613934246735e+00
1.430000142836948873e+00
1.409528271830660984e+00
1.417562584942263060e+00
1.400901548581910516e+00
1.414923713608606581e+00
1.439068457774589138e+00
1.436947404421762720e+00
1.432095672853799240e+00
1.416082313207075671e+00
1.420856125860010089e+00
1.433420761161158241e+00
1.439071315672139306e+00
1.439858969216820217e+00
1.423485593569754570e+00
1.435857528708418762e+00
1.439300044059816264e+00
1.456266322668894109e+00
1.473696962465958604e+00
1.470238171127108640e+00
1.498954375761175628e+00
1.484385441335532629e+00
1.503175946935274343e+00
1.519144603850022479e+00
1.529596949998425881e+00
1.554597185651004132e+00
1.568583525203829820e+00
1.589276411246855814e+00
1.582212830889081268e+00
1.590708869591135333e+00
1.569102646011845570e+00
1.563876792561316398e+00
1.563823311921091364e+00
1.571426994437656877e+00
1.597257163395195967e+00
1.633890111997510441e+00
1.630951433418956320e+00
1.629809316410412379e+00
1.616413329384548625e+00
1.629281469632009260e+00
1.622611734147609841e+00
1.632029540707177429e+00
1.616335723047992889e+00
1.609878821788101044e+00
1.613384926208039971e+00
1.590160504992846446e+00
1.590397528261514370e+00
1.587222339159644280e+00
1.587121959833354801e+00
1.583287652603353912e+00
1.557059792623972205e+00
1.550677776260038554e+00
1.532951118061371298e+00
1.530727819037178694e+00
1.522645618858814887e+00
1.530917247972436224e+00
1.535510725783601371e+00
1.524781817601456924e+00
1.529746350539866739e+00
1.529734478409325416e+00
1.507926191904087387e+00
1.492391921287339551e+00
1.507271179413455009e+00
1.498103838660445719e+00
1.494137473895269297e+00
1.497508293571203408e+00
1.500469106133919484e+00
1.493844861654708422e+00
1.477717136219218075e+00
1.461426831544296423e+00
1.463015138034701845e+00
1.471007445711653316e+00
1.475568977492687450e+00
1.472805487940940461e+00
1.467491789348671860e+00
1.486999047063241264e+00
1.478580471843033761e+00
1.471776780486859559e+00
1.488200489766505319e+00
1.497159761468645600e+00
1.500111490091753819e+00
1.521776177001415098e+00
1.525487498076919302e+00
1.517390540409416344e+00
1.507527617362035555e+00
1.502549614285233259e+00
1.506001024840915026e+00
1.488330244147754167e+00
1.496678392563649762e+00
1.497118802448734520e+00
1.503658596996887864e+00
1.506575961759016868e+00
1.507520704997689753e+00
1.530282063034977380e+00
1.550246894749442328e+00
1.549928971738674388e+00
1.530359530895928355e+00
1.541693693895800354e+00
1.528175518576065928e+00
1.548094514073683925e+00
1.527600839329095850e+00
1.524089499413403104e+00
1.556746774459342397e+00
1.564960089234229690e+00
1.572700657406652436e+00
1.597832285175059264e+00
1.598854224136844637e+00
1.590262563329136736e+00
1.575277561046462882e+00
1.571898106081651925e+00
1.565895413689685878e+00
1.584584997935872153e+00
1.603630562156729056e+00
1.624208014016723212e+00
1.640728416290821112e+00
1.620769613451051194e+00
1.615683803238320504e+00
1.627653186281977860e+00
1.613270947252116061e+00
1.619671068744804376e+00
1.610516510225495468e+00
1.610144687285387288e+00
1.583641136760628232e+00
1.609239362670687790e+00
1.585371431975632905e+00
1.600695746119040752e+00
1.623354044463660939e+00
1.605374831336349839e+00
1.583377562291494733e+00
1.583077796292199357e+00
1.561293844535350583e+00
1.539261711142292155e+00
1.557370133939558920e+00
1.580375850727041787e+00
1.585818977158408805e+00
1.606216538429303453e+00
1.582050391779686427e+00
1.566047855416652590e+00
1.572179943931537371e+00
1.571743660200331405e+00
1.583725239252405936e+00
1.564193604431473261e+00
1.554064082452294437e+00
1.562512478654554338e+00
1.565435468432769150e+00
1.596498458574375556e+00
1.596832311118535630e+00
1.615762470435497811e+00
1.598714502223374856e+00
1.604573796484757287e+00
1.588636591303414169e+00
1.579862278478334048e+00
1.581114630939207899e+00
1.597051756831564084e+00
1.598695417712911349e+00
1.590914629310317352e+00
1.599789454237640962e+00
1.574162000065014722e+00
1.568733218095331727e+00
1.566634004150149417e+00
1.526364650357952435e+00
1.541341675121030264e+00
1.544330095072512288e+00
1.536962970461560829e+00
1.509803870615862964e+00
1.506929587417780825e+00
1.509629848106065486e+00
1.510135218785566336e+00
1.501399014843657342e+00
1.501551585736828898e+00
1.479523459429565202e+00
1.479059289665897614e+00
1.464171245465570870e+00
1.469836606675331003e+00
1.468855003358511713e+00
1.468447992152116077e+00
1.458830272916454840e+00
1.468426347700283463e+00
1.486544052295728058e+00
1.502645873839705493e+00
1.506715021542134325e+00
1.494507323029112822e+00
1.496725779888503194e+00
1.504814780811880803e+00
1.502039987524005138e+00
1.534986034599683080e+00
1.535355418603405075e+00
1.562447515957945399e+00
1.551660055162241703e+00
1.572099831604882203e+00
1.581886409745532518e+00
1.613449286632308688e+00
1.631992966342415974e+00
1.650390113709498507e+00
1.621500974990472521e+00
1.634666508512858440e+00
1.639803332897921351e+00
1.661944639354770326e+00
1.644305972670830673e+00
1.625116490554141313e+00
1.642193730597873769e+00
1.650679165150399585e+00
1.634870423245774695e+00
1.608968635248649193e+00
1.591962830286359543e+00
1.581280895796353780e+00
1.591262469807577462e+00
1.626635447898492792e+00
1.623424705351787622e+00
1.628825904165539518e+00
1.627752733324852707e+00
1.630208984775069370e+00
1.600169600822600513e+00
1.598947103004499048e+00
1.607438109634982348e+00
1.598465320702861181e+00
1.577616149839177195e+00
1.553831808214839905e+00
1.539507599970156848e+00
1.564364642852944298e+00
1.550758080006642503e+00
1.538485201316612150e+00
1.517470153428666535e+00
1.523202334802834290e+00
1.554653958630483945e+00
1.536136750399156092e+00
1.528032476709047849e+00
1.542164693431806954e+00
1.543258727038581357e+00
1.523668891459876162e+00
1.528903615918089098e+00
1.537389467356368833e+00
1.535344051460156178e+00
1.529184638206561919e+00
1.539480928592563025e+00
1.537342781523245661e+00
1.540404791618642744e+00
1.554241068957427974e+00
1.551208054392444247e+00
1.538024271118449082e+00
1.536108728937735979e+00
1.549762332631711370e+00
1.577113025588186446e+00
1.583625794370342899e+00
1.571833675358871307e+00
1.581035203416101265e+00
1.604677050652690840e+00
1.598689977143326724e+00
1.591251703687457164e+00
1.574909641923463832e+00
1.580931505636332446e+00
1.585761121317895483e+00
1.592645775644718320e+00
1.603289666376285227e+00
1.604173285684865391e+00
1.616098215693621221e+00
1.603331645916333148e+00
1.581395952428223950e+00
1.570684622985134116e+00
1.552709802126832850e+00
1.563737517872648475e+00
1.560629806056579971e+00
1.549728508134144089e+00
1.557092375813063923e+00
1.560439228598996309e+00
1.558517853474235437e+00
1.567079588794942024e+00
1.555474757215000281e+00
1.567378257216819559e+00
1.585856654828343926e+00
1.576313246041960436e+00
1.558466655450853056e+00
1.547486550276945261e+00
1.549077456209818848e+00
1.544576175718761046e+00
1.562102025330702082e+00
1.560982410666458264e+00
1.566251043854374414e+00
1.555597328062108931e+00
1.572533761388756446e+00
1.559248832193751211e+00
1.569563699946512569e+00
1.572590090074981850e+00
1.576342098127954561e+00
1.575475761701842892e+00
1.559614253099386172e+00
1.571558315209212520e+00
1.569708061215990158e+00
1.564954738783963961e+00
1.573333201530375369e+00
1.576792127815130007e+00
1.563931439554594238e+00
1.544200223901479152e+00
1.528363986855137524e+00
1.514302893678405093e+00
1.519558332458377237e+00
1.522763415965251665e+00
1.543666352928230623e+00
1.555148668696096248e+00
1.545363586118075450e+00
1.525105538050280041e+00
1.532312187426250638e+00
1.511143534803322197e+00
1.509727410844216022e+00
1.512302400326656748e+00
1.513136284967191880e+00
1.526977479203596388e+00
1.542913449211047228e+00
1.543174740029371828e+00
1.550330066041586186e+00
1.555502638633431189e+00
1.535616925345393069e+00
1.553139062234306200e+00
1.547368757275659590e+00
1.533128641051118901e+00
1.536465576941714595e+00
1.539465285143274853e+00
1.550146708992732547e+00
1.550460572016244098e+00
1.546009062510683929e+00
1.534291580515081188e+00
1.538269874603957810e+00
1.539849140482667744e+00
1.528222537994973873e+00
1.551045960781270328e+00
1.568492989450726904e+00
1.556679533751312627e+00
1.541399453237549011e+00
1.526465459804351665e+00
1.500317780214654118e+00
1.513593881818812603e+00
1.502118271624186985e+00
1.509272345998353027e+00
1.517448494535123649e+00
1.530115371839677607e+00
1.523376362096547254e+00
1.532233359272843654e+00
1.527254227564569300e+00
1.538844163262329090e+00
1.557032434074455907e+00
1.568686142084258828e+00
1.557789661657158486e+00
1.572945692676295026e+00
1.579480940706554204e+00
1.592510361098854244e+00
1.609954659256406906e+00
1.603813434751062417e+00
1.591442021997467871e+00
1.590786722619820903e+00
1.574239165967242338e+00
1.551751336996008979e+00
1.559085318912100782e+00
1.568353258025878105e+00
1.578243347249657091e+00
1.585563494490730641e+00
1.574739323788717504e+00
1.557416074082883739e+00
1.527467308308814165e+00
1.522526595500220514e+00
1.513547852650477754e+00
1.520383615961406365e+00
1.502927711885433615e+00
1.500458910510021449e+00
