8.489457850810140371e-01
5.057936250232160091e-01
6.935258558951318264e-01
7.164071600418537855e-01
7.310900448355823755e-01
9.179916058201342821e-01
8.293260189238935709e-01
8.234181189909577370e-01
9.155425478238612413e-01
7.897285490762442350e-01
9.907336491160094738e-01
8.145706511568278074e-01
6.750615108758211136e-01
8.997905550058931112e-01
6.807558729778975248e-01
9.157685730606317520e-01
6.776563201565295458e-01
7.088790279813110828e-01
6.724750511348247528e-01
7.199227141682058573e-01
9.167634111363440752e-01
6.624006850179284811e-01
5.973361870273947716e-01
9.485960952006280422e-01
8.324616050813347101e-01
8.302636470180004835e-01
8.327496368438005447e-01
8.045526279602199793e-01
7.019460611045360565e-01
7.334356550127267838e-01
6.965201210696250200e-01
6.979271348100155592e-01
7.189484201371669769e-01
8.117725730407983065e-01
1.019436198053881526e+00
9.619782359804958105e-01
9.623632510192692280e-01
9.434225978329777718e-01
8.689081629272550344e-01
6.373188011348247528e-01
7.508577848784625530e-01
7.551201549358665943e-01
6.949339399579912424e-01
7.171098219696432352e-01
9.153318789321929216e-01
9.067684439942240715e-01
7.148220560047775507e-01
8.727092130575329065e-01
9.939134418964385986e-01
1.012101863045245409e+00
1.016770723974332213e+00
8.262237948365509510e-01
7.830753792077302933e-01
9.582804169040173292e-01
8.788353290874511003e-01
9.209398550447076559e-01
6.739173289388418198e-01
8.378059770911931992e-01
7.360381458420306444e-01
6.666017048992216587e-01
5.907495829742401838e-01
6.793629631865769625e-01
6.715663899667561054e-01
7.411437698174268007e-01
7.092249731067568064e-01
8.340177361387759447e-01
7.629780839197337627e-01
7.921245719771832228e-01
9.065046110190451145e-01
8.318240009248256683e-01
8.151412680745124817e-01
6.283170320093631744e-01
8.596208549570292234e-01
6.604128289036452770e-01
9.143288491759449244e-01
6.587665888946503401e-01
9.048522859811782837e-01
5.003833640366792679e-01
7.156649730168282986e-01
7.323930829297751188e-01
6.627220918890088797e-01
7.793648561928421259e-01
8.152877250686287880e-01
9.161229750607162714e-01
8.047787330579012632e-01
9.709000999573618174e-01
7.927189311012625694e-01
7.538542379625141621e-01
6.700581801123917103e-01
7.455198941752314568e-01
6.909131130669265985e-01
6.808944439981132746e-01
6.488054448273032904e-01
6.545698710251599550e-01
6.523164540994912386e-01
6.895936250220984221e-01
6.238765961024910212e-01
7.104644631035625935e-01
7.445604579988867044e-01
7.483257320709526539e-01
7.504648009780794382e-01
6.962351440452039242e-01
9.608097688760608435e-01
8.325563911348581314e-01
7.382830758579075336e-01
8.027452619280666113e-01
8.588739859405905008e-01
7.397098569199442863e-01
8.993602620903402567e-01
8.193188640289008617e-01
7.003977738786488771e-01
6.587834919337183237e-01
6.861930151935666800e-01
6.549142668955028057e-01
6.340141729451715946e-01
6.773628881201148033e-01
1.024707987904548645e+00
7.850594290066510439e-01
1.015672215959057212e+00
7.083404739387333393e-01
7.531739829573780298e-01
8.061489860992878675e-01
7.550873321015387774e-01
8.795081041753292084e-01
7.152594809886068106e-01
6.697245838586241007e-01
7.163764589931815863e-01
8.128717939835041761e-01
7.041324449237436056e-01
8.586153348442167044e-01
6.764885801821947098e-01
9.151922999881207943e-01
6.663984719198197126e-01
9.075465661007910967e-01
7.423922759480774403e-01
7.498989449813961983e-01
8.077509358990937471e-01
7.961562119890004396e-01
7.749404360074549913e-01
6.804675830062478781e-01
7.223476599901914597e-01
6.466960560064762831e-01
9.046467219013720751e-01
6.927665460389107466e-01
8.686509861145168543e-01
8.352249020244926214e-01
7.020875189919024706e-01
6.893953781109303236e-01
8.772616968490183353e-01
7.537417120765894651e-01
8.008241509087383747e-01
1.018912126077339053e+00
9.774794899858534336e-01
8.351668119430541992e-01
9.787688110955059528e-01
9.103047300595790148e-01
6.248108940199017525e-01
6.609439440071582794e-01
8.848902489989995956e-01
6.675894272048026323e-01
7.102902228944003582e-01
7.275514958892017603e-01
9.080990559887140989e-01
7.161462099757045507e-01
7.150918780826032162e-01
7.283639658708125353e-01
7.463680570945143700e-01
9.444663980975747108e-01
1.000856522005051374e+00
1.020900923060253263e+00
9.017722371499985456e-01
5.214752550236880779e-01
7.153046650346368551e-01
6.788372660521417856e-01
6.892149180639535189e-01
7.475862270221114159e-01
4.224320231005549431e-01
6.612869850359857082e-01
7.500698179937899113e-01
6.779995269607752562e-01
7.247425799723714590e-01
7.677940079011023045e-01
9.794223429635167122e-01
8.415190058294683695e-01
8.356843951623886824e-01
1.040221604984253645e+00
9.479682131204754114e-01
9.429474978242069483e-01
6.963326761033385992e-01
8.804533858783543110e-01
9.080793589819222689e-01
7.353251180611550808e-01
6.857407521456480026e-01
7.502915870863944292e-01
6.856005410663783550e-01
6.716112371068447828e-01
6.477972769644111395e-01
8.432655378710478544e-01
1.004444580059498549e+00
7.347956181038171053e-01
1.022908416809514165e+00
1.001244039973244071e+00
7.672636799979954958e-01
7.340284709352999926e-01
7.277222780976444483e-01
8.864613098558038473e-01
6.651627440005540848e-01
8.955891230143606663e-01
7.369695508386939764e-01
7.331568880472332239e-01
8.867181050591170788e-01
6.627847768831998110e-01
6.869028718210756779e-01
8.856786070391535759e-01
7.775242349598556757e-01
9.485368030145764351e-01
7.796026419382542372e-01
7.900028938893228769e-01
9.696640081238001585e-01
9.453150159679353237e-01
9.461052038241177797e-01
6.846836209297180176e-01
9.006701090838760138e-01
7.417529751546680927e-01
7.374242190271615982e-01
9.145875119138509035e-01
8.965366929769515991e-01
8.283133748918771744e-01
7.122392992023378611e-01
1.025078466162085533e+00
8.334874578285962343e-01
1.034544124035164714e+00
7.765762419439852238e-01
8.000628671143203974e-01
9.492760100401937962e-01
7.532841209322214127e-01
9.044829560443758965e-01
6.775293028913438320e-01
6.684215329587459564e-01
7.365887819323688745e-01
9.080948270857334137e-01
9.359566378407180309e-01
7.300155360717326403e-01
6.609877611044794321e-01
7.116025721188634634e-01
6.997994920238852501e-01
8.084765949752181768e-01
8.049861628096550703e-01
8.422520570456981659e-01
7.796215428970754147e-01
8.129078790079802275e-01
8.321762359701097012e-01
8.030731270555406809e-01
6.692446928936988115e-01
8.872782739344984293e-01
7.456282509956508875e-01
7.104329289868474007e-01
8.864711851347237825e-01
7.110369249712675810e-01
8.278538640588521957e-01
7.008112671319395304e-01
7.285919860005378723e-01
7.770882670301944017e-01
8.201888960320502520e-01
7.881465069949626923e-01
7.992784020025283098e-01
9.924166870769113302e-01
7.800382641144096851e-01
9.922495759092271328e-01
6.926182559691369534e-01
6.868409030139446259e-01
7.011971368920058012e-01
7.198041940573602915e-01
6.518683121539652348e-01
7.232058460358530283e-01
6.847649631090462208e-01
6.522449820768088102e-01
6.508765320759266615e-01
6.409973839763551950e-01
6.597751912195235491e-01
9.033703370951116085e-01
6.909364038147032261e-01
7.869032511953264475e-01
7.693501359317451715e-01
7.782349300105124712e-01
7.450973491650074720e-01
7.348212299402803183e-01
9.116688959766179323e-01
6.975216581486165524e-01
7.288917328696697950e-01
7.404097039252519608e-01
6.746441749855875969e-01
8.823802419938147068e-01
9.282509258482605219e-01
7.235601739957928658e-01
6.778120170347392559e-01
7.905434612184762955e-01
1.012777986004948616e+00
1.009289828129112720e+00
7.454468240030109882e-01
9.459196499083191156e-01
7.983929540496319532e-01
8.777853900101035833e-01
7.041433490812778473e-01
7.037623859941959381e-01
6.979832928627729416e-01
6.999014958273619413e-01
6.992907491512596607e-01
6.299586009699851274e-01
7.041029641404747963e-01
6.702778411563485861e-01
7.467461309861391783e-01
7.130510709248483181e-01
9.185737748630344868e-01
8.391008060425519943e-01
1.013194469967857003e+00
6.681451930198818445e-01
7.858556420542299747e-01
7.420886319596320391e-01
8.097781869582831860e-01
6.933514259289950132e-01
8.458142399322241545e-01
8.800438889302313328e-01
7.517437338829040527e-01
6.812228469643741846e-01
7.527870649937540293e-01
6.249891989864408970e-01
8.795580510050058365e-01
7.308487689588218927e-01
7.097891040612012148e-01
7.853818668518215418e-01
7.999081651214510202e-01
7.240937650203704834e-01
1.037052402971312404e+00
1.002379599958658218e+00
9.713892340660095215e-01
8.246701008174568415e-01
8.911116220988333225e-01
6.620438010431826115e-01
7.521965620107948780e-01
7.400486189872026443e-01
8.791822160128504038e-01
8.914486339781433344e-01
6.903216969221830368e-01
7.232390688732266426e-01
6.727407791186124086e-01
6.658412849064916372e-01
8.282941170036792755e-01
7.865185958798974752e-01
8.371612930204719305e-01
7.995746291708201170e-01
7.985366950742900372e-01
7.945309279020875692e-01
6.848095369059592485e-01
7.243071580305695534e-01
7.482489028479903936e-01
6.980599979870021343e-01
6.347700511105358601e-01
8.468463551253080368e-01
7.148257249500602484e-01
7.060095400083810091e-01
8.441333100199699402e-01
7.665158128365874290e-01
9.358575239311903715e-01
8.391650540288537741e-01
7.901531308889389038e-01
1.010367552051320672e+00
8.124118989799171686e-01
7.659410149790346622e-01
1.000244656112045050e+00
7.455446978565305471e-01
8.876569110434502363e-01
6.759452880360186100e-01
8.251307350583374500e-01
6.931722469162195921e-01
7.206914511043578386e-01
6.564006051048636436e-01
6.744285789318382740e-01
6.976613299921154976e-01
6.758931910153478384e-01
7.451747299637645483e-01
1.025543855968862772e+00
7.774114659987390041e-01
7.782414120156317949e-01
7.560395312029868364e-01
8.251543650403618813e-01
7.028825201559811831e-01
7.074197940528392792e-01
7.320210551843047142e-01
7.105976119637489319e-01
6.834208189975470304e-01
6.775473721791058779e-01
7.133204909041523933e-01
7.203434589318931103e-01
6.939690511208027601e-01
8.798744990490376949e-01
9.019397529773414135e-01
6.668776909355074167e-01
9.123720549978315830e-01
7.537930021062493324e-01
1.043906184844672680e+00
9.470693832263350487e-01
1.011954024899750948e+00
8.212838589679449797e-01
4.990130129735916853e-01
8.368235339876264334e-01
7.161245981696993113e-01
6.650989260524511337e-01
7.177898189984261990e-01
9.158162991516292095e-01
6.609976419713348150e-01
8.915012069046497345e-01
7.355467739980667830e-01
9.318884618114680052e-01
6.998254898935556412e-01
6.611029179766774178e-01
4.934606330934911966e-01
8.208467459771782160e-01
8.402238020207732916e-01
1.044687777059152722e+00
9.895769199356436729e-01
8.271294261794537306e-01
7.782127170357853174e-01
9.069781887810677290e-01
7.364529951009899378e-01
8.742848380934447050e-01
9.114518209826201200e-01
6.819794410839676857e-01
7.204573419876396656e-01
6.648659538477659225e-01
5.006089690141379833e-01
7.524233581498265266e-01
8.568379341159015894e-01
6.783247839193791151e-01
1.022423967020586133e+00
7.320452348794788122e-01
7.443647410254925489e-01
9.453147440217435360e-01
7.667251501698046923e-01
7.673476040363311768e-01
7.093358009587973356e-01
6.779747339896857738e-01
8.748059021309018135e-01
6.523932029958814383e-01
7.327984981238842010e-01
6.018351900856941938e-01
8.432967730332165956e-01
7.243871940299868584e-01
7.195816989988088608e-01
6.470421918202191591e-01
8.257427180651575327e-01
7.998263437766581774e-01
8.004316019359976053e-01
7.885624838527292013e-01
7.784241959452629089e-01
7.883076199796050787e-01
9.506610541138797998e-01
7.321219800505787134e-01
6.065035781357437372e-01
7.038396969437599182e-01
6.770583561155945063e-01
7.319735020864754915e-01
8.943163140211254358e-01
9.093549919780343771e-01
6.856770410668104887e-01
7.510109839495271444e-01
9.109740632120519876e-01
6.653772459831088781e-01
7.943484720308333635e-01
1.014325530966743827e+00
8.210897131357342005e-01
8.398218040820211172e-01
8.033230479341000319e-01
7.701973649673163891e-01
9.558058900292962790e-01
7.509959428571164608e-01
6.766339528840035200e-01
7.277589640580117702e-01
8.291846930515021086e-01
6.888266960158944130e-01
7.362749439198523760e-01
9.492839518934488297e-01
9.671625150367617607e-01
9.973118929192423820e-01
8.533431210089474916e-01
9.355798449832946062e-01
6.252019109670072794e-01
1.137745112180709839e+00
8.309612579178065062e-01
9.182015350088477135e-01
1.011982733150944114e+00
8.108348490204662085e-01
8.230154279153794050e-01
7.434177868999540806e-01
8.195778140798211098e-01
8.246701420284807682e-01
9.198261389974504709e-01
9.373189900070428848e-01
7.334538449067622423e-01
7.175570090766996145e-01
8.397527600172907114e-01
8.573876610025763512e-01
8.534872180316597223e-01
8.763646481093019247e-01
8.176939170807600021e-01
9.048086139373481274e-01
1.025451689958572388e+00
7.200269440654665232e-01
7.351793888956308365e-01
7.294816619250923395e-01
7.115622421260923147e-01
7.252545701339840889e-01
7.298235751222819090e-01
1.023118413984775543e+00
7.986021239776164293e-01
9.297868460416793823e-01
7.947327969595789909e-01
9.143263548612594604e-01
8.532421251293271780e-01
7.835158170200884342e-01
9.297704538330435753e-01
1.038747212849557400e+00
8.286145750898867846e-01
8.247407679446041584e-01
8.258110389579087496e-01
7.752453889697790146e-01
7.947949310764670372e-01
1.011111970990896225e+00
7.615714611019939184e-01
6.888286010362207890e-01
6.938882679678499699e-01
7.499271889682859182e-01
7.356341260019689798e-01
7.917713189963251352e-01
7.973043718375265598e-01
8.376766128931194544e-01
9.986068089492619038e-01
7.882451941259205341e-01
9.645035231951624155e-01
6.897638090886175632e-01
6.805774960666894913e-01
7.172041109297424555e-01
8.912994021084159613e-01
6.936061109881848097e-01
7.368480979930609465e-01
9.235463971272110939e-01
6.699304641224443913e-01
8.719076928682625294e-01
9.669488649815320969e-01
6.662836980540305376e-01
7.339264901820570230e-01
9.787102760747075081e-01
5.592833308037370443e-01
9.879935681819915771e-01
7.750419029034674168e-01
7.168022128753364086e-01
6.870554040651768446e-01
6.944875800982117653e-01
8.541043389122933149e-01
7.100951829925179482e-01
6.811838969588279724e-01
6.777153229340910912e-01
7.155781188048422337e-01
8.616350828669965267e-01
6.836393249686807394e-01
7.498504039831459522e-01
7.779265251010656357e-01
7.550752521492540836e-01
8.100850949995219707e-01
9.229410609696060419e-01
7.790072259958833456e-01
7.256927730049937963e-01
9.999299459159374237e-01
8.958207122050225735e-01
8.272544841747730970e-01
7.039911909960210323e-01
6.501254620961844921e-01
6.999321959447115660e-01
6.984979079570621252e-01
6.576556409709155560e-01
6.767705657985061407e-01
7.491346679162234068e-01
8.760424901265650988e-01
8.826660069171339273e-01
8.118222260382026434e-01
1.015301311854273081e+00
1.012628160882741213e+00
1.037242390913888812e+00
8.418660431634634733e-01
7.826871299184858799e-01
6.410555639304220676e-01
6.781688670162111521e-01
6.633669389411807060e-01
7.235991759225726128e-01
7.442961297929286957e-01
8.849036728497594595e-01
7.400470930151641369e-01
8.058686850126832724e-01
8.169817908201366663e-01
6.946450239047408104e-01
7.458972020540386438e-01
1.023738825926557183e+00
7.909738651942461729e-01
7.904175850562751293e-01
8.018982100766152143e-01
1.013276458950713277e+00
7.848373858723789454e-01
6.977266250178217888e-01
7.091590310446918011e-01
7.506213549058884382e-01
7.497752190101891756e-01
6.494875268545001745e-01
8.857004060409963131e-01
6.886311359703540802e-01
6.852801039349287748e-01
7.408016629051417112e-01
6.731879031285643578e-01
6.764235699083656073e-01
7.569013731554150581e-01
7.906665650662034750e-01
7.677560329902917147e-01
7.340062840376049280e-01
8.020296520553529263e-01
1.004577786894515157e+00
7.675487122032791376e-01
9.079954850021749735e-01
6.716647481080144644e-01
6.893065092153847218e-01
7.119304491207003593e-01
7.205149750225245953e-01
7.516472970601171255e-01
7.500223407987505198e-01
6.752866262104362249e-01
6.769520801026374102e-01
1.003196333069354296e+00
8.390960670076310635e-01
9.695864890236407518e-01
7.782792830839753151e-01
9.396396330557763577e-01
1.037497248034924269e+00
6.429538531228899956e-01
7.252936731092631817e-01
6.378701399080455303e-01
7.411508171353489161e-01
8.945574529934674501e-01
8.697614250704646111e-01
5.961327920667827129e-01
7.472589588724076748e-01
7.008665739558637142e-01
9.075332260690629482e-01
9.137153548654168844e-01
9.366800899151712656e-01
8.403593930415809155e-01
7.016198108904063702e-01
8.115730828139930964e-01
8.225871920585632324e-01
8.439052461180835962e-01
7.675748539622873068e-01
6.964254959020763636e-01
6.818094251211732626e-01
7.273688900750130415e-01
8.640597569756209850e-01
7.485471179243177176e-01
9.052080949768424034e-01
8.718435410410165787e-01
6.865500519052147865e-01
7.143855448812246323e-01
6.938230099622160196e-01
7.618159928824752569e-01
8.337418988812714815e-01
7.449060659855604172e-01
8.102896248456090689e-01
1.033805514918640256e+00
8.127366839908063412e-01
7.892332451883703470e-01
8.904275761451572180e-01
7.266587109770625830e-01
7.622996850404888391e-01
6.841425038874149323e-01
6.571857649832963943e-01
6.713271038606762886e-01
8.840851490385830402e-01
6.961531459819525480e-01
6.970287230797111988e-01
6.800592499785125256e-01
7.426692009903490543e-01
8.199493160936981440e-01
7.034394049551337957e-01
7.333310099784284830e-01
1.013170880964025855e+00
8.132326549384742975e-01
1.012589270947501063e+00
9.615642931312322617e-01
6.558442739769816399e-01
8.958581078331917524e-01
8.814105270430445671e-01
7.038429090753197670e-01
6.959124128334224224e-01
6.775636170059442520e-01
7.172570799011737108e-01
9.061704149935394526e-01
8.967926811892539263e-01
1.023356026969850063e+00
7.787156130652874708e-01
1.000514540122821927e+00
7.776051459368318319e-01
9.998384169302880764e-01
7.988842779304832220e-01
8.935034610331058502e-01
8.904948369599878788e-01
6.389616460073739290e-01
7.275426699779927731e-01
7.071530041284859180e-01
7.452538171783089638e-01
8.716630029957741499e-01
7.152570078615099192e-01
9.099895220715552568e-01
8.571785311214625835e-01
7.161952708847820759e-01
6.954881448764353991e-01
8.081803959794342518e-01
9.229626539163291454e-01
7.618891850579530001e-01
6.786975020077079535e-01
7.857636229600757360e-01
7.869323131162673235e-01
7.699918670114129782e-01
9.152601570822298527e-01
8.419868210330605507e-01
6.759370660874992609e-01
8.122187948320060968e-01
6.533579581882804632e-01
6.849584709852933884e-01
7.158959580119699240e-01
7.273527369834482670e-01
7.208787531126290560e-01
8.463302329182624817e-01
7.965440431144088507e-01
7.956186521332710981e-01
7.887301840819418430e-01
8.327887440100312233e-01
7.173101729713380337e-01
8.009778640698641539e-01
6.980338329449295998e-01
7.067814609035849571e-01
7.527816761285066605e-01
9.022733550518751144e-01
6.891927928663790226e-01
7.025800780393183231e-01
7.510510131251066923e-01
8.712864150293171406e-01
7.022851270157843828e-01
6.855979268439114094e-01
7.898410868365317583e-01
1.019188751000910997e+00
9.985116568859666586e-01
1.029891907935962081e+00
8.344389209523797035e-01
9.137776109855622053e-01
7.519968778360635042e-01
7.044850490055978298e-01
6.937252199277281761e-01
6.883732629939913750e-01
6.825390439480543137e-01
6.253719611559063196e-01
7.099811451043933630e-01
7.440128328744322062e-01
6.612882730551064014e-01
7.218529130332171917e-01
6.693225509952753782e-01
7.229174580425024033e-01
8.095594618935137987e-01
7.988531659357249737e-01
8.290315361227840185e-01
9.744781830813735723e-01
9.406575730536133051e-01
1.018196527846157551e+00
8.496634180191904306e-01
7.295941640622913837e-01
6.153590749017894268e-01
7.127132148016244173e-01
6.739568898919969797e-01
7.409503438975661993e-01
6.778705660253763199e-01
7.322235389146953821e-01
7.198660077992826700e-01
6.480108909308910370e-01
9.095553660299628973e-01
7.957123548258095980e-01
7.941620820201933384e-01
1.018517534015700221e+00
7.205431170295923948e-01
7.850389841478317976e-01
7.746636928059160709e-01
8.956599980592727661e-01
7.084782051388174295e-01
9.089081839192658663e-01
6.551815229468047619e-01
8.664148130919784307e-01
7.490421079564839602e-01
7.465930781327188015e-01
7.189264111220836639e-01
8.711192379705607891e-01
7.001265899743884802e-01
7.320390960667282343e-01
6.821799981407821178e-01
7.520132840145379305e-01
7.486859539058059454e-01
1.004146598977968097e+00
8.160202128347009420e-01
1.004142892081290483e+00
7.954795819241553545e-01
7.543758240062743425e-01
6.779366680420935154e-01
7.423854449298232794e-01
7.042625409085303545e-01
6.854238910600543022e-01
6.973185201641172171e-01
6.727742450311779976e-01
6.779694641008973122e-01
6.958254158962517977e-01
7.463197028264403343e-01
9.389194189570844173e-01
7.604484860785305500e-01
8.065110680181533098e-01
7.186692180112004280e-01
1.039208248956128955e+00
7.590908759739249945e-01
9.732660630252212286e-01
8.490245779976248741e-01
6.363715040497481823e-01
6.835034999530762434e-01
7.224096190184354782e-01
6.659126109443604946e-01
8.197556289378553629e-01
8.277588288765400648e-01
6.947267379146069288e-01
6.422188649885356426e-01
7.153723188675940037e-01
6.901063399855047464e-01
9.164137630723416805e-01
7.473341778386384249e-01
7.505450791213661432e-01
9.394920729100704193e-01
7.401522300206124783e-01
1.027611154131591320e+00
7.270760959945619106e-01
5.578270750120282173e-01
7.099923409987241030e-01
9.060814620461314917e-01
7.233317319769412279e-01
6.803774069994688034e-01
6.988677668850868940e-01
9.058678250294178724e-01
6.810868110042065382e-01
7.388982041738927364e-01
6.609088468831032515e-01
7.352933571673929691e-01
7.656081549357622862e-01
8.027435110416263342e-01
8.119363780133426189e-01
1.014205307001248002e+00
8.023494021035730839e-01
7.709684618748724461e-01
8.141341020818799734e-01
7.001216260250657797e-01
6.684287160169333220e-01
6.906218568328768015e-01
8.496019409503787756e-01
8.693787530064582825e-01
9.156540441326797009e-01
7.200426550116389990e-01
7.002857180777937174e-01
7.107159090228378773e-01
7.808520188555121422e-01
9.623712080065160990e-01
9.171412428840994835e-01
7.600834139157086611e-01
9.039634398650377989e-01
9.258026739116758108e-01
8.085902300663292408e-01
9.000301680061966181e-01
7.266022390685975552e-01
6.551222971174865961e-01
6.906948259565979242e-01
8.423829539678990841e-01
6.470753140747547150e-01
7.264078431762754917e-01
7.175212008878588676e-01
7.439690090250223875e-01
7.895197581965476274e-01
9.457404101267457008e-01
7.898500699084252119e-01
8.143333059269934893e-01
7.806222280487418175e-01
8.256036650855094194e-01
9.504167700652033091e-01
9.183189000468701124e-01
6.493836559820920229e-01
9.100226268637925386e-01
9.004879679996520281e-01
9.048105350229889154e-01
7.429501779843121767e-01
6.594480681233108044e-01
6.601405651308596134e-01
6.760581710841506720e-01
9.915433139540255070e-01
7.913152109831571579e-01
7.254380939994007349e-01
8.021656521596014500e-01
9.568824451416730881e-01
7.799610788933932781e-01
7.475453440565615892e-01
8.920609899796545506e-01
8.686278099194169044e-01
8.757566430140286684e-01
6.412902500014752150e-01
8.239591841120272875e-01
8.569639858324080706e-01
7.372576629277318716e-01
7.086476760450750589e-01
7.597691980190575123e-01
9.999159870203584433e-01
9.348639491945505142e-01
9.659882730338722467e-01
7.781102899461984634e-01
7.379312699194997549e-01
7.558292918838560581e-01
9.022271579597145319e-01
6.880648389924317598e-01
8.658432739321142435e-01
6.889443278778344393e-01
6.830103169195353985e-01
7.428313021082431078e-01
6.877405080012977123e-01
6.973909479565918446e-01
7.093362030573189259e-01
6.968643500003963709e-01
7.268712129443883896e-01
6.593230520375072956e-01
9.999194240663200617e-01
8.012988429982215166e-01
9.020737430546432734e-01
9.774130929727107286e-01
7.036049780435860157e-01
7.264630801510065794e-01
7.608538127969950438e-01
7.030707520898431540e-01
6.862651519477367401e-01
6.802728311158716679e-01
8.564366269856691360e-01
8.647326040081679821e-01
7.263868809677660465e-01
6.044474910013377666e-01
6.601937001105397940e-01
6.787588961888104677e-01
5.746737511362880468e-01
6.905051250942051411e-01
7.683146689087152481e-01
9.251621558796614408e-01
8.137777098454535007e-01
7.351485439576208591e-01
7.153758769854903221e-01
7.899003049824386835e-01
9.530694161076098680e-01
7.302477620542049408e-01
6.434537919703871012e-01
6.958411061204969883e-01
8.397890869528055191e-01
6.804268900305032730e-01
6.976698101498186588e-01
7.295027330983430147e-01
6.971688098274171352e-01
6.032071488443762064e-01
7.296424768865108490e-01
9.944812641479074955e-01
7.697560910601168871e-01
8.039905701298266649e-01
7.032817690633237362e-01
7.374927129130810499e-01
7.677581280004233122e-01
8.247864078730344772e-01
6.452664099633693695e-01
6.596627649851143360e-01
6.843264230992645025e-01
8.906672338489443064e-01
8.518294440582394600e-01
8.367819380946457386e-01
6.793716198299080133e-01
7.988424010109156370e-01
8.125838290434330702e-01
6.996881740633398294e-01
6.835762739647179842e-01
6.307119040284305811e-01
7.708055991679430008e-01
8.126817320007830858e-01
1.014689116040244699e+00
8.014508800115436316e-01
8.291089660488069057e-01
7.038264758884906769e-01
6.897968840785324574e-01
7.049544630572199821e-01
9.037669310346245766e-01
6.934119851794093847e-01
7.482320200651884079e-01
6.972068389877676964e-01
6.960088938940316439e-01
7.216899478808045387e-01
6.265395190566778183e-01
6.848900490440428257e-01
7.625345010310411453e-01
8.268755411263555288e-01
7.349223969504237175e-01
9.470760219264775515e-01
9.371510010678321123e-01
9.571988969109952450e-01
8.563297400251030922e-01
6.744035349693149328e-01
6.924807690083980560e-01
8.190442649647593498e-01
8.682200179900974035e-01
6.788714381400495768e-01
8.979730450082570314e-01
6.620386207941919565e-01
7.133636728394776583e-01
9.192613249178975821e-01
8.721186439506709576e-01
6.743256389163434505e-01
9.423570029903203249e-01
9.750989777967333794e-01
7.771729019004851580e-01
7.887315331026911736e-01
7.648657059762626886e-01
8.271445618011057377e-01
7.394865739624947309e-01
6.720792129635810852e-01
6.801057660486549139e-01
7.170597100630402565e-01
6.218450260348618031e-01
6.396053829230368137e-01
8.206370091065764427e-01
7.160253310576081276e-01
9.215274390298873186e-01
7.175082671456038952e-01
7.981496260035783052e-01
7.658634108956903219e-01
8.105124558787792921e-01
7.903371229767799377e-01
1.005284141981974244e+00
8.267646781168878078e-01
7.895940248854458332e-01
4.451855008956044912e-01
6.887177689932286739e-01
6.920949460472911596e-01
7.171975448727607727e-01
6.462704911828041077e-01
6.966195881832391024e-01
6.602986920624971390e-01
6.426285938359797001e-01
7.255819109268486500e-01
7.035004869103431702e-01
6.532341120764613152e-01
7.471741219051182270e-01
8.117586409207433462e-01
1.000660479068756104e+00
7.679581369739025831e-01
7.677144447807222605e-01
9.773845151066780090e-01
9.441339659970253706e-01
6.624386329203844070e-01
8.761450499296188354e-01
6.147677109111100435e-01
8.586595768574625254e-01
9.064572458155453205e-01
6.629371840972453356e-01
7.232442460954189301e-01
7.015834350604563951e-01
6.311287230346351862e-01
6.430877009406685829e-01
7.865527090616524220e-01
9.555321109946817160e-01
7.329095911700278521e-01
8.112202398478984833e-01
9.892299131024628878e-01
7.466405839659273624e-01
7.875623442232608795e-01
7.231108041014522314e-01
6.924624522216618061e-01
7.070675368886440992e-01
7.055581321474164724e-01
7.194474181160330772e-01
6.972316890023648739e-01
6.549038779921829700e-01
8.120067468844354153e-01
7.073625258635729551e-01
9.139401081483811140e-01
8.032515740487724543e-01
6.955563169904053211e-01
7.677139949519187212e-01
7.535770500544458628e-01
1.005497867008671165e+00
8.866762199904769659e-01
9.841144550591707230e-01
8.182804728858172894e-01
7.261316981166601181e-01
8.915664390660822392e-01
6.969762269873172045e-01
6.841791539918631315e-01
8.552673947997391224e-01
6.260756109841167927e-01
7.086449889466166496e-01
8.630888299085199833e-01
6.663114139810204506e-01
7.177009170409291983e-01
6.656593210063874722e-01
7.569122491404414177e-01
1.008640885120257735e+00
7.879286170937120914e-01
7.355374360922724009e-01
7.777308868244290352e-01
7.140247370116412640e-01
7.817640020512044430e-01
6.736170121002942324e-01
6.914419059175997972e-01
7.434717840515077114e-01
7.261077701114118099e-01
8.528071460314095020e-01
8.949652379378676414e-01
7.036536289379000664e-01
7.357816970907151699e-01
9.125097109936177731e-01
6.505485770758241415e-01
7.064411519095301628e-01
8.098687990568578243e-01
6.178389037959277630e-01
7.689283350482583046e-01
7.209867909550666809e-01
9.523997609503567219e-01
7.375089109409600496e-01
4.569652411155402660e-01
6.795094090048223734e-01
6.743002529256045818e-01
7.403100098017603159e-01
6.759066730737686157e-01
7.380084011238068342e-01
6.672495468519628048e-01
6.937405948992818594e-01
6.915884651243686676e-01
6.653138031251728535e-01
8.559716017916798592e-01
6.405830071307718754e-01
8.329522400163114071e-01
7.154417280107736588e-01
9.384609619155526161e-01
7.911400541197508574e-01
7.724528980907052755e-01
8.303141288924962282e-01
9.012960509862750769e-01
7.224412111099809408e-01
8.206977560184895992e-01
7.097593219950795174e-01
6.747568030841648579e-01
7.028905188199132681e-01
6.667045680806040764e-01
7.126726040150970221e-01
6.833416512235999107e-01
6.633932720869779587e-01
6.671630421187728643e-01
8.046130849979817867e-01
9.924443040508776903e-01
7.589867440983653069e-01
7.597671430557966232e-01
9.926333460025489330e-01
9.900947471614927053e-01
6.674813989084213972e-01
7.523698741570115089e-01
6.744238778483122587e-01
6.522115929983556271e-01
7.087297430261969566e-01
8.399752229452133179e-01
6.776700660120695829e-01
6.554077509790658951e-01
6.573727261275053024e-01
6.815934891346842051e-01
6.811975101009011269e-01
7.068657251074910164e-01
7.795045038219541311e-01
7.601975710131227970e-01
7.804756551049649715e-01
7.827018690295517445e-01
8.042562508489936590e-01
8.053781881462782621e-01
9.628488840535283089e-01
7.047029749955981970e-01
6.846736499574035406e-01
8.130802200175821781e-01
7.368977388832718134e-01
7.348300649318844080e-01
7.070306269451975822e-01
7.021079477854073048e-01
7.432759511284530163e-01
7.363651599735021591e-01
7.612302238121628761e-01
1.036820817040279508e+00
9.715679509099572897e-01
7.706701189745217562e-01
1.013408639933913946e+00
7.914712480269372463e-01
7.744627739302814007e-01
7.089750990271568298e-01
8.531475430354475975e-01
6.927852469962090254e-01
6.834644279442727566e-01
7.097521910909563303e-01
8.188999451231211424e-01
7.377977028954774141e-01
7.272606620099395514e-01
6.424377351067960262e-01
6.722238759975880384e-01
7.269036311190575361e-01
9.774467730894684792e-01
8.286659768782556057e-01
8.125474569387733936e-01
7.808851969894021749e-01
1.003888193983584642e+00
9.247395549900829792e-01
7.646366329863667488e-01
6.897806259803473949e-01
9.036596519872546196e-01
7.166578071191906929e-01
9.191606608219444752e-01
7.172225618269294500e-01
6.994196609593927860e-01
6.980348241049796343e-01
7.392625699285417795e-01
7.246049728710204363e-01
9.248904259875416756e-01
9.922310351394116879e-01
7.359003708697855473e-01
7.383138840086758137e-01
7.915343700442463160e-01
7.291171820834279060e-01
9.798587770201265812e-01
8.751826891675591469e-01
7.445973651483654976e-01
6.822534638922661543e-01
7.338766148313879967e-01
6.965814200229942799e-01
8.459797201212495565e-01
6.539421409834176302e-01
7.093154420144855976e-01
7.425268047954887152e-01
8.668157989159226418e-01
9.150522719137370586e-01
4.596901170443743467e-01
7.398853548802435398e-01
8.228876818902790546e-01
7.489629560150206089e-01
7.177300229668617249e-01
7.277405159547924995e-01
9.679625050630420446e-01
6.957347849383950233e-01
7.497363849543035030e-01
7.218768140301108360e-01
6.861298829317092896e-01
6.799086180981248617e-01
7.060902770608663559e-01
7.143338220193982124e-01
6.132911748718470335e-01
7.395096931140869856e-01
8.680763482116162777e-01
7.215035948902368546e-01
7.267916139680892229e-01
7.275069740135222673e-01
1.010523523902520537e+00
9.271403709426522255e-01
7.821612779516726732e-01
9.588950308971107006e-01
7.406863539945334196e-01
9.189705371391028166e-01
6.505837810691446066e-01
6.750828770454972982e-01
6.908393469639122486e-01
9.076562761329114437e-01
9.161580209620296955e-01
7.187586571089923382e-01
6.827391339465975761e-01
6.898245320189744234e-01
7.448640461079776287e-01
7.003542198799550533e-01
9.718733078334480524e-01
7.392031489871442318e-01
1.013073095818981528e+00
8.139447760768234730e-01
7.934928550384938717e-01
7.809849111363291740e-01
9.051715899258852005e-01
6.483167679980397224e-01
9.184086979366838932e-01
6.593646570108830929e-01
7.090386429335922003e-01
6.953724939376115799e-01
8.614912850316613913e-01
7.098367549479007721e-01
7.370582579169422388e-01
8.371459471527487040e-01
7.177992460783571005e-01
7.606503099668771029e-01
7.605453131254762411e-01
8.274648899678140879e-01
7.925617340952157974e-01
7.835289810318499804e-01
6.905637939926236868e-01
6.400015240069478750e-01
8.599570468068122864e-01
6.915652169845998287e-01
8.470227059442549944e-01
7.192715050186961889e-01
8.427431471645832062e-01
7.046575120184570551e-01
9.014976359903812408e-01
7.073929652106016874e-01
6.162145480047911406e-01
8.928278938401490450e-01
7.284682618919759989e-01
8.058403199538588524e-01
7.511298460885882378e-01
7.402106099762022495e-01
8.306094838771969080e-01
8.312972669955343008e-01
9.866307298652827740e-01
8.608857879880815744e-01
7.188490999396890402e-01
6.666231560520827770e-01
6.511926050297915936e-01
6.863727010786533356e-01
7.078928558621555567e-01
6.920388790313154459e-01
7.076195219997316599e-01
6.345009200740605593e-01
6.670549451373517513e-01
6.600128239952027798e-01
7.619999239686876535e-01
8.315940611064434052e-01
1.019395152106881142e+00
9.865492589306086302e-01
8.279473218135535717e-01
9.754260240588337183e-01
8.654341809451580048e-01
6.862074511591345072e-01
8.524927748367190361e-01
6.982196050230413675e-01
9.104063550475984812e-01
7.121403648052364588e-01
7.181067049968987703e-01
6.712641208432614803e-01
8.213696461170911789e-01
4.938451959751546383e-01
7.213695370592176914e-01
7.171355178579688072e-01
8.329748401883989573e-01
6.748176070395857096e-01
8.041827110573649406e-01
8.312324229627847672e-01
8.083993990439921618e-01
9.420707661192864180e-01
6.696421860251575708e-01
6.765233019832521677e-01
9.131849019322544336e-01
7.210177162196487188e-01
9.128336571156978607e-01
7.063504881225526333e-01
6.885205351281911135e-01
8.646210010629147291e-01
6.554874260909855366e-01
6.605608628597110510e-01
6.803309689275920391e-01
7.920263740234076977e-01
7.491126810200512409e-01
8.054936968255788088e-01
8.168158722110092640e-01
7.527119440492242575e-01
7.366154419723898172e-01
7.704310058616101742e-01
9.179696780629456043e-01
7.283032648265361786e-01
6.454521429259330034e-01
7.239544298499822617e-01
7.498482449445873499e-01
6.363531248643994331e-01
9.230126251932233572e-01
6.997253440786153078e-01
6.908246921375393867e-01
8.047673429828137159e-01
7.154872780665755272e-01
8.031651310157030821e-01
7.291625260841101408e-01
7.703403518535196781e-01
7.930525308474898338e-01
7.771715449634939432e-01
7.179428290110081434e-01
7.121713059023022652e-01
6.635326331015676260e-01
8.403644019272178411e-01
8.367759638931602240e-01
7.402111941482871771e-01
7.083682841621339321e-01
8.738268648739904165e-01
6.784125990234315395e-01
7.094103579875081778e-01
4.998816188890486956e-01
7.632303878199309111e-01
8.283732349518686533e-01
7.815696131438016891e-01
1.000219040783122182e+00
9.492728691548109055e-01
8.025279089342802763e-01
7.377380309626460075e-01
7.108755819499492645e-01
7.227901618462055922e-01
6.591563529800623655e-01
7.141084840986877680e-01
7.284990670159459114e-01
9.166009500622749329e-01
8.789023170247673988e-01
6.922185451257973909e-01
9.164420880842953920e-01
8.776208988856524229e-01
7.719962128903716803e-01
9.583813140634447336e-01
6.963597650174051523e-01
1.027177189011126757e+00
6.424676731694489717e-01
7.708911029621958733e-01
6.751719228923320770e-01
7.301560200285166502e-01
6.226549569983035326e-01
8.952574790455400944e-01
6.659688188228756189e-01
9.147421671077609062e-01
9.057870460674166679e-01
7.312633669935166836e-01
7.254996278788894415e-01
7.085535840597003698e-01
6.648388612084090710e-01
7.245074040256440639e-01
9.561699908226728439e-01
8.018629979342222214e-01
7.799529051408171654e-01
8.029940358828753233e-01
9.862388060428202152e-01
7.476194989867508411e-01
9.065065819304436445e-01
7.052122789900749922e-01
6.877069228794425726e-01
8.766792879905551672e-01
6.168454040307551622e-01
6.149182110093533993e-01
9.137633889913558960e-01
9.000077168457210064e-01
7.196199849713593721e-01
6.835857001133263111e-01
8.068105170968919992e-01
8.290616138838231564e-01
8.109100421424955130e-01
9.330440300982445478e-01
7.692245529033243656e-01
7.707193829119205475e-01
9.682951951399445534e-01
8.787926048971712589e-01
8.990590339526534081e-01
6.580097589176148176e-01
6.842042310163378716e-01
8.717521780636161566e-01
6.940589949954301119e-01
8.966552331112325191e-01
6.907201029825955629e-01
6.937140219379216433e-01
8.906474770046770573e-01
7.302032639272511005e-01
7.367412359453737736e-01
1.013968504965305328e+00
6.733091331552714109e-01
7.718416089192032814e-01
7.791550031397491693e-01
7.476070940028876066e-01
7.578462418168783188e-01
7.480410290881991386e-01
7.026576439384371042e-01
8.700158500578254461e-01
7.237198310904204845e-01
9.076065979897975922e-01
6.928363139741122723e-01
7.060944659169763327e-01
7.017639980185776949e-01
6.479645320214331150e-01
8.698944961652159691e-01
7.799278229940682650e-01
8.034519199281930923e-01
8.301912678871303797e-01
9.600154818035662174e-01
8.426595230121165514e-01
8.858716769609600306e-01
9.072665390558540821e-01
6.863650011364370584e-01
8.809117751661688089e-01
8.792812740430235863e-01
8.792183129116892815e-01
6.377753689885139465e-01
7.168774909805506468e-01
7.354970821179449558e-01
7.120870898943394423e-01
6.689629589673131704e-01
9.698801590129733086e-01
7.434128541499376297e-01
6.618846720084547997e-01
8.305274990852922201e-01
8.131352199707180262e-01
9.935648690443485975e-01
8.051557720173150301e-01
9.022381061222404242e-01
6.404814689885824919e-01
6.363404330331832170e-01
7.207266688346862793e-01
6.607319661416113377e-01
7.388083341065794230e-01
9.128557490184903145e-01
6.441512231249362230e-01
6.654974210541695356e-01
7.437110668979585171e-01
9.093777870293706656e-01
7.821209169924259186e-01
9.280150460544973612e-01
9.493163491133600473e-01
7.907838760875165462e-01
7.405924468766897917e-01
9.386270230170339346e-01
8.669719428289681673e-01
8.752700882032513618e-01
8.929039919748902321e-01
8.842863540630787611e-01
8.615516158752143383e-01
8.478272678330540657e-01
6.907907421700656414e-01
6.820233161561191082e-01
8.170984240714460611e-01
6.653130250051617622e-01
7.535338159650564194e-01
8.138823008630424738e-01
7.399645040277391672e-01
7.725049399305135012e-01
7.829193929210305214e-01
7.826293450780212879e-01
7.390508719254285097e-01
7.381249519530683756e-01
6.647133079823106527e-01
8.071059379726648331e-01
9.059972800314426422e-01
8.857636051252484322e-01
9.087876779958605766e-01
6.689286539331078529e-01
6.939051640219986439e-01
6.758347619324922562e-01
9.078261260874569416e-01
6.846388580743223429e-01
7.411771859042346478e-01
1.041967653902247548e+00
9.458905200008302927e-01
9.840073569212108850e-01
7.221687058918178082e-01
7.628508289344608784e-01
7.357587909791618586e-01
6.589298108592629433e-01
7.114267020951956511e-01
7.098121079616248608e-01
7.436470950488001108e-01
9.160986391361802816e-01
6.846205829642713070e-01
9.122624509036540985e-01
6.911298560444265604e-01
7.060771589167416096e-01
7.191342010628432035e-01
7.182999011129140854e-01
7.407278630416840315e-01
7.714342761319130659e-01
7.808523240964859724e-01
7.394037591293454170e-01
8.153827039059251547e-01
6.808054868597537279e-01
6.515313088893890381e-01
7.359713511541485786e-01
8.505764431320130825e-01
9.173551390413194895e-01
6.868224828504025936e-01
6.937659820541739464e-01
8.886542299296706915e-01
8.382725471165031195e-01
8.875153809785842896e-01
7.400815261062234640e-01
9.209496660623699427e-01
8.056156970560550690e-01
9.814726810436695814e-01
7.590311469975858927e-01
7.484835730865597725e-01
8.028043659869581461e-01
9.912824661005288363e-01
7.539943449664860964e-01
9.169118651188910007e-01
6.669012231286615133e-01
8.810157200787216425e-01
6.998606971465051174e-01
8.138717550318688154e-01
9.154170299880206585e-01
7.033929622266441584e-01
9.070871330332010984e-01
7.703859519679099321e-01
7.915509559679776430e-01
7.604899120051413774e-01
7.827543220482766628e-01
8.047742249909788370e-01
7.600762299261987209e-01
7.496881210245192051e-01
6.654848500620573759e-01
7.397582998964935541e-01
6.367853349074721336e-01
7.154100481420755386e-01
7.307613010052591562e-01
6.754430690780282021e-01
6.678176650311797857e-01
6.935644501354545355e-01
8.876065029762685299e-01
8.856238829903304577e-01
6.935547629836946726e-01
7.030534141231328249e-01
7.174704938661307096e-01
7.918723628390580416e-01
7.482583839446306229e-01
9.272422019857913256e-01
7.058389650192111731e-01
7.590733899269253016e-01
7.586429039947688580e-01
8.800937680061906576e-01
8.061622178647667170e-01
8.779464249964803457e-01
7.125887840520590544e-01
8.693234219681471586e-01
6.687490870244801044e-01
6.455971850082278252e-01
6.856247310061007738e-01
8.578947908245027065e-01
4.433186601381748915e-01
8.691243859939277172e-01
7.475149999372661114e-01
6.612265601288527250e-01
9.484692979604005814e-01
8.271843839902430773e-01
8.253932420630007982e-01
8.290884790476411581e-01
7.241059090010821819e-01
6.528986219782382250e-01
6.693472389597445726e-01
8.861454329453408718e-01
6.815960891544818878e-01
8.651976319961249828e-01
7.336081680841743946e-01
8.361462031025439501e-01
4.408797209616750479e-01
7.187752539757639170e-01
6.659064320847392082e-01
6.479178559966385365e-01
6.779580309521406889e-01
7.827389070298522711e-01
8.328867340460419655e-01
7.812821320258080959e-01
1.003067543962970376e+00
9.576910219620913267e-01
7.930983039550483227e-01
9.185065620113164186e-01
7.460099910385906696e-01
7.174782210495322943e-01
8.686322809662669897e-01
8.490272518247365952e-01
8.510581348091363907e-01
7.480452130548655987e-01
6.369096760172396898e-01
7.112944179680198431e-01
6.867636668030172586e-01
8.299799959640949965e-01
9.834990648087114096e-01
7.375255080405622721e-01
1.024503241060301661e+00
7.722860991489142179e-01
7.913320029620081186e-01
6.840777620673179626e-01
6.996695161797106266e-01
7.038757822010666132e-01
8.495342519599944353e-01
7.097682908643037081e-01
6.838361921254545450e-01
6.689998551737517118e-01
8.945163309108465910e-01
7.407846939750015736e-01
6.753961700014770031e-01
9.087690098676830530e-01
7.014708449132740498e-01
7.206089550163596869e-01
8.048683521337807178e-01
7.254612860269844532e-01
1.001814210088923573e+00
1.034446928882971406e+00
9.587336170952767134e-01
9.966274320613592863e-01
6.881510259117931128e-01
7.471417649649083614e-01
8.149732539895921946e-01
9.051444279029965401e-01
6.803891470190137625e-01
7.409794719424098730e-01
8.603641928639262915e-01
7.393015301786363125e-01
7.355478249955922365e-01
8.545925610233098269e-01
7.968294760212302208e-01
8.162561580538749695e-01
7.189072540495544672e-01
9.822983068879693747e-01
9.417145028710365295e-01
1.004317603074014187e+00
7.039194589015096426e-01
7.290934501215815544e-01
6.469753070268779993e-01
6.776559590362012386e-01
7.463076068088412285e-01
6.623452370986342430e-01
6.658571320585906506e-01
6.829004189930856228e-01
6.320232329890131950e-01
7.169577390886843204e-01
6.159167559817433357e-01
6.748830331489443779e-01
9.480156910140067339e-01
7.917514878790825605e-01
7.839831081219017506e-01
7.062102667987346649e-01
8.315221229568123817e-01
8.047747851815074682e-01
9.777488738764077425e-01
6.729011561255902052e-01
6.929778920020908117e-01
6.868944349698722363e-01
6.946494239382445812e-01
7.231979919597506523e-01
9.040401137899607420e-01
7.034499221481382847e-01
8.568341869395226240e-01
7.117790230549871922e-01
8.755490269977599382e-01
9.923275639303028584e-01
7.587697340641170740e-01
1.013466313015669584e+00
9.380320049822330475e-01
7.617134938482195139e-01
8.236454229336231947e-01
6.485951498616486788e-01
8.991313790902495384e-01
7.408747018780559301e-01
6.826988761313259602e-01
8.215462439693510532e-01
6.899956110864877701e-01
7.260817221831530333e-01
6.642020780127495527e-01
6.648505991324782372e-01
7.434683751780539751e-01
7.060409029945731163e-01
6.496547870337963104e-01
7.087283709552139044e-01
8.177206229884177446e-01
6.950134271755814552e-01
7.815098690334707499e-01
7.600940018892288208e-01
1.002623779932036996e+00
7.308088389690965414e-01
7.435982159804552794e-01
6.499063158407807350e-01
7.137442431412637234e-01
7.131696259602904320e-01
8.526578987948596478e-01
7.082562309224158525e-01
8.911013959441334009e-01
8.474263260141015053e-01
6.870822838973253965e-01
7.344776340760290623e-01
8.727044600527733564e-01
7.697151459287852049e-01
8.294711050111800432e-01
8.155606931541115046e-01
9.984718039631843567e-01
9.977516820654273033e-01
7.288484210148453712e-01
7.060509941074997187e-01
7.024366261903196573e-01
9.018836908508092165e-01
6.189799678977578878e-01
7.221543670166283846e-01
7.215889359358698130e-01
8.623372460715472698e-01
6.816963998135179281e-01
6.121243329253047705e-01
9.152790878433734179e-01
8.295589729677885771e-01
9.184984469320625067e-01
7.472342359833419323e-01
9.912509280256927013e-01
7.174140820279717445e-01
8.133549359627068043e-01
7.249497191514819860e-01
8.166121118701994419e-01
8.655131361447274685e-01
8.946145300287753344e-01
6.793209421448409557e-01
6.573216221295297146e-01
6.541408360935747623e-01
6.697750349994748831e-01
7.272633288521319628e-01
8.548446439672261477e-01
7.278432338498532772e-01
7.160049320664256811e-01
7.514295480214059353e-01
9.812340720091015100e-01
8.042994490824639797e-01
7.811019287910312414e-01
7.918697658460587263e-01
7.827537138946354389e-01
9.039233741350471973e-01
7.382889599539339542e-01
8.607573830522596836e-01
7.316004999447613955e-01
8.561196250375360250e-01
9.066101750358939171e-01
8.630204929504543543e-01
7.045942060649394989e-01
7.361338119953870773e-01
6.528815550263971090e-01
6.968830239493399858e-01
7.265061279758810997e-01
5.162432268261909485e-01
7.380618150345981121e-01
8.291841789614409208e-01
6.844963210169225931e-01
8.237341411877423525e-01
5.559118930250406265e-01
6.160230240784585476e-01
6.880061819683760405e-01
6.185277709737420082e-01
6.854080159682780504e-01
8.291177090723067522e-01
6.282273060642182827e-01
8.613800338935106993e-01
5.957084379624575377e-01
7.260675251018255949e-01
6.621125659439712763e-01
7.030743090435862541e-01
9.810223530512303114e-01
8.743583308532834053e-01
6.815468110144138336e-01
7.156525799073278904e-01
6.626870681066066027e-01
4.738492860924452543e-01
6.986128920689225197e-01
8.821068790275603533e-01
7.060260870493948460e-01
6.737032181117683649e-01
8.719237511977553368e-01
6.816562730818986893e-01
6.939650031272321939e-01
6.735494970344007015e-01
6.952226830180734396e-01
6.352754251565784216e-01
6.573466970585286617e-01
8.159563608933240175e-01
6.318791969679296017e-01
5.998536869883537292e-01
7.002714609261602163e-01
6.238331571221351624e-01
6.508316970430314541e-01
6.724729400593787432e-01
7.729002479463815689e-01
5.881416329648345709e-01
6.570693058893084526e-01
6.859406591393053532e-01
7.006936480756849051e-01
6.428625350818037987e-01
8.111633600201457739e-01
6.336894459091126919e-01
5.978177192155271769e-01
7.003715799655765295e-01
5.920762971509248018e-01
6.589019817765802145e-01
6.266722248401492834e-01
6.739762430079281330e-01
6.286274278536438942e-01
8.401681680697947741e-01
6.614272408187389374e-01
6.276235869154334068e-01
7.039009619038552046e-01
6.446042689494788647e-01
6.818907209672033787e-01
6.607424810063093901e-01
6.773946781177073717e-01
6.831003960687667131e-01
8.266819051932543516e-01
5.801432670559734106e-01
6.259839101694524288e-01
6.747279118280857801e-01
6.399665290955454111e-01
6.222344569396227598e-01
6.547789981123059988e-01
6.520304968580603600e-01
7.715734089724719524e-01
6.350166038610041142e-01
6.433186009526252747e-01
6.402764609083533287e-01
8.081011611502617598e-01
5.809607771225273609e-01
6.635572488885372877e-01
8.253782230895012617e-01
6.795652001164853573e-01
6.811116000171750784e-01
6.555632229428738356e-01
8.267490740399807692e-01
7.008531559258699417e-01
6.673100611660629511e-01
5.872808489948511124e-01
6.742504530120640993e-01
6.531602120958268642e-01
6.455456810072064400e-01
6.101865300443023443e-01
8.382248959969729185e-01
6.449346342124044895e-01
8.712416039779782295e-01
6.660496601834893227e-01
6.009966398123651743e-01
5.974400241393595934e-01
6.232537769246846437e-01
8.462064100895076990e-01
6.154790199361741543e-01
8.176854799967259169e-01
6.798001700080931187e-01
6.581529639661312103e-01
6.810216780286282301e-01
8.474706239067018032e-01
6.469975209329277277e-01
6.433000869583338499e-01
6.255799608770757914e-01
8.438077080063521862e-01
7.748038929421454668e-01
6.284137128386646509e-01
8.572429670020937920e-01
4.630528020206838846e-01
8.225716059096157551e-01
6.405680221505463123e-01
6.433655000291764736e-01
8.110004249028861523e-01
6.376341979485005140e-01
8.271665510255843401e-01
8.077208600006997585e-01
8.282063808292150497e-01
6.543780460488051176e-01
6.582049957942217588e-01
5.864798629190772772e-01
8.101151490118354559e-01
6.916412210557609797e-01
6.443420730065554380e-01
6.514730290509760380e-01
8.530489539261907339e-01
6.639301909599453211e-01
6.182552049867808819e-01
6.536453661974519491e-01
7.906231500674039125e-01
6.859442889690399170e-01
6.249343571253120899e-01
6.375709078274667263e-01
6.450661448761820793e-01
8.368395189754664898e-01
6.673238449729979038e-01
8.395001320168375969e-01
6.171393780969083309e-01
6.309939250349998474e-01
6.788735380396246910e-01
9.077924310695379972e-01
7.902330120559781790e-01
8.658887781202793121e-01
6.873136439826339483e-01
8.569100990425795317e-01
6.850492910016328096e-01
8.238439760170876980e-01
8.431242620572447777e-01
6.064141660463064909e-01
6.918541837949305773e-01
6.616979581303894520e-01
