1.004346293605394402e+00
1.003445827753450370e+00
1.001677685828108233e+00
1.001565452487217067e+00
9.940445354478224527e-01
9.950473883574061373e-01
9.935122891561730674e-01
9.945146805415475688e-01
9.945353151135588599e-01
9.957718069139332995e-01
9.948397453185501282e-01
9.953671349397019696e-01
9.954211416226603770e-01
9.966560866050908629e-01
9.964275990547578621e-01
1.000653202722459723e+00
1.000762472072472375e+00
1.000891390481732035e+00
1.000518572401863038e+00
1.000875149243017459e+00
9.991098629876712378e-01
9.996789875026483863e-01
9.991659652399570435e-01
9.994694855643319054e-01
1.002074392213683884e+00
1.015427380817274905e+00
1.031930431070726462e+00
1.054711573968863725e+00
1.069349893275790997e+00
1.083251476194716512e+00
1.093569143580834124e+00
1.095170093298803993e+00
1.104249517353629972e+00
1.115345063838459216e+00
1.127350173316889803e+00
1.144272428924546059e+00
1.163724452965130718e+00
1.182105142830054856e+00
1.186855838784526718e+00
1.204845824411552080e+00
1.230446830749932552e+00
1.253010248201425592e+00
1.276582056811728316e+00
1.285313391941499406e+00
1.309787262804817942e+00
1.330389408486302161e+00
1.350809950065721798e+00
1.379896972732142402e+00
1.395973079672653716e+00
1.411219293551387866e+00
1.412641657411716434e+00
1.399158877112083532e+00
1.386257766441149286e+00
1.377900550266478064e+00
1.364051161938128365e+00
1.374741428572222590e+00
1.384217142194193562e+00
1.395748202189655895e+00
1.376790473429484907e+00
1.380840808216537319e+00
1.374550255679190425e+00
1.372769704644216215e+00
1.365692092949255310e+00
1.360899171711448918e+00
1.367078712242294269e+00
1.354730442970492055e+00
1.353188757080039384e+00
1.345241061230624036e+00
1.355209592924203399e+00
1.330583501243550071e+00
1.323712754662073943e+00
1.307391439286316182e+00
1.279011867153060811e+00
1.286045820826650976e+00
1.271095472490883838e+00
1.266577548808762943e+00
1.276152913877705464e+00
1.297652344495452637e+00
1.285276741204884887e+00
1.285710260040928699e+00
1.266560491188610582e+00
1.267177126355877315e+00
1.258456633761716015e+00
1.261624151194950638e+00
1.239779540467053964e+00
1.228089292827873713e+00
1.214952730878940734e+00
1.208308570551559713e+00
1.211113738152920449e+00
1.189654591930593641e+00
1.190367796029984993e+00
1.188056720197056881e+00
1.177775288019457411e+00
1.159273912736853651e+00
1.178439218093786378e+00
1.177784172220414538e+00
1.177095283294738337e+00
1.198767108951057869e+00
1.190729385479615487e+00
1.195710909824791335e+00
1.199309433469889941e+00
1.199005108153534449e+00
1.167469556474653114e+00
1.177331125325804084e+00
1.182491019882839112e+00
1.180654401899301487e+00
1.176819194919488165e+00
1.184470241813835978e+00
1.207243310017252158e+00
1.216397093933743179e+00
1.233467570314952688e+00
1.225644712303003647e+00
1.235575358246460365e+00
1.245467122213300026e+00
1.248709690622597623e+00
1.266470488743245859e+00
1.255077781221033639e+00
1.251558272595067356e+00
1.262541289724117277e+00
1.260705057574700083e+00
1.260339714758340390e+00
1.283665555257535340e+00
1.274439074849889275e+00
1.284682622496464033e+00
1.279230932708580459e+00
1.275970660399601053e+00
1.256716635197312470e+00
1.252001060686505962e+00
1.262454728103880264e+00
1.282088816873432791e+00
1.288845882749393379e+00
1.285306633127466736e+00
1.271712673580941422e+00
1.264129589598497416e+00
1.274690888203961592e+00
1.270767797195347049e+00
1.285518297781016894e+00
1.288909433725900833e+00
1.275715103380242965e+00
1.271473988633078589e+00
1.259528424050499140e+00
1.273603225942926409e+00
1.293149569985808656e+00
1.306177392690849315e+00
1.308378313073316868e+00
1.304323603697819189e+00
1.306791645907071198e+00
1.303048144059977487e+00
1.280889571245129810e+00
1.276235541686044472e+00
1.279182763595046568e+00
1.292008340719739579e+00
1.301984918995805263e+00
1.287973862861736762e+00
1.282841497861595403e+00
1.280892421258676306e+00
1.298587920560278164e+00
1.307596810202774407e+00
1.299917027685197457e+00
1.296855722527314070e+00
1.297915618744230226e+00
1.308860975029908280e+00
1.309593979768647332e+00
1.302414775930136548e+00
1.299952814824451686e+00
1.287283154854485190e+00
1.282525026050054917e+00
1.280032447823625352e+00
1.257750906075072228e+00
1.237414492990686510e+00
1.244681823065378889e+00
1.232606578869678060e+00
1.231451773544034012e+00
1.243753468435190745e+00
1.270409718018315814e+00
1.264544103807384579e+00
1.267465517166667111e+00
1.287717500635376489e+00
1.300720203797031571e+00
1.301895824011713998e+00
1.306157767875948172e+00
1.311672821178336834e+00
1.326372324518486190e+00
1.329284665767135332e+00
1.313298942869040475e+00
1.299142664426247595e+00
1.278877074026318894e+00
1.281645276424459690e+00
1.302626960716291471e+00
1.314378671916068164e+00
1.328802012379673325e+00
1.311383155993798288e+00
1.328760419986527275e+00
1.370909175624736909e+00
1.393408026824565882e+00
1.399492253079296145e+00
1.397761640421760987e+00
1.405971354511433624e+00
1.390995016745642632e+00
1.391647086979363124e+00
1.405271214315065409e+00
1.402179551169993266e+00
1.404053052224074394e+00
1.386064863563308158e+00
1.368777964338228070e+00
1.381909399452164067e+00
1.366396277357612377e+00
1.354426135574871903e+00
1.359417885272908411e+00
1.366332333354098649e+00
1.383883902526838794e+00
1.399157215641203100e+00
1.393391034235205161e+00
1.376768363673631423e+00
1.385123022125008374e+00
1.373752374668384180e+00
1.385680202255836768e+00
1.388001840615351368e+00
1.370946163131653517e+00
1.367523159207809202e+00
1.358232562597242898e+00
1.378073741189065782e+00
1.370903815460144060e+00
1.407124722876623713e+00
1.386799626211744574e+00
1.368225651891351591e+00
1.376740187474087218e+00
1.347800261289208601e+00
1.372312590527625886e+00
1.376834279025180852e+00
1.362904191304706858e+00
1.368760644407029270e+00
1.371003539438660601e+00
1.377491633990187481e+00
1.378607840283617048e+00
1.370713400497286072e+00
1.369016060192255191e+00
1.355894212933872689e+00
1.385395384027852561e+00
1.376177978195952889e+00
1.376659185081765324e+00
1.372872308989527834e+00
1.344958691512689652e+00
1.345378978362480993e+00
1.346652406988384731e+00
1.349015250826172130e+00
1.337378748310955601e+00
1.335668795243222684e+00
1.322714708454770793e+00
1.340181530840548474e+00
1.342841515043550871e+00
1.358969646815859855e+00
1.386673105970097408e+00
1.386819258491896134e+00
1.408492820507933230e+00
1.412446561324795402e+00
1.409246225429879207e+00
1.393927662215258545e+00
1.397941049811041170e+00
1.409909496284829755e+00
1.421846739861714282e+00
1.406595401277296764e+00
1.409624883539552842e+00
1.386443741175085842e+00
1.394605256619012579e+00
1.385387208773267931e+00
1.397577205102710218e+00
1.411287147032992850e+00
1.387805288140586901e+00
1.378905716836062112e+00
1.389684786467639155e+00
1.367232000347605503e+00
1.388779637563988922e+00
1.360306683432962682e+00
1.331090353325993458e+00
1.327726926912039307e+00
1.301474186334486527e+00
1.290782380989766054e+00
1.269581916640154740e+00
1.271196033846860640e+00
1.269333742954471100e+00
1.270515872631464260e+00
1.269729595832912672e+00
1.265737501751058147e+00
1.267657730937254534e+00
1.267044104605667076e+00
1.287861754823853344e+00
1.285197849465232300e+00
1.284873203857835433e+00
1.291412657474355852e+00
1.328482301815900879e+00
1.317008856517446924e+00
1.326055258085077293e+00
1.334981526486701542e+00
1.339920978380723549e+00
1.335127521588930888e+00
1.341042328097871161e+00
1.317656643428915642e+00
1.341280810821016134e+00
1.347674696204397726e+00
1.352881537420556057e+00
1.354381410289364096e+00
1.346222973209943774e+00
1.364118977027807045e+00
1.343045013450037573e+00
1.367419241170610533e+00
1.360137860797087983e+00
1.377791666631464684e+00
1.353985416739965641e+00
1.357616944606487408e+00
1.336997218593221737e+00
1.327514200970271396e+00
1.322837855090241543e+00
1.340919263998943789e+00
1.346713339370729123e+00
1.322422081722487430e+00
1.332254241641917414e+00
1.325167795693489081e+00
1.325526888479957810e+00
1.335986347650973016e+00
1.348709974556834945e+00
1.347617096970147310e+00
1.359360004031322289e+00
1.363542259134248757e+00
1.358510631614992414e+00
1.387925058215901286e+00
1.415361703892878298e+00
1.440433000278309006e+00
1.444565561674413301e+00
1.447992232115717037e+00
1.435872314256749771e+00
1.441157144399965340e+00
1.423076540124694533e+00
1.441160790200139097e+00
1.438787178929982424e+00
1.456894384013595500e+00
1.461245533584915934e+00
1.479003442171042293e+00
1.458489720730278494e+00
1.458890036968479853e+00
1.461305490178387290e+00
1.465433573937424017e+00
1.461262644511591713e+00
1.448975852599813985e+00
1.420840083403375420e+00
1.405396491925907876e+00
1.405490741538960142e+00
1.409092832961547526e+00
1.394367712749039034e+00
1.404184525990473498e+00
1.396442556617740749e+00
1.363561583624316675e+00
1.342849066874868269e+00
1.337603938641430679e+00
1.344221472448906551e+00
1.347337384736970289e+00
1.352109761295380075e+00
1.375630640425078210e+00
1.379998635430772280e+00
1.378812115902812607e+00
1.373881894571430839e+00
1.388218261673031195e+00
1.389201039101032986e+00
1.414203283020367019e+00
1.390765469743739269e+00
1.401698834456430731e+00
1.406306282049970324e+00
1.389312061194442505e+00
1.394062750541881668e+00
1.412828397023714988e+00
1.399598619463869431e+00
1.403930648588944674e+00
1.403218879178954159e+00
1.428539898706931099e+00
1.420928548433124661e+00
1.390099717321000350e+00
1.408764447341957160e+00
1.419485242948605785e+00
1.423405740899905014e+00
1.415312199854697361e+00
1.398896022467897016e+00
1.397924359163746910e+00
1.394781933671009666e+00
1.388161594101982699e+00
1.387954101961546893e+00
1.397051636344118553e+00
1.371909252876804652e+00
1.392490462229806214e+00
1.399320519816190211e+00
1.417944751372505641e+00
1.422125570420106344e+00
1.415485153266048179e+00
1.453329538101292950e+00
1.483783747840949019e+00
1.513112327042599237e+00
1.517773514091837139e+00
1.491543218353147848e+00
1.504424993368956187e+00
1.493436172509239546e+00
1.517264718079821995e+00
1.520300707279267582e+00
1.541363160036916646e+00
1.527090319173772803e+00
1.544366974495198441e+00
1.543407394943528743e+00
1.561758674754072818e+00
1.559372634843661842e+00
1.555253529419321268e+00
1.552892028337708785e+00
1.547113075209247235e+00
1.542796058596293873e+00
1.571942149040232772e+00
1.551563644137722964e+00
1.540937386291329592e+00
1.515044699877364343e+00
1.495766820007545794e+00
1.488683401518818394e+00
1.482829087411006164e+00
1.484462091065672062e+00
1.443747385319932963e+00
1.462803636426164511e+00
1.473728859348325315e+00
1.431872033163971603e+00
1.431832492914898891e+00
1.433203138186762260e+00
1.438218927773959432e+00
1.441427201587144769e+00
1.431965764551672571e+00
1.409505451743649163e+00
1.426638956881152387e+00
1.426860013729934318e+00
1.428341069809059283e+00
1.398945655234588248e+00
1.402350131860395699e+00
1.425500416084605426e+00
1.417809691291162189e+00
1.403905302795175114e+00
1.384326230083437803e+00
1.378688698937770685e+00
1.395803810645853460e+00
1.407535244008323971e+00
1.402388262960923448e+00
1.379745615673713788e+00
1.362632311804069518e+00
1.376074307671977248e+00
1.358408078900107396e+00
1.358468278334299395e+00
1.372503540307853154e+00
1.372005147380938483e+00
1.377615730629301760e+00
1.379295781344528349e+00
1.337579394593257032e+00
1.344153490795258143e+00
1.336913828423640371e+00
1.338407907312835876e+00
1.354130619765890220e+00
1.351584805345669604e+00
1.378183035732318151e+00
1.387989165839075278e+00
1.364642808125509310e+00
1.363471580715768683e+00
1.369625249498917174e+00
1.381355314275837021e+00
1.380785876041329185e+00
1.365239763628846248e+00
1.347618955879340330e+00
1.368165979345578487e+00
1.371523645477742859e+00
1.368099331449070588e+00
1.371509635900545421e+00
1.385366061341510857e+00
1.395483402870191458e+00
1.394810411778130144e+00
1.411997941478866814e+00
1.405506924076771691e+00
1.417121080807254074e+00
1.419824359022193505e+00
1.422426085675234875e+00
1.404038386656290216e+00
1.408723308694684873e+00
1.385974144625303328e+00
1.390502594871494413e+00
1.406781893354122959e+00
1.391371096886392378e+00
1.396453232547599344e+00
1.403199089132118438e+00
1.397812781508308788e+00
1.410454030569297412e+00
1.408275997434216942e+00
1.430809011106780826e+00
1.437589356402511731e+00
1.407302686316013851e+00
1.401970905762416120e+00
1.382138980172170628e+00
1.376765483612782504e+00
1.378871654306998762e+00
1.379981887495631776e+00
1.392014149197976502e+00
1.381765421573972086e+00
1.381001447516403413e+00
1.372872617154473396e+00
1.369205495728751165e+00
1.373294538204295590e+00
1.395264783894971439e+00
1.389400230911282730e+00
1.400774554871893063e+00
1.390270070793141244e+00
1.378664255780354786e+00
1.358639803760565590e+00
1.346787499659471754e+00
1.343353890139459050e+00
1.340010660861920888e+00
1.338897361190520607e+00
1.337794022263940841e+00
1.330465700807863305e+00
1.336572666648962571e+00
1.345608098927686180e+00
1.346199539991499661e+00
1.377134885406559706e+00
1.396327040734798297e+00
1.382139484329500068e+00
1.374750400518356619e+00
1.374648203988743322e+00
1.359439346036520169e+00
1.357062337044426359e+00
1.360174700275494475e+00
1.366630382983462288e+00
1.368135043121276206e+00
1.385712986744785491e+00
1.364022212821853985e+00
1.361108261378280115e+00
1.366228899529582153e+00
1.346134317470118802e+00
1.367639643193931720e+00
1.389606274231576899e+00
1.377488216180450031e+00
1.373986842799425734e+00
1.373961114812180639e+00
1.355591710806893557e+00
1.355051571742604599e+00
1.367024580356980268e+00
1.367746068169625628e+00
1.367717262009094714e+00
1.364810021923866579e+00
1.331153715560733586e+00
1.354393920679368701e+00
1.359257673648891052e+00
1.356398114641744090e+00
1.351673267061860972e+00
1.352074941544441966e+00
1.368555751820463628e+00
1.396252142395544293e+00
1.385311434390498198e+00
1.368386170328145468e+00
1.371615586826423261e+00
1.377361730037045096e+00
1.364463961806513970e+00
1.371716714215712729e+00
1.378814444450103593e+00
1.364029605923136934e+00
1.373890884035624982e+00
1.396391006525049105e+00
1.379417354087861369e+00
1.400388873914016230e+00
1.414302455748704279e+00
1.411369740525984406e+00
1.419172948731857620e+00
1.429511000168421697e+00
1.406640326397147422e+00
1.423685133288957072e+00
1.399880431125551938e+00
1.397077528571101457e+00
1.400149039413659979e+00
1.413920534050929989e+00
1.419235196021982670e+00
1.413661976471294546e+00
1.404448547889369125e+00
1.423829733971699651e+00
1.430572604778540757e+00
1.456708124531614690e+00
1.441191586237712263e+00
1.443596125026023858e+00
1.444940436515975479e+00
1.435219911617402477e+00
1.420720962679259181e+00
1.407057484519597113e+00
1.385636520383704218e+00
1.411595681612199282e+00
1.400527103479815239e+00
1.393601676870823702e+00
1.392073569781020481e+00
1.392245419035624820e+00
1.391201593533093694e+00
1.431501286198355816e+00
1.413653128856813046e+00
1.431260675689109974e+00
1.442692565970780549e+00
1.465055656192853606e+00
1.462090986229937162e+00
1.448607314045743610e+00
1.419817751633214442e+00
1.420126814757737055e+00
1.419459660592633954e+00
1.412970170273569748e+00
1.397232957599358061e+00
1.399133340689362681e+00
1.395390946861577053e+00
1.393158632708014100e+00
1.389679158513132506e+00
1.404740531722987740e+00
1.416090540671312681e+00
1.419643101019588016e+00
1.401331264086797646e+00
1.398277499429430915e+00
1.390117654634294597e+00
1.398399714302762664e+00
1.386646812105091664e+00
1.391846293377037913e+00
1.369313165907335206e+00
1.386181460788226794e+00
1.377390933348120239e+00
1.370645272207873466e+00
1.342423092616143565e+00
1.340918775683235031e+00
1.346241015327901636e+00
1.342806943688081178e+00
1.356138110281308151e+00
1.344179759938551655e+00
1.359336090929246899e+00
1.348005283880110428e+00
1.349551325517759581e+00
1.381058610009439747e+00
1.364862655399577962e+00
1.378976329285275915e+00
1.368667189256429939e+00
1.364105185167342915e+00
1.382453046352393633e+00
1.384818585501960575e+00
1.392972089902702493e+00
1.384501229622819185e+00
1.353760549616406239e+00
1.388161156461573675e+00
1.389933555448544800e+00
1.404445604268452108e+00
1.408041611749715871e+00
1.394031249994821975e+00
1.379761938198399873e+00
1.386063978289010068e+00
1.391559093680139636e+00
1.397406428175986370e+00
1.415200949513279127e+00
1.382894438163692730e+00
1.379594770387393865e+00
1.377542441303644782e+00
1.385215055258374406e+00
1.400336078883760882e+00
1.403641349677996031e+00
1.415452735991362010e+00
1.419602012124707491e+00
1.419591715220653416e+00
1.427149444005343160e+00
1.412134583535898491e+00
1.401914167414845425e+00
1.410321308578047939e+00
1.442281962645540760e+00
1.455732724138422363e+00
1.425523883846912643e+00
1.434227234232461123e+00
1.400945934970804663e+00
1.401205167086776671e+00
1.406411614126291010e+00
1.410285375780973904e+00
1.406440810688386778e+00
1.416292820317269330e+00
1.400177922098786221e+00
1.389117009940255665e+00
1.388909794766776562e+00
1.393811539420290346e+00
1.377939090690469603e+00
1.360751516571830022e+00
1.341649740874965469e+00
1.331397731076840785e+00
1.339088756781714018e+00
1.348553829887576549e+00
1.371850197964840312e+00
1.372460676444680727e+00
1.372231605366781571e+00
1.397934196892958836e+00
1.393240447274365579e+00
1.362229362228880136e+00
1.360683948415790656e+00
1.379246745663655682e+00
1.380920310627230529e+00
1.403611970848476220e+00
1.426629211855439561e+00
1.434689017850936610e+00
1.466843192387325301e+00
1.472043432622959669e+00
1.459454735635272060e+00
1.473739913995298467e+00
1.494313351122070532e+00
1.531396315245773021e+00
1.517894679601026642e+00
1.524907854887117997e+00
1.556356236518342984e+00
1.566204360178441890e+00
1.559180868281190513e+00
1.565211051442839674e+00
1.557859506484813084e+00
1.543067389840738990e+00
1.535602214847487934e+00
1.522189585366936271e+00
1.486372332744019475e+00
1.496741818743247743e+00
1.503615714341165921e+00
1.476290823612572245e+00
1.443632427519162764e+00
1.421693535174889167e+00
1.414013156337180943e+00
1.403368160541518250e+00
1.404727621232552126e+00
1.380666627426113680e+00
1.391066477927719536e+00
1.392250408756222635e+00
1.393280899459075073e+00
1.376627172568363422e+00
1.347160458209341494e+00
1.367653206855647507e+00
1.368303298128867640e+00
1.367923059031163957e+00
1.364503311070830893e+00
1.348705373559535126e+00
1.344389185805263454e+00
1.323581256553634011e+00
1.327605697621986991e+00
1.323598783682886637e+00
1.320006472133480324e+00
1.329707587480112974e+00
1.334240008697108681e+00
1.322617502901854092e+00
1.340310248429061435e+00
1.365769207858701595e+00
1.384698800133356889e+00
1.385422049068724348e+00
1.367724280767786071e+00
1.367261909324521518e+00
1.393432644378691743e+00
1.399080698092287856e+00
1.406703625790825418e+00
1.402406637004973033e+00
1.414251273002033127e+00
1.419522623333137723e+00
1.427260802589921385e+00
1.426288875632945263e+00
1.419046544713642222e+00
1.416717254220494882e+00
1.429634014859198388e+00
1.441501090922426176e+00
1.458867263925978985e+00
1.441546281393014883e+00
1.445486907456104531e+00
1.456339061744249097e+00
1.452798545070079550e+00
1.437977379938202960e+00
1.454064650037680373e+00
1.464457073301016043e+00
1.457749324786598466e+00
1.445533525201678993e+00
1.450404430888580620e+00
1.445881655474196004e+00
1.446984316785346891e+00
1.416762618018804432e+00
1.392064873517438794e+00
1.388809241410262185e+00
1.382273150125541417e+00
1.364399771474881451e+00
1.362686397289825546e+00
1.350175111679746021e+00
1.345887947483438651e+00
1.359645736669397031e+00
1.352972017230048341e+00
1.355511194205625491e+00
1.358838123955978805e+00
1.351481302041604327e+00
1.355566162870851743e+00
1.365794427710112835e+00
1.380064151819447638e+00
1.380475999378321550e+00
1.398734281782484823e+00
1.395271739863522820e+00
1.403233128673314623e+00
1.396115294886795200e+00
1.393223112208135328e+00
1.372485365723865369e+00
1.389766930903289177e+00
1.376615306768184110e+00
1.394719685433767564e+00
1.399734757128759499e+00
1.393563744861318510e+00
1.399367369397955363e+00
1.436665014076253799e+00
1.431150161317550573e+00
1.452727448498970064e+00
1.459863816358746069e+00
1.443257730279563500e+00
1.444207176101910406e+00
1.430158518351922980e+00
1.406042976774401376e+00
1.418550369553029045e+00
1.420181720660590008e+00
1.421849704531537917e+00
1.400123295448682192e+00
1.408063561044549328e+00
1.384279186008085416e+00
1.402531908795557891e+00
1.391393344793517617e+00
1.390987269453825892e+00
1.387765163033625626e+00
1.422550508069144737e+00
1.416119929906803243e+00
1.442320084788656587e+00
1.441514485634402432e+00
1.444906588803810399e+00
1.441138124628072337e+00
1.431947908441179473e+00
1.407823845971356125e+00
1.420085381799325752e+00
1.403780998390484536e+00
1.386765250232213642e+00
1.376593616851686797e+00
1.387646651631472494e+00
1.403187407431517375e+00
1.441450320126886231e+00
1.420260692618616538e+00
1.417272778896509822e+00
1.418215771972153760e+00
1.415104392042923376e+00
1.420343439151032561e+00
1.419499755646135286e+00
1.391490573767533379e+00
1.376966291170801382e+00
1.405454578911134789e+00
1.408947770873627547e+00
1.393038533429596493e+00
1.397418184005720709e+00
1.403914079637617718e+00
1.399573988255665702e+00
1.399574629520871083e+00
1.392269787738846798e+00
1.396124426594862467e+00
1.412731919697065130e+00
1.411908712075206518e+00
1.416214879918946012e+00
1.449301741631109142e+00
1.453148598315876283e+00
1.453361433161716398e+00
1.453284935399369093e+00
1.438134376577256734e+00
1.455296637317252006e+00
1.474256420528152534e+00
1.492897011539436880e+00
1.521053308792940095e+00
1.527169318766670836e+00
1.512119811443358497e+00
1.509990532774157179e+00
1.514859939475027950e+00
1.486168762483535799e+00
1.492414535902006678e+00
1.489536182150912547e+00
1.464925423442565933e+00
1.447260557980697415e+00
1.458469450875155893e+00
1.445013477970508609e+00
1.462386927629855782e+00
1.472186900756016881e+00
1.454021339276889702e+00
1.439914809427495168e+00
1.436931073397384351e+00
1.415676578008774111e+00
1.426222223723700555e+00
1.428767875608560445e+00
1.424140061057647566e+00
1.404876367935858239e+00
1.413320152722617573e+00
1.394538320074404147e+00
1.372032167386972867e+00
1.350997708458514968e+00
1.336539564158808702e+00
1.371079441738392468e+00
1.399994954256778001e+00
1.398147477819112527e+00
1.414073553937652772e+00
1.432221383884243915e+00
1.447213958791683242e+00
1.465991531584982521e+00
1.450706293733118990e+00
1.437965614704330486e+00
1.446007354535537637e+00
1.460846816672937809e+00
1.465853171599389881e+00
1.464950128174750787e+00
1.492230975490794975e+00
1.493926101206379586e+00
1.491911789726268367e+00
1.486929992533691625e+00
1.485956534364264892e+00
1.490059339282598927e+00
1.527284480811995859e+00
1.504171022362252641e+00
1.521304393610134031e+00
1.528271709359936947e+00
1.543714401813491843e+00
1.537012964310545016e+00
1.503409718704167952e+00
1.492716083979465980e+00
1.509074651407066314e+00
1.499968713790698960e+00
1.463626915156125419e+00
1.445102456661607304e+00
1.430982646485409182e+00
1.456869339198520796e+00
1.450148283251315062e+00
1.463548179910124647e+00
1.441886510029521951e+00
1.434454760201278267e+00
1.442849144748947099e+00
1.422781180488390085e+00
1.406995609418417947e+00
1.396769262740098938e+00
1.393052981144097036e+00
1.394603762698810590e+00
1.391806247501781613e+00
1.396750588028043083e+00
1.408409940588774001e+00
1.418802733490999834e+00
1.435686245831243379e+00
1.430579357845916944e+00
1.451018388650676894e+00
1.460320529947637613e+00
1.461820642417094529e+00
1.445837504266233031e+00
1.438343717547734046e+00
1.462524741929644101e+00
1.480564445689621644e+00
1.493116983235626360e+00
1.483042858958010912e+00
1.490687468033199403e+00
1.476618533196475402e+00
1.465837808893234007e+00
1.453106244578345141e+00
1.452826155651034234e+00
1.471833988449777975e+00
1.474289860518249728e+00
1.488037227606327617e+00
1.489536181154900829e+00
1.482140281788435487e+00
1.478607395064034380e+00
1.444252209086337668e+00
1.421916587026217371e+00
1.395287456420003958e+00
1.387573243986716331e+00
1.373061384577689337e+00
1.351920638921432882e+00
1.349054530944858499e+00
1.341103652970199178e+00
1.348661556852496668e+00
1.351353909537229558e+00
1.356620519102968991e+00
1.329555946623804052e+00
1.341906485765193668e+00
1.332970173909884704e+00
1.322251341524538493e+00
1.330139804530012348e+00
1.342553842464350389e+00
1.348154889690076574e+00
1.333021952028129231e+00
1.321648583086402873e+00
1.342867386619601033e+00
1.352057190690659771e+00
1.360650474991253356e+00
1.359345001896972382e+00
1.359592866571428749e+00
1.372521470529436627e+00
1.379602983952811890e+00
1.381445667073173622e+00
1.353736391655563809e+00
1.356550278805295218e+00
1.363958687992754104e+00
1.385296554516165068e+00
1.378575913939374287e+00
1.385563495000318834e+00
1.367685058795676367e+00
1.354134816983708411e+00
1.358327836854690496e+00
1.350976500147323289e+00
1.356980197762019946e+00
1.374353000832446936e+00
1.358273884731998837e+00
1.353975454278853130e+00
1.355178351827180494e+00
1.367797532243520076e+00
1.359424150102747531e+00
1.354085960008354350e+00
1.343860673251328075e+00
1.330714152312578280e+00
1.343114240408106008e+00
1.345874395744221408e+00
1.345541535435042402e+00
1.371661696886085968e+00
1.372960146761810885e+00
1.373979810869572882e+00
1.389666928699482940e+00
1.408675301194407758e+00
1.383856765963867197e+00
1.395476677236784591e+00
1.391457848758538507e+00
1.401310703829862225e+00
1.403503881591680491e+00
1.416544082877629673e+00
1.411470129773229276e+00
1.414470305422033336e+00
1.424770992563821892e+00
1.433879887778408024e+00
1.428942688564387442e+00
1.425327180155962381e+00
1.419575121103122006e+00
1.415297040923424010e+00
1.397218921569815864e+00
1.386492720093992270e+00
1.399268648782654667e+00
1.382571961964041529e+00
1.372821638097267316e+00
1.373371348702961736e+00
1.360440763846397560e+00
1.378166248987260589e+00
1.389120808364649795e+00
1.381776304285905477e+00
1.350717126828703485e+00
1.360547328909734732e+00
1.356890899259596717e+00
1.377597636681880511e+00
1.387985419669623077e+00
1.386522497721392355e+00
1.357006713093751760e+00
1.341660694398297826e+00
1.330399581652468077e+00
1.301645989525222591e+00
1.287994588105881855e+00
1.281903674456405184e+00
1.278222654792791069e+00
1.282521805102525780e+00
1.287407453921550093e+00
1.286117263023308199e+00
1.287965147793565190e+00
1.288644126036389448e+00
1.296679537056445675e+00
1.312646127610696434e+00
1.308930581733398046e+00
1.302978994059108109e+00
1.301834045898235814e+00
1.308122600533748958e+00
1.297663058487078303e+00
1.336775701976217867e+00
1.319215734491282488e+00
1.329056241121833626e+00
1.325800679631332635e+00
1.318911510125484021e+00
1.307710714575151867e+00
1.341058988194838930e+00
1.357510658515427293e+00
1.355171686940922049e+00
1.366244893971983787e+00
1.395374288447327027e+00
1.389049525559918896e+00
1.386266876390261693e+00
1.399840129030498037e+00
1.405695315003305801e+00
1.417890248725887536e+00
1.424314044727079898e+00
1.420560471643517397e+00
1.412593179926894482e+00
1.410300267135780938e+00
1.407994307820482849e+00
1.420631876208727773e+00
1.400134392982184561e+00
1.409008032786895237e+00
1.436976527012495675e+00
1.428448523437664486e+00
1.444709582237702739e+00
1.438810781922224002e+00
1.412451614953275092e+00
1.395639503087202637e+00
1.430940838604787047e+00
1.429840819889774739e+00
1.427275004425787364e+00
1.445226745405577828e+00
1.446392002059934567e+00
1.439641737713640346e+00
1.451834418670620019e+00
1.458902180522438696e+00
1.455372375377417704e+00
1.452552606476789743e+00
1.453290659445787059e+00
1.477797738886298617e+00
1.485663619364428145e+00
1.485944141782078010e+00
1.472738728464564328e+00
1.452588043829672770e+00
1.469613383351900504e+00
1.474741210663729651e+00
1.471393660896449296e+00
1.463538530703629048e+00
1.435703385240612251e+00
1.436555430582238335e+00
1.422231365706386086e+00
1.419190045193228666e+00
1.442555520236032063e+00
1.421452549521800446e+00
1.415378133506204117e+00
1.418925786261530320e+00
1.396011696810770308e+00
1.402495794647228511e+00
1.410363945103217720e+00
1.414864845476244914e+00
1.413825773604608038e+00
1.394980313243262771e+00
1.400164846174550393e+00
1.385357926856221944e+00
1.364907392107087780e+00
1.370218151258376205e+00
1.361799919505136014e+00
1.339557979481720285e+00
1.339999414885001405e+00
1.305441016785548580e+00
1.314796814396898883e+00
1.298228109184604628e+00
1.298010445966555126e+00
1.306052400767799826e+00
1.313910359682373352e+00
1.312113569914566069e+00
1.311354913882476270e+00
1.312341760915158417e+00
1.310140401799200438e+00
1.305199421343220978e+00
1.295864760173617736e+00
1.314899897096536874e+00
1.306528466167417468e+00
1.291695039176866233e+00
1.302697027049021239e+00
1.314430995520625922e+00
1.326225541102924899e+00
1.330078234968633089e+00
1.344182421128412575e+00
1.333185315547707805e+00
1.329370851342337234e+00
1.349982353080275033e+00
1.371990332111976851e+00
1.375322094194166844e+00
1.373019456777964553e+00
1.358344219819412002e+00
1.367677696345382943e+00
1.371028626790061766e+00
1.360316345646976011e+00
1.337107579770463239e+00
1.353853396006100995e+00
1.370354200378373966e+00
1.358263043937930181e+00
1.360562765446151623e+00
1.350078938143472573e+00
1.352584398830269263e+00
1.355881230352429689e+00
1.368791213499127801e+00
1.357104053637377961e+00
1.339017303162008066e+00
1.323900372825118188e+00
1.317816730974652462e+00
1.306382024713334422e+00
1.293843082999335703e+00
1.313977393652069336e+00
1.308928536498175976e+00
1.294055838596988472e+00
1.295210899841119589e+00
1.289022232864330597e+00
1.309214644777736636e+00
1.323252059830342109e+00
1.312213325961886223e+00
1.296888378095429895e+00
1.309437286139222945e+00
1.317946879989605247e+00
1.313440017076171307e+00
1.312387563806102442e+00
1.309704554803212240e+00
1.295087124371739673e+00
1.320065058407097203e+00
1.330293168622709521e+00
1.329926914387419279e+00
1.336946800421832116e+00
1.334779876149008837e+00
1.352620318415982403e+00
1.355793479960174741e+00
1.349264964211718487e+00
1.360622548094938100e+00
1.377770695369270104e+00
1.363570921747039533e+00
1.358998102410756248e+00
1.357620013222396560e+00
1.374765078197445423e+00
1.396627102346603255e+00
1.399715219406290290e+00
1.380386751191254202e+00
1.379577939054481117e+00
1.390126948228767922e+00
1.417889933661806712e+00
1.416338242534457725e+00
1.418543041511927116e+00
1.419005856282935296e+00
1.436720770379634748e+00
1.449994815457624098e+00
1.431329562441624459e+00
1.422547883677125924e+00
1.431367092442746403e+00
1.409055749057738893e+00
1.425728632267032170e+00
1.427645723892192020e+00
1.438368113677033433e+00
1.429805722913416455e+00
1.428708512744482295e+00
1.424532609748229373e+00
1.462420735585667542e+00
1.488342267857880818e+00
1.497508427552426191e+00
1.486771005676301494e+00
1.488821984329106174e+00
1.472897800794947365e+00
1.491863853381518057e+00
1.520801008924384412e+00
1.512714210118568881e+00
1.483003140050435986e+00
1.495552081551603907e+00
1.490345497637543870e+00
1.484823616077337816e+00
1.468651980511578303e+00
1.468110249110106791e+00
1.471231790710086251e+00
1.483674503871514894e+00
1.483303457510021683e+00
1.466157234230510253e+00
1.461462909054933368e+00
1.453617895664823134e+00
1.450619869957954444e+00
1.451539050468491743e+00
1.433842687842719066e+00
1.445930449845879595e+00
1.399779320618262046e+00
1.372972364513388221e+00
1.362887699013895171e+00
1.361608111823449319e+00
1.355720140997001000e+00
1.361978183445490487e+00
1.351684302919962555e+00
1.327459143272532227e+00
1.327138605589702092e+00
1.339763056351396253e+00
1.345066699335428329e+00
1.341608665436238912e+00
1.335129748056630428e+00
1.367347902395951387e+00
1.365839517216473897e+00
1.361094843741439409e+00
1.373576792929277923e+00
1.355244227692911307e+00
1.396017515458547020e+00
1.388583883630947868e+00
1.375857047912714348e+00
1.368791312018062145e+00
1.399288222777257618e+00
1.435434568265425037e+00
1.414884402990071566e+00
1.424012903709150013e+00
1.415463601227552992e+00
1.435085159599063243e+00
1.425084423702342340e+00
1.454039095097376943e+00
1.434030727034782959e+00
1.449501419588105966e+00
1.468314896277980175e+00
1.475382392103775198e+00
1.450227781026379281e+00
1.440555495042859402e+00
1.440813531550662718e+00
1.461310716053089598e+00
1.435701447592866664e+00
1.436448097094361387e+00
1.444152228649877578e+00
1.421491795748603959e+00
1.425252693427627948e+00
1.411166686589035990e+00
1.426174076736684171e+00
1.423645908191333076e+00
1.431012473037408084e+00
1.403829139899822387e+00
1.375158054103079674e+00
1.371993127355679354e+00
1.381123492791072493e+00
1.379734605216329513e+00
1.376700277110032511e+00
1.407035766479332706e+00
1.371693257150115475e+00
1.397756309160344657e+00
1.395422794825154078e+00
1.392151987873320396e+00
1.391416494010532245e+00
1.418254840716954179e+00
1.419016309056820191e+00
1.416865156767154632e+00
1.414641504609981171e+00
1.411527364463010858e+00
1.403060327547351216e+00
1.401829687951341885e+00
1.389766106044840521e+00
1.399814425513973948e+00
1.388220368998774434e+00
1.387614035953231184e+00
1.406946309399318640e+00
1.397856441439904174e+00
1.398464254507914006e+00
1.405258474486861697e+00
1.425422467517523106e+00
1.419737721261995267e+00
1.432349740794362614e+00
1.415688025383018855e+00
1.391014067624437800e+00
1.390912260808812917e+00
1.367231420532192265e+00
1.346636655424311213e+00
1.337770703071178069e+00
1.346265127634434622e+00
1.346757969706086744e+00
1.340029087414273734e+00
1.350267781169341763e+00
1.349221322827247160e+00
1.347681775527268755e+00
1.359994601728712116e+00
1.363027284444765952e+00
1.391285129763109030e+00
1.368538744106339466e+00
1.378880037110587820e+00
1.366620810761746352e+00
1.371460475403416313e+00
1.367969775314167302e+00
1.366133217945324052e+00
1.352044227389337827e+00
1.354638512494109603e+00
1.342108733223991601e+00
1.338890743633071700e+00
1.354718663963283554e+00
1.353770546572907518e+00
1.383592089608995490e+00
1.394304608468929452e+00
1.397512622288686446e+00
1.411090642509511328e+00
1.411368173863565278e+00
1.405522094073427430e+00
1.397168186096974907e+00
1.383232213743650352e+00
1.383407905121931902e+00
1.379661522637649851e+00
1.371788589519029600e+00
1.359388181642286586e+00
1.337923729055127575e+00
1.335861805913346245e+00
1.340062930563744814e+00
1.333350125890622850e+00
1.326413853716553959e+00
1.341331883663035907e+00
1.344651310107972231e+00
1.366049725575904761e+00
1.347305513099306351e+00
1.349071493559008461e+00
1.360294888231735166e+00
1.354672569701057538e+00
1.354948239160162160e+00
1.344279810616288762e+00
1.330361628488135661e+00
1.331317365740093850e+00
1.336068419145695074e+00
1.315071750741389378e+00
1.292376064110035472e+00
1.296889150687781544e+00
1.290844209356767136e+00
1.268257422315629990e+00
1.279964204224694591e+00
1.273905490170927912e+00
1.279080683799085572e+00
1.267225437188772341e+00
1.280930923176972769e+00
1.284728726261200382e+00
1.296015034930713572e+00
1.292312366874570184e+00
1.294263811767183636e+00
1.305149516203813809e+00
1.305246316636198056e+00
1.291279701872938723e+00
1.314316570327622502e+00
1.302512898049997370e+00
1.304564682671160991e+00
1.324915572917026996e+00
1.329638492532422278e+00
1.349568021888638558e+00
1.362995261790351131e+00
1.331765797669288265e+00
1.353212047786327421e+00
1.353588176917810859e+00
1.368548041393479853e+00
1.394159068200313767e+00
1.415689720019948750e+00
1.427786137033039804e+00
1.429740524107768973e+00
1.457967056192198685e+00
1.473068390106217818e+00
1.452380112175601479e+00
1.441284691952695818e+00
1.437723861215814969e+00
1.463173896679377695e+00
1.451611365870431269e+00
1.445780609739619305e+00
1.429597220735859153e+00
1.465568115469855215e+00
1.451684023244186772e+00
1.473849422289698952e+00
1.478154029387630297e+00
1.467558844107414551e+00
1.466881340829427227e+00
1.453389479343108803e+00
1.442031382664744177e+00
1.452399958470566244e+00
1.426875166223261271e+00
1.435596637524000574e+00
1.454974845027502406e+00
1.436041492566218158e+00
1.431290907890199415e+00
1.432604514311931476e+00
1.447112114499069957e+00
1.411867336453938027e+00
1.415357666178550966e+00
1.436407646225088985e+00
1.427877575045632286e+00
1.447602487288857542e+00
1.407163594582711452e+00
1.411316330329139390e+00
1.428815438867203857e+00
1.443636571058605433e+00
1.425897031153862571e+00
1.422793979510754925e+00
1.410653438203250953e+00
1.411168848436145984e+00
1.399102136050774936e+00
1.401235977755002526e+00
1.397035673436867853e+00
1.404118920894460887e+00
1.416126680701012441e+00
1.441533582896597165e+00
1.468330288458518318e+00
1.447661593664646640e+00
1.457309871348318575e+00
1.466327456913448790e+00
1.450913505801777248e+00
1.459646678199869596e+00
1.476514807239870830e+00
1.474114557744415466e+00
1.476101412029630300e+00
1.488196125531057845e+00
1.468276516299856782e+00
1.499884557097671989e+00
1.501136741588836143e+00
1.483773552702373655e+00
1.469586633498056738e+00
1.456403131143102270e+00
1.475633809626269777e+00
1.476984186709628055e+00
1.478847264680971607e+00
1.500845763277014244e+00
1.469069909797166673e+00
1.489553512824173698e+00
1.490511219405683541e+00
1.484020288122394282e+00
1.481328683444260053e+00
1.466213999194198703e+00
1.474646383110059134e+00
1.478979733207508307e+00
1.458476796045259594e+00
1.465645355404000760e+00
1.454599869619126018e+00
1.456844642283426472e+00
1.454709474921324741e+00
1.457339572965600460e+00
1.444780748490414490e+00
1.465068408119684751e+00
1.461499581169904083e+00
1.479046386094144960e+00
1.466560929328915019e+00
1.460150065187310497e+00
1.483262961005285208e+00
1.462849659139905611e+00
1.457240303324504049e+00
1.471807094008757755e+00
1.444441866269077890e+00
1.452544843944886921e+00
1.439613276523334484e+00
1.441835438115164125e+00
1.463185998275586375e+00
1.457606372656320648e+00
1.461883789919818044e+00
1.446155300678335642e+00
1.427623444776197958e+00
1.438966283357512532e+00
1.423369638077759181e+00
1.423597204686750217e+00
1.428867940690721650e+00
1.421002123591786237e+00
1.417658133756348748e+00
1.422913090739209796e+00
1.433298365596860302e+00
1.403159113570179750e+00
1.386737120396187795e+00
1.411193382303839616e+00
1.408720633111676390e+00
1.400896993734346285e+00
1.421812071907663677e+00
1.425414154922317156e+00
1.418922197641880656e+00
1.434338796586036580e+00
1.443721478708051231e+00
1.452215279157697658e+00
1.453683990010251170e+00
1.429614489614725814e+00
1.436134782713736513e+00
1.435264105756359765e+00
1.427329653262486175e+00
1.438759369857181891e+00
1.448786785674399669e+00
1.455558734005519383e+00
1.450171311471010416e+00
1.439897509063308823e+00
1.451173428222579442e+00
1.444690203586743271e+00
1.439505540451955889e+00
1.415691809227636488e+00
1.432281259512828919e+00
1.450842162528925616e+00
1.459795951227411903e+00
1.492385992170379261e+00
1.480928937366855047e+00
1.456447638865402627e+00
1.453359854790757355e+00
1.448051440186509664e+00
1.437124188362552069e+00
1.432438093317239591e+00
1.431089310632686740e+00
1.439166755880063597e+00
1.462394967730611173e+00
1.449470134440654645e+00
1.429413043916943904e+00
1.419010644136796895e+00
1.409748487102670200e+00
1.388331423862218861e+00
1.385853460663030612e+00
1.392255595199166862e+00
1.408757659179221911e+00
1.396190550123466600e+00
1.424728495869749256e+00
1.436576715115819081e+00
1.425706456921149279e+00
1.427049940185552757e+00
1.407590412876605468e+00
1.370505706520307676e+00
1.341713427378421475e+00
1.346777754362072699e+00
1.346842539970662722e+00
1.344039984481445682e+00
1.329181121631636264e+00
1.325491479643775117e+00
1.327705014598856481e+00
1.343340749225270470e+00
1.357746243278804776e+00
1.331804073322064408e+00
1.336562489717320723e+00
1.350911565982273910e+00
1.375346253648981776e+00
1.394351996327316101e+00
1.404258746485979259e+00
1.426658353733794016e+00
1.432472849095319356e+00
1.438790404812825052e+00
1.441695947162367153e+00
1.420285900364218534e+00
1.428528318861184587e+00
1.443613296708164073e+00
1.445901807943943629e+00
1.456801032408312935e+00
1.465623479312411659e+00
1.485329200681297923e+00
1.497633557973435448e+00
1.512280229358359263e+00
1.526793940581280928e+00
1.521734700643252669e+00
1.550588885247389914e+00
1.541980552009150518e+00
1.523243272129236381e+00
1.494583553592434999e+00
1.515310655624176883e+00
1.502296203556694909e+00
1.482260163534850017e+00
1.477534157847284924e+00
1.462597273175648693e+00
1.456606012160881480e+00
1.425582579748041478e+00
1.407770872366098214e+00
1.388361730466967758e+00
1.403491772148983463e+00
1.390034708356531867e+00
1.368964657570828525e+00
1.377905698825484970e+00
1.388567804972901998e+00
1.389128080897895856e+00
1.390063173283502929e+00
1.397880158149165997e+00
1.387671153687711101e+00
1.375897457500575349e+00
1.379680016177017521e+00
1.378330324532433648e+00
1.350172715234044585e+00
1.356751789498425564e+00
1.362703103919689074e+00
1.369495353882459021e+00
1.376511672627483973e+00
1.395833160627664826e+00
1.418135331139835920e+00
1.425078249228117544e+00
1.437482700423994508e+00
1.449467581627818413e+00
1.478674002334409154e+00
1.465050541951030683e+00
1.477035595028758808e+00
1.456307510209959188e+00
1.456400300808802228e+00
1.490127764214318917e+00
1.471484059954739632e+00
1.449571448858225864e+00
1.445394147722935063e+00
1.433811218392889497e+00
1.419169105846409318e+00
1.413447587026767094e+00
1.441709963231079028e+00
1.414844266554824426e+00
1.433344592185544553e+00
1.457947138405543352e+00
1.475040304641086486e+00
1.448299556097771390e+00
1.442453641995592006e+00
1.426079786992913601e+00
1.405440585313621149e+00
1.402393028816055986e+00
1.397409040112752576e+00
1.399805989862777267e+00
1.394260862227943099e+00
1.408205036980755498e+00
1.442201214711967827e+00
1.440586830803224583e+00
1.462922848311378088e+00
1.467271737516996355e+00
1.429181356372074774e+00
1.437288084241277408e+00
1.455310850074527318e+00
1.458556526098238271e+00
1.483147828387909595e+00
1.481828331188826731e+00
1.501684515592067282e+00
1.482594996705508317e+00
1.501168210436740980e+00
1.504176614928761424e+00
1.499370753517573318e+00
1.490711270049159154e+00
1.518266335374363507e+00
1.496186362013615767e+00
1.489507922389650130e+00
1.500626939809994509e+00
1.496085197535435896e+00
1.496261248358055740e+00
1.492539607250883638e+00
1.494564755689493873e+00
1.464739771963960546e+00
1.472177338541861502e+00
1.469019438347659134e+00
1.463646457118249478e+00
1.496095011525754526e+00
1.505776151741959001e+00
1.502676656946309253e+00
1.477294241004525777e+00
1.471716807856305209e+00
1.486766055415574606e+00
1.495326998845313282e+00
1.492888225074626485e+00
1.516991503180633805e+00
1.513170269011753222e+00
1.512436430679662491e+00
1.510996111566216937e+00
1.524478365769617039e+00
1.513307780182684636e+00
1.526739492594283654e+00
1.558376836710865465e+00
1.553576777479980464e+00
1.545843995450288944e+00
1.559120802651238646e+00
1.568799824407112631e+00
1.553955265368976546e+00
1.550484530486942791e+00
1.555429727666344686e+00
1.548907321568270046e+00
1.543584832452563838e+00
1.494094521005341569e+00
1.513278399236607230e+00
1.500467833886072633e+00
1.511436329480768226e+00
1.502189164243236785e+00
1.494849517153273633e+00
1.496793624818866242e+00
1.482670241601601546e+00
1.452629863230278540e+00
1.454353322328701070e+00
1.441599775797563820e+00
1.436262155096977189e+00
1.442918097401105326e+00
1.431152015834546098e+00
1.438282234966645756e+00
1.403039707822747229e+00
1.396272705650885237e+00
1.393434049548016196e+00
1.404149212276462722e+00
1.385965738972157579e+00
1.397935048723594864e+00
1.401920880561060123e+00
1.378548403126357069e+00
1.367478250565113740e+00
1.384148659504182088e+00
1.410156450003159589e+00
1.403891345289318915e+00
1.404331520223393692e+00
1.423883681058303097e+00
1.445299241169188731e+00
1.417607480394904806e+00
1.415488288001729655e+00
1.447887112171382329e+00
1.452184696035888622e+00
1.438570804614198950e+00
1.435459009668474284e+00
1.445250176433138467e+00
1.419745115617057962e+00
1.432106821632985083e+00
1.450957920850551863e+00
1.463295758718441864e+00
1.468419891661662424e+00
1.476478335604217706e+00
1.456259048173351056e+00
1.475954912700367716e+00
1.479577135213891115e+00
1.482195661155192745e+00
1.482466471572583711e+00
1.479016989822409256e+00
1.445898320872396337e+00
1.442425818818029892e+00
1.426833135580361844e+00
1.440362043032991757e+00
1.429045150599925762e+00
1.419886903619976160e+00
1.421970369698686953e+00
1.408539474699705751e+00
1.371036745546064139e+00
1.378432129578974541e+00
1.375567791566186582e+00
1.402326820306263766e+00
1.412459758465911097e+00
1.398592070420360711e+00
1.390814130366916146e+00
1.390646958594838223e+00
1.381563336478345061e+00
1.382214077058069757e+00
1.393984184686045902e+00
1.402599923775009083e+00
1.401597566494470648e+00
1.394870268783276357e+00
1.388153115376746349e+00
1.380393367880897282e+00
1.395012517928764018e+00
1.404928406569076582e+00
1.406020388698777657e+00
1.411436075498098353e+00
1.420718192125412616e+00
1.421236922224943688e+00
1.419165408063439937e+00
1.441299422600450741e+00
1.463126298164251882e+00
1.489982268565483992e+00
1.464996522842069160e+00
1.484283526435217881e+00
1.471724562685548410e+00
1.440874817002805397e+00
1.437293162201841001e+00
1.448636655901816894e+00
1.442038449469797534e+00
1.455150613830293649e+00
1.460511687354481669e+00
1.438287915046354337e+00
1.413039356329347296e+00
1.393392961657390572e+00
1.390476314397828705e+00
1.400684792590422889e+00
1.408361478673517464e+00
1.402973742327865425e+00
1.403958536082903441e+00
1.421898054231442554e+00
1.407486537395684856e+00
1.403873671796376899e+00
1.388850693343182563e+00
1.387369375353559864e+00
1.390143694578338751e+00
1.389863582690161747e+00
1.392420530252515221e+00
1.404764079579406744e+00
1.419344051400333484e+00
1.421404635977376207e+00
1.436554006954214202e+00
1.437382271217023222e+00
1.439090999072565547e+00
1.416412737013939438e+00
1.406991349851695272e+00
1.393990436114867393e+00
1.387575705368382595e+00
1.388646817072936024e+00
1.389568392150787535e+00
1.384412465851051488e+00
1.385579677940997900e+00
1.354228802046479441e+00
1.345971684810916891e+00
1.340519902925709550e+00
1.316782578350026212e+00
1.325916556008525760e+00
1.320737498807097454e+00
1.323814827115605386e+00
1.326821634112655302e+00
1.309796177538078643e+00
1.285195877630557426e+00
1.265470826773175572e+00
1.262407282799387520e+00
1.260399959014925964e+00
1.263841617039721976e+00
1.255272831707817893e+00
1.263531167179975157e+00
1.246843106427969472e+00
1.240314540912220043e+00
1.247401288821409882e+00
1.273697315583161682e+00
1.298107949969827368e+00
1.295310777251653223e+00
1.312150300527571867e+00
1.313536059330258965e+00
1.316210397443551727e+00
1.337309808835406955e+00
1.354317343075817304e+00
1.357672733792808062e+00
1.363262842842512423e+00
1.389315696939921851e+00
1.386114541348482554e+00
1.387627226693039617e+00
1.388099487058759074e+00
1.393086602226486503e+00
1.394839867725323757e+00
1.389579886234139749e+00
1.396069394559886545e+00
1.382826599789857891e+00
1.358760991961602604e+00
1.354100829552938201e+00
1.350763331388082022e+00
1.356663816426493696e+00
1.387009072837597667e+00
1.370992763386818636e+00
1.338201610333813463e+00
1.329905150496244914e+00
1.358062361386532135e+00
1.348957437787932090e+00
1.359203600018613400e+00
1.340075379496279862e+00
1.347682156665732434e+00
1.355959991745958604e+00
1.363993321329373121e+00
1.350094249048257478e+00
1.336656550921415221e+00
1.325288837141931575e+00
1.324171631081675793e+00
1.311942786366605107e+00
1.309737198306475836e+00
1.324930436467209649e+00
1.363407771641517385e+00
1.354168827854516755e+00
1.340158974024580063e+00
1.344512673506908396e+00
1.337667785705686230e+00
1.352287955932325092e+00
1.359890224136683701e+00
1.346871847695777946e+00
1.371409977371092603e+00
1.376808338927596687e+00
1.379722499440084738e+00
1.349688311596372259e+00
1.369524903126658755e+00
1.358855208554275329e+00
1.358476643586500110e+00
1.374826610261017601e+00
1.351091945232952618e+00
1.334320260833531613e+00
1.349021582419352328e+00
1.362928575527561526e+00
1.373362483830600445e+00
1.371773970711342105e+00
1.365638866533085860e+00
1.360620173971979208e+00
1.351382918871864236e+00
1.330502946420606181e+00
1.338257605359514990e+00
1.357344534570099182e+00
1.355990484861524514e+00
1.380528529736466448e+00
1.376762073363018812e+00
1.365096504554737189e+00
1.351150424783952086e+00
1.339028102451222280e+00
1.365496537003550559e+00
1.354254825483320879e+00
1.378626335627376021e+00
1.353453026398376835e+00
1.347264426776439539e+00
1.359691702216951015e+00
1.354444813687154081e+00
1.359309107846244036e+00
1.373212481256542050e+00
1.362458778772599466e+00
1.360830737182547434e+00
1.372460707603125218e+00
1.379161551401181907e+00
1.411298225894113578e+00
1.399328318509415636e+00
1.433894084968794003e+00
1.429943776129015465e+00
1.422095606560471737e+00
1.429112678555191529e+00
1.437200916299643083e+00
1.434016499866346273e+00
1.433090129274636970e+00
1.453489223261071439e+00
1.457616484419121283e+00
1.444981902416419439e+00
1.417276331948198242e+00
1.428488645889055997e+00
1.414343689119992753e+00
1.419843576971897114e+00
1.433053117155374645e+00
1.434236200119123783e+00
1.419736883053830168e+00
1.406910550824766570e+00
1.393602851960128675e+00
1.407146414262495426e+00
1.393961972080224987e+00
1.370188138426668756e+00
1.373935071873602753e+00
1.351286535535360489e+00
1.381814094362227685e+00
1.360508088812154792e+00
1.374344989487383151e+00
1.375644919739479777e+00
1.349910731207455195e+00
1.344029804390069138e+00
1.340478400409993220e+00
1.352810132639230556e+00
1.352148081246545841e+00
1.357831543007153474e+00
1.386523418603969438e+00
1.392630758863449891e+00
1.399149860178707794e+00
1.410959766084070699e+00
