9.952065216223419108e-01
9.945415919866940069e-01
9.960739584216891096e-01
9.959619685591555305e-01
9.941567249997497191e-01
9.927592713478605724e-01
9.935798285547006170e-01
9.930953932890355107e-01
9.948938424295767913e-01
9.977292758891865843e-01
9.979321029226807527e-01
9.982499508391481369e-01
9.988825656166822053e-01
9.999903764922908334e-01
1.000542278421764131e+00
9.987490328414003748e-01
9.989897689927621505e-01
9.986226338680974646e-01
9.983246201826926347e-01
9.978709566719000668e-01
9.977585027557542841e-01
9.983679284026608647e-01
9.976559685295129931e-01
9.987704119836134931e-01
9.995327959085137381e-01
1.016863011089462088e+00
1.031609490894672465e+00
1.053325660635903827e+00
1.068130647355787666e+00
1.078033388525232672e+00
1.095162337233644090e+00
1.097402959821651480e+00
1.106133588889723685e+00
1.116963795259801273e+00
1.126389541512355930e+00
1.145936867329564235e+00
1.164845161557348074e+00
1.186982398160101093e+00
1.204895523634534893e+00
1.223683553671983670e+00
1.247534953427274607e+00
1.277554702434567035e+00
1.299816168116447956e+00
1.307249162754188454e+00
1.310071309946690743e+00
1.345809601084876350e+00
1.366761349326662600e+00
1.373572805082669879e+00
1.407213906015747584e+00
1.416092392015692480e+00
1.408873012134221892e+00
1.387771191246494507e+00
1.365945689747817271e+00
1.368561478992716518e+00
1.364968738623684841e+00
1.366305746670872567e+00
1.378462782332172676e+00
1.373161943245106098e+00
1.367073135567548281e+00
1.365861528378035095e+00
1.360810280609874523e+00
1.352254128584272186e+00
1.337456092406051233e+00
1.322422935857533899e+00
1.324323610859084122e+00
1.312983196727390833e+00
1.301374042528280928e+00
1.310366946739457639e+00
1.324094037906241805e+00
1.339919688285199140e+00
1.328574613096890289e+00
1.323598788314434893e+00
1.358717691523761983e+00
1.356667523729166547e+00
1.362258139003840185e+00
1.384790328037774243e+00
1.411815479577976706e+00
1.420749297299942704e+00
1.417262677283532835e+00
1.434213999751262403e+00
1.440497172777179813e+00
1.441958874462277551e+00
1.458983957733219983e+00
1.486777576980405913e+00
1.523361176305673581e+00
1.521962320358865473e+00
1.548015957974332002e+00
1.554392361674094447e+00
1.565289553567017489e+00
1.548728650018907027e+00
1.542311559794834031e+00
1.563958079800197742e+00
1.538837611992525778e+00
1.551380611824542788e+00
1.527505160932409511e+00
1.522117869909157095e+00
1.503583189412356136e+00
1.489166050659850082e+00
1.474766767677317070e+00
1.490498213018147222e+00
1.470099882453405948e+00
1.443867927749973079e+00
1.434911611710045776e+00
1.417826947731415599e+00
1.400019581635193910e+00
1.397795695136704985e+00
1.413773373614911177e+00
1.429929964497098416e+00
1.414616600540470559e+00
1.376838366973414773e+00
1.365579781321290875e+00
1.342103370138910012e+00
1.351637583051549019e+00
1.351793726619666014e+00
1.348581179749533288e+00
1.380589640175543087e+00
1.361809552615741437e+00
1.362368178345968239e+00
1.342496623144343371e+00
1.358238199797171752e+00
1.341972784907230043e+00
1.370390112986418440e+00
1.348955468611451769e+00
1.347189284712479340e+00
1.338176918786341485e+00
1.329703333714344460e+00
1.348481621011655029e+00
1.355730708768179804e+00
1.371020538033338232e+00
1.374213882392076869e+00
1.382051904187363567e+00
1.354695062886969392e+00
1.341148377298722494e+00
1.345816785773395363e+00
1.373798672653444353e+00
1.387612274230628939e+00
1.396265784626562034e+00
1.388937220327135069e+00
1.403432150608635576e+00
1.423169585956837624e+00
1.394746314472984361e+00
1.388939671125350994e+00
1.407364060277668694e+00
1.412405995295492156e+00
1.401030070726926979e+00
1.400094404576574636e+00
1.380100550559217432e+00
1.383108519873346376e+00
1.386013732767148454e+00
1.373068848148522036e+00
1.369276523083236219e+00
1.373692535559603911e+00
1.377444603823317681e+00
1.369331586924614319e+00
1.359667610432511831e+00
1.341929072262446843e+00
1.357313183174385651e+00
1.343048787243372955e+00
1.335380430497653093e+00
1.321453811855357596e+00
1.313165525141226198e+00
1.324634711379327090e+00
1.345846143300841069e+00
1.319582456906274626e+00
1.317954300360307140e+00
1.324907326826997744e+00
1.331887302857973188e+00
1.313146925361637463e+00
1.326199976603404718e+00
1.339320566775345833e+00
1.345499639753541699e+00
1.354697541260524218e+00
1.371455416697357821e+00
1.353830281578150885e+00
1.366642618388961727e+00
1.384454003465981797e+00
1.398710898335825403e+00
1.401642699883001386e+00
1.413762643296400112e+00
1.431643443846833286e+00
1.435958571527401695e+00
1.427615035198787297e+00
1.464805567717725632e+00
1.463310917319632365e+00
1.455326191279369352e+00
1.469624985871408551e+00
1.465231930963235563e+00
1.457491401767482708e+00
1.473155728133822562e+00
1.477631833612794932e+00
1.461667223376455160e+00
1.449974618258882186e+00
1.446460845202787393e+00
1.433278171825714820e+00
1.439545309827457542e+00
1.450891026833704744e+00
1.438380795698926073e+00
1.425550528376046788e+00
1.444411117018320478e+00
1.454093136689266652e+00
1.453772983700910126e+00
1.425416950230309787e+00
1.424762981203432810e+00
1.421418039769130726e+00
1.432701405746412027e+00
1.441851443738212835e+00
1.435191580287559221e+00
1.413200995367309032e+00
1.419286939132434533e+00
1.439701188851786995e+00
1.426518220722263308e+00
1.417089445662697900e+00
1.414733431324214807e+00
1.418128004655173857e+00
1.397688873105741525e+00
1.438835957325718562e+00
1.444152310738668454e+00
1.443185515769245031e+00
1.447825055324474697e+00
1.447960477626034637e+00
1.426102380705188688e+00
1.437516447294985733e+00
1.443427514977799531e+00
1.438080010624173566e+00
1.445806278740106698e+00
1.440113285907046903e+00
1.447725224513343401e+00
1.435308795527521220e+00
1.433526108396666832e+00
1.428346532033716754e+00
1.431436100258545840e+00
1.448213609973736160e+00
1.473574876016557678e+00
1.463385891590872401e+00
1.457626787580108108e+00
1.449797933500526881e+00
1.452576688775198965e+00
1.456863560118929923e+00
1.433641159560110179e+00
1.431229104218525672e+00
1.403004466958976071e+00
1.398643171223413972e+00
1.433693999970038657e+00
1.436249872951958606e+00
1.418990277801446043e+00
1.425485668253047900e+00
1.413223033286339803e+00
1.404306749337898230e+00
1.392390758938556683e+00
1.375681190025658251e+00
1.382475030231175683e+00
1.402968070053161265e+00
1.424718239953890464e+00
1.412979303798796327e+00
1.408987242390255634e+00
1.403733632022114985e+00
1.395220019218970320e+00
1.368430436931213690e+00
1.387253172010163738e+00
1.377272051732651326e+00
1.376615606562232141e+00
1.377813772172642448e+00
1.368202598029660377e+00
1.379204539671530005e+00
1.374818710759241114e+00
1.378456295404169474e+00
1.375825488675236352e+00
1.374607153969018114e+00
1.371290734209392514e+00
1.378577795225975011e+00
1.393060356606824701e+00
1.406687818226395548e+00
1.404774973897521706e+00
1.428042479420198685e+00
1.435910043599295971e+00
1.416798016386137782e+00
1.385713324921290734e+00
1.368204829838437941e+00
1.374070443080578574e+00
1.377940324802745975e+00
1.363064285534986819e+00
1.376641529006978448e+00
1.370399787531730418e+00
1.358568343472229101e+00
1.347745691331525997e+00
1.361562415055097119e+00
1.359664911215074268e+00
1.356118039385878049e+00
1.360954827229173825e+00
1.372840735322169214e+00
1.378882235587891802e+00
1.392376282011573707e+00
1.383799312311518870e+00
1.383309771356538320e+00
1.381625690286181651e+00
1.376897671289584624e+00
1.377709862975231792e+00
1.376666682779811302e+00
1.372688572878713931e+00
1.359096893428258346e+00
1.377889484536327869e+00
1.378325736836006676e+00
1.394552424476179331e+00
1.406604365236526544e+00
1.401877998119770430e+00
1.394246869891842211e+00
1.383683629088412248e+00
1.379095506420288775e+00
1.376140198839216122e+00
1.387140625348606049e+00
1.402381756878421815e+00
1.412040149208436235e+00
1.411396254408548101e+00
1.419726865021467610e+00
1.409538825462292699e+00
1.406293648654543205e+00
1.427758783338430426e+00
1.417608343153363926e+00
1.402672295948741210e+00
1.407492764227219251e+00
1.422109940804687556e+00
1.421349161028913732e+00
1.420642103841348813e+00
1.406001933765105960e+00
1.411773201986140425e+00
1.403435210267331312e+00
1.416061597989747511e+00
1.389708812071397848e+00
1.377074746790952320e+00
1.387283046415687338e+00
1.387991237921661236e+00
1.397371892490046230e+00
1.399637405254248845e+00
1.403126345095643712e+00
1.421649593666960643e+00
1.410854444457240398e+00
1.386087404520091271e+00
1.396232824891273872e+00
1.389410619519275025e+00
1.403626553624209405e+00
1.411299440143289008e+00
1.391800096382006302e+00
1.403279404992970436e+00
1.410159382591197552e+00
1.405829729317382037e+00
1.401416884328694268e+00
1.402406509812257784e+00
1.419005016276131181e+00
1.448387953803305761e+00
1.442441874181206840e+00
1.447961302036469000e+00
1.449423966248670315e+00
1.454896472280312603e+00
1.475499927768909147e+00
1.453725604414105810e+00
1.479024628703078603e+00
1.459360043026235010e+00
1.475207145537390074e+00
1.474227828541871288e+00
1.465899569869431929e+00
1.459208404103432777e+00
1.475364072060112663e+00
1.465260323682832322e+00
1.457115754386289597e+00
1.476454907792035698e+00
1.462118194819476802e+00
1.462283634645267005e+00
1.474161913981875793e+00
1.473593651756580858e+00
1.493653712254948696e+00
1.492805072761870244e+00
1.482466753331250109e+00
1.490916318945817665e+00
1.461317231097532865e+00
1.473042411735175472e+00
1.460981016912011876e+00
1.463793740020636225e+00
1.469754500413618326e+00
1.470029661329478543e+00
1.493561502153063492e+00
1.474912788871362901e+00
1.500664662677042127e+00
1.502236778884069146e+00
1.514019999630282776e+00
1.510728808440306103e+00
1.518543616140602959e+00
1.533391281150457752e+00
1.527911008475131505e+00
1.528536708882197726e+00
1.512367364060470676e+00
1.506946387429336065e+00
1.504546312567094812e+00
1.473349416726079664e+00
1.484301854184286951e+00
1.485934198263578088e+00
1.479486145834581823e+00
1.501190537450120654e+00
1.472781535520993668e+00
1.485341905055762579e+00
1.480902117032251608e+00
1.487441177393081793e+00
1.480128351476272197e+00
1.484502065719103037e+00
1.470749252574786947e+00
1.460411536844225866e+00
1.469356222765660691e+00
1.456010631908174480e+00
1.456017886671758799e+00
1.456730032078795922e+00
1.458806961143657599e+00
1.440233874920940016e+00
1.436985898651405247e+00
1.445102293028738494e+00
1.448848892087117424e+00
1.433363720832188326e+00
1.425933189350258479e+00
1.413682036049496604e+00
1.419053707504927209e+00
1.421896450027874570e+00
1.395136855296728484e+00
1.395807333069586820e+00
1.384341248510375877e+00
1.396104101853483437e+00
1.406731495817542532e+00
1.397249253499448285e+00
1.404658206790152741e+00
1.429260705467196413e+00
1.433555646165376674e+00
1.421719964859556873e+00
1.421144594017796470e+00
1.438664565439039089e+00
1.434722781040773887e+00
1.420647639056763500e+00
1.410795526369120090e+00
1.392633083169120489e+00
1.411263603317570947e+00
1.382142870286267922e+00
1.393710923023527837e+00
1.410236548277900681e+00
1.434982591936225127e+00
1.440856285388911306e+00
1.466130879277328658e+00
1.473421646037717636e+00
1.470384668313834853e+00
1.482555986656600266e+00
1.465942082519841039e+00
1.435719273732696699e+00
1.447254471217013005e+00
1.429874447583197261e+00
1.437615443090665801e+00
1.417323571204508248e+00
1.416108580092009905e+00
1.418743426159450483e+00
1.426168553305138254e+00
1.424291081311652274e+00
1.399359660394742022e+00
1.406117262299212189e+00
1.426792614766383194e+00
1.430001624607510013e+00
1.430200853375610315e+00
1.409147725237500648e+00
1.415269251970745712e+00
1.399828902901744110e+00
1.386265626296353082e+00
1.370912199429104472e+00
1.377861712032222075e+00
1.363990204898927860e+00
1.361021980457362002e+00
1.349601699898508533e+00
1.344240624641673154e+00
1.344671429789570105e+00
1.395113877970866945e+00
1.375250398597982704e+00
1.403086720607514604e+00
1.385283646890190568e+00
1.406813056939676176e+00
1.394616643118248289e+00
1.387059396400023514e+00
1.407284889512043558e+00
1.402227767648517975e+00
1.421493455738362055e+00
1.425425989595405118e+00
1.410227523074664369e+00
1.407855192122104970e+00
1.414927680869137783e+00
1.431835299862104671e+00
1.428485290005840014e+00
1.437357611557161352e+00
1.450385927200611658e+00
1.465894495619501026e+00
1.471398648409983245e+00
1.474409813831583982e+00
1.487644090404910857e+00
1.497582488419268998e+00
1.499832574896199811e+00
1.516317155511378800e+00
1.480079526221316000e+00
1.487612414147693629e+00
1.440331939258825633e+00
1.460221266760927783e+00
1.430582231875452637e+00
1.450938673841567494e+00
1.457666456315919623e+00
1.443770758256942344e+00
1.468665028519429372e+00
1.472592327350417118e+00
1.476016879015379812e+00
1.462663372823931329e+00
1.441215494068462277e+00
1.453673484598394072e+00
1.454088200412426035e+00
1.461719113752760313e+00
1.448508629135302428e+00
1.451398022290558920e+00
1.442675169904232169e+00
1.437989560190887639e+00
1.433973941360358051e+00
1.416754447684899443e+00
1.414394878263068200e+00
1.427280783751212478e+00
1.414088217773889822e+00
1.422623448058917717e+00
1.424004282180958647e+00
1.436757646308461922e+00
1.433807908972419387e+00
1.462591270092464590e+00
1.461799626240424477e+00
1.464444407127336589e+00
1.463102496678983400e+00
1.441749126484606069e+00
1.434374461434005488e+00
1.412369480333678373e+00
1.430765625454514689e+00
1.472813733161491667e+00
1.473761313825569852e+00
1.489063736611511146e+00
1.499426105599052983e+00
1.496524662562145336e+00
1.478877140465003404e+00
1.490192940727079751e+00
1.476361093961544801e+00
1.493090736084082160e+00
1.488375622054332270e+00
1.473546294436423043e+00
1.467271596114172239e+00
1.480512734733212099e+00
1.479036198365234922e+00
1.483710611222876841e+00
1.495704429699523885e+00
1.510333323010586870e+00
1.505230504189911445e+00
1.472851787035595938e+00
1.466106046003888830e+00
1.469505987138173708e+00
1.474045816296791989e+00
1.455495730325406356e+00
1.455257068196125214e+00
1.449085520286683471e+00
1.428858422712981247e+00
1.419764880402655916e+00
1.410470897171943072e+00
1.414753179004967221e+00
1.418344193733928726e+00
1.428109947270241209e+00
1.417794685310823644e+00
1.444063481249207914e+00
1.434350611973596035e+00
1.461330447426302914e+00
1.478490129736412584e+00
1.482315907385914455e+00
1.493148853260099385e+00
1.500609875144904404e+00
1.486803717583140561e+00
1.469580502155962476e+00
1.456844910804887094e+00
1.456646907559562942e+00
1.474965915885922518e+00
1.457923829169262220e+00
1.435413177738413149e+00
1.425687619602522549e+00
1.425433274522108107e+00
1.452899344981504193e+00
1.474455684942372002e+00
1.478393551544646911e+00
1.476815717740725287e+00
1.470137881766463872e+00
1.478836540603756911e+00
1.483865314935693958e+00
1.493304067144511027e+00
1.503419446457746389e+00
1.491034897115862901e+00
1.481557515515630641e+00
1.467201310450581664e+00
1.473246117278455225e+00
1.460661641600710325e+00
1.454017804243425971e+00
1.469718252106442469e+00
1.497478351522399720e+00
1.521567481513969256e+00
1.520206307218648467e+00
1.502524557154730100e+00
1.496735102401413497e+00
1.510745171513157237e+00
1.515493474674660668e+00
1.523270987386436071e+00
1.547357803511000718e+00
1.519175402953795384e+00
1.518483067739268666e+00
1.526167172283166007e+00
1.528316491979193614e+00
1.533799596108498697e+00
1.516791068702877832e+00
1.519755158531139960e+00
1.497347286264363753e+00
1.494226583749698634e+00
1.479767584275416326e+00
1.482333147780178884e+00
1.500381407312048943e+00
1.499339555798666401e+00
1.500452190291417631e+00
1.486186235657839916e+00
1.461206011887247413e+00
1.435120406714913033e+00
1.428080320357867139e+00
1.432920458191745627e+00
1.453490106139737836e+00
1.456265881546485286e+00
1.453838360094237947e+00
1.446812278103894567e+00
1.461396571967944036e+00
1.447071141878905065e+00
1.461442068820538065e+00
1.447746735199054280e+00
1.434602641502271236e+00
1.433441066197898461e+00
1.439878265095443144e+00
1.434310459142544847e+00
1.424903794495286258e+00
1.436286850258500003e+00
1.442516346660524640e+00
1.452994959874850611e+00
1.470394833897542552e+00
1.469494930438464797e+00
1.468278394156047106e+00
1.482033406355214300e+00
1.496076329764681967e+00
1.506526930294346034e+00
1.529341857709477059e+00
1.547152820885060009e+00
1.555275299375875830e+00
1.543227929571039381e+00
1.524218656406714834e+00
1.541998243193201557e+00
1.577929485716112579e+00
1.573686059637850132e+00
1.574425383156321523e+00
1.570371891033623513e+00
1.563860673537891488e+00
1.579120056822468809e+00
1.571987209453783452e+00
1.564799704470980490e+00
1.594556550185056265e+00
1.603871324643581175e+00
1.586934386076768622e+00
1.581178296104913894e+00
1.583508502247415795e+00
1.562414620367660545e+00
1.525423998859736230e+00
1.520373249449081365e+00
1.511659599881982841e+00
1.524968709330068339e+00
1.517775992798925389e+00
1.517540121295031241e+00
1.490940820084624807e+00
1.467951383992310399e+00
1.464615265422932744e+00
1.482466767279821962e+00
1.460032914807832150e+00
1.447041569580722165e+00
1.462114265850600114e+00
1.467079334123331025e+00
1.472848720140972345e+00
1.478548951585359150e+00
1.465414870889882648e+00
1.470823818625328405e+00
1.451257617098507868e+00
1.440053842942999429e+00
1.456487208285588641e+00
1.474573242964027697e+00
1.453656411882829236e+00
1.472126798014801397e+00
1.466057643977507263e+00
1.493223742783483354e+00
1.494285451796606656e+00
1.497736010006533114e+00
1.494387431068579408e+00
1.511060498364728222e+00
1.525492758388587111e+00
1.541430518661196958e+00
1.553491893550408509e+00
1.547385136948790318e+00
1.552453215495219307e+00
1.571890318628950123e+00
1.543108416852336129e+00
1.509884676438109530e+00
1.513565934104737609e+00
1.516845847789474844e+00
1.513695955068328658e+00
1.508701800756944156e+00
1.517669660582093849e+00
1.528489829047293025e+00
1.528258513450317935e+00
1.525340215585613723e+00
1.507217735367680778e+00
1.513777108538339355e+00
1.487274659238615016e+00
1.502304936488588982e+00
1.474585627764035456e+00
1.488695041435757593e+00
1.493028352473349862e+00
1.504156010794798881e+00
1.503094559473988401e+00
1.467566408853604232e+00
1.454581777821670308e+00
1.454226464689868381e+00
1.469981045275050580e+00
1.453378608057968702e+00
1.456318337948597996e+00
1.496153263679133483e+00
1.529010008717081703e+00
1.516705431791742775e+00
1.525715782215258942e+00
1.515853014884822603e+00
1.518527332362343385e+00
1.516967324936400185e+00
1.517287728455295026e+00
1.505951191974932435e+00
1.480289993074049626e+00
1.486936416971034625e+00
1.493160240714315856e+00
1.503562597978367776e+00
1.490594499468925083e+00
1.517631313562761930e+00
1.512143795812436187e+00
1.510603238770979351e+00
1.479390313394928880e+00
1.481885337627236288e+00
1.492098713844586255e+00
1.508656811452991908e+00
1.528121867486668561e+00
1.535867092642391185e+00
1.544240267227816377e+00
1.524353756685267625e+00
1.502751326919810060e+00
1.472645302489588692e+00
1.482547813418425342e+00
1.493294804500595596e+00
1.500042285382629625e+00
1.512368401176473531e+00
1.516803128670456413e+00
1.509536717037161191e+00
1.506375277223682252e+00
1.521314144775028021e+00
1.523479670007997555e+00
1.519070271847702491e+00
1.512377745673451290e+00
1.517274928409925394e+00
1.519967363328691645e+00
1.531381507156829969e+00
1.537328853822777175e+00
1.549895769993280270e+00
1.529010024244812582e+00
1.540111657521410882e+00
1.519038402930363185e+00
1.528136721699578704e+00
1.508714287170219270e+00
1.515095767025643747e+00
1.508008655976643908e+00
1.524847954691266105e+00
1.532794969364026816e+00
1.525231965072823881e+00
1.509314734771541877e+00
1.530933641109302412e+00
1.515246002361597011e+00
1.502465613856041937e+00
1.506903014546583375e+00
1.520836078630913413e+00
1.518384018887903419e+00
1.519765032471519284e+00
1.530773821449402439e+00
1.533376456437483659e+00
1.536842566176228386e+00
1.515258168905521119e+00
1.496977177668922243e+00
1.486580820861755248e+00
1.482271314231627057e+00
1.496662720586240169e+00
1.486540312501456018e+00
1.513458013188951012e+00
1.512421908567837869e+00
1.510860005844841369e+00
1.510051350857082753e+00
1.526634489408930095e+00
1.540230342508936756e+00
1.546568797846496146e+00
1.524690315668184803e+00
1.517357873102185950e+00
1.505300858857283153e+00
1.498407186238897237e+00
1.491090096418493882e+00
1.492217154859441397e+00
1.483402396326694239e+00
1.488657158145987980e+00
1.488400905370756311e+00
1.487262772056837656e+00
1.492978519666625870e+00
1.491074996194067470e+00
1.498430897933066497e+00
1.508833474553779919e+00
1.507832758227030112e+00
1.497344235444474592e+00
1.488422616288129108e+00
1.485084801092205531e+00
1.466605048278151857e+00
1.456173447064823323e+00
1.461144362726221946e+00
1.447736402818103674e+00
1.447789030279619693e+00
1.438500390632897696e+00
1.423630991294394299e+00
1.446507209252942516e+00
1.467002971824225677e+00
1.479698118985143696e+00
1.478933002376580985e+00
1.493149779019541823e+00
1.509164639109544348e+00
1.520305057207885557e+00
1.526834737563242728e+00
1.524676455246419371e+00
1.516521228733666016e+00
1.527574946801434130e+00
1.533793903726251351e+00
1.532967428518989150e+00
1.534379262396565524e+00
1.538391666936130830e+00
1.548042640534553760e+00
1.575811990547440145e+00
1.602699221449407574e+00
1.604290332656829632e+00
1.601808957075943729e+00
1.593318404808041544e+00
1.587492925822125533e+00
1.579288667780469835e+00
1.564798806665956388e+00
1.591944164746219581e+00
1.594065438335165119e+00
1.582638423251499393e+00
1.570594247666686538e+00
1.586846836487806112e+00
1.573576696365787564e+00
1.563146821132498143e+00
1.541796389117244814e+00
1.542264828527655895e+00
1.554103455329933992e+00
1.556584996472379245e+00
1.541881617508545022e+00
1.546192180248955994e+00
1.548307908434991997e+00
1.540061256213012708e+00
1.552211582891065644e+00
1.555772999022360104e+00
1.548627882517784382e+00
1.529512501764124233e+00
1.535058069864104091e+00
1.507651228798034149e+00
1.519996032545739784e+00
1.511130413177745657e+00
1.504020532427432499e+00
1.509206522654644278e+00
1.493978345647520412e+00
1.483212777723983189e+00
1.466717837924814916e+00
1.460588980519338165e+00
1.461010698917570627e+00
1.478403493992247908e+00
1.496112931392178824e+00
1.499447050966836947e+00
1.472979200567079872e+00
1.477757303003947920e+00
1.486712024991331704e+00
1.510172622535754572e+00
1.501957425648114075e+00
1.526428664286618497e+00
1.525413320666462846e+00
1.509507089772215593e+00
1.522052787140073304e+00
1.498608105356182829e+00
1.514401440600737114e+00
1.514653641502628156e+00
1.532043740508469032e+00
1.534904344778282859e+00
1.568823663083053210e+00
1.563372826852924780e+00
1.557941774224913312e+00
1.573721445897604099e+00
1.588767511483498707e+00
1.574470111562673802e+00
1.570865382770470831e+00
1.584614325568537874e+00
1.575152824165223509e+00
1.565237634964703251e+00
1.574845460296735444e+00
1.595209743611007980e+00
1.605697905850045570e+00
1.582526006112078498e+00
1.562603079639408143e+00
1.567133626566224347e+00
1.543868239924794716e+00
1.541637402043681826e+00
1.537909557798551097e+00
1.529378025043308220e+00
1.525252334890075723e+00
1.524126793288435477e+00
1.500267714096419347e+00
1.496351951351989618e+00
1.487523196317057650e+00
1.467774443283101027e+00
1.489069024368178118e+00
1.487884074160576109e+00
1.473187328164079490e+00
1.479607782590199205e+00
1.487115757410640393e+00
1.496422538477678588e+00
1.501343491319155898e+00
1.500023403304395098e+00
1.488539986120259506e+00
1.495249911906463725e+00
1.504592433346532143e+00
1.477314838235080030e+00
1.482342213160612321e+00
1.496326008689023768e+00
1.489303248011966563e+00
1.472690347113625453e+00
1.465944851651710845e+00
1.482863357142034433e+00
1.474655556573126747e+00
1.476980707668423154e+00
1.465626022487706459e+00
1.466831036020181944e+00
1.486695073147846102e+00
1.500695570134477963e+00
1.516569131080297783e+00
1.508270796918829815e+00
1.518596823117899897e+00
1.541152424334265136e+00
1.532397319012082981e+00
1.546541019991625854e+00
1.531988298488983657e+00
1.536509333839439551e+00
1.537584727679442764e+00
1.537682921214226672e+00
1.522568557017143220e+00
1.495834258484720181e+00
1.502661787716883968e+00
1.505797022137169483e+00
1.494775233117124680e+00
1.511887218988974713e+00
1.548782916100660101e+00
1.555727274292292295e+00
1.538422857879588435e+00
1.535576822054647961e+00
1.547235126271154337e+00
1.552150708931094636e+00
1.572900412799297376e+00
1.562131357354604733e+00
1.548146252296097591e+00
1.526933404572645703e+00
1.529361631084756201e+00
1.521166413299073428e+00
1.498095140523965085e+00
1.506270574208821822e+00
1.524366736383147458e+00
1.549942237002691847e+00
1.529524442308483945e+00
1.538313018678476141e+00
1.544438692874787744e+00
1.555171826119867928e+00
1.580384444868226712e+00
1.574340667035774022e+00
1.569426890698044419e+00
1.574073964134244941e+00
1.560141102244586575e+00
1.533898362453035791e+00
1.527424625963124338e+00
1.529690200736266048e+00
1.528023884545848698e+00
1.524157787759382821e+00
1.515140075760115668e+00
1.517939538692326673e+00
1.523339256207264292e+00
1.526103984394271196e+00
1.506338450882493296e+00
1.520510768073958907e+00
1.521518393831201132e+00
1.520817229358469858e+00
1.520011469417444028e+00
1.493798927640888952e+00
1.492069232653580935e+00
1.485340597192269740e+00
1.479005618556903823e+00
1.458496631964071755e+00
1.457937426190194508e+00
1.454515031307586082e+00
1.471452889441456024e+00
1.483474621594854215e+00
1.496763229294804765e+00
1.486966534400119500e+00
1.490319841708093840e+00
1.511764343648116515e+00
1.504493621272738446e+00
1.504498566490856115e+00
1.498332139693167475e+00
1.510496070270044067e+00
1.522106652432139162e+00
1.520825988641324900e+00
1.529983017172992010e+00
1.569068254238659588e+00
1.557515396032924659e+00
1.565927753734203121e+00
1.572935394718030455e+00
1.564006937626927884e+00
1.571184925280130651e+00
1.547852021075391216e+00
1.546830847567448153e+00
1.548893293698665685e+00
1.557827745114529927e+00
1.540366252299891769e+00
1.536576402615630554e+00
1.524660728408305133e+00
1.527792614414247963e+00
1.495433841292987065e+00
1.504014859013176997e+00
1.512769602512488820e+00
1.516586836979510799e+00
1.542830357398733643e+00
1.530702703144729337e+00
1.541752450814177555e+00
1.515396878663609392e+00
1.502849384915566633e+00
1.478737208515930712e+00
1.464292991403573607e+00
1.459371057418189732e+00
1.473950525960256996e+00
1.472589053547749049e+00
1.478839214298846239e+00
1.480869929936803997e+00
1.478954675929725182e+00
1.499050567835324754e+00
1.502156087412153784e+00
1.499817056794768622e+00
1.498426739361584659e+00
1.518117527016593193e+00
1.508058232474068783e+00
1.515158092545125790e+00
1.493270832345484855e+00
1.500154392108926205e+00
1.519768154515452663e+00
1.528094194918750315e+00
1.504001633999145104e+00
1.488473036925108461e+00
1.503993056429634434e+00
1.514500483637751582e+00
1.510887733616506745e+00
1.503315880030738239e+00
1.512675951050725054e+00
1.512765223195822184e+00
1.508852333244496746e+00
1.491067412066332531e+00
1.488661282920336282e+00
1.466369079939543463e+00
1.481740531919495618e+00
1.488991050814915784e+00
1.468620592550706760e+00
1.482622838112624741e+00
1.469520318376945189e+00
1.486515857119580453e+00
1.496342808314027328e+00
1.505192799095264933e+00
1.487873693004383435e+00
1.510610201332420077e+00
1.514821377328306573e+00
1.500373360776408482e+00
1.481622606812357690e+00
1.501563099173409244e+00
1.505988475916529623e+00
1.511354956542075412e+00
1.498446325171055582e+00
1.516836919057817035e+00
1.506455207352067172e+00
1.512633802260520133e+00
1.543244321329896085e+00
1.547050940975740030e+00
1.577309030913482291e+00
1.574050481115651268e+00
1.569724892598776123e+00
1.583189930476405660e+00
1.565466079536056432e+00
1.578471625399596068e+00
1.563343560415073830e+00
1.584331837104735019e+00
1.576503807390854606e+00
1.562173988290070925e+00
1.554300168996085807e+00
1.581160927862747645e+00
1.552341488432300354e+00
1.560040016064267121e+00
1.566122535780067215e+00
1.565009342286205918e+00
1.533367989929681707e+00
1.526482484068750534e+00
1.523429558109049120e+00
1.519696326406630105e+00
1.523086053434863807e+00
1.530145657773877899e+00
1.533399116449937871e+00
1.519434017044081653e+00
1.514038540354378126e+00
1.488296354513996667e+00
1.485582135195196551e+00
1.497137620640465183e+00
1.461729009007665336e+00
1.468649479682526016e+00
1.462947643013560173e+00
1.469283731388102421e+00
1.471626176200377945e+00
1.457025575128207517e+00
1.467039354301229448e+00
1.479359589959450716e+00
1.455192747293040156e+00
1.467445526801610445e+00
1.459359577359816917e+00
1.447548304474104652e+00
1.470562563629011832e+00
1.495609675776538694e+00
1.496660940749569901e+00
1.488909354235097293e+00
1.466520682467795433e+00
1.468743216542153007e+00
1.496153445977350893e+00
1.488894061059163887e+00
1.464421916056493078e+00
1.473721721014914943e+00
1.474508967025119688e+00
1.476778768406590503e+00
1.477706526409199306e+00
1.473086114815357561e+00
1.468553412512175971e+00
1.458979087644968198e+00
1.465007372727117563e+00
1.455940255900586955e+00
1.462318801683082370e+00
1.456032547270103672e+00
1.448689273769939723e+00
1.446539700435310216e+00
1.437479303078348591e+00
1.443408148117773182e+00
1.450103596672877915e+00
1.423978110158004240e+00
1.424521326170484770e+00
1.419449806332805375e+00
1.437282231021020040e+00
1.479879908739324845e+00
1.465000372623153968e+00
1.443680736588212499e+00
1.437516158988644266e+00
1.454272539685334431e+00
1.449303686695568194e+00
1.472028692486368362e+00
1.480218125451632227e+00
1.480768131880064509e+00
1.495526274274340928e+00
1.492104839185754317e+00
1.521424492832479158e+00
1.525238061164454928e+00
1.525763726883328175e+00
1.544124073003105391e+00
1.544773635474981255e+00
1.527987592411115481e+00
1.537567832228135867e+00
1.544415557426454200e+00
1.529016793541567720e+00
1.539962932559609365e+00
1.545271248369768591e+00
1.535229758426388980e+00
1.530383639682076913e+00
1.515369813316214787e+00
1.496186439686705727e+00
1.510306650337326584e+00
1.521495946706660218e+00
1.533893741386814114e+00
1.538729156412853571e+00
1.539333044107874526e+00
1.537903767355685458e+00
1.542628877790324538e+00
1.548339396599982765e+00
1.534021491252599345e+00
1.550723536091525023e+00
1.530344528722583641e+00
1.538328259431944733e+00
1.546048806029993283e+00
1.534697173588600361e+00
1.544164691661225053e+00
1.552641130667678615e+00
1.540338618573675378e+00
1.549352115024035026e+00
1.550477162420729638e+00
1.542851768189648309e+00
1.571915275801043954e+00
1.580740216455264857e+00
1.594820326261326748e+00
1.612287457251863731e+00
1.610310428940170180e+00
1.633425103887342189e+00
1.607977864489795072e+00
1.600277372547299626e+00
1.606038887736973786e+00
1.603758488893892720e+00
1.585788186361052787e+00
1.574263252445120775e+00
1.565323243862284830e+00
1.584176215894579576e+00
1.574922254764874907e+00
1.585177608121032033e+00
1.573975018668666737e+00
1.562220832436740592e+00
1.572062565792069266e+00
1.573838564541687024e+00
1.587273606159784523e+00
1.596977458248301396e+00
1.595318097747145281e+00
1.592487244698475024e+00
1.596745820632140989e+00
1.577762889003069935e+00
1.562309019168322877e+00
1.560024199756071539e+00
1.541576267879164241e+00
1.537280023331254020e+00
1.506896525834736877e+00
1.507637606615758852e+00
1.506869249283188328e+00
1.478269600836993769e+00
1.481485726863450036e+00
1.486437895827218636e+00
1.477126008807922775e+00
1.477224070002557621e+00
1.496771004534808824e+00
1.494883437396251846e+00
1.507521020450785176e+00
1.491781335709329470e+00
1.495473320271302642e+00
1.484621603729142647e+00
1.468979530350135398e+00
1.474350968828755715e+00
1.472786878002283251e+00
1.462568994287668511e+00
1.471188930547107754e+00
1.476735091605781758e+00
1.470828730908834148e+00
1.480205783849885659e+00
1.477898165528192864e+00
1.492159147388401497e+00
1.479991259661511238e+00
1.479627812495235339e+00
1.507102166695138967e+00
1.488438318748797728e+00
1.514799761270652301e+00
1.535661509608199138e+00
1.519489973590630871e+00
1.529211886473093029e+00
1.539340413270358754e+00
1.495645453903699629e+00
1.517794427872032559e+00
1.510619247259451958e+00
1.508020894084122210e+00
1.503167298189499457e+00
1.511463872489585247e+00
1.530391881102506790e+00
1.518999866611939975e+00
1.522152553975275602e+00
1.530641600201756880e+00
1.546257841114225151e+00
1.533639015073875234e+00
1.528858215427566059e+00
1.539517869224195090e+00
1.564022724395758290e+00
1.551038550816213668e+00
1.572403250922588036e+00
1.570410408980818184e+00
1.551973736254360192e+00
1.578556774898778103e+00
1.575717281030057704e+00
1.551150698055863586e+00
1.553177289851652487e+00
1.539629208250552717e+00
1.546351895603627957e+00
1.557947399911128628e+00
1.533419427642644495e+00
1.523974876424475378e+00
1.537632315830276708e+00
1.535624061846547317e+00
1.520599081866292002e+00
1.523484070562676429e+00
1.517633850923812311e+00
1.526203251678022399e+00
1.525363422483195119e+00
1.506441755407151195e+00
1.497696166397419537e+00
1.499899163997970186e+00
1.487006535097468163e+00
1.475892430283384682e+00
1.479011704731725940e+00
1.490047247452696455e+00
1.494219400432031941e+00
1.497999310667982087e+00
1.492038504530380782e+00
1.484770671632254180e+00
1.475111057849213037e+00
1.467667027054503359e+00
1.493778576536648250e+00
1.493439565290720195e+00
1.493323339631847047e+00
1.513803684996447130e+00
1.521090730117001577e+00
1.515535831598797678e+00
1.509690566501867837e+00
1.518335244361753933e+00
1.494614897074645121e+00
1.497828450919707732e+00
1.481760952822022803e+00
1.486138805450434086e+00
1.492991599628107791e+00
1.502665059778834467e+00
1.492837134305347035e+00
1.507696819110364128e+00
1.497490398516863941e+00
1.494714449664954925e+00
1.474397876185587597e+00
1.478402161674055471e+00
1.498073958857626398e+00
1.499450943703466654e+00
1.523802114224078075e+00
1.524968828531258369e+00
1.530853966739218697e+00
1.513166009522382449e+00
1.487726476883244553e+00
1.493303018775426816e+00
1.492666117092164235e+00
1.472488187440584406e+00
1.483865742891307127e+00
1.511311263826802254e+00
1.518770518481725729e+00
1.523707435174948444e+00
1.520055999505934619e+00
1.529459441298757438e+00
1.529890964575045809e+00
1.524160978639816477e+00
1.542474941916495812e+00
1.552680098830437894e+00
1.554726133360325724e+00
1.560609972669015466e+00
1.577983519678181290e+00
1.582151519907195603e+00
1.566790633295874757e+00
1.547283721106604171e+00
1.540609048575806828e+00
1.519894453292049974e+00
1.538781846564041933e+00
1.549368902768333278e+00
1.578279576915591509e+00
1.605945914792066276e+00
1.614539844089815324e+00
1.615413561987666169e+00
1.646548096667297179e+00
1.625631514438949932e+00
1.609511429746918187e+00
1.615432588438070249e+00
1.602539333022202861e+00
1.617907927033704896e+00
1.620494174476789562e+00
1.610600342108276628e+00
1.602721317628184261e+00
1.571015784106210011e+00
1.568012917273419626e+00
1.547346676114730313e+00
1.527543279330410897e+00
1.516267385405361878e+00
1.508395040790492247e+00
1.517806950868643368e+00
1.510231813127293155e+00
1.532240033693383685e+00
1.519523474640568361e+00
1.493471905268431099e+00
1.488807423944291441e+00
1.457397934076066992e+00
1.439250689931850014e+00
1.429974074539702489e+00
1.413994080712746904e+00
1.403692142579240798e+00
1.404859855012168701e+00
1.393860686235991464e+00
1.402484944610680850e+00
1.419953582567343053e+00
1.440463264971858059e+00
1.443604204285799941e+00
1.434791338429883822e+00
1.443478522202879200e+00
1.449094287146908355e+00
1.452643391711780030e+00
1.454895157825614183e+00
1.460535894655626166e+00
1.466309240642856837e+00
1.481984431702674021e+00
1.481499588765963438e+00
1.489635293171224895e+00
1.502893419798814856e+00
1.515460778802661279e+00
1.544119798710967828e+00
1.541208252432199721e+00
1.544047653306988677e+00
1.559427355624846134e+00
1.559198141772236701e+00
1.572935174892765353e+00
1.578970151176497749e+00
1.598490893516677502e+00
1.624136266224043723e+00
1.596461858446886817e+00
1.579900280093374132e+00
1.578157848624335058e+00
1.587358936498385109e+00
1.608376811523833050e+00
1.608295818080584194e+00
1.626720901514286055e+00
1.609865699339445566e+00
1.625908042665809239e+00
1.632724009815551991e+00
1.622483470471699052e+00
1.612218660854110253e+00
1.624919316463995012e+00
1.625162208528758923e+00
1.591601140326826425e+00
1.586834469479733389e+00
1.603592368502779975e+00
1.632357289251987753e+00
1.669288672242273286e+00
1.652377971711362914e+00
1.667253209158129579e+00
1.656158572384594185e+00
1.658572264832370635e+00
1.637957835286844022e+00
1.636042133534814313e+00
1.637444659361517285e+00
1.642876305980485396e+00
1.644038252646371712e+00
1.633296207910916120e+00
1.657866649339155396e+00
1.670147060992516641e+00
1.664697196670749335e+00
1.685392810312215550e+00
1.688264218041119591e+00
1.711032564703148795e+00
1.716197247917329971e+00
1.750295991549361219e+00
1.746496819167122849e+00
1.760814642132139340e+00
1.763858590605965171e+00
1.793498015091080200e+00
1.758695129726328688e+00
1.759703276092027924e+00
1.741108376376722555e+00
1.741924538368235575e+00
1.725751532762828777e+00
1.737761617289903082e+00
1.725815995328648711e+00
1.732565827833600913e+00
1.740329992295420292e+00
1.744166733769768163e+00
1.765094103042630813e+00
1.735727109797872592e+00
1.739193796025968908e+00
1.717774345879069520e+00
1.682767206925987136e+00
1.678432859512736686e+00
1.675590411327361640e+00
1.674287438652373616e+00
1.649399713812708557e+00
1.618608961592577167e+00
1.595760818664782255e+00
1.584737355660474467e+00
1.567204373196682043e+00
1.583406508247045652e+00
1.561192103763599848e+00
1.556722349691620932e+00
1.544030250619944811e+00
1.524315191106555778e+00
1.528230965440763756e+00
1.526492002336100162e+00
1.504950793682368282e+00
1.508684660906471686e+00
1.504334037894779375e+00
1.486787462498792456e+00
1.483133335386758844e+00
1.462397774758855684e+00
1.459716866109543432e+00
1.446032308694959134e+00
1.448037550292800679e+00
1.467478387171472498e+00
1.453987196973770324e+00
1.444479881556430145e+00
1.438662339766482612e+00
1.443851004476403466e+00
1.478765868015475826e+00
1.475215207434386278e+00
1.467356745949170316e+00
1.484004957456045215e+00
1.461652375735457587e+00
1.451663934753957053e+00
1.476923343653750553e+00
1.477288151087363444e+00
1.495589915925913171e+00
1.504444306986794544e+00
1.525700006303341905e+00
1.539487112583970641e+00
1.536305125408048866e+00
1.536768095014719560e+00
1.534237495302777976e+00
1.541736001742806783e+00
1.547986401829221759e+00
1.551091579296629996e+00
1.556955600261328954e+00
1.533663944306350002e+00
1.545769732330154689e+00
1.548389812710267988e+00
1.562567870478065446e+00
1.551025102891225416e+00
1.544640905776001327e+00
1.527803520608912224e+00
1.528291415464330338e+00
1.551688943343017213e+00
1.568143724659339933e+00
1.578876289849301173e+00
1.582064266165278843e+00
1.565874932019318377e+00
1.548192591813618790e+00
1.556824477621965741e+00
1.538308504946373167e+00
1.521744231236218381e+00
1.509042373076468380e+00
1.498782485956676513e+00
1.493005316675457994e+00
1.496429908075347148e+00
1.485362870601064644e+00
1.479808764940438781e+00
1.479796057419161093e+00
1.491595536623271157e+00
1.503246719087267147e+00
1.488524541072023810e+00
1.508827620081899745e+00
1.503814444172798304e+00
1.515300185793572840e+00
1.506610980835872970e+00
1.507459585975353233e+00
1.521940839651318100e+00
1.514519978973941416e+00
1.461674256560122842e+00
1.443075185189464760e+00
1.444552858202753365e+00
1.433494103448334611e+00
1.437129623040169335e+00
1.412724251342744930e+00
1.419974213090378523e+00
1.414402659764234960e+00
1.422243566812771087e+00
1.415875923441257678e+00
1.422921953193765132e+00
1.432128941146764367e+00
1.443113389307745020e+00
1.449116554713241189e+00
1.440996923818938846e+00
1.441527915453985731e+00
1.443614698198741442e+00
1.442442342772792596e+00
1.427599588444943279e+00
1.430805000078822387e+00
1.414531133376171868e+00
1.424361522911569811e+00
1.426106074589930328e+00
1.435747595774520047e+00
1.439661448315332937e+00
1.448984478147947952e+00
1.473780022739060724e+00
1.473604247213482710e+00
1.488964390975899610e+00
1.485437548162735766e+00
1.492393272751932676e+00
1.495656646603126028e+00
1.509050806541273104e+00
1.521110083944147817e+00
1.553287038092725503e+00
1.561269967764856270e+00
1.540816114078984667e+00
1.540030704972027653e+00
1.534894064826795024e+00
1.554588743959078423e+00
1.551956899214421481e+00
1.548238519431509808e+00
1.548818213601504290e+00
1.535737128936272233e+00
1.532584356937791714e+00
1.541577092382250935e+00
1.546623529285224619e+00
1.538067073664274531e+00
1.525195883149552900e+00
1.513862921327908451e+00
1.526720627926890561e+00
1.511921198408281430e+00
1.516914398132962472e+00
1.530570356171010449e+00
1.539606857705532406e+00
1.554010411351182119e+00
1.554815050325786707e+00
1.542276810823222988e+00
1.536045699006514553e+00
1.519501107141053575e+00
1.523716788995986615e+00
1.536224226202318466e+00
1.535721032293905441e+00
1.531872387735918828e+00
1.513156685662773615e+00
1.511717458385000823e+00
1.499364848684892504e+00
1.497817731089333915e+00
1.508890004551783681e+00
1.517124175506999961e+00
1.519980600074300803e+00
1.518114288774691012e+00
1.525553033142112103e+00
1.514868478002269203e+00
1.517485653004556845e+00
1.528298103198552527e+00
1.532141931345459618e+00
1.527562353058785849e+00
1.509027225287438156e+00
1.503653480031110323e+00
1.493979644898050241e+00
1.483912204521797396e+00
1.506786324512791708e+00
1.516875792472990314e+00
1.529864176319694291e+00
1.517815610817240479e+00
1.511639991161552787e+00
1.526379980804802639e+00
1.540686638940629516e+00
1.550439533156863003e+00
1.534420340698459784e+00
1.542866488631482680e+00
1.544699902685669590e+00
1.568040412017745577e+00
1.554534173888717952e+00
1.571079283906859247e+00
1.576980267281196779e+00
1.594735652916080104e+00
1.591612725847888932e+00
1.594180848158132102e+00
1.603309612576289567e+00
1.615763453284655649e+00
1.612967013082459156e+00
1.646776047835739165e+00
1.645638750629608626e+00
1.642003727870104735e+00
1.667885898914205356e+00
1.646869582855587932e+00
1.625465360237281498e+00
1.604680731478328237e+00
1.577241254709284890e+00
1.577560563014074768e+00
1.562870289022678438e+00
1.552093275765291658e+00
1.548129305868393146e+00
1.555486316833847305e+00
1.544086498297099208e+00
1.543770789558685852e+00
1.508613412147255639e+00
1.509056922687415758e+00
1.487196935115527197e+00
1.475396248161077617e+00
1.456077271612482349e+00
1.471516269320771064e+00
1.455628067839499051e+00
1.435037636956306706e+00
1.441604192397067719e+00
1.454460077907265836e+00
1.420029147773411271e+00
1.412214483999086667e+00
1.424553486262226443e+00
1.405740484526172507e+00
1.400855118285479817e+00
1.403883415673014889e+00
1.417834076583704750e+00
1.457481413415929739e+00
1.455692128101538696e+00
1.456847863021104583e+00
1.436474360337547829e+00
1.441649019579206437e+00
1.454321972615275627e+00
1.480923627452970459e+00
1.479716515558476830e+00
1.490235435118089757e+00
1.489410142507220591e+00
1.507577054653028048e+00
1.536835441670683755e+00
1.547462727195491050e+00
1.533667089455924781e+00
1.562085524905019840e+00
1.559986445378991338e+00
1.545028645293613723e+00
1.548757695305216897e+00
1.572685161788039077e+00
1.582602949100596623e+00
1.551663060996992805e+00
1.563436113522220339e+00
1.587706625894872436e+00
1.593683660514668254e+00
1.575473960848025712e+00
1.561968483136934482e+00
1.592712282149075342e+00
1.605085646113048936e+00
1.631651765254644504e+00
1.634751043317842711e+00
1.612669579083288118e+00
1.610674928231961678e+00
1.611775471414138572e+00
1.629625773397710864e+00
1.649099287930902991e+00
1.619146537220939264e+00
1.596163804060942937e+00
1.592977032262228754e+00
1.584176304287283399e+00
1.574571025405078872e+00
1.589752703974811610e+00
1.588379960712188899e+00
1.570681178971317982e+00
1.554418244138480620e+00
1.577695203248402178e+00
1.622494433634137145e+00
1.616226255104969090e+00
1.613859647968806765e+00
1.608578253754490373e+00
1.627794123169549634e+00
1.624416052244761044e+00
1.613564880518810973e+00
1.601654563436440970e+00
1.593965279030453042e+00
1.585477123687251133e+00
1.596837950383666271e+00
1.595675998851760591e+00
1.617658446220263224e+00
1.610508032652153698e+00
1.613561990647663258e+00
1.607063611270605596e+00
1.612712133576179818e+00
1.620313864100329182e+00
1.656231982166545658e+00
1.656414833929985342e+00
1.659658807439293060e+00
1.640328726395642533e+00
1.676891577275126055e+00
1.668587175891235841e+00
1.649442052027528138e+00
1.632431649475655888e+00
1.636922219825834635e+00
1.618729254765757242e+00
1.616397979565685761e+00
1.600489456540838518e+00
1.610892590282244852e+00
1.613419041480243843e+00
1.616791304248158978e+00
1.650766149012746098e+00
1.663546243939073133e+00
1.660240848181247397e+00
1.646133180727629153e+00
1.632562478341491374e+00
1.639756290509175374e+00
1.649289668335483627e+00
1.662207009254800694e+00
1.660256820687461055e+00
1.666778381799385755e+00
1.633165973583350139e+00
1.645682818403409353e+00
1.640412514472187944e+00
1.675574085185252082e+00
1.656671855562343865e+00
1.692787832759184763e+00
1.685680375517606189e+00
1.680126783118627953e+00
1.687865679555990539e+00
1.718596846854813176e+00
1.720294105449115873e+00
1.714091968490714990e+00
1.720163730905297506e+00
1.704988999623501700e+00
1.688140289682388051e+00
1.664824932919039879e+00
1.638794756644060158e+00
1.639855022243075888e+00
1.642756541309165152e+00
1.640066887995798917e+00
1.630234112331956808e+00
1.603512944945435281e+00
1.607576915163356102e+00
1.609740083936125776e+00
1.607221959276246892e+00
1.615216283449697920e+00
1.606826192673588061e+00
1.600511365258520557e+00
1.602249575515020785e+00
1.607412765116924769e+00
1.575588690510490553e+00
1.590805371158287684e+00
1.575653604711446665e+00
1.562937965965865317e+00
1.519824820082904093e+00
1.525827857529648002e+00
1.536449108409347009e+00
1.532983008905741684e+00
1.552060371632118629e+00
1.564682952751664580e+00
1.568733319072929788e+00
1.578312820020127738e+00
1.588604178557036617e+00
1.612087097479706577e+00
1.608820531173652979e+00
1.616908794549145600e+00
1.616920608584049068e+00
1.623311702296362125e+00
1.607601960475367964e+00
1.616311249775345127e+00
1.625191075232628624e+00
1.620792960353892420e+00
1.650063029957607119e+00
1.644518815041062121e+00
1.630684018350454512e+00
1.650158668237916348e+00
1.638410376789326994e+00
1.637790540031787145e+00
1.633984536219915684e+00
1.684790918270924864e+00
1.676223464424988041e+00
1.672046082854307114e+00
1.666323304437387742e+00
1.645621820580853933e+00
1.636942871499807106e+00
1.633526401439100662e+00
1.630404369782176843e+00
1.613999031202632217e+00
1.603008975334989650e+00
1.598006275609051174e+00
1.586529569447643340e+00
1.599403195412462786e+00
1.600605212555098467e+00
1.613943547213230412e+00
1.594651384445685993e+00
1.595977509109675729e+00
1.588715757352784363e+00
1.571776401246719468e+00
1.577169989863816957e+00
1.589096345484745543e+00
1.587576680340094581e+00
1.598356476994117870e+00
1.605573353392723002e+00
1.612527239499471854e+00
1.576459858806731784e+00
1.574666166403194456e+00
1.607169883389444331e+00
1.598172699559751386e+00
1.599112683432518223e+00
1.594914757275805117e+00
1.585013937739222945e+00
1.589409449321799839e+00
1.601722438507349189e+00
1.614059967603504342e+00
1.620643994965101697e+00
1.626421324140524316e+00
1.630464520349268698e+00
1.650966320280846666e+00
1.679487467966588765e+00
1.680255013869592418e+00
1.687575290882412204e+00
1.708267549429208110e+00
1.698220972147433727e+00
1.703254413467318651e+00
1.699650050627975695e+00
1.670070037575585253e+00
1.666069327818925361e+00
1.674458796513979886e+00
1.694445009001822822e+00
1.719983369318899946e+00
1.728052635276263516e+00
1.690303267466550352e+00
1.705606088572333201e+00
1.715987654552571184e+00
1.718685052897874321e+00
1.706896333823707756e+00
1.704763703403637365e+00
1.695457568423148986e+00
1.668379717881816049e+00
1.680726243441329926e+00
1.688480975273765283e+00
1.664231793160421580e+00
1.659563137498110130e+00
1.626894154047938912e+00
1.634852220092418484e+00
1.622935138089956375e+00
1.599292383726872657e+00
1.608153281375967580e+00
1.599330434645547916e+00
1.593299134786379412e+00
1.622134098683682080e+00
1.610521078497874736e+00
1.614051696727602625e+00
1.594322467061950022e+00
1.576857426931703943e+00
1.558938624868165368e+00
1.562715077208091774e+00
1.559326060208696685e+00
1.542315458154301711e+00
1.537856856641660830e+00
1.547107563967474064e+00
1.556133150182353209e+00
1.559374184265372776e+00
1.573477866162517058e+00
1.574373045714193564e+00
1.587749831996222216e+00
1.597793340294467734e+00
1.577680204831128696e+00
1.573832054339321829e+00
1.575627903172398092e+00
1.602680944475998182e+00
1.608628156015671662e+00
1.606664454141777609e+00
1.595489291802128839e+00
1.584408772064395121e+00
1.576541244015794208e+00
1.588371818208873076e+00
1.591455851117992593e+00
1.594995357551049153e+00
1.619963684420647532e+00
1.659695911749966113e+00
1.679856631784502952e+00
1.698010632278338372e+00
1.703142071746613029e+00
1.720882198759075443e+00
1.731859016778007243e+00
1.734385141297840383e+00
1.725955934198582398e+00
1.716179991377260405e+00
1.709237159789874116e+00
1.684223987530292455e+00
1.688504956867943108e+00
1.685244245578566114e+00
1.704962871821744441e+00
1.707261302558006122e+00
1.693109150002364727e+00
1.693428176166560162e+00
1.680871629262500111e+00
1.688495836737467171e+00
1.711795539429290081e+00
1.686590897904961306e+00
1.689273066691254543e+00
1.673417807937417567e+00
1.687970150143319081e+00
1.660547618642192580e+00
1.653428394694296699e+00
1.623294179514445768e+00
1.615665956596587849e+00
1.617968069640022710e+00
1.625650410378497890e+00
1.626792062841649233e+00
1.617922811296510055e+00
1.623710488219132664e+00
