7.023452520370483398e-01
1.162305355072021484e+00
7.904163599014282227e-01
9.819832444190979004e-01
6.571279764175415039e-01
9.616334438323974609e-01
7.778051495552062988e-01
1.572298407554626465e-01
8.210777640342712402e-01
8.219357728958129883e-01
6.899738311767578125e-01
8.853785991668701172e-01
6.799235343933105469e-01
1.023031592369079590e+00
6.773867011070251465e-01
7.620193362236022949e-01
2.106353282928466797e+00
7.499498128890991211e-01
6.856558918952941895e-01
1.340373039245605469e+00
6.069281101226806641e-01
8.103023171424865723e-01
8.402997255325317383e-01
8.688411712646484375e-01
5.373057126998901367e-01
3.159878253936767578e-01
5.721255540847778320e-01
7.671159505844116211e-01
6.570518016815185547e-01
6.613392233848571777e-01
6.782939434051513672e-01
2.669024839997291565e-02
6.152720451354980469e-01
6.449746489524841309e-01
6.778529882431030273e-01
6.951708793640136719e-01
5.719484090805053711e-01
2.623192500323057175e-03
5.018176436424255371e-01
6.639472842216491699e-01
1.067849993705749512e+00
7.025539875030517578e-01
3.955320119857788086e-01
1.652340650558471680e+00
5.119158625602722168e-01
5.922281742095947266e-01
9.988597035408020020e-01
5.649154186248779297e-01
5.196391344070434570e-01
8.080222606658935547e-01
5.870883464813232422e-01
4.491719901561737061e-01
1.083348035812377930e+00
4.678140878677368164e-01
5.571253895759582520e-01
7.654874324798583984e-01
4.973713755607604980e-01
5.210219025611877441e-01
4.105881154537200928e-01
5.302823781967163086e-01
4.301640987396240234e-01
9.069256782531738281e-01
4.965345859527587891e-01
4.846662282943725586e-01
1.461849659681320190e-01
3.813307285308837891e-01
5.813227891921997070e-01
1.449219882488250732e-02
3.790581226348876953e-01
5.341536402702331543e-01
4.353672266006469727e-01
5.408385396003723145e-01
3.300727009773254395e-01
7.628450393676757812e-01
4.041495919227600098e-01
4.909330606460571289e-01
1.354942563921213150e-02
4.272379875183105469e-01
3.693615794181823730e-01
1.241965770721435547e+00
4.864922761917114258e-01
3.084951639175415039e-01
9.442862868309020996e-01
3.526500165462493896e-01
4.303910732269287109e-01
7.747095227241516113e-01
3.632094264030456543e-01
4.473021626472473145e-01
6.754544097930192947e-03
3.565057218074798584e-01
4.352206289768218994e-01
4.996788338758051395e-04
3.374637365341186523e-01
4.160389900207519531e-01
3.218906819820404053e-01
4.135281145572662354e-01
3.428369164466857910e-01
2.183254808187484741e-02
2.825186252593994141e-01
4.570600688457489014e-01
1.852623187005519867e-02
3.235995173454284668e-01
4.024927020072937012e-01
3.075732849538326263e-03
3.791048228740692139e-01
3.211937844753265381e-01
1.897885799407958984e-01
4.122843146324157715e-01
2.778080403804779053e-01
1.326237469911575317e-01
3.499195575714111328e-01
3.129463791847229004e-01
3.538710474967956543e-01
3.303658664226531982e-01
3.194701671600341797e-01
3.404788970947265625e-01
3.195742964744567871e-01
3.191862702369689941e-01
2.842382788658142090e-01
2.646797895431518555e-01
3.555235862731933594e-01
3.507836163043975830e-01
2.632285952568054199e-01
3.443142771720886230e-01
3.329973220825195312e-01
2.463303357362747192e-01
3.681381046772003174e-01
1.122449990361928940e-02
3.317299187183380127e-01
2.540972232818603516e-01
2.676983773708343506e-01
2.890256047248840332e-01
2.852571606636047363e-01
2.510771751403808594e-01
2.417023777961730957e-01
3.346057534217834473e-01
3.878752514719963074e-02
2.604793012142181396e-01
2.649685740470886230e-01
6.728650331497192383e-01
3.257915079593658447e-01
2.229920923709869385e-01
1.197322309017181396e-01
3.477485775947570801e-01
1.846391409635543823e-01
2.049110233783721924e-01
2.316295951604843140e-01
2.956510782241821289e-01
9.711076319217681885e-02
2.055684328079223633e-01
2.984125018119812012e-01
3.011334836483001709e-01
2.259185612201690674e-01
2.524864971637725830e-01
5.490817427635192871e-01
2.444597482681274414e-01
2.573855519294738770e-01
4.418915603309869766e-03
2.770764231681823730e-01
2.035763263702392578e-01
1.714818626642227173e-01
2.070310115814208984e-01
2.637922763824462891e-01
1.592901945114135742e-01
2.325980067253112793e-01
2.392619550228118896e-01
1.214753370732069016e-03
2.842104434967041016e-01
1.736115515232086182e-01
8.475443720817565918e-02
2.123439759016036987e-01
2.313068211078643799e-01
1.722540706396102905e-01
2.015488445758819580e-01
2.207518219947814941e-01
3.813714385032653809e-01
2.157646715641021729e-01
2.214145064353942871e-01
4.555177874863147736e-03
2.676697969436645508e-01
1.527287662029266357e-01
1.492681205272674561e-01
2.155340462923049927e-01
1.967865675687789917e-01
1.477296948432922363e-01
1.710323691368103027e-01
2.311673164367675781e-01
1.822777092456817627e-01
2.251627743244171143e-01
1.674515157938003540e-01
2.112978994846343994e-01
1.573936343193054199e-01
2.329917252063751221e-01
1.208653748035430908e-01
1.795969009399414062e-01
1.744895577430725098e-01
5.757520198822021484e-01
2.570895552635192871e-01
1.129679679870605469e-01
1.974139511585235596e-01
2.118781805038452148e-01
1.433048248291015625e-01
3.064305782318115234e-01
1.881282478570938110e-01
1.682910025119781494e-01
1.518106162548065186e-01
1.418477296829223633e-01
1.881824135780334473e-01
4.531024694442749023e-01
1.927570700645446777e-01
1.567838340997695923e-01
2.374882064759731293e-02
1.467664241790771484e-01
1.671989858150482178e-01
4.740775525569915771e-01
1.755449175834655762e-01
1.324283182621002197e-01
4.504325985908508301e-01
1.879031509160995483e-01
1.410616338253021240e-01
1.257424592040479183e-03
1.610650122165679932e-01
1.529876738786697388e-01
1.315515339374542236e-01
1.587959975004196167e-01
1.511019468307495117e-01
9.912467002868652344e-02
1.234667673707008362e-01
1.814289540052413940e-01
8.053190261125564575e-02
1.429434120655059814e-01
1.507729291915893555e-01
1.655029356479644775e-01
1.564148813486099243e-01
1.228107511997222900e-01
3.027830123901367188e-01
1.600024998188018799e-01
1.285029500722885132e-01
6.254705786705017090e-02
1.431949734687805176e-01
1.427522301673889160e-01
2.581524604465812445e-04
1.351297348737716675e-01
1.365388780832290649e-01
1.385036259889602661e-01
1.453838795423507690e-01
1.277130097150802612e-01
3.286937624216079712e-02
1.087182462215423584e-01
1.610793471336364746e-01
1.802366925403475761e-03
1.015349626541137695e-01
1.541320979595184326e-01
1.528500020503997803e-01
1.722304821014404297e-01
8.858785033226013184e-02
1.344629563391208649e-03
1.055732816457748413e-01
1.362625062465667725e-01
2.293266355991363525e-01
1.087024658918380737e-01
1.237805634737014771e-01
3.077637553215026855e-01
1.349978893995285034e-01
1.107135564088821411e-01
2.253406308591365814e-02
1.273943036794662476e-01
1.135162413120269775e-01
2.032759599387645721e-02
1.323876678943634033e-01
1.056553721427917480e-01
3.101840266026556492e-04
1.128606200218200684e-01
1.208878755569458008e-01
1.033045584335923195e-03
1.115054935216903687e-01
1.161027103662490845e-01
4.013624042272567749e-02
9.181459248065948486e-02
1.214907914400100708e-01
2.081271708011627197e-01
1.111952736973762512e-01
1.112764477729797363e-01
1.386831572744995356e-04
8.177986741065979004e-02
1.289391517639160156e-01
1.190381944179534912e-01
1.220792531967163086e-01
8.857436478137969971e-02
6.190254539251327515e-02
6.715111434459686279e-02
1.203662902116775513e-01
3.675844073295593262e-01
7.653400301933288574e-02
1.120420396327972412e-01
2.864444851875305176e-01
9.045515209436416626e-02
1.098441109061241150e-01
3.028357215225696564e-02
1.195351406931877136e-01
7.613800466060638428e-02
3.821323439478874207e-02
7.062412798404693604e-02
1.231875494122505188e-01
6.960484461160376668e-05
1.211127042770385742e-01
6.910376250743865967e-02
5.053271539509296417e-03
8.644209802150726318e-02
9.910903871059417725e-02
2.395807206630706787e-02
7.454401254653930664e-02
9.814043343067169189e-02
1.792146563529968262e-01
6.086260825395584106e-02
1.169156357645988464e-01
4.550918191671371460e-02
9.961397945880889893e-02
7.517097890377044678e-02
4.609408229589462280e-02
7.980225235223770142e-02
8.711564540863037109e-02
1.196762025356292725e-01
9.154054522514343262e-02
6.598486751317977905e-02
2.209873199462890625e-01
9.185814857482910156e-02
7.572736591100692749e-02
1.200835613417439163e-04
6.849514693021774292e-02
8.984903991222381592e-02
9.294084459543228149e-02
7.894399762153625488e-02
6.996566057205200195e-02
1.943343877792358398e-01
6.313537061214447021e-02
9.042048454284667969e-02
7.005932927131652832e-02
7.338505238294601440e-02
7.389913499355316162e-02
1.197296530008316040e-01
1.082793325185775757e-01
3.896053135395050049e-02
7.683816552162170410e-02
6.664962321519851685e-02
8.062306791543960571e-02
2.366738207638263702e-02
7.467329502105712891e-02
7.078471779823303223e-02
6.671276409178972244e-03
9.527553617954254150e-02
4.675221443176269531e-02
2.026257663965225220e-02
7.054457068443298340e-02
7.020204514265060425e-02
5.351421423256397247e-04
5.029454082250595093e-02
8.402667194604873657e-02
6.597322225570678711e-02
4.783462360501289368e-02
8.693326264619827271e-02
2.327132038772106171e-02
4.747014865279197693e-02
8.499175310134887695e-02
2.583887986838817596e-02
8.294758200645446777e-02
4.365083202719688416e-02
8.658851683139801025e-02
5.267475917935371399e-02
7.139866054058074951e-02
8.979038894176483154e-02
7.631012797355651855e-02
5.107632651925086975e-02
9.391536877956241369e-05
4.713418334722518921e-02
7.782530784606933594e-02
1.266084145754575729e-04
7.779158651828765869e-02
4.417977482080459595e-02
1.735799759626388550e-02
3.720315918326377869e-02
8.378334343433380127e-02
6.052958269719965756e-05
8.112155646085739136e-02
3.816212713718414307e-02
6.708204455208033323e-05
5.912403762340545654e-02
5.830957740545272827e-02
5.736356251873075962e-05
4.791506752371788025e-02
6.371605396270751953e-02
6.544113159179687500e-02
7.871200144290924072e-02
3.108526393771171570e-02
6.975036859512329102e-02
3.442861512303352356e-02
7.713118195533752441e-02
1.041700318455696106e-02
4.584139585494995117e-02
6.107518076896667480e-02
5.643596872687339783e-02
4.695092141628265381e-02
4.732547700405120850e-02
2.308251261711120605e-01
5.108583718538284302e-02
4.875413328409194946e-02
1.097386181354522705e-01
3.819759935140609741e-02
6.355005502700805664e-02
4.347952455282211304e-02
5.234858393669128418e-02
4.991367831826210022e-02
1.048575970344245434e-03
3.939072787761688232e-02
5.813073366880416870e-02
4.273090511560440063e-02
4.169624298810958862e-02
5.440495163202285767e-02
3.747887909412384033e-02
3.868525475263595581e-02
5.792624503374099731e-02
1.720930304145440459e-04
3.676047921180725098e-02
5.782143026590347290e-02
7.010571658611297607e-03
2.973540499806404114e-02
5.477959290146827698e-02
1.426969170570373535e-01
4.893255233764648438e-02
3.089798614382743835e-02
1.921100914478302002e-01
4.453138262033462524e-02
4.025147855281829834e-02
8.495668321847915649e-02
4.326460510492324829e-02
4.223982244729995728e-02
4.088576883077621460e-02
2.657543867826461792e-02
5.958091095089912415e-02
4.553288090392015874e-05
4.378725588321685791e-02
3.405993059277534485e-02
1.064114421606063843e-01
2.493255771696567535e-02
5.784027278423309326e-02
3.271007881266996264e-05
3.702966123819351196e-02
3.386532142758369446e-02
1.654786169528961182e-01
4.118623584508895874e-02
3.647947683930397034e-02
3.148708492517471313e-02
3.966321051120758057e-02
3.812136501073837280e-02
2.512588631361722946e-03
4.348494485020637512e-02
3.294196352362632751e-02
5.035013891756534576e-04
3.003714792430400848e-02
4.502068459987640381e-02
2.086919448629487306e-05
3.763744235038757324e-02
3.616112470626831055e-02
4.261420108377933502e-04
2.884802781045436859e-02
3.496550768613815308e-02
1.410001814365386963e-01
3.995025902986526489e-02
3.057423233985900879e-02
1.621436141431331635e-02
4.114331305027008057e-02
2.808088809251785278e-02
1.527431141585111618e-02
2.307650074362754822e-02
3.695005178451538086e-02
1.414997428655624390e-01
2.779778093099594116e-02
3.955738991498947144e-02
3.642719006165862083e-03
2.504692599177360535e-02
3.017932362854480743e-02
1.752025038003921509e-01
2.397568523883819580e-02
3.845720738172531128e-02
3.640864789485931396e-02
3.073161095380783081e-02
2.994940616190433502e-02
4.083696752786636353e-02
2.151468396186828613e-02
3.899797797203063965e-02
1.767131127417087555e-02
3.585357218980789185e-02
2.394000440835952759e-02
1.025668997317552567e-02
3.711365163326263428e-02
2.187598310410976410e-02
3.755501471459865570e-03
2.708995714783668518e-02
2.805417589843273163e-02
4.664350673556327820e-02
2.573866769671440125e-02
3.040119260549545288e-02
1.345051545649766922e-02
2.798990532755851746e-02
2.695422992110252380e-02
1.583706773817539215e-02
1.643967628479003906e-02
3.611263632774353027e-02
3.737727925181388855e-02
2.488626725971698761e-02
2.240323275327682495e-02
1.064938902854919434e-01
1.867908053100109100e-02
3.362270817160606384e-02
8.101626299321651459e-03
2.188745513558387756e-02
2.796972543001174927e-02
3.053131327033042908e-02
2.446870319545269012e-02
2.397426962852478027e-02
3.694444894790649414e-02
2.006784826517105103e-02
2.967785857617855072e-02
3.489667869871482253e-05
2.803121320903301239e-02
1.678552478551864624e-02
6.525777280330657959e-02
1.794955506920814514e-02
2.997752651572227478e-02
1.667385367909446359e-04
1.770217716693878174e-02
2.220812812447547913e-02
1.140070408582687378e-01
2.024442702531814575e-02
2.561133354902267456e-02
5.391322076320648193e-03
1.397285517305135727e-02
2.491153776645660400e-02
9.794025123119354248e-02
2.163731493055820465e-02
2.181859873235225677e-02
8.921502158045768738e-03
2.517213858664035797e-02
1.774391904473304749e-02
2.972998656332492828e-03
2.797143347561359406e-02
1.426763460040092468e-02
6.783222488593310118e-05
1.778650656342506409e-02
2.186813578009605408e-02
2.754689753055572510e-02
1.738921925425529480e-02
1.835448853671550751e-02
7.832989096641540527e-02
2.265876159071922302e-02
1.586645469069480896e-02
2.235025726258754730e-02
1.920014433562755585e-02
1.886636018753051758e-02
1.590755023062229156e-02
1.985949650406837463e-02
1.393134891986846924e-02
7.026541233062744141e-02
1.845677942037582397e-02
1.883725821971893311e-02
2.725743222981691360e-03
1.368860527873039246e-02
1.785331219434738159e-02
8.176827430725097656e-02
1.644531451165676117e-02
1.927148550748825073e-02
1.907834666781127453e-03
2.187027968466281891e-02
1.317243650555610657e-02
8.452034671790897846e-04
1.337548065930604935e-02
2.063127234578132629e-02
4.838761407881975174e-03
2.112696133553981781e-02
1.254716701805591583e-02
8.452491601929068565e-04
1.419392973184585571e-02
1.768043823540210724e-02
2.041997201740741730e-02
1.664583571255207062e-02
1.500093005597591400e-02
1.514374651014804840e-02
1.569189503788948059e-02
1.620242185890674591e-02
2.735916525125503540e-03
2.317020297050476074e-02
3.809353569522500038e-03
7.354442030191421509e-02
1.469975989311933517e-02
1.625736057758331299e-02
3.523592022247612476e-04
7.105178199708461761e-03
1.892431080341339111e-02
6.898057460784912109e-02
2.027181535959243774e-02
9.610152803361415863e-03
7.368470542132854462e-04
1.242520473897457123e-02
1.684493571519851685e-02
3.945372372982092202e-05
1.182544417679309845e-02
1.627283915877342224e-02
1.050014887005090714e-02
1.698901876807212830e-02
7.873348891735076904e-03
5.507565289735794067e-02
1.013884693384170532e-02
1.400254294276237488e-02
5.794779211282730103e-02
1.386355236172676086e-02
1.310448627918958664e-02
3.275658469647169113e-03
1.338694803416728973e-02
1.322029996663331985e-02
1.759384031174704432e-05
1.244658790528774261e-02
1.273495890200138092e-02
1.474688015878200531e-02
1.277710124850273132e-02
1.280992571264505386e-02
8.054277859628200531e-04
1.185072585940361023e-02
1.314644515514373779e-02
3.391637466847896576e-03
8.713541552424430847e-03
1.225197967141866684e-02
6.080953031778335571e-02
1.274869218468666077e-02
1.108040474355220795e-02
7.769316434860229492e-03
1.554474048316478729e-02
7.416361011564731598e-03
1.442785561084747314e-02
7.855809293687343597e-03
1.211328059434890747e-02
5.351206287741661072e-02
9.430207312107086182e-03
1.335213426500558853e-02
1.091658603399991989e-03
8.449539542198181152e-03
1.111226994544267654e-02
4.574403911828994751e-02
8.030707947909832001e-03
1.389462407678365707e-02
3.542862541507929564e-04
1.389855612069368362e-02
7.125021424144506454e-03
7.926592603325843811e-03
1.213116012513637543e-02
8.969217538833618164e-03
1.470193674322217703e-04
1.098192483186721802e-02
7.078196853399276733e-03
4.255744069814682007e-02
1.079281978309154510e-02
9.532816708087921143e-03
1.500803919043391943e-04
1.531722210347652435e-02
4.626819863915443420e-03
6.420492427423596382e-04
9.441968053579330444e-03
9.011138230562210083e-03
1.833189465105533600e-02
8.241898380219936371e-03
1.076531596481800079e-02
4.136737436056137085e-03
1.058893837034702301e-02
7.674179505556821823e-03
1.103615947067737579e-02
8.563522249460220337e-03
1.006109546869993210e-02
3.337568341521546245e-05
1.074657868593931198e-02
7.522946223616600037e-03
1.143901841714978218e-03
8.866479620337486267e-03
8.768251165747642517e-03
6.726030260324478149e-03
5.035686306655406952e-03
1.249429490417242050e-02
3.848212771117687225e-03
1.055719424039125443e-02
6.946862675249576569e-03
3.099198220297694206e-04
1.023594290018081665e-02
6.452856585383415222e-03
9.184192866086959839e-03
1.080787368118762970e-02
6.145039573311805725e-03
8.498480310663580894e-04
8.963634259998798370e-03
5.617766641080379486e-03
3.490235283970832825e-02
7.498382590711116791e-03
8.812854066491127014e-03
2.496050205081701279e-03
8.619570173323154449e-03
7.570077199488878250e-03
3.063102485612034798e-05
7.862403988838195801e-03
8.049245923757553101e-03
3.423212328925728798e-04
6.139818578958511353e-03
9.288232773542404175e-03
4.221423529088497162e-03
7.304806727916002274e-03
8.156032301485538483e-03
4.229554906487464905e-05
5.643395707011222839e-03
7.794104982167482376e-03
2.861571125686168671e-02
7.016300689429044724e-03
7.997542619705200195e-03
1.194535070681013167e-05
9.056755341589450836e-03
5.645911674946546555e-03
9.518583538010716438e-04
7.629328873008489609e-03
6.878682412207126617e-03
3.074090636800974607e-05
4.913504235446453094e-03
9.374981746077537537e-03
1.424959373252931982e-05
3.791251685470342636e-03
1.026993803679943085e-02
5.252411356195807457e-04
3.040007781237363815e-03
1.078307256102561951e-02
1.193974632769823074e-03
6.575786042958498001e-03
7.156343199312686920e-03
2.889643292292021215e-05
9.688964113593101501e-03
2.652808791026473045e-03
1.940839365124702454e-02
7.617948576807975769e-03
5.735560320317745209e-03
7.806607754901051521e-05
6.501686759293079376e-03
4.631445277482271194e-03
3.202648833394050598e-02
8.335143327713012695e-03
4.583602771162986755e-03
9.110687824431806803e-05
5.246170796453952789e-03
7.405156269669532776e-03
1.839985197875648737e-04
6.787190213799476624e-03
5.467076320201158524e-03
3.336274065077304840e-03
5.009007640182971954e-03
7.251477800309658051e-03
4.825950782105792314e-06
6.328229792416095734e-03
4.485498648136854172e-03
2.024267800152301788e-02
2.834416693076491356e-03
8.820842951536178589e-03
3.492092713713645935e-03
9.141619317233562469e-03
2.547329524531960487e-03
4.162525783613091335e-06
5.592529196292161942e-03
4.593144636601209641e-03
2.046223729848861694e-02
5.499763414263725281e-03
5.625231191515922546e-03
2.469078637659549713e-03
3.924542106688022614e-03
7.037045434117317200e-03
1.321025192737579346e-03
3.613342298194766045e-03
7.181128486990928650e-03
6.220170762389898300e-04
6.475758738815784454e-03
4.190495237708091736e-03
4.422709753271192312e-05
3.518676850944757462e-03
6.857080850750207901e-03
1.899975584819912910e-03
5.289494525641202927e-03
3.553992602974176407e-03
2.416024729609489441e-02
5.462685599923133850e-03
4.601711407303810120e-03
1.603987300768494606e-03
4.027023445814847946e-03
5.852903239428997040e-03
1.447190996259450912e-03
5.028722807765007019e-03
4.453303292393684387e-03
5.306052975356578827e-03
6.119674071669578552e-03
3.429674543440341949e-03
1.667244010604918003e-03
4.841231741011142731e-03
4.654739052057266235e-03
8.037317456910386682e-06
4.698542878031730652e-03
3.980973735451698303e-03
1.054625585675239563e-02
4.635921679437160492e-03
4.536470398306846619e-03
2.636537246871739626e-04
5.377479828894138336e-03
2.590136602520942688e-03
1.708848029375076294e-02
5.101791583001613617e-03
3.784244880080223083e-03
6.712551112286746502e-06
3.637256333604454994e-03
4.337885417044162750e-03
1.145591028034687042e-02
4.715413320809602737e-03
3.757738741114735603e-03
1.071696635335683823e-03
2.399227814748883247e-03
5.955500062555074692e-03
2.033102646237239242e-05
6.549485959112644196e-03
1.682131085544824600e-03
6.272715836530551314e-05
4.121520556509494781e-03
3.964439034461975098e-03
2.237907028757035732e-05
2.758620772510766983e-03
4.104362800717353821e-03
1.755696535110473633e-02
2.204299438744783401e-03
5.102762021124362946e-03
8.257116191089153290e-03
4.472829401493072510e-03
3.151566954329609871e-03
1.195733668282628059e-03
2.450089901685714722e-03
5.008248146623373032e-03
1.098837354220449924e-03
3.223157953470945358e-03
4.193712025880813599e-03
2.319147097296081483e-05
4.335235804319381714e-03
2.449610736221075058e-03
8.331664837896823883e-03
4.574989899992942810e-03
2.591513330116868019e-03
5.282480269670486450e-04
2.770311897620558739e-03
4.298954270780086517e-03
6.941882929822895676e-06
4.556224681437015533e-03
2.406042302027344704e-03
1.252053880307357758e-05
4.477249924093484879e-03
2.161241369321942329e-03
3.564027603715658188e-03
2.529828110709786415e-03
4.231411498039960861e-03
4.490441824600566179e-06
2.717149443924427032e-03
3.943898715078830719e-03
1.188767691928660497e-05
2.631826791912317276e-03
3.748300950974225998e-03
3.005693200975656509e-03
3.086951095610857010e-03
3.397576045244932175e-03
2.041212837866623886e-06
2.412986243143677711e-03
3.151400014758110046e-03
1.317328773438930511e-02
2.449108054861426353e-03
3.203257452696561813e-03
1.023901253938674927e-02
3.300786716863512993e-03
2.482654061168432236e-03
5.957771558314561844e-03
2.980199176818132401e-03
3.046819707378745079e-03
2.124922048096777871e-06
4.080044105648994446e-03
1.824165927246212959e-03
1.372604165226221085e-04
2.566905692219734192e-03
2.535527106374502182e-03
1.095601450651884079e-02
1.902147312648594379e-03
3.747636685147881508e-03
4.385845677461475134e-04
3.766112262383103371e-03
1.163890585303306580e-03
1.051688566803932190e-02
2.241208683699369431e-03
3.168232738971710205e-03
8.065939764492213726e-04
2.313374076038599014e-03
2.912188880145549774e-03
2.214790321886539459e-03
1.919450704008340836e-03
3.318833652883768082e-03
3.248000866733491421e-04
2.360697370022535324e-03
2.793009392917156219e-03
2.993403468281030655e-04
2.813376951962709427e-03
1.735392957925796509e-03
8.649279363453388214e-03
2.389524364843964577e-03
2.615304663777351379e-03
1.614627399249002337e-05
3.443311434239149094e-03
1.472122734412550926e-03
1.686507312115281820e-05
1.393690821714699268e-03
3.117925953119993210e-03
5.116572137922048569e-03
2.494256477802991867e-03
2.269655466079711914e-03
1.460917701479047537e-05
1.521811704151332378e-03
3.161750733852386475e-03
1.887469238681660499e-06
2.027989830821752548e-03
2.580136060714721680e-03
3.227540582884103060e-04
2.360828453674912453e-03
1.936378539539873600e-03
4.301048815250396729e-03
1.603114418685436249e-03
2.812783233821392059e-03
1.236133975908160210e-03
1.227360568009316921e-03
3.158840816468000412e-03
5.611225496977567673e-04
1.730849966406822205e-03
2.621217165142297745e-03
1.547409056001924910e-06
3.064814256504178047e-03
1.002043136395514011e-03
3.622029908001422882e-03
2.286500995978713036e-03
1.936019398272037506e-03
9.674526518210768700e-05
1.859837910160422325e-03
2.302762819454073906e-03
2.470649997121654451e-05
2.704633865505456924e-03
1.404819544404745102e-03
6.536518412758596241e-06
2.473370172083377838e-03
1.588120823726058006e-03
1.164771674666553736e-04
2.551405224949121475e-03
1.466057496145367622e-03
1.904226228361949325e-04
2.051621675491333008e-03
1.558845164254307747e-03
5.778355523943901062e-03
1.244653016328811646e-03
2.621008083224296570e-03
6.636300822719931602e-04
2.279626671224832535e-03
1.549443928524851799e-03
1.400363107677549124e-04
2.044253516942262650e-03
1.740428153425455093e-03
3.976197604060871527e-06
2.180264797061681747e-03
1.554178074002265930e-03
1.599594179424457252e-05
2.410210901871323586e-03
1.262821606360375881e-03
2.263569767819717526e-04
1.769218244589865208e-03
1.477459212765097618e-03
6.304500624537467957e-03
2.619693521410226822e-03
9.649706771597266197e-04
3.218192432541400194e-05
1.684776390902698040e-03
1.837816322222352028e-03
1.620186139916768298e-06
1.356460619717836380e-03
2.085943240672349930e-03
4.279195563867688179e-04
7.106813136488199234e-04
2.386175561696290970e-03
5.064163357019424438e-03
8.155891555361449718e-04
2.550554461777210236e-03
1.636699380469508469e-05
8.622829336673021317e-04
2.165418118238449097e-03
4.376496188342571259e-03
1.986394636332988739e-03
