1.762009051162749529e-04
2.499945694580674171e-04
2.261774498037993908e-04
2.042568667093291879e-04
2.451994805596768856e-04
1.928412821143865585e-04
2.449412713758647442e-04
3.357629175297915936e-04
1.981761452043429017e-04
3.479892038740217686e-04
1.889066479634493589e-04
1.879416522569954395e-04
2.995264367200434208e-04
2.142171724699437618e-04
1.849665859481319785e-04
2.108486951328814030e-04
1.956945488927885890e-04
1.888628466986119747e-04
1.838655443862080574e-04
2.201972820330411196e-04
1.935026666615158319e-04
1.995519414776936173e-04
2.157059498131275177e-04
2.189837832702323794e-04
2.371693990426138043e-04
2.465601137373596430e-04
1.702145964372903109e-04
2.108785847667604685e-04
2.272226847708225250e-04
2.200365270255133510e-04
2.130448992829769850e-04
1.877901086118072271e-04
1.952878083102405071e-04
2.063671272480860353e-04
1.959259243449196219e-04
2.101399004459381104e-04
2.521852729842066765e-04
1.668605982558801770e-04
2.019623934756964445e-04
2.596397825982421637e-04
1.812829577829688787e-04
1.895947934826835990e-04
2.049278991762548685e-04
1.960808294825255871e-04
1.931698207044973969e-04
2.000613894779235125e-04
1.833706919569522142e-04
1.895184395834803581e-04
1.987646392080932856e-04
1.795752905309200287e-04
1.840682671172544360e-04
1.840351033024489880e-04
2.043868153123185039e-04
2.070152695523574948e-04
1.713317760732024908e-04
1.708013878669589758e-04
1.718539278954267502e-04
1.864501682575792074e-04
1.874047302408143878e-04
1.860415504779666662e-04
2.279952168464660645e-04
2.104216400766745210e-04
1.566911669215187430e-04
2.398015640210360289e-04
2.316660829819738865e-04
1.998329244088381529e-04
2.289384137839078903e-04
1.782937179086729884e-04
2.209043304901570082e-04
1.937740016728639603e-04
1.941404188983142376e-04
2.021292893914505839e-04
2.222533512394875288e-04
1.624011492822319269e-04
2.044312714133411646e-04
1.614378415979444981e-04
1.747166243148967624e-04
2.186890196753665805e-04
2.570991928223520517e-04
1.788023218978196383e-04
1.815933501347899437e-04
2.168515202356502414e-04
2.076144883176311851e-04
1.638824323890730739e-04
3.223994572181254625e-04
1.515934272902086377e-04
2.585867478046566248e-04
2.699784236028790474e-04
1.860579359345138073e-04
2.646005887072533369e-04
2.970154164358973503e-04
2.236072323285043240e-04
2.237802982563152909e-04
3.191411087755113840e-04
1.806341169867664576e-04
2.653563860803842545e-04
1.962390088010579348e-04
1.775808195816352963e-04
1.789538073353469372e-04
2.318126062164083123e-04
2.016375947277992964e-04
1.902166113723069429e-04
2.021006657741963863e-04
1.807653752621263266e-04
1.974178885575383902e-04
1.969387230928987265e-04
1.871215936262160540e-04
2.070221380563452840e-04
2.170249063055962324e-04
1.697267289273440838e-04
1.823012717068195343e-04
2.285939699504524469e-04
1.840343174990266562e-04
2.030186005868017673e-04
2.496586530469357967e-04
1.774576085153967142e-04
2.201677125412970781e-04
3.121901536360383034e-04
1.789646630641072989e-04
2.644398482516407967e-04
2.360490907449275255e-04
2.009458839893341064e-04
2.290839038323611021e-04
2.362452505622059107e-04
2.017735387198626995e-04
2.538786502555012703e-04
2.006142749451100826e-04
2.040372346527874470e-04
2.262550988234579563e-04
1.747623318806290627e-04
2.173222601413726807e-04
2.003531990339979529e-04
1.682156580500304699e-04
1.996755891013890505e-04
2.408790751360356808e-04
2.054725337075069547e-04
2.283019421156495810e-04
2.400881348876282573e-04
1.654845545999705791e-04
2.064766304101794958e-04
2.871989272534847260e-04
2.313202130608260632e-04
2.642212202772498131e-04
5.642080795951187611e-04
1.933020830620080233e-04
6.962142651900649071e-04
2.545831957831978798e-04
1.918673224281519651e-04
4.960412043146789074e-04
1.764961634762585163e-04
2.232393599115312099e-04
3.289227024652063847e-04
2.253436687169596553e-04
2.863910922314971685e-04
4.875700105912983418e-04
2.641733444761484861e-04
3.237052005715668201e-04
6.382229621522128582e-04
1.878656621556729078e-04
4.334917757660150528e-04
2.947369357571005821e-04
2.538273110985755920e-04
2.753764274530112743e-04
2.378087956458330154e-04
1.751380914356559515e-04
2.765126992017030716e-04
2.287634997628629208e-04
2.146395854651927948e-04
2.392916940152645111e-04
2.758739865384995937e-04
2.104233863065019250e-04
2.193171385442838073e-04
2.590141666587442160e-04
2.155429683625698090e-04
2.151662629330530763e-04
2.208099467679858208e-04
2.238619781564921141e-04
2.238050510641187429e-04
1.970595621969550848e-04
2.016684593399986625e-04
2.315900928806513548e-04
1.955573534360155463e-04
2.572272205725312233e-04
1.714596583042293787e-04
1.696541294222697616e-04
1.848253887146711349e-04
2.094037918141111732e-04
2.264648937853053212e-04
2.177204878535121679e-04
1.813006820157170296e-04
2.109001798089593649e-04
2.228311204817146063e-04
2.077217650366947055e-04
2.143858728231862187e-04
2.367682027397677302e-04
2.140415890607982874e-04
2.159772848244756460e-04
2.169979561585932970e-04
2.046288136625662446e-04
2.432023175060749054e-04
1.960023510036990047e-04
1.884280354715883732e-04
1.852016721386462450e-04
2.120968420058488846e-04
1.464749511796981096e-04
1.717822451610118151e-04
2.310237032361328602e-04
1.741916785249486566e-04
2.474070934113115072e-04
2.076036762446165085e-04
2.234330167993903160e-04
1.779575541149824858e-04
1.809958193916827440e-04
2.201095339842140675e-04
1.986018032766878605e-04
2.130420034518465400e-04
1.896382600534707308e-04
1.658968249103054404e-04
1.783123880159109831e-04
2.095216623274609447e-04
2.557206025812774897e-04
1.842210767790675163e-04
2.182097086915746331e-04
2.132525405613705516e-04
1.695438404567539692e-04
2.146720362361520529e-04
2.075326337944716215e-04
1.711486402200534940e-04
2.199584996560588479e-04
2.252040139865130186e-04
2.002394467126578093e-04
3.857765113934874535e-04
1.757658901624381542e-04
2.372546296101063490e-04
1.946662960108369589e-04
1.939916401170194149e-04
1.750615192577242851e-04
1.772104878909885883e-04
1.837481686379760504e-04
2.089250338030979037e-04
2.169377985410392284e-04
1.706895709503442049e-04
2.096820535371080041e-04
1.777688448783010244e-04
1.802627230063080788e-04
1.935072068590670824e-04
2.043806889560073614e-04
2.027152077062055469e-04
1.960880472324788570e-04
1.875121088232845068e-04
2.009514137171208858e-04
1.837273885030299425e-04
1.868879626272246242e-04
1.990504242712631822e-04
2.039088285528123379e-04
1.925732940435409546e-04
1.867757964646443725e-04
1.971511519514024258e-04
1.804214116418734193e-04
1.941888767760246992e-04
2.076527307508513331e-04
2.169223153032362461e-04
3.147868555970489979e-04
2.088537876261398196e-04
2.486057055648416281e-04
2.131060173269361258e-04
1.617290254216641188e-04
1.900564820971339941e-04
2.519419067539274693e-04
2.048320020548999310e-04
2.235437423223629594e-04
1.676446845522150397e-04
1.571093744132667780e-04
1.992555044125765562e-04
1.991819881368428469e-04
1.670475321589037776e-04
1.727281778585165739e-04
2.322760410606861115e-04
1.786634384188801050e-04
2.502249553799629211e-04
2.200429153162986040e-04
2.214901905972510576e-04
2.230111858807504177e-04
2.017073566094040871e-04
2.041461702901870012e-04
2.733975125011056662e-04
1.907204132294282317e-04
2.253764687338843942e-04
2.102456201100721955e-04
1.760302402544766665e-04
2.043868153123185039e-04
1.705712202237918973e-04
2.019961539190262556e-04
2.217924629803746939e-04
1.804113562684506178e-04
1.723822642816230655e-04
2.087125321850180626e-04
2.162975433748215437e-04
2.067227324005216360e-04
2.611367381177842617e-04
2.066082961391657591e-04
2.799515496008098125e-04
2.139351563528180122e-04
2.006205904763191938e-04
2.220036985818296671e-04
1.855175796663388610e-04
2.122750156559050083e-04
1.816875155782327056e-04
1.833744463510811329e-04
2.184609475079923868e-04
2.002268447540700436e-04
1.895827008411288261e-04
1.613476051716133952e-04
2.729611587710678577e-04
2.207917423220351338e-04
3.400900750420987606e-04
1.940383517649024725e-04
2.248933742521330714e-04
2.203262993134558201e-04
1.798430312192067504e-04
2.391578454989939928e-04
1.979154330911114812e-04
2.019650564761832356e-04
1.725471520330756903e-04
1.648498146096244454e-04
1.808318629628047347e-04
2.036416553892195225e-04
1.801954349502921104e-04
2.124280144926160574e-04
1.830440596677362919e-04
2.085579908452928066e-04
2.049712784355506301e-04
2.263536734972149134e-04
2.295199665240943432e-04
2.829251170624047518e-04
1.879656338132917881e-04
1.823935890570282936e-04
2.078817342408001423e-04
1.797557197278365493e-04
2.153613459086045623e-04
1.586537982802838087e-04
1.970464654732495546e-04
1.705465547274798155e-04
2.128925407305359840e-04
1.795185962691903114e-04
2.055902878055348992e-04
1.818825548980385065e-04
2.207772777182981372e-04
2.352416340727359056e-04
1.749856455717235804e-04
1.631604973226785660e-04
2.122607547789812088e-04
1.976864441530779004e-04
1.846027444116771221e-04
1.973508333321660757e-04
1.692903751973062754e-04
1.660492562223225832e-04
1.678230764809995890e-04
1.860456250142306089e-04
1.757394347805529833e-04
2.160216681659221649e-04
2.153069799533113837e-04
1.569487503729760647e-04
2.031262993114069104e-04
1.820834877435117960e-04
2.365475957049056888e-04
1.600597170181572437e-04
1.995204656850546598e-04
2.205022610723972321e-04
2.107664768118411303e-04
2.225163188995793462e-04
1.767586509231477976e-04
2.389490255154669285e-04
1.858872274169698358e-04
1.924539683386683464e-04
1.679110573604702950e-04
2.333049487788230181e-04
2.064094587694853544e-04
2.112024958478286862e-04
1.947959390236064792e-04
1.790558453649282455e-04
1.916048204293474555e-04
1.978877699002623558e-04
2.062169514829292893e-04
1.973009639186784625e-04
1.847620005719363689e-04
2.033764903899282217e-04
2.079989353660494089e-04
2.422815305180847645e-04
1.827490050345659256e-04
1.632868807064369321e-04
1.794812123989686370e-04
2.126339386450126767e-04
1.865252852439880371e-04
1.726463087834417820e-04
2.079584955936297774e-04
1.891518186312168837e-04
1.683104346739128232e-04
1.970239973161369562e-04
2.130009233951568604e-04
1.741917803883552551e-04
2.178042341256514192e-04
1.860111660789698362e-04
2.454852510709315538e-04
1.993676851270720363e-04
1.808097294997423887e-04
1.953790051629766822e-04
1.756690471665933728e-04
2.055937511613592505e-04
1.679095439612865448e-04
1.709602947812527418e-04
2.003565314225852489e-04
1.951116137206554413e-04
1.758117286954075098e-04
2.173166139982640743e-04
1.908254198497161269e-04
1.554501213831827044e-04
1.761092280503362417e-04
1.719092979328706861e-04
1.760179875418543816e-04
1.988975272979587317e-04
2.321340871276333928e-04
2.497985842637717724e-04
1.910670689539983869e-04
1.856937306001782417e-04
1.707639603409916162e-04
2.912979398388415575e-04
2.210598031524568796e-04
3.460944571997970343e-04
1.964213442988693714e-04
1.894191809697076678e-04
2.006243157666176558e-04
1.594781497260555625e-04
1.849804975790902972e-04
1.965718693099915981e-04
1.841909543145447969e-04
2.049615286523476243e-04
1.846451486926525831e-04
1.812574628274887800e-04
1.864099467638880014e-04
2.744556404650211334e-04
1.978761865757405758e-04
2.552853839006274939e-04
1.988583971979096532e-04
2.315673918928951025e-04
2.500175614841282368e-04
2.267572854179888964e-04
2.617628197185695171e-04
1.932325831148773432e-04
1.793383562471717596e-04
2.636557328514754772e-04
2.090410562232136726e-04
2.637248835526406765e-04
1.816162257455289364e-04
1.774895936250686646e-04
2.312781725777313113e-04
1.982217654585838318e-04
2.102196449413895607e-04
1.762700849212706089e-04
1.710059004835784435e-04
1.711089862510561943e-04
1.517452328698709607e-04
1.631277409614995122e-04
1.860553020378574729e-04
2.037235972238704562e-04
1.395827130181714892e-04
1.653620856814086437e-04
2.000758540816605091e-04
1.737957354635000229e-04
1.850353582995012403e-04
1.643622235860675573e-04
1.922614901559427381e-04
1.668704207986593246e-04
1.751169038470834494e-04
1.502835948485881090e-04
1.839149335864931345e-04
1.998335355892777443e-04
1.948401477420702577e-04
1.770210074028000236e-04
1.858197210822254419e-04
1.864163641585037112e-04
1.880759373307228088e-04
1.754438562784343958e-04
2.341429208172485232e-04
2.244892530143260956e-04
1.548096042824909091e-04
2.156487607862800360e-04
2.247616939712315798e-04
1.998476654989644885e-04
1.764504850143566728e-04
2.474275534041225910e-04
1.914925232995301485e-04
1.349627709714695811e-04
1.763845793902873993e-04
1.778470759745687246e-04
1.943249080795794725e-04
1.943242532433941960e-04
2.282988280057907104e-04
1.790514215826988220e-04
1.738165447022765875e-04
1.772599061951041222e-04
1.651660422794520855e-04
1.684919261606410146e-04
1.826993538998067379e-04
1.781433238647878170e-04
1.868760737124830484e-04
1.744627516018226743e-04
1.932074083015322685e-04
1.949763391166925430e-04
1.815097057260572910e-04
1.603118435014039278e-04
1.579826057422906160e-04
1.767496578395366669e-04
1.595490321051329374e-04
2.021765103563666344e-04
1.918099878821521997e-04
1.955639163497835398e-04
1.582769036758691072e-04
1.858538598753511906e-04
2.106728497892618179e-04
1.779912126949056983e-04
1.736559206619858742e-04
1.724877802189439535e-04
1.636918022995814681e-04
2.103231672663241625e-04
1.444846711819991469e-04
1.900249480968341231e-04
1.956316118594259024e-04
2.079921832773834467e-04
1.882103388197720051e-04
1.909596176119521260e-04
1.631474005989730358e-04
2.238239685539156199e-04
1.634525542613118887e-04
1.813302224036306143e-04
1.653736981097608805e-04
1.824641076382249594e-04
1.954373146872967482e-04
2.120676799677312374e-04
1.750276423990726471e-04
1.843956852098926902e-04
2.100372803397476673e-04
2.294813748449087143e-04
1.859260664787143469e-04
1.820133620640262961e-04
2.277808962389826775e-04
1.684283197391778231e-04
1.917194604175165296e-04
2.780960348900407553e-04
2.216993889305740595e-04
2.259558386867865920e-04
2.071283233817666769e-04
1.801757316570729017e-04
2.346016844967380166e-04
1.804336789064109325e-04
2.399494842393323779e-04
2.853996411431580782e-04
2.040305262198671699e-04
2.029754105024039745e-04
1.777658908395096660e-04
2.422079123789444566e-04
1.726220507407560945e-04
1.852319837780669332e-04
2.082644496113061905e-04
2.136188995791599154e-04
1.823924249038100243e-04
1.654399384278804064e-04
1.924545940710231662e-04
1.853631838457658887e-04
2.081173151964321733e-04
1.695792307145893574e-04
2.715455484576523304e-04
1.526294072391465306e-04
2.141108561772853136e-04
2.303588407812640071e-04
1.811257243389263749e-04
2.334984601475298405e-04
1.833004935178905725e-04
1.715035177767276764e-04
1.625914737815037370e-04
1.847982057370245457e-04
1.638252870179712772e-04
1.805643260013312101e-04
1.942094240803271532e-04
2.054079959634691477e-04
1.848787796916440129e-04
2.436203503748401999e-04
2.423325058771297336e-04
2.239834575448185205e-04
1.811399124562740326e-04
2.834266051650047302e-04
2.245786163257434964e-04
1.911587751237675548e-04
1.995343482121825218e-04
1.875068992376327515e-04
1.983711990760639310e-04
2.282474306412041187e-04
1.920230570249259472e-04
1.770500384736806154e-04
1.589242456248030066e-04
1.937179622473195195e-04
1.875790039775893092e-04
2.220312599092721939e-04
2.556649851612746716e-04
2.149253559764474630e-04
1.906893739942461252e-04
2.050471812253817916e-04
1.893293811008334160e-04
2.775792672764509916e-04
1.919606875162571669e-04
1.822714548325166106e-04
2.084025909425690770e-04
1.776649150997400284e-04
1.937703054863959551e-04
2.200485905632376671e-04
2.043162385234609246e-04
2.316265308763831854e-04
1.799567107809707522e-04
1.799299498088657856e-04
1.780842721927911043e-04
2.111967769451439381e-04
1.987421273952350020e-04
2.054425131063908339e-04
1.561911194585263729e-04
1.980467932298779488e-04
1.706664043013006449e-04
1.717367267701774836e-04
1.902255462482571602e-04
2.161311567761003971e-04
1.801635808078572154e-04
2.265694492962211370e-04
1.996173232328146696e-04
2.335250319447368383e-04
1.854595029726624489e-04
2.093899965984746814e-04
2.635339042171835899e-04
1.528429565951228142e-04
3.793340292759239674e-04
2.451305917929857969e-04
1.799996098270639777e-04
2.292082353960722685e-04
1.768046495271846652e-04
2.337450860068202019e-04
2.640220627654343843e-04
2.342910738661885262e-04
2.707692328840494156e-04
2.554085804149508476e-04
1.850884727900847793e-04
2.395063929725438356e-04
2.449768362566828728e-04
2.228319208370521665e-04
2.231568796560168266e-04
2.188187063438817859e-04
3.078323206864297390e-04
2.135556569555774331e-04
1.771371171344071627e-04
1.833638525567948818e-04
1.635162625461816788e-04
2.043860295088961720e-04
1.678562985034659505e-04
1.859232434071600437e-04
2.419709635432809591e-04
1.774149422999471426e-04
2.429314190521836281e-04
2.196331915911287069e-04
1.890067651402205229e-04
2.358186175115406513e-04
1.890237326733767986e-04
2.886986476369202137e-04
1.785033382475376129e-04
2.642636536620557308e-04
3.237709170207381248e-04
1.700219581834971905e-04
2.450856263749301434e-04
1.958169741556048393e-04
1.803249760996550322e-04
2.675550058484077454e-04
1.953767787199467421e-04
2.450764295645058155e-04
2.857630897779017687e-04
1.767085923347622156e-04
2.760213101282715797e-04
4.437328316271305084e-04
2.312351716682314873e-04
4.035280435346066952e-04
6.702297832816839218e-04
4.857391759287565947e-04
1.063716132193803787e-03
1.983591064345091581e-04
7.143964758142828941e-04
7.426774827763438225e-04
2.572432567831128836e-04
4.121152160223573446e-04
7.114097243174910545e-04
2.450908650644123554e-04
8.686553337611258030e-04
2.055007935268804431e-04
6.697343778796494007e-04
2.974160888697952032e-04
4.303229507058858871e-04
4.548643482849001884e-04
2.399817312834784389e-04
5.002967081964015961e-04
2.261441259179264307e-04
1.995870115933939815e-04
4.352152463980019093e-04
2.379638754064217210e-04
3.029730869457125664e-04
2.197617868660017848e-04
2.535555977374315262e-04
2.731660497374832630e-04
2.229343517683446407e-04
1.919080968946218491e-04
1.690846693236380816e-04
2.250780380563810468e-04
1.777194847818464041e-04
1.793061383068561554e-04
1.665340823819860816e-04
1.895788591355085373e-04
2.280315384268760681e-04
2.320653293281793594e-04
1.488288107793778181e-04
1.948940189322456717e-04
2.243958879262208939e-04
1.838798052631318569e-04
2.015712234424427152e-04
2.105662133544683456e-04
2.121482684742659330e-04
2.491510822437703609e-04
2.130371431121602654e-04
1.841584162320941687e-04
1.671226928010582924e-04
1.911093422677367926e-04
1.665612799115478992e-04
2.017583465203642845e-04
2.075634256470948458e-04
2.145474863937124610e-04
2.188105572713539004e-04
2.348606649320572615e-04
1.865875819930806756e-04
2.524561132304370403e-04
1.852623827289789915e-04
1.971966994460672140e-04
2.648392692208290100e-04
1.761213643476366997e-04
1.651447964832186699e-04
2.167389029636979103e-04
1.772022951627150178e-04
1.942416274687275290e-04
1.963943941518664360e-04
2.327233378309756517e-04
2.098094264511018991e-04
1.887946564238518476e-04
1.732508244458585978e-04
1.991822209674865007e-04
1.806287036743015051e-04
2.024550776695832610e-04
1.690690987743437290e-04
1.885381061583757401e-04
1.782960898708552122e-04
1.815720606828108430e-04
1.892380387289449573e-04
1.928680867422372103e-04
2.047306043095886707e-04
2.361984807066619396e-04
1.926750992424786091e-04
2.349341812077909708e-04
1.723064488032832742e-04
1.987084397114813328e-04
2.256948209833353758e-04
1.577376970089972019e-04
1.928327692439779639e-04
2.243827329948544502e-04
1.620028342586010695e-04
1.994952035602182150e-04
2.325345267308875918e-04
2.167853963328525424e-04
1.741960732033476233e-04
1.857187598943710327e-04
1.905190438264980912e-04
2.300894848303869367e-04
2.268447715323418379e-04
1.911795552587136626e-04
2.198475995101034641e-04
2.096576645271852612e-04
3.050480736419558525e-04
1.972337049664929509e-04
1.897056354209780693e-04
2.028665039688348770e-04
2.191322273574769497e-04
2.244752104161307216e-04
1.705187314655631781e-04
1.965850824490189552e-04
2.434637572150677443e-04
1.979719818336889148e-04
2.132735098712146282e-04
1.911408180603757501e-04
2.086437016259878874e-04
2.453857450745999813e-04
1.830786350183188915e-04
1.998220686800777912e-04
2.102679572999477386e-04
1.887743856059387326e-04
2.047823800239712000e-04
2.298404870089143515e-04
1.551431050756946206e-04
2.419771772110834718e-04
2.598367864266037941e-04
2.309061092091724277e-04
3.004108148161321878e-04
1.805811480153352022e-04
3.314149216748774052e-04
2.630879171192646027e-04
1.879973278846591711e-04
2.903450513258576393e-04
2.011275500990450382e-04
3.099924069829285145e-04
2.439352101646363735e-04
2.923326683230698109e-04
2.075559605145826936e-04
1.676394167589023709e-04
2.372393792029470205e-04
2.488997415639460087e-04
2.325797395315021276e-04
2.766412799246609211e-04
1.844899234129115939e-04
2.694244612939655781e-04
1.918874622788280249e-04
1.947991549968719482e-04
1.737148559186607599e-04
2.010149182751774788e-04
2.027498849201947451e-04
2.324941451661288738e-04
1.999359665205702186e-04
2.302174107171595097e-04
1.961010275408625603e-04
1.974593906197696924e-04
1.886389218270778656e-04
1.884105586213991046e-04
1.731363008730113506e-04
2.180996234528720379e-04
1.626611483516171575e-04
1.923144300235435367e-04
1.680878049228340387e-04
2.003322442760691047e-04
2.703238278627395630e-04
2.116798859788104892e-04
2.447570732329040766e-04
1.778954028850421309e-04
1.702699228189885616e-04
2.025559952016919851e-04
1.910963765112683177e-04
2.121097350027412176e-04
1.783398765837773681e-04
1.752412790665403008e-04
1.664769224589690566e-04
1.893456355901435018e-04
1.444962690584361553e-04
2.067431487375870347e-04
1.993477635551244020e-04
1.632835192140191793e-04
1.836933515733107924e-04
1.990206219488754869e-04
1.898506016004830599e-04
1.909791608341038227e-04
2.226349315606057644e-04
1.818525197450071573e-04
1.765656052157282829e-04
2.180777955800294876e-04
2.027831651503220201e-04
1.852601417340338230e-04
1.928580168168991804e-04
1.728828356135636568e-04
2.095427917083725333e-04
2.315281017217785120e-04
2.138257550541311502e-04
1.931472361320629716e-04
1.922677765833213925e-04
1.819478638935834169e-04
1.835095463320612907e-04
2.013138582697138190e-04
2.524494193494319916e-04
1.918516645673662424e-04
2.301120257470756769e-04
1.823623315431177616e-04
1.524618128314614296e-04
1.807983644539490342e-04
1.399306929670274258e-04
1.577949151396751404e-04
1.690593198873102665e-04
1.649793703109025955e-04
1.846322265919297934e-04
1.645195152377709746e-04
1.668152399361133575e-04
1.596220536157488823e-04
1.794582931324839592e-04
1.871567801572382450e-04
2.253388811368495226e-04
1.840741606429219246e-04
2.102229627780616283e-04
2.051356714218854904e-04
2.443777630105614662e-04
1.891095889732241631e-04
1.883321674540638924e-04
1.929589197970926762e-04
1.587755396030843258e-04
1.980038359761238098e-04
1.565622660564258695e-04
2.232597471447661519e-04
1.852183631854131818e-04
1.763678592396900058e-04
1.801760372472926974e-04
2.017062506638467312e-04
1.683691225480288267e-04
1.991538738366216421e-04
1.652209321036934853e-04
2.070670307148247957e-04
1.997785875573754311e-04
2.323957742191851139e-04
1.973019534489139915e-04
2.349881979171186686e-04
1.654823718126863241e-04
2.801953232847154140e-04
1.939543435582891107e-04
2.011823526117950678e-04
2.594561665318906307e-04
1.939120120368897915e-04
2.340471546631306410e-04
1.779369631549343467e-04
2.030770701821893454e-04
2.369938883930444717e-04
1.844177895691245794e-04
2.036612131632864475e-04
2.781617222353816032e-04
1.797356380848214030e-04
2.504336880519986153e-04
2.785818069241940975e-04
2.308652910869568586e-04
2.499533584341406822e-04
1.692412188276648521e-04
2.317810431122779846e-04
1.833895948948338628e-04
1.998426450882107019e-04
1.946807315107434988e-04
1.750292576616629958e-04
1.541543460916727781e-04
2.105536259477958083e-04
2.083709987346082926e-04
2.000674285227432847e-04
2.123055746778845787e-04
2.348406706005334854e-04
1.684018643572926521e-04
2.120101562468335032e-04
2.500605478417128325e-04
1.879522751551121473e-04
2.337141049792990088e-04
1.584197743795812130e-04
1.721621083561331034e-04
1.660198613535612822e-04
1.899118942674249411e-04
2.110648783855140209e-04
2.101660647895187140e-04
1.772599061951041222e-04
2.366905537201091647e-04
1.798938901629298925e-04
2.054618671536445618e-04
2.629950176924467087e-04
2.199500158894807100e-04
1.976819039555266500e-04
2.041356638073921204e-04
2.933696960099041462e-04
2.640393213368952274e-04
2.179066796088591218e-04
2.622586907818913460e-04
1.742237363941967487e-04
2.647741348482668400e-04
2.025312278419733047e-04
1.545919803902506828e-04
3.018376883119344711e-04
1.956119958776980639e-04
1.694394159130752087e-04
2.894023200497031212e-04
1.741727464832365513e-04
1.921563816722482443e-04
2.563251764513552189e-04
2.167499042116105556e-04
2.219034649897366762e-04
2.061672421405091882e-04
2.347910049138590693e-04
2.293219877174124122e-04
1.869671978056430817e-04
1.982663234230130911e-04
5.049611208960413933e-04
1.944023824762552977e-04
5.245566135272383690e-04
1.858918985817581415e-04
4.224028089083731174e-04
3.427692572586238384e-04
2.422144607407972217e-04
4.140655510127544403e-04
1.991994213312864304e-04
3.463953034952282906e-04
2.013602643273770809e-04
1.988429576158523560e-04
3.047485370188951492e-04
2.396091294940561056e-04
2.176942361984401941e-04
3.274143673479557037e-04
2.385399129707366228e-04
2.112588117597624660e-04
4.228379693813621998e-04
1.691861834842711687e-04
2.419262891635298729e-04
3.609620616771280766e-04
2.005305432248860598e-04
3.326457226648926735e-04
2.858652733266353607e-04
2.096956886816769838e-04
3.484357148408889771e-04
1.828966342145577073e-04
2.841883106157183647e-04
3.176427562721073627e-04
1.900836359709501266e-04
4.040289786644279957e-04
1.921585499076172709e-04
2.844431437551975250e-04
2.538988483138382435e-04
2.213475963799282908e-04
3.479104489088058472e-04
2.033041091635823250e-04
2.744627709034830332e-04
2.595199330244213343e-04
