2.201649040216580033e-04
1.641711714910343289e-04
1.682588190305978060e-04
1.359360176138579845e-04
1.608627499081194401e-04
1.791011018212884665e-04
1.495287142461165786e-04
1.661298156250268221e-04
1.545535342302173376e-04
1.732393575366586447e-04
1.425827504135668278e-04
1.741143641993403435e-04
2.088124456349760294e-04
1.657442044233903289e-04
1.831151312217116356e-04
1.630970946280285716e-04
1.727667695377022028e-04
1.742363092489540577e-04
1.852568530011922121e-04
1.773323165252804756e-04
1.544599654152989388e-04
1.545161067042499781e-04
1.676164392847567797e-04
1.707404589978978038e-04
2.213616389781236649e-04
1.467970141675323248e-04
1.661390997469425201e-04
2.032859774772077799e-04
1.882715732790529728e-04
1.811201655073091388e-04
1.544788246974349022e-04
1.890904386527836323e-04
1.804067869670689106e-04
2.084117732010781765e-04
2.346421970287337899e-04
4.238378023728728294e-04
2.259226166643202305e-04
1.465133100282400846e-04
2.473525237292051315e-04
3.880905278492718935e-04
2.179714356316253543e-04
5.226667271926999092e-04
1.643787254579365253e-04
3.048004582524299622e-04
2.259413740830495954e-04
1.910090213641524315e-04
2.433622430544346571e-04
2.268864045618101954e-04
2.283583889948204160e-04
2.129261556547135115e-04
1.634568470763042569e-04
1.809043606044724584e-04
1.923317468026652932e-04
1.748560316627845168e-04
2.057120436802506447e-04
1.686718896962702274e-04
2.138339768862351775e-04
1.568579173181205988e-04
1.609955070307478309e-04
1.416141458321362734e-04
1.876619353424757719e-04
1.667104079388082027e-04
1.796148717403411865e-04
1.651191269047558308e-04
1.795955467969179153e-04
2.064682194031774998e-04
1.542516110930591822e-04
2.602977911010384560e-04
1.571993925608694553e-04
2.346272085560485721e-04
1.831510890042409301e-04
1.890785642899572849e-04
2.195329871028661728e-04
1.768987713148817420e-04
2.638733712956309319e-04
1.654621446505188942e-04
1.657098764553666115e-04
2.194521948695182800e-04
1.692271762294694781e-04
1.554004411445930600e-04
2.231667604064568877e-04
1.878805924206972122e-04
1.738260616548359394e-04
2.696126466616988182e-04
1.616491063032299280e-04
2.702112833503633738e-04
2.489272155798971653e-04
2.436686190776526928e-04
2.377221535425633192e-04
1.577615330461412668e-04
1.895024324767291546e-04
2.141926815966144204e-04
1.834337308537214994e-04
1.631389750400558114e-04
1.651539059821516275e-04
1.905553654069080949e-04
1.724587928038090467e-04
1.746467896737158298e-04
2.152542001567780972e-04
1.620688417460769415e-04
2.122460136888548732e-04
1.816804287955164909e-04
1.729089563013985753e-04
1.471262221457436681e-04
1.777262077666819096e-04
2.122309524565935135e-04
1.603036362212151289e-04
1.875783782452344894e-04
1.514524337835609913e-04
1.858960895333439112e-04
2.002002729568630457e-04
1.860854827100411057e-04
1.975942286662757397e-04
1.917984045576304197e-04
2.234223211416974664e-04
1.776006829459220171e-04
1.904989185277372599e-04
1.977397914743050933e-04
2.003542322199791670e-04
1.641426206333562732e-04
2.063318097498267889e-04
1.945962139870971441e-04
1.855562732089310884e-04
1.998585648834705353e-04
1.651361671974882483e-04
1.809068198781460524e-04
2.097056712955236435e-04
1.588179147802293301e-04
1.457200560253113508e-04
1.704002206679433584e-04
2.421643293928354979e-04
1.783410843927413225e-04
1.643714203964918852e-04
1.785733911674469709e-04
1.559403608553111553e-04
1.539732620585709810e-04
1.878277398645877838e-04
1.586771686561405659e-04
1.675263629294931889e-04
1.519888173788785934e-04
1.942163653438910842e-04
1.799984602257609367e-04
1.519492216175422072e-04
1.496457844041287899e-04
1.418167958036065102e-04
1.648699544603005052e-04
1.737499842420220375e-04
2.066960587399080396e-04
1.728818606352433562e-04
1.348582154605537653e-04
1.875271555036306381e-04
1.571221218910068274e-04
1.822443155106157064e-04
1.977892970899119973e-04
1.573846384417265654e-04
1.505796099081635475e-04
1.622413401491940022e-04
1.873878354672342539e-04
1.814780407585203648e-04
1.553804322611540556e-04
2.072931383736431599e-04
1.428140967618674040e-04
1.942712406162172556e-04
1.449446863261982799e-04
1.645844604354351759e-04
1.571894681546837091e-04
1.980203087441623211e-04
1.669117045821622014e-04
1.423890644218772650e-04
2.245657669845968485e-04
1.380484027322381735e-04
2.001416578423231840e-04
1.688375778030604124e-04
1.894890592666342854e-04
1.583153352839872241e-04
1.500431535532698035e-04
2.240733592770993710e-04
1.726918271742761135e-04
1.775452692527323961e-04
1.646525633987039328e-04
2.461389522068202496e-04
1.603037671884521842e-04
3.098626621067523956e-04
2.473000204190611839e-04
2.482695272192358971e-04
1.558440708322450519e-04
2.937576791737228632e-04
1.725678448565304279e-04
2.995862159878015518e-04
1.603000273462384939e-04
2.452793414704501629e-04
1.832178386393934488e-04
1.937779743457213044e-04
1.784928317647427320e-04
2.023152483161538839e-04
1.959913643077015877e-04
1.964432449312880635e-04
1.853381836554035544e-04
2.468406746629625559e-04
1.618493988644331694e-04
2.033860218944028020e-04
2.261894114781171083e-04
1.861173659563064575e-04
1.500539801781997085e-04
2.175911067752167583e-04
1.907825644593685865e-04
1.952914171852171421e-04
1.676554093137383461e-04
1.568722655065357685e-04
2.207737852586433291e-04
1.949772995430976152e-04
2.471054613124579191e-04
2.218461158918216825e-04
2.116072864737361670e-04
2.982294827233999968e-04
1.444710360374301672e-04
2.842577523551881313e-04
2.153247187379747629e-04
2.420763776171952486e-04
2.439847448840737343e-04
1.893130829557776451e-04
3.439933643676340580e-04
2.266749797854572535e-04
3.226603439543396235e-04
2.519607951398938894e-04
1.635334629099816084e-04
2.178883878514170647e-04
2.068160683847963810e-04
2.094459923682734370e-04
2.133227826561778784e-04
1.709896023385226727e-04
2.450441243126988411e-04
2.205400523962453008e-04
1.595161156728863716e-04
3.268212894909083843e-04
1.633597421459853649e-04
2.733540895860642195e-04
2.681875776033848524e-04
1.975246705114841461e-04
2.903210115619003773e-04
1.941397495102137327e-04
2.154277899535372853e-04
3.558866155799478292e-04
1.683676382526755333e-04
3.140587068628519773e-04
2.679706667549908161e-04
2.278436004417017102e-04
1.948489516507834196e-04
1.748590439092367887e-04
1.908000267576426268e-04
2.006034483201801777e-04
1.778739679139107466e-04
1.835089060477912426e-04
2.104959567077457905e-04
1.765482302289456129e-04
1.902437652461230755e-04
2.195347187807783484e-04
1.690055796643719077e-04
2.283693902427330613e-04
1.752932294039055705e-04
1.717508421279489994e-04
2.291064156452193856e-04
1.668578188400715590e-04
2.693500136956572533e-04
1.562362594995647669e-04
1.627122110221534967e-04
1.981242676265537739e-04
1.720856816973537207e-04
1.639635156607255340e-04
1.541527890367433429e-04
1.765041961334645748e-04
2.299882180523127317e-04
1.730563817545771599e-04
2.644580090418457985e-04
1.983239344554021955e-04
2.815512707456946373e-04
2.127967600245028734e-04
2.270372206112369895e-04
1.941408263519406319e-04
1.847648381954059005e-04
1.725957554299384356e-04
1.946726988535374403e-04
1.586664002388715744e-04
1.762194879120215774e-04
1.886019890662282705e-04
1.695407845545560122e-04
2.243195485789328814e-04
1.421569322701543570e-04
1.845752267399802804e-04
2.458218950778245926e-04
1.791360264178365469e-04
1.914689346449449658e-04
1.645205775275826454e-04
1.794795534806326032e-04
1.731929514789953828e-04
1.496746117481961846e-04
1.924464449984952807e-04
2.021912077907472849e-04
1.846228842623531818e-04
2.357062185183167458e-04
1.810147077776491642e-04
1.722525630611926317e-04
2.313584845978766680e-04
2.044420689344406128e-04
2.290764241479337215e-04
2.460543764755129814e-04
1.858907926362007856e-04
2.703838981688022614e-04
1.713483361527323723e-04
2.092677314067259431e-04
1.908898993860930204e-04
1.789317466318607330e-04
2.309427218278869987e-04
2.376737102167680860e-04
2.445738064125180244e-04
2.487523306626826525e-04
1.969446893781423569e-04
2.436620998196303844e-04
1.908973790705204010e-04
1.949795259861275554e-04
1.794066629372537136e-04
1.568844600114971399e-04
1.493192103225737810e-04
1.829807442845776677e-04
1.635208900552242994e-04
1.989362353924661875e-04
1.800203317543491721e-04
1.880323106888681650e-04
1.631479244679212570e-04
1.967085117939859629e-04
1.760576560627669096e-04
1.850167172960937023e-04
2.258185413666069508e-04
1.533634494990110397e-04
3.270267043262720108e-04
1.889296836452558637e-04
3.352790954522788525e-04
1.774257398210465908e-04
2.244246425107121468e-04
1.853987050708383322e-04
1.409733522450551391e-04
1.600570103619247675e-04
1.598710368853062391e-04
1.293099776376038790e-04
2.242994232801720500e-04
1.484681852161884308e-04
2.007486182264983654e-04
1.693530066404491663e-04
1.509432913735508919e-04
2.307287068106234074e-04
1.351475366391241550e-04
1.787236542440950871e-04
1.859367912402376533e-04
1.977957435883581638e-04
1.811436668504029512e-04
1.679722336120903492e-04
2.088089531753212214e-04
1.648427132749930024e-04
1.624172728043049574e-04
1.658821420278400183e-04
1.550457091070711613e-04
1.717331906547769904e-04
1.397018786519765854e-04
1.702559529803693295e-04
1.867127139121294022e-04
1.679019624134525657e-04
1.747630449244752526e-04
1.758218859322369099e-04
1.480035280110314488e-04
1.754977274686098099e-04
1.769162190612405539e-04
1.717879786156117916e-04
1.665524760028347373e-04
1.604546851012855768e-04
1.903327647596597672e-04
1.780027814675122499e-04
1.995231432374566793e-04
2.008753072004765272e-04
1.415833830833435059e-04
1.955021580215543509e-04
2.095125964842736721e-04
2.226396463811397552e-04
1.376518921460956335e-04
2.581593580543994904e-04
1.677805848885327578e-04
2.095645759254693985e-04
1.815560826798900962e-04
1.725442416500300169e-04
2.211022801930084825e-04
1.489203423261642456e-04
1.800016470951959491e-04
1.918106863740831614e-04
1.409996766597032547e-04
1.585313293617218733e-04
2.122221485478803515e-04
1.707161427475512028e-04
2.035297366091981530e-04
2.008330775424838066e-04
2.316899917786940932e-04
2.405584818916395307e-04
1.812665868783369660e-04
1.675995299592614174e-04
2.022330590989440680e-04
1.968902797671034932e-04
2.010111056733876467e-04
1.500495563959702849e-04
2.536292013246566057e-04
1.452057913411408663e-04
2.612155221868306398e-04
1.683866721577942371e-04
1.749509392539039254e-04
2.288822724949568510e-04
2.093192306347191334e-04
2.623344189487397671e-04
1.563302357681095600e-04
1.981237874133512378e-04
2.013216144405305386e-04
1.521280792076140642e-04
1.874589361250400543e-04
1.442031207261607051e-04
1.737629354465752840e-04
1.760754676070064306e-04
1.776973658706992865e-04
2.059382968582212925e-04
1.864695368567481637e-04
2.168344217352569103e-04
1.888625847641378641e-04
2.092645299853757024e-04
1.565610000398010015e-04
2.131766814272850752e-04
1.599674578756093979e-04
1.683873415458947420e-04
1.793687406461685896e-04
1.466049725422635674e-04
1.877463364508002996e-04
1.732397067826241255e-04
1.374130952171981335e-04
1.744413166306912899e-04
1.833633141359314322e-04
1.790721144061535597e-04
1.566456921864300966e-04
1.938173081725835800e-04
1.692282967269420624e-04
1.597030495759099722e-04
1.614201173651963472e-04
1.846998784458264709e-04
2.274183061672374606e-04
1.847317325882613659e-04
2.062580606434494257e-04
1.399992906954139471e-04
3.600863274186849594e-04
2.132108202204108238e-04
3.301051910966634750e-04
1.845363876782357693e-04
3.935413842555135489e-04
1.955867046490311623e-04
2.274308644700795412e-04
1.732611417537555099e-04
1.775930431904271245e-04
2.093916991725564003e-04
1.464260712964460254e-04
2.227001241408288479e-04
2.098446129821240902e-04
2.151649241568520665e-04
1.842244091676548123e-04
1.765976776368916035e-04
2.709955442696809769e-04
1.472199801355600357e-04
2.129880595020949841e-04
1.707464252831414342e-04
2.614902623463422060e-04
1.324767363257706165e-04
2.246592193841934204e-04
1.630936021683737636e-04
1.781044702511280775e-04
1.638025860302150249e-04
1.894514134619385004e-04
1.611201441846787930e-04
1.910488354042172432e-04
1.574860943946987391e-04
1.565109123475849628e-04
1.586820289958268404e-04
1.838139723986387253e-04
1.684876624494791031e-04
1.619973772903904319e-04
1.633145730011165142e-04
1.381749170832335949e-04
1.955225452547892928e-04
1.660881534917280078e-04
1.591348845977336168e-04
1.784777850843966007e-04
1.900862989714369178e-04
1.829115062719210982e-04
1.599760435055941343e-04
1.697839179541915655e-04
1.891615538625046611e-04
1.806708169169723988e-04
1.835391158238053322e-04
1.500625803600996733e-04
2.131204382749274373e-04
1.580274110892787576e-04
2.023239794652909040e-04
1.442131760995835066e-04
1.516366028226912022e-04
2.218122535850852728e-04
1.786163338692858815e-04
1.744274195516481996e-04
1.704303431324660778e-04
1.979575172299519181e-04
1.675806415732949972e-04
1.631108461879193783e-04
1.991345488931983709e-04
1.560890523251146078e-04
1.566499704495072365e-04
1.793394330888986588e-04
1.877886243164539337e-04
1.686857867753133178e-04
1.777924917405471206e-04
1.697424449957907200e-04
1.858386676758527756e-04
1.789294474292546511e-04
1.827329251682385802e-04
1.573001209180802107e-04
1.348510268144309521e-04
1.506868138676509261e-04
1.400750043103471398e-04
1.829981920309364796e-04
1.839674660004675388e-04
1.914989261422306299e-04
1.739831495797261596e-04
1.435595186194404960e-04
1.917477056849747896e-04
1.819869503378868103e-04
3.560043405741453171e-04
3.552742418833076954e-04
3.069009399041533470e-04
1.846710656536743045e-04
3.940322494599968195e-04
2.006219001486897469e-04
2.843010297510772943e-04
2.833247417584061623e-04
1.496827462688088417e-04
3.490418894216418266e-04
1.630663755349814892e-04
3.222342929802834988e-04
2.237531589344143867e-04
2.275211008964106441e-04
3.718898806255310774e-04
1.447872491553425789e-04
3.202522639185190201e-04
1.678120170254260302e-04
3.583175130188465118e-04
1.785787753760814667e-04
3.115908766631036997e-04
2.125923929270356894e-04
1.981317764148116112e-04
2.289711119374260306e-04
1.913582091219723225e-04
1.913577143568545580e-04
2.306875103386119008e-04
1.773484691511839628e-04
1.457427279092371464e-04
2.346095570828765631e-04
1.692410733085125685e-04
2.175693225581198931e-04
2.380674122832715511e-04
2.550001663621515036e-04
3.040847368538379669e-04
1.943938841577619314e-04
2.772150037344545126e-04
2.470040053594857454e-04
1.812578120734542608e-04
2.598027931526303291e-04
2.017484657699242234e-04
3.508495865389704704e-04
2.007516159210354090e-04
2.171325904782861471e-04
1.586770813446491957e-04
2.182110038120299578e-04
1.386005314998328686e-04
1.822228950913995504e-04
1.981308159884065390e-04
1.776395365595817566e-04
1.406467199558392167e-04
1.580222742632031441e-04
1.508241984993219376e-04
1.851878041634336114e-04
1.708421477815136313e-04
1.739544968586415052e-04
2.025783032877370715e-04
2.164212928619235754e-04
2.087852044496685266e-04
1.666114258114248514e-04
1.636516826692968607e-04
1.848686952143907547e-04
1.842528436100110412e-04
1.522545207990333438e-04
1.578766095917671919e-04
2.033751079579815269e-04
1.557911164127290249e-04
1.976221974473446608e-04
1.611286279512569308e-04
1.490856229793280363e-04
1.702471490716561675e-04
1.950030564330518246e-04
1.818578748498111963e-04
1.401418121531605721e-04
1.428985124221071601e-04
1.703580637695267797e-04
1.492162991780787706e-04
1.388722448609769344e-04
1.987699943128973246e-04
1.624912838451564312e-04
4.649377660825848579e-04
2.220787573605775833e-04
3.581041819415986538e-04
1.799328747438266873e-04
2.939328260254114866e-04
3.431921359151601791e-04
2.578903804533183575e-04
3.576538874767720699e-04
1.633620122447609901e-04
3.560694749467074871e-04
3.387543547432869673e-04
4.685778112616389990e-04
3.279529628343880177e-04
1.755366974975913763e-04
5.118375411257147789e-04
1.679497363511472940e-04
3.966307267546653748e-04
1.670697529334574938e-04
1.613047206774353981e-04
1.998415391426533461e-04
1.979418302653357387e-04
1.944889227161183953e-04
2.338627964491024613e-04
2.009931631619110703e-04
2.017507795244455338e-04
1.934203464770689607e-04
2.165207988582551479e-04
2.241103647975251079e-04
1.997712097363546491e-04
1.803968334570527077e-04
1.824003265937790275e-04
2.102254220517352223e-04
1.836106821428984404e-04
2.019864041358232498e-04
1.891838765004649758e-04
1.668582990532740951e-04
1.727651397231966257e-04
1.966338604688644409e-04
1.965133997146040201e-04
2.036412770394235849e-04
1.971157034859061241e-04
1.465383393224328756e-04
1.977505744434893131e-04
2.144819591194391251e-04
1.657459361013025045e-04
1.838650787249207497e-04
1.711019431240856647e-04
1.486814289819449186e-04
2.044968859991058707e-04
1.757551799528300762e-04
1.766313944244757295e-04
1.956680207513272762e-04
2.071073104161769152e-04
2.078147663269191980e-04
1.510865258751437068e-04
2.160877629648894072e-04
1.568117877468466759e-04
1.949429424712434411e-04
1.688253250904381275e-04
1.940097718033939600e-04
1.548843720229342580e-04
1.784065680112689734e-04
1.959299261216074228e-04
1.509964058641344309e-04
1.930965081555768847e-04
2.071937196888029575e-04
1.497875491622835398e-04
1.934156462084501982e-04
1.717721752356737852e-04
1.662596187088638544e-04
1.815257710404694080e-04
2.165336336474865675e-04
1.551462773932144046e-04
2.036281803157180548e-04
1.572206383571028709e-04
1.736843696562573314e-04
1.614374923519790173e-04
1.486419059801846743e-04
1.650792546570301056e-04
1.652840292081236839e-04
1.838919415604323149e-04
2.083885192405432463e-04
1.599789829924702644e-04
1.707824412733316422e-04
2.085382584482431412e-04
1.421572087565436959e-04
1.469879352953284979e-04
1.765047782100737095e-04
1.660618581809103489e-04
1.874268782557919621e-04
1.774427219061180949e-04
2.726143866311758757e-04
1.645627344259992242e-04
1.867140235844999552e-04
1.762452884577214718e-04
1.585480640642344952e-04
1.886045647552236915e-04
1.795930002117529511e-04
1.977221400011330843e-04
1.606837322469800711e-04
1.942361413966864347e-04
2.112814545398578048e-04
2.151639782823622227e-04
1.642571733100339770e-04
1.548793225083500147e-04
1.989016309380531311e-04
1.574395573697984219e-04
1.976787316380068660e-04
2.000941458391025662e-04
1.625122094992548227e-04
1.541640522191300988e-04
1.681941212154924870e-04
1.535548944957554340e-04
1.929512218339368701e-04
1.925308897625654936e-04
2.325782843399792910e-04
1.771987881511449814e-04
2.170503721572458744e-04
1.698590640444308519e-04
1.475799654144793749e-04
1.620219263713806868e-04
1.485375978518277407e-04
1.649140322115272284e-04
1.699364220257848501e-04
1.758444996085017920e-04
1.742304011713713408e-04
1.929105201270431280e-04
2.197713183704763651e-04
1.600911782588809729e-04
2.383658575126901269e-04
1.728149218251928687e-04
2.093662769766524434e-04
1.737352285999804735e-04
1.994439226109534502e-04
1.902494404930621386e-04
2.273903664899989963e-04
1.858353498391807079e-04
1.832766574807465076e-04
1.754594995873048902e-04
2.146405167877674103e-04
1.560712698847055435e-04
1.604313438292592764e-04
1.973774633370339870e-04
1.426956732757389545e-04
1.447732502128928900e-04
1.574416528455913067e-04
1.294868416152894497e-04
1.423980866093188524e-04
1.666139287408441305e-04
1.671051722951233387e-04
2.402029349468648434e-04
1.547868159832432866e-04
1.969906734302639961e-04
1.872649299912154675e-04
1.621258852537721395e-04
2.397953649051487446e-04
1.694161328487098217e-04
1.708087511360645294e-04
2.623247564770281315e-04
1.536905474495142698e-04
2.599780564196407795e-04
1.986084680538624525e-04
2.133929228875786066e-04
2.277923777000978589e-04
2.028234011959284544e-04
2.591767988633364439e-04
2.080577251035720110e-04
1.949426077771931887e-04
2.231292746728286147e-04
1.759636797942221165e-04
3.148799587506800890e-04
1.820464967750012875e-04
2.591712109278887510e-04
1.972724567167460918e-04
1.732229720801115036e-04
1.774037082213908434e-04
1.738741993904113770e-04
2.857163199223577976e-04
1.713556848699226975e-04
1.864706282503902912e-04
2.408054133411496878e-04
2.029565512202680111e-04
1.841587363742291927e-04
2.014075726037845016e-04
1.673746301094070077e-04
2.045275032287463546e-04
1.854195725172758102e-04
1.672696525929495692e-04
2.124369493685662746e-04
1.624715805519372225e-04
1.995421189349144697e-04
1.805908250389620662e-04
1.616751396795734763e-04
1.661700662225484848e-04
1.713051024125888944e-04
1.937218039529398084e-04
2.382077218499034643e-04
1.980224042199552059e-04
2.207481156801804900e-04
1.430492702638730407e-04
2.665622741915285587e-04
1.444403897039592266e-04
2.066165907308459282e-04
1.602942938916385174e-04
2.009567979257553816e-04
1.828005188144743443e-04
1.519418146926909685e-04
2.272221172461286187e-04
1.823269121814519167e-04
1.985681883525103331e-04
1.759257866069674492e-04
1.478901249356567860e-04
3.177128965035080910e-04
1.522760430816560984e-04
2.505685552023351192e-04
3.054662374779582024e-04
4.107303102500736713e-04
3.298260271549224854e-04
1.953081373358145356e-04
4.168934246990829706e-04
1.517412310931831598e-04
2.588808420114219189e-04
2.783595700748264790e-04
1.709135540295392275e-04
3.031615342479199171e-04
1.918591151479631662e-04
2.202152973040938377e-04
2.420376986265182495e-04
1.759695296641439199e-04
2.362695231568068266e-04
2.110139612341299653e-04
1.830668770708143711e-04
3.407099866308271885e-04
1.729833747958764434e-04
2.476993831805884838e-04
1.794014387996867299e-04
1.864293444668874145e-04
1.994272897718474269e-04
1.652371283853426576e-04
2.393951872363686562e-04
1.568417646922171116e-04
1.534544280730187893e-04
1.848177053034305573e-04
1.632231869734823704e-04
1.580237876623868942e-04
1.659908448345959187e-04
1.986631250474601984e-04
2.151079825125634670e-04
1.609592582099139690e-04
1.976531639229506254e-04
1.720414293231442571e-04
2.044006832875311375e-04
1.595078210812062025e-04
1.811810652725398540e-04
1.941811933647841215e-04
1.633629144635051489e-04
1.979647349799051881e-04
1.861366617958992720e-04
2.025911235250532627e-04
1.554082700749859214e-04
1.758044963935390115e-04
1.735265395836904645e-04
2.266122173750773072e-04
2.149918582290410995e-04
1.744886394590139389e-04
2.292507560923695564e-04
1.865268714027479291e-04
1.612584746908396482e-04
1.780428719939664006e-04
1.666074385866522789e-04
1.921520160976797342e-04
2.002755936700850725e-04
1.519729557912796736e-04
1.727373455651104450e-04
1.382877526339143515e-04
2.257800224469974637e-04
2.205724595114588737e-04
1.767897774698212743e-04
2.013620105572044849e-04
1.446152455173432827e-04
1.724496396491304040e-04
1.567558501847088337e-04
1.697898842394351959e-04
1.867112587206065655e-04
2.094152878271415830e-04
1.918383204611018300e-04
1.572156907059252262e-04
1.784798078006133437e-04
1.811418915167450905e-04
2.045797300525009632e-04
1.472189178457483649e-04
2.003351692110300064e-04
2.073604700854048133e-04
1.701717410469427705e-04
1.528889406472444534e-04
1.993097830563783646e-04
1.476493780501186848e-04
1.781810133252292871e-04
1.408016396453604102e-04
1.804787025321274996e-04
1.899849448818713427e-04
1.969230070244520903e-04
1.969459990505129099e-04
1.513585739303380251e-04
2.026019647018983960e-04
1.588603772688657045e-04
2.066441520582884550e-04
1.357307774014770985e-04
1.714832615107297897e-04
1.532223541289567947e-04
1.341361785307526588e-04
2.055573277175426483e-04
1.967651187442243099e-04
1.786832144716754556e-04
1.912644656840711832e-04
1.435566373402252793e-04
1.821210025809705257e-04
1.546439598314464092e-04
1.913843589136376977e-04
1.613066997379064560e-04
1.475989702157676220e-04
1.493093877797946334e-04
1.534312323201447725e-04
1.528006105218082666e-04
1.855602604337036610e-04
1.606840523891150951e-04
1.795399002730846405e-04
1.387365919072180986e-04
1.813704002415761352e-04
1.525141706224530935e-04
1.627560850465670228e-04
1.346640492556616664e-04
1.831670379033312201e-04
1.260078570339828730e-04
2.123676822520792484e-04
1.837409363361075521e-04
1.710195210762321949e-04
1.867758692242205143e-04
2.399418153800070286e-04
1.538783108117058873e-04
2.490044571459293365e-04
2.047870511887595057e-04
2.083172003040090203e-04
1.783826883183792233e-04
2.908909809775650501e-04
1.524114632047712803e-04
2.204552583862096071e-04
2.415736089460551739e-04
1.646683231228962541e-04
2.393401082372292876e-04
1.997139479499310255e-04
1.785437343642115593e-04
2.727716055233031511e-04
1.773491967469453812e-04
2.480034600012004375e-04
1.828571839723736048e-04
2.992398221977055073e-04
1.504693937022238970e-04
1.891441643238067627e-04
1.989660959225147963e-04
1.477261539548635483e-04
2.430641179671511054e-04
1.899812777992337942e-04
1.483586675021797419e-04
1.845151273300871253e-04
1.697379047982394695e-04
1.475646276958286762e-04
1.772537943907082081e-04
1.559293159516528249e-04
1.552298490423709154e-04
1.501702354289591312e-04
1.354447013000026345e-04
1.918084453791379929e-04
1.625287404749542475e-04
1.992809702642261982e-04
1.819363824324682355e-04
1.819696335587650537e-04
1.641360577195882797e-04
1.460637286072596908e-04
1.784398045856505632e-04
1.509393914602696896e-04
1.748968497850000858e-04
1.477378536947071552e-04
1.361288450425490737e-04
1.725222391542047262e-04
1.342128525720909238e-04
1.626991579541936517e-04
