1.179665998186730635e-03
9.439367838588995927e-04
3.868017527189682604e-03
6.355271680318260938e-03
7.219265331843277567e-03
2.335043113104230163e-03
1.025386594582102613e-03
7.717647662667214727e-03
1.106448087776393252e-03
5.363020651776770169e-03
1.830382769000014247e-03
6.054035837688157701e-03
4.378758577353487891e-03
1.971748036198462360e-03
5.787358812789510434e-03
2.320767599395208436e-03
3.679362897039208796e-03
5.945075150273326087e-03
3.668209347370119180e-03
6.744762140959011457e-03
2.212412779677432832e-03
2.621017784863661267e-03
1.283528981873581064e-03
1.288858833992436673e-03
8.514683729355433141e-04
8.207760878345159768e-04
8.621852279500275733e-04
6.966801875494177052e-03
5.235901389507242702e-03
6.602088166104977743e-03
5.806633339853162386e-03
6.289649858377646327e-03
3.233136465949789339e-03
7.107009347597372829e-03
2.136129344262674423e-03
1.222978884072766816e-03
1.237213129685231982e-03
1.096968968028051413e-03
1.266655663721212100e-03
2.012135896016088547e-03
7.816580243915146817e-03
9.425314535083684784e-04
6.203534065117984053e-03
6.065521558021769351e-03
2.239139885792383686e-03
2.458086903818484416e-03
4.716731318024513023e-03
1.573939704299078587e-03
1.821291298748750620e-03
2.403997937339227668e-03
2.238553109190649908e-03
7.680755434867124996e-03
2.307554636961273945e-03
2.163169556557030439e-03
2.836772250956476945e-03
5.430377374518664466e-03
6.067853761492211957e-03
8.992258169713988674e-04
3.677654846421710318e-03
2.510596532263287186e-03
2.331043346759076838e-03
2.253146739951372886e-03
2.304365657723096966e-03
5.449118167155339240e-03
5.074126150584831914e-03
7.687973072176560591e-03
5.995719677969817488e-03
2.263742987220425645e-03
7.515108595495342651e-03
5.931174487720367559e-03
3.670473294541050022e-03
1.405662998449288756e-03
6.269304379014459423e-03
8.970711671759786171e-04
6.395314816108906182e-03
5.156926828105233736e-03
1.903877308052218933e-03
4.879209287205081569e-03
5.531455409398306280e-03
2.356162849644082274e-03
1.079635612086694927e-03
3.112264673408045908e-03
1.139959070155739142e-03
5.956272018230054054e-03
7.438713313535206054e-03
4.306857006051420522e-03
2.269977141388890892e-03
2.582822284191751538e-03
2.687680906107756552e-03
4.949855128204700729e-03
6.009801661719551061e-03
5.514027102804301000e-03
3.316424756094504388e-03
6.997247345738337107e-03
9.372646813993780468e-04
2.217440965925103133e-03
3.342108013374478926e-03
5.346443910929745899e-03
4.089746565419702384e-03
4.825170479475520205e-03
1.438064142918851415e-03
5.485809718016971745e-03
1.272678645457366768e-03
5.063060625913534847e-03
1.132390374929733790e-03
6.317436670690839730e-03
6.536055428255608743e-03
4.355882044555072462e-03
1.099369147302734677e-03
2.207102581884804945e-03
1.349007234857821065e-03
1.385740403814559804e-03
1.264112051523658999e-03
8.178918809176266656e-04
6.664323049093442627e-03
5.634458360812926586e-03
6.852596158452772465e-03
4.629075039785148123e-03
4.914266987480445971e-03
6.779345999193584632e-03
1.633546822891090381e-03
5.328135783146540141e-03
6.520074092257382124e-03
1.616087878361098041e-03
1.225684088908021892e-03
3.978105528563730120e-03
1.093643468222135155e-03
6.048860323957467276e-03
5.501184534318094219e-03
4.577680544561948256e-03
4.388249548539543965e-03
6.230165983028172934e-03
4.240103099855054188e-03
6.890551261598770391e-03
1.319683200538832165e-03
3.996084171202602883e-03
6.131800457359093057e-03
4.979474047173653231e-03
4.277027193839264170e-03
2.063893136498174546e-03
4.056318122176666950e-03
5.080052941565049718e-03
1.149999276843755459e-03
2.253979588207580872e-03
4.257355339790627052e-03
2.911482039015576319e-03
1.730148192684698421e-03
5.105505893634934046e-03
1.708728378530503236e-03
2.809826612182649268e-03
3.575050051610454815e-03
7.370624404585081682e-03
2.174510727730866178e-03
3.484672355157640133e-03
3.640342741431809147e-03
4.543809084760665716e-03
2.527110774962390647e-03
2.520132590154019418e-03
8.150730087766490384e-04
4.617489810696635485e-03
1.181169369332916389e-03
5.613288571907159782e-03
4.073851949785023061e-03
5.244336768486135454e-03
2.235998858043793027e-03
6.512379549534312584e-03
4.397415199784263790e-03
6.315727717076919691e-03
5.161624005060125135e-03
3.494168580616893293e-03
3.998572210988051399e-03
5.727474722844727410e-03
4.027176407012855210e-03
1.966228654557649388e-03
5.659359932688851590e-03
9.688461216176067056e-04
2.082206006458096718e-03
2.367501500293320814e-03
3.998511446412635756e-03
1.970163242848349539e-03
7.147780692480413568e-03
2.438635126944939998e-03
9.722305886372213570e-04
5.696333020230312690e-03
4.216118458667326811e-03
4.046695374175708973e-03
5.499304181495585919e-03
3.835219646965513669e-03
4.332492284924236402e-03
1.384980786945328628e-03
1.319458108223403462e-03
6.635344553640682395e-03
7.910858418757232878e-04
4.083045357982338641e-03
7.734407688236619172e-03
1.941302321700396141e-03
1.739025723555113773e-03
2.655551037094641513e-03
5.522700975466352837e-03
6.251754482498445703e-03
2.584720896034341329e-03
1.223879617531652966e-03
4.459210920143511642e-03
5.779812682405856272e-03
5.412820814762418602e-03
4.058942692871950197e-03
1.658409923155338209e-03
2.340733553520309672e-03
2.903875140729777430e-03
1.123993035344969787e-03
9.595710777921597498e-04
6.295078963021391756e-03
3.356308703442305828e-03
3.644404505715754389e-03
4.935474553769459566e-03
4.265323184441643066e-03
1.290225137863605393e-03
4.584526769090152901e-03
8.605710296452066159e-04
1.958964450460814587e-03
2.498401887323630725e-03
1.483279696943455312e-03
2.028617619040246067e-03
1.914855592070727761e-03
6.496007980403995657e-03
1.574327139610546362e-03
3.228081750865940871e-03
8.594647314330033537e-04
1.670713305324160805e-03
1.115073094114706108e-03
1.618403470733449211e-03
1.100456442850380806e-03
4.323071403099047576e-03
4.975924609064851130e-03
1.978435175026398932e-03
2.493507072872924116e-03
6.252936356789543827e-03
5.355487579567085217e-03
4.922851872407738721e-03
5.567092481822660810e-03
1.680496623125245052e-03
1.303416496229349011e-03
4.981646535608541190e-03
1.218024756655317021e-03
1.114443698392517546e-03
2.702559624025125187e-03
4.868110436106775837e-03
2.036562647068396702e-03
1.459901355867775563e-03
6.476137073175904438e-03
8.936026232307700112e-04
1.206799596664370408e-03
2.457058569824079660e-03
6.723856605751167385e-03
1.769631909831659473e-03
7.221663300516371897e-03
2.246822987450118516e-03
1.308033114406454474e-03
9.499693360898779854e-04
1.406779456063902501e-03
6.473224500709156941e-03
6.688894795815416953e-03
6.735354649986374440e-03
9.329155998491294420e-04
6.161744528623995520e-03
3.651655422127532760e-03
4.305035163622075549e-03
1.836044752805281871e-03
2.979574071403487748e-03
6.817432309237534890e-03
2.517651473862327939e-03
3.000305094629410630e-03
1.024770436762355384e-03
4.592499964111354874e-03
2.640178219530355669e-03
4.133347187555237723e-03
9.167838743364671670e-04
8.472965746011871472e-04
5.306460913245643861e-03
9.331558451248631774e-04
3.231301358299054714e-03
1.413771120381553982e-03
6.955674739017293773e-03
7.918167269654457011e-03
5.036797510277550224e-03
8.983698519981223258e-04
4.911084485691796266e-03
5.870452897962439610e-03
5.640638541944907255e-03
2.746651755145572502e-03
3.152614631292787340e-03
1.367074986762059673e-03
1.984180650107192356e-03
5.589946480628178900e-03
9.271898457681402314e-04
1.222003000769194105e-03
9.041144254329290357e-04
5.009038134667584755e-03
3.267611734365501262e-03
2.008909148229022501e-03
2.383067755580425915e-03
5.196122015230478404e-03
5.832175705006228082e-03
1.529909622033920552e-03
4.963970188573351219e-03
3.176706588714164718e-03
6.414683407212287344e-03
2.115777937917879756e-03
5.601173394249776144e-03
3.758046982361767149e-03
1.911115579967584063e-03
1.525362698868152527e-03
2.915018474636712435e-03
1.182232519361142492e-03
3.598038823189679200e-03
4.667796034871381922e-03
8.476423631458680991e-04
9.079333415585327414e-04
2.060174120255143636e-03
3.124480515205174322e-03
4.376080665081740623e-03
7.274771951229678547e-03
1.404742956205117530e-03
1.995361278342460808e-03
5.247371838476426117e-03
3.404248609618887398e-03
5.257050854194769696e-03
1.880399029582781149e-03
7.705520529022303819e-03
6.249135162122007071e-03
7.132434949004374213e-03
1.298217120159929914e-03
5.613770529830089222e-03
3.362103964577181983e-03
6.009154840671546323e-03
6.181155899294007994e-03
5.780560622460755374e-03
5.060451655598199525e-03
4.088182172500368257e-03
6.247039113495125862e-03
6.332395183614247282e-03
5.331166995285308192e-03
2.700421569369490082e-03
1.105326391077339791e-03
5.553679390870999363e-03
1.429017948716277504e-03
5.879957548755562584e-03
9.018478802137857566e-04
5.202457623246970267e-03
6.805910349009166270e-03
3.150409677890411621e-03
4.640583317736958480e-03
1.784396914357316366e-03
7.103345278822444792e-03
4.091145708929292898e-03
2.672044011797817219e-03
8.088370294008763407e-04
1.065578542260097036e-03
1.531644011500664111e-03
5.294959976497533131e-03
1.742440696659866778e-03
1.873774350791901962e-03
3.186724706520590450e-03
9.569756351577324988e-04
3.601053659988937526e-03
2.379272453974692891e-03
1.203042073823211737e-03
1.030634557100544623e-03
4.344361011995209222e-03
3.184071398115531117e-03
2.255405609230958907e-03
4.756828533904710644e-03
2.524616224525009188e-03
3.547682638804091140e-03
5.495582960056356187e-03
7.800987897710515845e-03
4.911118376810299016e-03
2.396673570452254216e-03
1.659598995414822377e-03
5.899924177252738496e-03
5.462688371986285790e-03
5.089558345151786595e-03
3.378153020108314378e-03
1.295361214225827047e-03
5.761915302531858338e-03
1.477247556544317901e-03
8.370448040325355419e-04
1.360110151663430390e-03
2.084483245941458861e-03
5.580693869493556433e-03
1.047855801092806337e-03
2.009492559396584919e-03
1.688542389452624788e-03
5.221113758179034628e-03
6.066735811483489962e-03
2.398691774494826016e-03
6.243934278918925745e-03
1.897491105892169880e-03
5.861708055638598959e-03
1.685857418742306478e-03
4.708095702844708463e-03
4.234083737491554401e-03
5.699971562339941830e-03
5.132494923135373296e-03
2.110972170191764349e-03
6.120539933050593746e-03
5.178754762687639429e-03
4.269985086389744763e-03
8.436941938412134559e-04
4.567088759989589887e-03
1.925806454796030439e-03
4.401450585019036146e-03
2.313110581457187686e-03
7.242099618523475599e-03
6.840985409738991815e-03
4.493281876428020447e-03
1.547576467401825737e-03
7.378560966277231993e-03
5.538472841131138712e-03
5.600278630075456419e-03
5.158800628714591517e-03
7.149449253308065057e-03
9.748709500968264852e-04
4.677245815868383283e-03
2.290921499467472606e-03
1.887795531813253646e-03
2.345979788573471919e-03
1.411316419018494297e-03
6.632272500942362065e-03
4.885039961793205716e-03
1.155334481085815764e-03
4.587032258111389468e-03
3.122572360790872980e-03
2.395949722571596389e-03
1.591702453445679620e-03
5.131344553803953573e-03
2.651168311167086643e-03
2.306785080189204234e-03
8.534807792129052396e-04
5.930776212760027928e-03
5.624028335488221071e-03
2.123444973381984763e-03
1.146473637320278433e-03
7.759875627070812222e-03
2.101578105782607713e-03
2.828985104225786862e-03
1.263239491293982261e-03
1.315234156351109771e-03
1.272879593602269099e-03
1.334812542232551068e-03
4.217433363346865215e-03
3.151222144443737317e-03
6.250209050337986877e-03
2.679672605552968576e-03
4.444323734620932685e-03
6.029234512729705550e-03
5.348830726479128321e-03
3.049463841142833857e-03
4.211141954684269849e-03
3.308527132883764231e-03
2.263829696507590940e-03
4.084001659340957130e-03
3.085023483728915102e-03
1.157600572863359779e-03
5.184785701197137595e-03
1.191878996009461270e-03
4.333374009055037182e-03
5.424680260408282044e-03
1.287382940139134620e-03
1.113437395747974862e-03
5.003843615809960323e-03
6.664517608174866381e-03
6.218907358519670629e-03
6.707532043500547339e-03
2.465043523149486934e-03
2.739990514358677486e-03
8.398190709228687103e-04
9.596850489091444730e-04
1.045070316151763346e-03
3.410008434599608867e-03
3.128289820064900344e-03
1.983207254031868743e-03
6.102025915421810907e-03
3.955417842726744425e-03
1.872394192454450261e-03
2.485554540834426784e-03
6.985089475111830835e-03
6.065157387776592794e-03
5.900260460473339200e-03
2.225177207916333947e-03
6.976579800119092623e-03
2.768747887615742413e-03
5.882974432001379997e-03
5.611170785446286530e-03
2.199679090068649111e-03
3.147290803642777829e-03
4.407372290958464466e-03
1.085807246562939385e-03
3.747636982059959331e-03
4.084551963669314119e-03
5.221365826002623452e-03
2.678952212224721373e-03
5.171343001767242722e-03
2.765052927888859112e-03
1.008606803894958499e-02
1.491608014272173023e-03
6.788513556047009144e-03
7.558813719341601206e-03
2.291807023683756651e-03
3.289076431088297590e-03
4.413856898090251328e-03
1.097277082545042217e-03
8.258298333380047597e-04
7.203127672210960647e-03
4.280543511639587836e-03
2.409458805463773109e-03
5.989293964084223612e-03
3.573890722965635848e-03
2.784467675827348183e-03
3.081103349071675612e-03
6.757223901276004918e-03
2.440133456059623372e-03
1.275288982366911848e-03
3.760530889924783380e-03
9.856231170861644731e-04
5.071913540037116530e-03
1.145545859017389973e-03
6.732095429175492460e-03
1.011374653476365248e-03
6.044836726640946678e-03
2.161308783416986037e-03
2.183628686396290024e-03
1.791714080691190732e-03
2.019495092613932206e-03
5.714614761383920993e-03
2.079288573381919952e-03
2.862111677039790632e-03
3.292799358728260972e-03
6.079334620783144981e-03
5.470002676385420613e-03
6.014135216984236448e-03
1.232308283569602363e-03
2.588865261072840086e-03
2.671712770785894010e-03
2.392149975221318729e-03
2.077463499758222532e-03
5.323627080697453974e-03
2.382691289227526626e-03
4.813356928537741893e-03
5.558094195832198083e-03
3.697101660863557401e-03
9.610761069863282477e-03
5.412055812167988929e-03
3.021716147150481282e-03
1.059061388005728271e-03
2.142893519899864360e-03
2.550944917038899980e-03
4.405751857015667919e-03
2.201787406214943815e-03
4.452842129643825447e-03
1.765381331540984882e-03
5.549192183393283732e-03
4.433559472916174214e-03
2.696816423354232196e-03
2.318184098990782194e-03
4.936051008951751126e-03
6.486692156503685511e-03
8.502056080790459198e-04
1.169902081836252843e-03
5.025709339877048112e-03
1.695091811016544202e-03
3.477957587795411573e-03
6.755593090993891082e-03
5.564735362194332159e-03
1.079412503295370954e-03
2.189408595402745662e-03
5.598424955952334935e-03
6.395479280254722128e-03
6.476781300130665144e-03
1.514924797220488801e-03
2.290280974192479297e-03
4.943063828692861005e-03
5.332384525649183811e-03
2.351328534035559015e-03
7.078031792198023579e-03
4.514212653845897649e-03
4.965669205797118742e-03
8.675132306660441944e-04
4.039265018465952074e-03
1.303783635927309057e-03
1.183561513201104951e-03
3.401268892812242366e-03
1.520420092549404313e-03
5.002099916738670521e-03
3.413012330336666431e-03
3.797735973242730764e-03
9.609522982719492920e-04
1.807580167287564047e-03
8.019731936139270698e-04
3.733127744331554438e-03
4.562640512977138817e-03
7.789492865817971429e-03
2.742667108952244644e-03
3.459581850721473069e-03
2.603319473113209839e-03
2.296412256428712745e-03
2.550491346436345973e-03
2.170095236219595890e-03
4.445010012656389065e-03
2.046375839998622326e-03
4.479630605429018621e-03
5.901727465439072541e-03
1.823421813850374011e-03
4.335690364612435413e-03
1.966838791742878557e-03
5.071493209635328028e-03
4.489144887014853529e-03
5.957849720866921148e-03
7.678448785925635380e-03
5.606037747546238799e-03
8.280050219352760085e-04
1.860122759166293925e-03
6.286383073884542136e-03
2.187616310611679472e-03
6.027501866629032638e-03
1.818272594445635628e-03
5.226518618621793857e-03
9.806972711029582172e-04
5.296862082803693861e-03
2.517155551999028171e-03
5.922171346567561487e-03
4.515736683461975612e-03
1.853423870957176915e-03
1.773080387517158565e-03
3.518031201412601464e-03
5.199210190570538632e-03
4.020737708410127356e-03
6.655678854615972549e-03
1.775870041727107152e-03
1.045116817125553432e-03
5.852675044827332709e-03
5.813243439947963533e-03
9.209153592736963115e-04
5.698383152176945965e-03
3.704148789554146445e-03
2.342268571123041002e-03
3.995738983049366283e-03
2.066878533550521330e-03
5.663845337172769556e-03
1.072812041248781111e-03
5.159560858417804388e-03
5.379959988981427264e-03
1.162848731740590610e-03
5.877760868744421122e-03
6.210330018283200491e-03
5.172459831934612257e-03
2.204495597100654403e-03
6.482950609604716009e-03
2.619481488308571422e-03
1.628229415600865922e-03
5.247519811702718896e-03
1.730052265351168924e-03
8.273983561734409150e-04
5.702138755281243622e-03
5.140516954185108019e-03
5.278390301362137493e-03
6.873691494804015385e-04
8.689871967749000781e-04
5.591059414073728216e-03
1.341013634560714578e-03
5.952371838041241141e-03
1.125377916066159232e-03
6.621395403528039514e-03
4.752646136731479565e-03
2.522940467337435669e-03
2.396395497204348822e-03
4.333126076722705958e-03
5.544419444566657876e-03
7.089954060923397278e-03
1.499293623886250888e-03
5.417178793844170011e-03
3.651603019131813115e-03
1.689703854609915035e-03
1.297705366168044145e-03
1.606237054034720868e-03
5.239758027024202930e-03
8.421238677321692817e-04
1.694959732551841892e-03
6.155323865491468295e-03
1.091428528997758548e-03
1.901273605608202241e-03
3.106547347821419537e-03
3.283499062640618874e-03
3.784438130168691142e-03
2.593082584395010274e-03
1.583332343754087490e-03
1.325503901833276904e-03
5.952041341630289958e-03
2.372324836262993623e-03
1.880633036005506780e-03
5.243953164756635400e-03
2.976689591407388150e-03
6.853753951481472359e-03
1.473949956202352980e-03
1.631029084060049055e-03
6.149477669506766414e-03
5.021391412159517502e-03
3.445665467035565702e-03
1.081023554286136053e-03
4.564133836399099017e-03
5.110749352466192018e-03
6.612384342925509834e-03
2.417607965879113672e-03
2.101732637634569096e-03
3.863046167668079262e-03
6.134062875637323088e-03
8.630880499584945090e-04
3.289632921869764352e-03
1.572411138046921454e-03
1.138287062349802167e-03
9.578247215894070653e-04
4.464117667215501684e-03
4.734218984652601749e-03
4.963533951738989709e-03
4.966681576575081650e-03
5.098465490574409162e-03
2.612222503988396571e-03
5.447998499525542361e-03
1.712518797305488888e-03
1.254909101847619113e-03
1.232967469077591270e-02
5.140353694504301574e-03
6.469604751763590074e-03
3.922153989960550438e-03
4.858716697818461772e-03
6.355823311398324689e-03
5.943468486746296409e-03
3.801543606348592973e-03
3.047471406648117036e-03
7.106111288454553671e-03
3.607705506554648167e-03
1.814829441520094148e-03
1.511762770925817153e-03
1.026885013706606764e-03
2.250673451882624979e-03
4.765074903105153380e-03
1.251393163195499815e-03
6.618579901840705715e-03
6.589997051396754256e-03
6.891269442834936469e-03
1.877363543649050205e-03
4.619662805884692386e-03
2.203596966443784749e-03
1.588404502910234798e-03
1.968833026112692432e-03
6.292822224436975080e-03
5.896182591526211506e-03
4.673082720139225439e-03
2.165625318911887798e-03
5.617970743840051094e-03
5.202614504162423985e-03
3.647929847353970252e-03
3.150766193485953978e-03
7.566201526618489097e-03
3.060447622962322780e-03
1.587170172207329720e-03
5.488900451815747691e-03
3.375081506809043345e-03
4.606586868729831315e-03
8.851868483758714443e-04
3.492331960689020950e-03
1.638547743039312117e-03
1.004879003418017360e-03
9.068301806640464025e-04
2.908613042834366693e-03
5.997096198404820722e-03
6.256487074565425695e-03
4.185818001482625658e-03
1.450398692224327433e-03
4.187020572324503392e-03
8.400096835102118225e-04
2.303919699104069099e-03
2.104966593236094578e-03
6.184984352653433506e-03
4.670976163174279938e-03
4.595579600671017076e-03
4.910924051749984177e-03
4.131118247053406842e-03
5.181238097360323265e-03
1.797809826577646429e-03
5.337338285398024289e-03
7.549464968858434107e-03
5.101053375632289520e-03
5.863165314824732299e-03
2.149448409191720422e-03
4.655655802420170970e-03
4.043893397329069613e-03
6.927832198404661711e-03
8.379538360327641816e-04
6.456818277175696910e-03
9.046895528817803676e-04
1.055407930032149343e-03
1.471356066661562391e-03
7.319272073361091438e-03
5.642434102738099269e-03
6.345568552352840765e-03
4.674075167005619161e-03
4.578340946321150101e-03
3.411592375277085632e-03
4.795272101762788029e-03
5.923507566675518740e-03
4.004906566749090284e-03
4.154159247614607788e-03
3.077848593065475851e-03
4.420115699752698128e-03
2.112506834657194594e-03
8.802972028387698062e-04
2.405437899678187271e-03
2.241643079121301285e-03
5.747968128381034103e-03
4.613379989897616051e-03
6.946933549816318963e-03
4.098718598704215003e-03
8.444252519780415071e-04
4.100805542745476935e-03
6.021970275716973311e-03
5.214907496054600571e-03
2.619888032491116906e-03
4.007464728513294473e-03
5.940457833645310451e-03
7.921380217632891310e-03
5.816968514123243596e-03
5.121539947986550843e-03
3.858298447614252977e-03
5.221555463723832891e-03
6.407327667668737993e-03
5.078045192175339659e-03
2.184076944936812897e-03
1.331316835449049274e-03
3.919342716136862623e-03
6.156320018716809200e-03
2.382232101419179231e-03
1.102994263654456710e-03
4.083503349331421041e-03
6.626436377021652051e-03
1.079374996457158889e-03
4.897759054578757973e-03
6.929991814817040158e-03
5.093083241400018883e-03
1.791960259267721218e-03
5.862260651496055235e-03
5.502704033197835728e-03
1.349467668813246783e-03
8.214435890996117998e-04
2.562969138538166193e-03
4.748559024163776301e-03
2.521772309408630043e-03
4.407845808844105054e-03
5.029211077991204218e-03
1.696472413657558378e-03
6.849784471428390503e-03
3.462683253956148899e-03
4.109562107457429871e-03
2.319386720021934540e-03
4.113844188378761556e-03
6.191202783374104984e-03
1.947218794756510078e-03
1.353279399702901403e-03
8.118486709588399169e-04
3.570083963444347242e-03
1.016462474195016247e-03
8.008135388475084993e-03
1.804734401672086546e-03
1.650540516692294022e-03
4.666912226075970067e-03
9.837321959803050839e-04
4.466867568991959685e-03
5.337451948844990426e-03
1.124374168782555890e-03
4.650082585909457063e-03
3.862683418633515008e-03
4.277639660310891649e-03
1.840709755510007905e-03
1.954637302815482713e-03
1.531803385997005827e-03
5.366844762884967826e-03
4.724134524503864445e-03
1.142172497797814363e-03
4.139690303855994742e-03
3.656157925107151631e-03
6.349440999399213158e-03
1.945854304966495099e-03
2.638500094786208616e-03
4.125991266560488820e-03
2.426452648054619032e-03
7.211754166993425939e-03
1.137719784484373655e-03
2.220258123576402277e-03
5.513628983660834662e-03
4.247807788806056209e-03
9.373888131594027050e-04
1.269650687019986245e-03
5.974011248666885252e-03
1.804639688733584730e-03
4.885015353882687407e-03
4.159074393730161773e-03
4.366982294745264809e-03
3.468968847241458639e-03
5.435239997557819898e-03
6.466708292159504753e-03
1.330004928363893654e-03
1.691601068478110160e-03
4.826410813779585113e-03
2.090747938040338118e-03
5.527223134036828023e-03
2.138251493814276663e-03
1.445054566409628271e-03
6.457171350547244275e-03
2.026090735793487259e-03
2.270035782064918576e-03
2.515609385856109031e-03
8.397623154304276281e-04
3.496052356528257798e-03
7.741296145528993311e-03
1.584822809638988719e-03
3.255548460878301704e-03
3.050389902262131900e-03
3.543631293469554858e-03
6.185530146320732288e-03
5.326470018851778461e-03
9.842476462478626752e-04
4.528708564449052815e-03
1.658429366459680202e-03
2.590420772138799042e-03
2.558775701123459749e-03
6.046212331730845511e-03
4.603238162474269229e-03
1.827108917145113575e-03
5.938405334529720664e-03
4.045623539563772929e-03
4.221115222339070008e-03
1.440838727873785825e-03
6.027017321204350409e-03
5.287176209326192866e-03
2.158442652552951778e-03
3.709700605489652577e-03
6.097921266998897888e-03
1.546611624108288523e-03
1.407558402008005170e-03
9.726586110032238702e-04
2.214755887101984861e-03
6.789719670958597325e-03
1.939367471590397376e-03
7.557947958502518430e-03
2.728867415497280517e-03
6.146088495478191534e-03
3.029879848269518075e-03
1.517114535950943744e-03
5.247951780781596326e-03
2.731564986871037274e-03
4.093560611276849011e-03
5.441052536446774196e-03
2.222528171027615337e-03
5.203150479239099929e-03
2.488641563847337080e-03
9.573709653788068730e-04
1.490001206093033393e-03
1.300724993428110021e-03
2.301039596039796027e-03
3.303712520058534746e-03
4.256928611106195262e-03
4.535547454463204932e-03
4.412608917342678537e-03
5.559203234567786610e-03
1.941367427816724153e-03
8.801294462036373008e-04
1.064522226836592299e-03
6.330950226378999866e-03
3.213541356309252382e-03
8.645559614146601556e-04
6.547080218706663284e-03
7.518440468615721246e-03
1.678252441411489911e-03
1.544580255266273655e-03
4.668010715137393095e-03
4.539636484339036430e-03
3.127472396423373793e-03
2.514249947290951061e-03
5.532093690705482472e-03
1.892468652466494259e-03
1.366582609124044039e-03
1.381947094226216579e-03
4.617452222424562464e-03
1.483625638221031714e-03
7.390533225295621046e-03
1.815569349370574088e-03
1.952229159668701208e-03
5.560624428672185544e-03
1.357074714020673097e-03
1.905429687434252251e-03
2.629547707993274992e-03
1.571854594058995922e-03
6.505288224664096917e-03
1.944281310557801441e-03
2.054189384988952278e-03
5.857763648714047963e-03
5.890360910899825053e-03
9.625644962586013325e-04
2.771575542663148439e-03
3.245533588792356983e-03
1.286536187362327492e-03
7.103525692755281382e-03
4.373761913350243842e-03
2.380468499035244285e-03
3.894279700028752903e-03
5.585115574516972062e-03
5.112495057409497182e-03
7.426682526975290216e-03
5.459886731653174410e-03
1.822286981745073258e-03
3.320069911292749306e-03
1.868941380657833861e-03
2.010325838736328093e-03
8.685195836836659584e-04
2.425777792223076691e-03
3.000198147742454483e-03
6.084956295535130961e-03
5.343845109569627522e-03
3.690047469267227192e-03
1.253137611724780727e-03
5.149683519583529365e-03
1.872512441716361192e-03
3.433837594559339176e-03
2.057182838723969464e-03
9.416657397704896078e-04
2.116575792786749757e-03
2.788454125741739176e-03
6.148593441651295337e-03
3.007956527971574444e-03
9.360272714755611895e-04
1.284601185580186650e-03
4.630687734982767007e-03
2.726391558558759892e-03
6.354989234356952371e-03
2.266817310020558668e-03
1.187980530661391721e-03
1.054007765885917004e-03
3.924931852391684572e-03
3.460249943203683003e-03
3.019266014790843514e-03
5.403586453667556799e-03
4.049120309701557605e-03
2.518867054078788477e-03
4.952294389324614528e-03
1.153317371844968285e-03
7.509300638971863270e-03
1.817557862872492018e-03
1.815820245580949781e-03
3.724652615504223281e-03
2.432551544908629314e-03
3.388055988856045718e-03
4.960270237538103900e-03
1.574186538879913120e-03
8.893505979952739731e-04
4.920953656372862792e-03
4.729909278817664292e-03
2.588922200091331970e-03
1.816835371687319962e-03
5.275055540746356394e-03
2.313649187945468737e-03
1.093885178234911592e-03
1.066525059915989729e-03
2.998343309970604408e-03
1.517212285971467848e-03
2.544008265699836211e-03
4.798004562767920617e-03
6.457835024512934528e-03
1.057261451650567952e-03
2.143794771435007969e-03
7.711373450932251274e-03
3.516222621767139348e-03
7.467502244448468406e-03
1.822472681253796325e-03
2.892405609629459130e-03
4.663098638144448811e-03
1.408174098737186497e-03
1.600163808861024099e-03
6.321655082100195375e-03
4.849858658529378024e-03
2.617287116775587289e-03
5.652524456832124129e-03
9.948147241789703776e-04
4.802825931903868459e-03
6.004637755902107570e-03
8.413104176663862383e-04
6.229041989897371803e-03
3.992854659594332820e-03
4.147233252165986178e-03
4.836944144586968405e-03
5.405683159219769850e-03
2.166388461841103116e-03
1.778425299908771573e-03
3.620341050100099427e-03
1.843389637097923211e-03
1.916804098831944832e-03
1.516231543274904493e-03
2.712225383869749755e-03
5.531924048923738887e-03
2.522986778684906551e-03
5.545064219568818578e-03
6.363483101422047483e-03
1.284987975204761584e-03
8.925307061590500657e-04
2.008414252276794973e-03
6.247170560290115325e-03
3.742478951808085944e-03
5.576708821476381375e-03
3.098372391670162727e-03
1.303225500940326633e-03
4.757561982058666587e-03
1.387723794483469242e-03
1.837867448149837742e-03
6.294064061650250265e-03
2.159998387140173864e-03
5.545066761033681790e-03
1.136570403916061347e-03
7.677141451177046418e-03
5.166543361042929931e-03
4.878134460445571544e-03
5.599906255514142811e-03
4.199348196649403675e-03
1.374371489902220887e-03
1.637232853823095743e-03
7.343672646854863817e-03
1.300011794696036846e-03
3.469763107727823898e-03
7.287353382506431797e-03
3.181873728625195762e-03
4.084962212154708873e-03
5.612761735799325948e-03
6.540060338219474446e-03
6.434641524614048008e-03
6.279945927408772492e-03
1.471974303964072254e-03
1.967593342779464221e-03
8.569795983292965991e-04
5.710566063136405211e-03
2.452243764600487309e-03
3.382947339115103483e-03
3.631870639491549275e-03
5.536775049667307450e-03
2.138162035024304079e-03
2.538849560267546039e-03
1.588719759042510858e-03
4.541206254051475925e-03
5.436200557829379450e-03
3.697669068790166054e-03
6.456209196513938015e-03
1.030132995050625022e-03
3.283485110204005693e-03
2.813869207213730642e-03
1.504169418037891058e-03
1.405004431052523598e-03
2.028200297728369704e-03
9.380804411882906436e-04
7.803299344409228219e-03
5.252836744141627968e-03
2.347862395497454270e-03
1.047686957197200772e-03
6.158118418737540921e-03
6.864898785942858024e-03
3.761544150703639150e-03
2.372854100426472889e-03
2.954217289095153499e-03
2.967457232840944609e-03
5.336186722535977804e-03
2.392902181910371451e-03
1.325034523821647407e-03
1.755708266652760774e-03
1.220694453593152654e-03
1.164835039707029897e-03
5.907425799960046991e-03
4.325114708943247552e-03
1.305247227923468992e-03
3.430185659021155447e-03
5.458235356183494674e-03
7.665093359252105054e-03
1.639440655649210309e-03
7.124214810938794655e-03
4.770438867972732859e-03
1.200636438830417901e-03
5.614348566696724177e-03
5.479415437450290034e-03
5.183784114905947045e-03
9.757260315698476497e-04
3.288137279954425965e-03
3.830970915690999103e-03
3.898866312131186312e-03
9.471616851527514492e-04
4.312792675446449828e-03
5.388709858935277278e-03
2.310936575653069029e-03
4.321099629926101852e-03
1.880109954749060227e-03
4.934282214622894014e-03
5.617543002531229582e-03
3.940029245808658424e-03
1.989506654041146589e-03
4.321704835068817911e-03
6.559982656473222797e-03
4.567128192524178183e-03
7.347619212896705151e-03
5.990877971999626107e-03
1.826233015204027513e-03
7.127360088528926496e-03
5.122237145982821288e-03
5.896007821022486092e-03
3.747918838839631259e-03
4.720753454497446898e-03
1.701124673125496353e-03
4.696680002733434958e-03
2.008901237518591169e-03
5.515352347361324008e-03
7.710630718290608851e-03
9.231512851903037574e-04
6.688541154408142626e-03
9.713392701823209520e-04
2.721374850642391090e-03
5.610460789655097660e-03
3.473737469655008639e-03
1.163651849839267673e-03
5.515679155783621140e-03
5.797673556389703123e-03
2.558774352845559399e-03
3.877391892934092549e-03
2.043783829004573293e-03
1.253572641031151444e-03
6.593595890878780306e-03
4.389037721119622495e-03
5.378211762279952630e-03
7.182870842131209438e-03
5.129872216450026903e-03
5.669355486408800444e-03
5.066777756076120721e-03
2.426174688297738375e-03
1.131387754690745635e-03
1.190577242146758112e-03
1.667401495489121083e-03
6.888279478839994321e-03
2.708843896168766207e-03
2.080529770614518176e-03
1.210517405051117143e-03
9.817644926917816744e-04
4.132014891344366198e-03
5.343640417352859932e-03
4.600161900880510128e-03
1.751074249948168749e-03
8.709826832689693613e-04
2.121564773587234897e-03
1.835162370483427131e-03
2.713014649433895687e-03
3.933763373928407178e-03
2.274602590630659532e-03
4.063994334011748408e-03
5.588074635589881239e-03
1.127819408412484127e-03
4.384984101679217754e-03
4.595800235586052981e-03
5.874390628338676396e-03
7.691981904502744050e-03
8.309845594693449815e-04
1.002616533968513947e-03
3.847975473144837986e-03
1.168893170186854251e-03
6.230321619595689461e-03
4.089978805257098171e-03
2.071846878925208239e-03
6.665637744434232438e-03
2.136767376456500875e-03
2.120862698612435964e-03
4.156555522136662177e-03
4.159164476264124409e-03
2.860685495565160053e-03
6.125180284749412452e-03
2.278775408090554216e-03
1.324060408181803846e-03
1.209300043328277339e-03
5.880971832842729272e-03
4.547605847922069067e-03
1.685876208341062932e-03
3.835492388355757516e-03
1.558157395610430167e-03
9.020083767867694696e-04
7.084137594503001414e-03
2.243656250352105922e-03
3.034120222929695063e-03
1.917951322550138712e-03
1.280140051010553344e-03
1.061433234042315340e-03
6.147260613570917909e-03
2.233452980788418717e-03
5.635603380651356235e-03
5.283207305559533239e-03
4.930755823690203057e-03
4.854978669543597025e-03
3.138560848187984999e-03
2.090339305196212139e-03
3.558169545250068101e-03
1.863319060801718694e-03
1.154138232489417340e-03
4.851873581508349756e-03
1.433127829434744597e-03
4.036386476032846268e-03
1.494226053997236778e-03
5.389592087939332372e-03
1.128429812850645537e-03
4.575005250986151177e-03
3.358818648707725518e-03
7.649707116995667876e-03
7.235675243102833443e-03
2.434964223843299764e-03
4.863406256464558597e-03
3.491445338646531962e-03
2.448771132198138047e-03
1.638080785493064781e-03
1.661838807904219553e-03
1.487060661030539669e-03
1.427304375226881366e-03
1.948582087512983323e-03
6.824532036031433387e-03
3.957263218786565180e-03
6.520987699873623256e-03
5.242708826380228573e-03
4.729094765114861751e-03
4.954541804909362059e-03
7.724947946693769621e-03
8.752779735220219369e-04
4.664139335089982109e-03
3.641356221866789804e-03
4.196686966420656861e-03
3.767263519493762106e-03
4.170971734647712335e-03
1.324948696314205785e-03
4.535658613137374777e-03
1.242365687193133393e-03
7.318406985007049406e-03
7.805362500739566715e-03
5.268398681608214840e-03
6.474405314870259991e-03
3.775981748268993077e-03
1.361823335598168682e-03
1.119645537188967196e-03
3.678512664890146080e-03
2.223276124642073730e-03
3.968537316194955047e-03
5.537304275691901437e-03
1.374283517375083545e-03
1.568440100967977840e-03
1.060189596564207332e-03
2.825351267147814538e-03
1.480179787521495151e-03
3.128571441727423866e-03
4.923523592188421526e-03
5.691216355925780845e-03
5.921567899446333362e-03
1.818745608154839289e-03
2.160718570726382227e-03
4.913899794329885072e-03
2.257294987504706012e-03
4.669958797602823293e-03
4.471368247175509965e-03
2.052339280777379892e-03
7.678495626712939816e-03
3.130147702221104840e-03
1.431664166314615102e-03
5.105274352094887023e-03
3.202867894515616827e-03
9.582992054823839508e-04
6.769069025783653812e-03
5.218622871960509890e-03
2.620068219118414088e-03
4.740139025284859260e-03
1.605483820754720478e-03
3.731549728410496220e-03
1.597779564071650192e-03
3.803839104919624469e-03
4.968402375087314742e-03
4.377913251423874545e-03
7.425178973989461292e-03
2.077447927389611346e-03
1.004468682573418040e-03
1.237250370100683415e-02
1.169349213810012963e-03
9.685037405442813944e-04
9.667359831368594995e-04
1.108426228718830146e-03
8.327845256765930085e-04
4.419538336735943582e-03
2.299084239697947538e-03
1.950450027374921180e-03
5.369564839969049458e-03
3.793954485295464828e-03
1.720116495732941292e-03
7.111339238935507172e-03
5.751777903715232440e-03
4.511213033146223642e-03
3.167025178509991039e-03
5.596595723649396698e-03
9.238270717840094039e-04
5.066409687750235251e-03
1.178197620128031359e-03
5.370380994959394506e-03
3.693341010008370593e-03
1.504443821482518351e-03
5.155549083832553468e-03
7.227581593673133506e-03
6.856137518346745729e-03
5.893798207622855112e-03
5.926582358003148511e-03
1.629646442070041383e-03
3.080385958282031572e-03
4.362441545799251169e-03
4.919721503484775736e-03
4.870611789922471568e-03
4.510907898784666248e-03
5.887397223403005239e-03
6.857027019349455979e-03
5.894753935964965226e-03
1.959794020893334317e-03
5.020307712169327745e-03
2.046714648598265632e-03
8.902436940353581360e-04
6.569129156200495187e-03
1.283354406804244592e-03
8.480488229087108009e-04
2.269091037851288066e-03
1.261361161463357130e-03
5.548523830433166326e-03
2.105684002230348312e-03
6.707413876679690391e-03
3.327014955630537910e-03
3.508241282559735642e-03
1.333716250971167441e-03
3.324960247504810552e-03
4.278650229797061749e-03
2.001562571588966829e-03
4.535894117137380908e-03
3.399745061974349288e-03
7.038629327129729794e-03
3.041908578592636327e-03
5.723524643546668011e-03
2.068517333657509793e-03
2.374158907129508139e-03
4.862787135837503931e-03
2.808178619561154700e-03
2.043337096879088190e-03
2.751870048842584935e-03
3.583560832565222017e-03
2.370781399241274345e-03
1.941375715841039398e-03
3.292900069759484294e-03
4.203912625449442858e-03
7.273778023868761843e-03
2.641857386869052044e-03
1.823593339323063443e-03
1.109402013764112680e-03
6.401372699516756810e-03
7.355668625904829803e-03
5.422605459219141492e-03
1.693886428574340212e-03
3.605762126515066422e-03
5.712660435131950050e-03
5.917501951306238135e-03
7.587143018044626742e-03
4.363316873434585838e-03
1.905134939492517804e-03
1.817738754384594455e-03
3.867578882466441055e-03
1.650109552261400103e-03
4.075563168862410962e-03
5.168829651592142006e-03
3.968874197285893191e-03
8.570805876804575476e-04
8.419775441490006448e-04
1.226266788192394760e-03
5.219285996575374897e-03
5.066856477032867859e-03
2.351330438877158573e-03
3.811505051593856545e-03
1.852459601164611457e-03
4.549468565100279159e-03
4.460212964253252622e-03
1.272048967178641228e-03
2.070916221655419616e-03
2.492628384841895535e-03
4.364935149007997256e-03
4.938616090497363782e-03
5.172951563611393952e-03
1.597394723674263554e-03
2.887250759868987236e-03
4.755336003632223627e-03
7.570309507818799057e-03
3.320900738441870045e-03
4.934805635871739385e-03
3.620931299337002644e-03
5.502170088725387952e-03
5.798582805293273079e-03
2.687959907907474209e-03
5.303063611178381563e-03
9.394115185845722249e-04
2.139412158251043604e-03
1.922813206341767887e-03
6.509274494302406087e-03
3.056301174397187213e-03
3.534669621118583047e-03
5.716803090109672664e-03
4.252431874243575195e-03
5.917241803007907731e-03
5.609036620797728731e-03
9.640143567112981031e-04
1.817283173300681147e-03
1.497039790569165609e-03
5.488225597837993741e-03
6.124299102517674620e-03
1.675197036302569688e-03
2.193547178640489672e-03
6.620742316898479453e-03
5.172121606128632539e-03
1.313403379290532021e-03
2.347848358242778360e-03
2.564160752851983669e-03
2.510940556698960935e-03
4.171750301932477395e-03
6.790361311741360123e-03
9.907178275203177946e-04
6.374929982658101256e-03
2.896149076774595568e-03
3.881868064691556489e-03
1.011558542063596775e-03
1.599312351420845634e-03
1.496575126090401780e-03
5.662375460027481260e-03
4.373191534978887809e-03
3.718745526523910706e-03
4.106905684399525872e-03
3.826770215505269617e-03
4.469228577644967886e-03
2.462597092890388920e-03
1.956425813330104572e-03
6.998723657067312982e-03
1.695775995154311447e-03
1.493413487793103511e-03
2.952188064130556455e-03
3.991109836926333421e-03
6.749814897048046769e-03
1.027024273305154195e-03
6.510674534592328019e-03
1.259938393241771121e-03
4.149521402861314386e-03
5.864049546908865936e-03
2.178527294727150218e-03
6.228020781978928569e-03
2.969159199085089421e-03
6.484488562747545669e-03
4.424220188983569654e-03
1.812108117380798866e-03
6.171555091187477284e-03
5.137686018236011475e-03
5.428100974260144720e-03
5.039788189792739591e-03
5.744248213085695332e-03
5.535818356854326980e-03
1.441323403746166704e-03
2.497263115039306206e-03
3.001927110574334132e-03
7.715725311990780100e-03
1.236027144249616161e-03
9.262249300906451408e-04
4.899517195519230948e-03
1.077237278838130740e-03
2.300282938358399511e-03
7.268532657592708876e-03
5.375477084885607257e-03
6.578944977844589787e-03
5.940374074367597151e-03
7.431824161414041924e-03
3.700506874235742500e-03
4.583381657284537648e-03
3.405267085519579282e-03
1.180810103645314399e-02
9.083195753525244009e-04
1.900911667246700520e-03
5.725156401262774218e-03
2.015855495394252520e-03
5.238659038934517613e-03
4.244565927725047448e-03
4.631507254779052875e-03
5.205474638012746666e-03
5.410119366925242486e-03
5.766898643732902389e-03
3.591297874985668794e-03
1.883517589026129438e-03
1.657591271613719722e-03
5.849786573576830177e-03
2.444137052070312777e-03
8.405144983051449732e-04
3.296021998890587973e-03
1.368718973836102575e-03
2.689429841533455458e-03
2.068905561415505454e-03
5.942986388518133392e-03
1.982244190452973030e-03
6.643812427425388294e-03
6.723991871026715507e-03
3.998086313847182272e-03
2.218833596490599452e-03
7.546973001394013600e-03
4.905319275917122482e-03
5.908606640199961894e-03
2.722404778171632917e-03
6.292117073283488501e-03
6.000887927053611716e-03
4.812479463729056606e-03
6.294012032153393534e-03
6.594597260026114141e-03
2.579457511947229244e-03
3.620017380485218532e-03
6.864928245857418801e-03
1.243700429783273784e-03
4.345946013041199034e-03
5.608429009939200349e-03
6.187160099066574964e-03
3.906045008387491572e-03
5.148854303951741831e-03
2.421725167138141441e-03
4.373114417878859114e-03
4.198257300228991351e-03
5.349292130880025850e-03
5.031788912727086331e-03
4.409325694784270444e-03
5.716479032747857382e-03
4.610990195304407770e-03
4.237437713820152441e-03
4.155125491383730545e-03
3.669088742894841167e-03
1.029538749940196079e-03
5.152372995247267960e-03
7.329128284483286612e-03
6.039225867259827817e-03
5.050223659314964988e-03
3.331156193611619840e-03
4.258653374437118729e-03
4.756779524899070431e-03
5.526971886977388553e-03
1.944946374514982309e-03
5.147938270761885475e-03
1.901478465654644900e-03
5.401615984901834804e-03
5.457878693412151691e-03
6.298405984823175242e-03
4.164622874375488448e-03
2.625241598967550851e-03
1.789806558663636525e-03
1.429848057167931686e-03
9.877916717365817396e-04
1.400273305475600817e-03
5.607840736476675005e-03
3.024957811793147454e-03
3.475860513502018138e-03
6.997709999703823590e-03
2.500052996471357689e-03
5.518196296815539546e-03
2.255388205295006353e-03
4.065738495114923183e-03
6.749238767118396869e-03
6.418265739393798179e-03
7.959986619052113882e-03
1.774798730919903986e-03
2.061344184577761605e-03
2.524135968964923756e-03
2.768714632052803569e-03
1.509693321364231769e-03
6.457405784938536307e-03
4.082341772892547453e-03
1.801980395258485999e-03
7.135640142119014859e-03
3.569016077843691938e-03
5.488262765808396559e-03
4.814024347798043918e-03
8.355117858157123500e-04
4.469038833567737234e-03
8.555109694500832255e-04
4.289626229046479208e-03
5.239422312557080567e-03
6.632952419447011097e-03
5.826157356599955504e-03
1.937343278163973850e-03
5.312747721130834343e-03
1.516145748948206397e-03
1.146340784625515851e-03
1.258024420441608039e-02
1.469087955679479777e-03
1.753226520887528079e-03
3.710912736792876514e-03
2.659261614854109904e-03
8.601199731645586041e-04
2.857592470064022373e-03
1.584136063600189229e-03
4.482067738683410615e-03
4.155760118146840931e-03
5.733203422881952629e-03
4.965947194942215218e-03
6.331650896847566129e-03
4.140830620051047690e-03
2.368975028392631289e-03
3.121006331653006227e-03
9.141008545826911176e-04
2.386315642212157549e-03
5.802582639836298233e-03
1.948547971904437699e-03
5.180730249837652013e-03
1.215644026593057500e-03
4.462089270059916082e-03
1.237264584839120130e-03
7.000108820668148567e-03
6.004999977267918079e-03
7.131163920766349709e-03
1.035215034506694731e-03
6.936266018053372125e-03
1.000191241648591646e-03
2.642597451770638695e-03
5.194638382540694120e-03
6.315697950787708438e-03
7.403212894085226155e-03
4.294452643203415694e-03
5.713765353893901153e-03
2.193882844168677532e-03
3.865439518937929548e-03
1.564936070398454922e-03
4.454706973039084320e-03
5.946084994548795667e-03
1.218727984143666912e-03
1.162878143204421847e-03
3.399550543475533555e-03
7.709382561584249456e-03
5.663802595775251948e-03
8.381267415857750116e-04
2.808300845384708103e-03
7.313940324501516481e-03
6.218767718168303517e-03
1.622833849580924449e-03
1.135479548791760301e-03
1.331447218909723174e-03
7.135655948345600262e-03
6.034027479462058564e-03
4.870258514445064378e-03
2.016654401198914905e-03
9.713992397998803255e-04
2.070212048000777492e-03
6.060148414980229443e-03
5.727624514429066789e-03
4.510070298841274347e-03
1.596901709743021695e-03
2.484424622273786586e-03
5.662605919856814225e-03
4.110836026481579607e-03
5.394887842466763138e-03
5.097496921518952263e-03
9.835991310206244030e-04
2.545485850368331415e-03
6.177241775573456134e-03
2.123155153600785570e-03
3.794184862976438932e-03
4.482235630092299729e-03
4.984919507037441529e-03
2.298482599057976097e-03
1.612441122544971831e-03
2.842704241807778812e-03
8.862017042459164468e-04
2.273290690537394920e-03
5.824412909319878241e-03
4.478308138945509900e-03
9.721615759831349173e-04
4.714552019675429147e-03
1.452739153581096175e-03
7.090969135037677139e-03
4.289665503981933241e-03
1.415533101322566725e-03
1.849388230465246266e-03
4.360598664062192639e-03
1.962323214012102503e-03
1.238199163793745000e-03
1.052874536203936371e-03
3.030701083371615395e-03
2.239478605681459889e-03
4.435688801309481573e-03
3.394467337471400187e-03
1.268237685877371792e-03
6.943518691716337940e-03
1.001248659281346685e-03
4.695325986634890300e-03
3.673296815203724777e-03
6.051462643119327398e-03
6.416417786052945604e-03
2.662847504071752525e-03
3.606272647322892981e-03
6.886508380016568079e-03
2.543779536120266589e-03
3.969795865892946675e-03
5.538562088286241511e-03
4.332305264107652251e-03
4.096717902099927464e-03
6.421211540290327688e-03
5.898638402406253603e-03
6.362200748698842653e-03
8.398039636869892265e-04
3.916397885825423711e-03
2.309736512398619795e-03
4.576865238199180272e-03
2.327122130322905290e-03
6.050471317969184810e-03
1.340693668463744216e-03
5.933386800361762671e-03
1.205755298442978208e-03
2.116951107833150124e-03
6.925081437802160442e-03
1.063519801674992632e-03
5.699070013295796412e-03
7.184350390490842724e-03
5.055203887907183842e-03
5.537646966135064547e-03
5.929657854478852762e-03
8.647864182455649012e-04
4.749811052344801721e-03
4.555098588756002764e-03
6.468509681645144734e-03
1.363497929309141982e-03
2.607975385616981279e-03
5.430669654313521715e-03
6.088910859504411549e-03
1.843126383566900950e-03
4.240030213805959583e-03
4.329123930868201790e-03
7.459819739748091254e-03
1.842589537614339927e-03
1.032977734734612154e-03
7.385493248713148086e-03
7.510517411184037748e-03
1.546283052402331248e-03
5.873443805377373192e-03
4.157862767859977007e-03
4.739927493767549099e-03
2.408148505732924001e-03
3.332401173787585043e-03
1.495469722285522763e-03
7.701506494751634083e-03
8.936857277504005976e-04
1.074196255449487219e-03
1.322934823072863990e-03
7.094385428071002184e-03
1.879605515083493123e-03
6.905822373821923765e-03
1.809019853781545064e-03
1.040269653547450015e-03
1.840264766332040235e-03
2.130222358760408292e-03
5.607222434328549068e-03
4.479217050130204422e-03
3.661536111859371116e-03
3.166075235475664107e-03
6.532369786828576795e-03
1.180187848138384470e-03
1.806071932464171871e-03
2.448162794344809368e-03
1.128752429440854198e-03
5.458874020965672619e-03
2.097328228120814205e-03
3.848485198892333606e-03
8.985241831408354420e-04
1.543540576495635447e-03
5.600749371612118166e-03
4.521934395439104228e-03
1.895850736821832637e-03
7.257683843277684677e-03
6.399780895007480333e-03
3.057169460705141343e-03
6.215186333478805482e-03
3.733941006174072274e-03
2.996950441926228646e-03
2.473546091782886491e-03
2.120093498208024292e-03
3.778373155508438826e-03
1.675892926610400829e-03
3.058534618214487754e-03
5.183052186254911292e-03
6.895687846857275448e-03
3.281092939324241429e-03
1.039177756629715982e-03
2.778510501189314537e-03
5.302623145159192190e-03
1.628214099609520508e-03
3.209070970685832993e-03
1.240634869931016336e-03
1.778988096402070581e-03
5.180406428885631250e-03
1.835164143201678186e-03
1.432100828014615376e-03
4.628013425515100851e-03
4.333294338110155013e-03
5.558781931953816688e-03
6.787533968698375095e-03
4.814906826237625934e-03
1.045776855028400943e-03
8.554248424213061353e-04
4.953437910207945244e-03
6.078955778534271374e-03
9.911259328011889740e-04
1.400353081611702003e-03
7.628729143031069519e-03
3.436641755450208294e-03
1.687790581875920270e-03
5.324713640963744769e-03
2.630099976223109186e-03
7.938318933394786572e-03
5.803720473995712531e-03
4.120099956419739744e-03
2.172478931786887054e-03
9.930452374829509647e-04
2.142175750274950743e-03
4.006555366849696639e-03
1.401102196589179604e-03
1.890162334556083927e-03
1.884960809401845221e-03
1.852523614862894774e-03
1.348659665294369174e-03
5.150407027336126493e-03
5.050258060546001550e-03
8.852449171098772818e-04
6.729329121796415875e-03
3.882227526748253769e-03
5.635084593211095970e-03
1.605332109264126722e-03
5.878442667086153893e-03
1.257938803622313988e-03
5.211663505392134452e-03
1.162649448602561105e-03
9.646396960718868615e-04
5.220031612386745457e-03
4.443449532876005831e-03
3.882178041673243433e-03
3.160526110777402316e-03
1.061838477169506443e-03
4.420894556629458537e-03
4.162437204081835367e-03
4.345968534130210947e-03
3.426889286330634353e-03
4.937023378073131415e-03
1.285039584583304480e-03
2.563828108682331998e-03
5.814698053658518689e-03
5.452471933652284358e-03
1.853737945134603443e-03
7.205039761811185203e-03
4.015537518134454191e-03
4.449950006940444139e-03
1.084217943834410751e-03
3.752497110075143048e-03
1.806682158066838691e-03
6.863850509660724547e-03
4.627797282929257613e-03
3.394942406624586618e-03
2.386853942918001036e-03
5.900640515728692789e-03
2.252087321717651056e-03
2.534149992538293605e-03
6.418045782025234326e-03
9.069546550720719623e-04
4.349320836480821510e-03
2.266984424724304004e-03
8.449398116005528859e-04
5.384177443020591973e-03
4.149007986923126251e-03
4.311274246062420795e-03
1.031123289604095588e-03
2.122407378661556737e-03
1.562584751450217047e-03
5.777933133885070419e-03
4.807066309762115727e-03
6.067636822655065112e-03
6.641260876404157971e-03
1.797781753835871361e-03
1.079307240374368032e-03
2.905432835386397537e-03
2.357689512450801030e-03
6.498007727010844843e-03
5.591673135829020903e-03
4.463756903693949681e-03
3.190582665081409617e-03
6.470304145083408467e-03
1.987853045859803731e-03
