8.130941479466855526e-01
4.882615809328854084e-01
6.832676690537482500e-01
6.975542330183088779e-01
7.129182259086519480e-01
8.915213909931480885e-01
7.994921880308538675e-01
7.274933569133281708e-01
8.106377841904759407e-01
7.008859689813107252e-01
8.752259749453514814e-01
7.193497160915285349e-01
6.605343651026487350e-01
8.779887149576097727e-01
6.667670509777963161e-01
8.938389071263372898e-01
6.556419071275740862e-01
6.877248620148748159e-01
6.596021289005875587e-01
6.968988450244069099e-01
8.912596700247377157e-01
6.362447221763432026e-01
5.783201409503817558e-01
8.334040609188377857e-01
7.266718051396310329e-01
7.318451988976448774e-01
7.279945320915430784e-01
7.049570600502192974e-01
6.539214882068336010e-01
6.833409010432660580e-01
6.896009009797126055e-01
6.796098279301077127e-01
6.498994959983974695e-01
5.590100209228694439e-01
6.186111420392990112e-01
4.866780138108879328e-01
5.991702440660446882e-01
6.431257291696965694e-01
6.089206370525062084e-01
5.931511868257075548e-01
6.005516590084880590e-01
5.654797849711030722e-01
5.425240870099514723e-01
4.861669340170919895e-01
5.822114381007850170e-01
6.239898770581930876e-01
6.201294281054288149e-01
5.731637689750641584e-01
5.216120739933103323e-01
6.014619339257478714e-01
5.864250769373029470e-01
6.294283259194344282e-01
5.923493681475520134e-01
6.066198258195072412e-01
6.112416759133338928e-01
5.795734389685094357e-01
5.570357348769903183e-01
5.637922349851578474e-01
5.748787971679121256e-01
5.462268539704382420e-01
6.046897971536964178e-01
4.739563390612602234e-01
5.799852421041578054e-01
5.657611929345875978e-01
4.141371930018067360e-01
5.471539990976452827e-01
5.926534640602767467e-01
6.147925481200218201e-01
6.112021659500896931e-01
6.292246531229466200e-01
5.632650561165064573e-01
6.015215369407087564e-01
6.142427211161702871e-01
6.241025091148912907e-01
6.099747840780764818e-01
6.221898919902741909e-01
5.975809688679873943e-01
6.222346138674765825e-01
4.904705409426242113e-01
5.742643510457128286e-01
5.508331069722771645e-01
6.311112428084015846e-01
5.814676070585846901e-01
5.799879780970513821e-01
6.153807791415601969e-01
4.851679189596325159e-01
5.751078170724213123e-01
5.299188920762389898e-01
5.833661789074540138e-01
6.468552129808813334e-01
6.643867930397391319e-01
6.016269121319055557e-01
6.389171949122101068e-01
7.010885148774832487e-01
5.392325909342616796e-01
5.714094829745590687e-01
4.446276219096034765e-01
4.859372570645064116e-01
4.853975118603557348e-01
3.950127270072698593e-01
5.815615910105407238e-01
5.799819559324532747e-01
6.618002881295979023e-01
6.388459489680826664e-01
6.375498981215059757e-01
5.980663720984011889e-01
4.353453628718852997e-01
5.459383809939026833e-01
4.892645832151174545e-01
5.407657471951097250e-01
6.039062719792127609e-01
3.978300909511744976e-01
4.873666958883404732e-01
5.873616540338844061e-01
6.388493019621819258e-01
4.878972531296312809e-01
5.697100460529327393e-01
6.471604858525097370e-01
5.804958939552307129e-01
4.846375118941068649e-01
5.461917191278189421e-01
5.871181010734289885e-01
6.155671069864183664e-01
4.925365489907562733e-01
6.323380749672651291e-01
6.188182567711919546e-01
4.784671140369027853e-01
4.652329660020768642e-01
4.849183768965303898e-01
4.863292758818715811e-01
6.388559020124375820e-01
5.926570619922131300e-01
5.855825410690158606e-01
6.062907329760491848e-01
4.852708750404417515e-01
6.443884749896824360e-01
6.179033860098570585e-01
6.118245630059391260e-01
5.645286149810999632e-01
5.897839940153062344e-01
6.449847910553216934e-01
4.900914060417562723e-01
5.480007559526711702e-01
6.332400590181350708e-01
4.845440241042524576e-01
5.477897450327873230e-01
5.530731640756130219e-01
5.725742420181632042e-01
6.198837540578097105e-01
6.375844329595565796e-01
6.042101639322936535e-01
5.565658039413392544e-01
5.814921900164335966e-01
6.071774610318243504e-01
6.285999570973217487e-01
6.248277861159294844e-01
4.708224320784211159e-01
5.803297769743949175e-01
6.090797600336372852e-01
4.883962168823927641e-01
4.738922240212559700e-01
5.699339990969747305e-01
4.614601209759712219e-01
6.413868279196321964e-01
5.559478460345417261e-01
5.832128371112048626e-01
6.845385727938264608e-01
4.848208390176296234e-01
5.870438839774578810e-01
5.888374468777328730e-01
4.884222771506756544e-01
4.892382500693202019e-01
5.407345620915293694e-01
4.226074158214032650e-01
6.654834011569619179e-01
5.462113369721919298e-01
5.544301599729806185e-01
5.913744610734283924e-01
5.530616380274295807e-01
4.880607570521533489e-01
5.482161159161478281e-01
5.284577861893922091e-01
5.619899500161409378e-01
5.692545890342444181e-01
4.533520541153848171e-01
4.912245320156216621e-01
4.087307811714708805e-01
5.834112660959362984e-01
4.840313529130071402e-01
4.815699651371687651e-01
5.722560219001024961e-01
4.270253048744052649e-01
5.515122720971703529e-01
4.197873328812420368e-01
4.219879410229623318e-01
5.967474309727549553e-01
4.880449229385703802e-01
4.897112499456852674e-01
5.692926510237157345e-01
5.699597210623323917e-01
5.714245680719614029e-01
4.750991098117083311e-01
6.072489249054342508e-01
4.624823231715708971e-01
4.647378050722181797e-01
6.453301589936017990e-01
4.808103260584175587e-01
5.497117599006742239e-01
4.887880149763077497e-01
5.530845129396766424e-01
5.947096049785614014e-01
6.027628430165350437e-01
6.311880908906459808e-01
6.627856320701539516e-01
4.701282759197056293e-01
4.880268590059131384e-01
5.560396369546651840e-01
6.468955921009182930e-01
4.434160189703106880e-01
4.878312861546874046e-01
3.604248820338398218e-01
4.849797291681170464e-01
4.326856499537825584e-01
5.679940711706876755e-01
6.675143870525062084e-01
5.912679948378354311e-01
5.408561970107257366e-01
5.429653788451105356e-01
4.889805309940129519e-01
4.144931959453970194e-01
4.888010330032557249e-01
4.282010050956159830e-01
6.034675659611821175e-01
5.894157099537551403e-01
4.458376420661807060e-01
4.927021660842001438e-01
3.216494710650295019e-01
4.335082499310374260e-01
6.537253279238939285e-01
5.640929290093481541e-01
4.093185628298670053e-01
4.875685709994286299e-01
4.420411640312522650e-01
5.463168469723314047e-01
4.877547558862715960e-01
5.646924960892647505e-01
4.874780329409986734e-01
6.326698099728673697e-01
5.476874150335788727e-01
4.758040341548621655e-01
5.624111890792846680e-01
4.626662121154367924e-01
4.936813688836991787e-01
5.238779238425195217e-01
5.447341420222073793e-01
4.908952889963984489e-01
4.937048698775470257e-01
5.993491278495639563e-01
4.151272841263562441e-01
4.902533299755305052e-01
4.929214487783610821e-01
6.524541550315916538e-01
5.867765699513256550e-01
6.031895950436592102e-01
4.915488308761268854e-01
6.457093181088566780e-01
5.808064669836312532e-01
4.270788729190826416e-01
6.629644380882382393e-01
5.456944569014012814e-01
5.804063668474555016e-01
4.935834580101072788e-01
3.922282231505960226e-01
4.899941959884017706e-01
6.297801858745515347e-01
6.471860029269009829e-01
4.862158000469207764e-01
4.563695271499454975e-01
6.034031959716230631e-01
5.457362690940499306e-01
6.208932718727737665e-01
4.886096189729869366e-01
5.671500461176037788e-01
5.895365709438920021e-01
4.232061807997524738e-01
5.745518899057060480e-01
5.756780810188502073e-01
4.847731059417128563e-01
4.873620939906686544e-01
4.881619869265705347e-01
3.894199109636247158e-01
5.536566700320690870e-01
4.396363981068134308e-01
5.653373899403959513e-01
3.780331411398947239e-01
4.917230138089507818e-01
3.995917479041963816e-01
4.888134619686752558e-01
5.434608249925076962e-01
4.616523541044443846e-01
4.341837188694626093e-01
4.554049591533839703e-01
3.517634179443120956e-01
4.895014239009469748e-01
4.163255861494690180e-01
4.850390029605478048e-01
5.727542880922555923e-01
4.918147849384695292e-01
6.009558509103953838e-01
4.893189589492976665e-01
5.940740699879825115e-01
5.755499079823493958e-01
6.550666259136050940e-01
3.983943320345133543e-01
5.332456289324909449e-01
4.197391199413686991e-01
4.195543678943067789e-01
4.903295398689806461e-01
4.156644609756767750e-01
4.686958449892699718e-01
4.864494670182466507e-01
5.448958179913461208e-01
5.566282731015235186e-01
5.547224739566445351e-01
6.190561030525714159e-01
6.684112201910465956e-01
4.253842490725219250e-01
5.538708509411662817e-01
5.503795079421252012e-01
4.190431230235844851e-01
3.982550071086734533e-01
6.025804120581597090e-01
5.684091281145811081e-01
4.383188239298760891e-01
5.491603151895105839e-01
4.399015328381210566e-01
4.894695680122822523e-01
5.471053309738636017e-01
4.471793398261070251e-01
5.839993220288306475e-01
4.366886061616241932e-01
4.910269461106508970e-01
4.457542540039867163e-01
4.868656550534069538e-01
4.445989590603858232e-01
5.854462860152125359e-01
5.986727948766201735e-01
4.059297458734363317e-01
4.668159598950296640e-01
5.921523100696504116e-01
6.901818709447979927e-01
4.907521579880267382e-01
5.459556451532989740e-01
4.881945750676095486e-01
6.282290611416101456e-01
5.823062171693891287e-01
6.199843280483037233e-01
6.217001299373805523e-01
4.179144429508596659e-01
6.303951118607074022e-01
5.332420219201594591e-01
4.282582830637693405e-01
6.082013898994773626e-01
6.013790708966553211e-01
4.891845379024744034e-01
5.639579780399799347e-01
5.465090749785304070e-01
4.900995260104537010e-01
6.412475251127034426e-01
4.865186600945889950e-01
4.254636401310563087e-01
4.889473048970103264e-01
4.891044881660491228e-01
5.744594668503850698e-01
3.865352838765829802e-01
4.468647469766438007e-01
4.068454429507255554e-01
4.858863682020455599e-01
5.616145702078938484e-01
4.373171131592243910e-01
4.723797729238867760e-01
4.623363979626446962e-01
4.860955560579895973e-01
5.514656798914074898e-01
6.389234219677746296e-01
4.810070910025388002e-01
5.799906859174370766e-01
4.878901029005646706e-01
4.883626750670373440e-01
5.429210620932281017e-01
4.325484449509531260e-01
4.050039299763739109e-01
4.927542139776051044e-01
6.187650349456816912e-01
4.851722239982336760e-01
4.887139739003032446e-01
6.372558588627725840e-01
5.506100819911807775e-01
3.588462269399315119e-01
5.535323971416801214e-01
4.885127590969204903e-01
5.525667229667305946e-01
5.816621491685509682e-01
4.536546079907566309e-01
6.008749469183385372e-01
3.947179969400167465e-01
5.914130040910094976e-01
4.536887949798256159e-01
5.828152189496904612e-01
6.108884820714592934e-01
4.747834701556712389e-01
5.647814178373664618e-01
5.420100009068846703e-01
4.818618430290371180e-01
5.994630849454551935e-01
4.342893399298191071e-01
4.885922439862042665e-01
4.866425269283354282e-01
5.735864399466663599e-01
4.859453120734542608e-01
6.006052568554878235e-01
6.314614929724484682e-01
4.824371910654008389e-01
4.846148788928985596e-01
4.812673779670149088e-01
4.446343360468745232e-01
4.878596318885684013e-01
5.589833888225257397e-01
4.862957408186048269e-01
5.999608570709824562e-01
5.320028669666498899e-01
4.035579301416873932e-01
4.866593768820166588e-01
6.182260029017925262e-01
3.971433960832655430e-01
6.109080130700021982e-01
4.336250859778374434e-01
5.704851411283016205e-01
4.453264318872243166e-01
5.718180539552122355e-01
6.682357210665941238e-01
4.913347689434885979e-01
5.941150099970400333e-01
4.861441690009087324e-01
4.881597370840609074e-01
4.944600928574800491e-01
4.882716569118201733e-01
5.873083949554711580e-01
3.325680040288716555e-01
5.613175369799137115e-01
4.894823310896754265e-01
5.818171137943863869e-01
6.016669969540089369e-01
4.353270099963992834e-01
4.848828308749943972e-01
4.811129921581596136e-01
5.676404668483883142e-01
6.373906359076499939e-01
5.577936540357768536e-01
4.847984760999679565e-01
4.858195250853896141e-01
4.759399890899658203e-01
4.882390680722892284e-01
5.734319868497550488e-01
4.644196350127458572e-01
4.899276499636471272e-01
4.617608787957578897e-01
5.602482529357075691e-01
4.861533790826797485e-01
4.047133331187069416e-01
4.673869879916310310e-01
4.456722240429371595e-01
5.994938681833446026e-01
4.870256369467824697e-01
5.994366749655455351e-01
4.062524521723389626e-01
5.551505009643733501e-01
5.913253410253673792e-01
5.779587300494313240e-01
6.009124680422246456e-01
5.642609009519219398e-01
5.252269159536808729e-01
4.871534560807049274e-01
5.704784728586673737e-01
4.827863289974629879e-01
5.511913411319255829e-01
5.702084458898752928e-01
5.555745118763297796e-01
5.966686219908297062e-01
5.703958529047667980e-01
4.758615479804575443e-01
5.929333341773599386e-01
4.919597019907087088e-01
6.254841929767280817e-01
5.996910640969872475e-01
5.727320630103349686e-01
4.665473150089383125e-01
5.604305579327046871e-01
4.881381629966199398e-01
4.883284738752990961e-01
5.462929010391235352e-01
4.897914440371096134e-01
5.983583210036158562e-01
5.648699819575995207e-01
5.748438700102269650e-01
4.915039639454334974e-01
4.735705230850726366e-01
5.442333249375224113e-01
5.754705630242824554e-01
4.725049489643424749e-01
4.636543849483132362e-01
4.707244790624827147e-01
5.282961949706077576e-01
5.912408861331641674e-01
5.925086219795048237e-01
5.882150670513510704e-01
5.926951779983937740e-01
4.657594379968941212e-01
4.910403490066528320e-01
6.204093769192695618e-01
4.488225178793072701e-01
4.086014940403401852e-01
3.706093649379909039e-01
5.556543620768934488e-01
4.750162661075592041e-01
4.761537450831383467e-01
5.455062519758939743e-01
4.811866320669651031e-01
4.881371459923684597e-01
4.066887549124658108e-01
5.555840600281953812e-01
4.866347860079258680e-01
5.685121039859950542e-01
5.351707669906318188e-01
5.630373288877308369e-01
4.430627368856221437e-01
5.500064031220972538e-01
4.349882139358669519e-01
5.877779291477054358e-01
5.822363460902124643e-01
4.733150589745491743e-01
4.875818458385765553e-01
4.865876319818198681e-01
5.607058219611644745e-01
4.887172640301287174e-01
6.026297498028725386e-01
4.639534999150782824e-01
6.003680271096527576e-01
4.904552879743278027e-01
5.713337070774286985e-01
6.401668579783290625e-01
5.457996369805186987e-01
6.005864711478352547e-01
4.866562099196016788e-01
5.920598751399666071e-01
5.655493650119751692e-01
4.886194670107215643e-01
4.337491679470986128e-01
6.412438270635902882e-01
5.647290989290922880e-01
4.477072209119796753e-01
4.152887428645044565e-01
4.718175630550831556e-01
4.236354869790375233e-01
5.999325867742300034e-01
4.906240459531545639e-01
5.828229989856481552e-01
5.532641459722071886e-01
4.907572728116065264e-01
4.375492199324071407e-01
4.908587338868528605e-01
4.887624138500541449e-01
5.554101970046758652e-01
6.015129119623452425e-01
4.887837860733270645e-01
5.564708309248089790e-01
4.888933771289885044e-01
5.806863070465624332e-01
6.028423530515283346e-01
5.806545407976955175e-01
5.806919708847999573e-01
5.491729008499532938e-01
4.390593220014125109e-01
5.630916198715567589e-01
4.739030022174119949e-01
3.513845789711922407e-01
6.418025230523198843e-01
5.450963561888784170e-01
4.683318219613283873e-01
4.252352190669625998e-01
5.539224869571626186e-01
6.135360030457377434e-01
5.836605380754917860e-01
4.342241629492491484e-01
4.585425220429897308e-01
6.030495641753077507e-01
5.459958910942077637e-01
4.872244000434875488e-01
5.873529359232634306e-01
6.094838918652385473e-01
4.450939940288662910e-01
5.785798551514744759e-01
5.639326530508697033e-01
6.012930239085108042e-01
5.536016998812556267e-01
5.642333629075437784e-01
4.375484669581055641e-01
5.655558989383280277e-01
4.354351270012557507e-01
4.567431970499455929e-01
5.472696400247514248e-01
4.097479260526597500e-01
5.649662388022989035e-01
6.034497660584747791e-01
5.429573329165577888e-01
5.622912819962948561e-01
6.515418579801917076e-01
4.866845568176358938e-01
3.957014961633831263e-01
4.929726959671825171e-01
5.467845899984240532e-01
4.874366289004683495e-01
4.845101691316813231e-01
4.171100920066237450e-01
4.750000301282852888e-01
4.936890769749879837e-01
4.467660000082105398e-01
5.439187709707766771e-01
4.892279598861932755e-01
4.886584291234612465e-01
4.866200489923357964e-01
4.641850059852004051e-01
5.723199930507689714e-01
5.510455840267241001e-01
6.484805860091000795e-01
5.440114750526845455e-01
5.669472471345216036e-01
4.856969511602073908e-01
5.373762641102075577e-01
5.654820771887898445e-01
4.271096449811011553e-01
4.459226340986788273e-01
5.630981959402561188e-01
5.741780099924653769e-01
4.888315589632838964e-01
4.737906369846314192e-01
4.823791941162198782e-01
4.899184298701584339e-01
4.860332601238042116e-01
4.863131998572498560e-01
5.740089458413422108e-01
3.771611722186207771e-01
5.446305130608379841e-01
5.820707899983972311e-01
4.891585318837314844e-01
5.714102038182318211e-01
4.836423119995743036e-01
5.747609389945864677e-01
5.805093059316277504e-01
5.463873120024800301e-01
6.031066339928656816e-01
4.855876748915761709e-01
4.831496721599251032e-01
4.761422891169786453e-01
4.891100239474326372e-01
6.110347930807620287e-01
4.555771299637854099e-01
4.842302000615745783e-01
6.034183599986135960e-01
6.013285929802805185e-01
4.736922890879213810e-01
4.558242291677743196e-01
5.844222700688987970e-01
5.829997030086815357e-01
4.923031271900981665e-01
4.882210569921880960e-01
6.469999658875167370e-01
5.474528018385171890e-01
5.743450841400772333e-01
5.645779869519174099e-01
5.902253249660134315e-01
6.037129650358110666e-01
5.932123351376503706e-01
5.949600129388272762e-01
5.665570839773863554e-01
4.762499060016125441e-01
4.901735880412161350e-01
4.871257608756422997e-01
5.923267810139805079e-01
5.599325518123805523e-01
4.881313070654869080e-01
4.117898051626980305e-01
4.909076460171490908e-01
4.894984229467809200e-01
4.886422839481383562e-01
5.649421010166406631e-01
4.896307908929884434e-01
4.374118009582161903e-01
4.371256120502948761e-01
4.274188920389860868e-01
4.194847501348704100e-01
5.927718339953571558e-01
5.448434690479189157e-01
5.712264499161392450e-01
4.860028759576380253e-01
4.459213530644774437e-01
6.135282278992235661e-01
4.889483309816569090e-01
4.900696577969938517e-01
4.723008710425347090e-01
5.699707919266074896e-01
4.856265818234533072e-01
5.900996350683271885e-01
4.828241490758955479e-01
6.544575961306691170e-01
5.501948429737240076e-01
4.852878828532993793e-01
4.888139199465513229e-01
4.870676901191473007e-01
5.521994070149958134e-01
5.530981339979916811e-01
5.279651989694684744e-01
5.700880829244852066e-01
4.902045379858464003e-01
6.596418980043381453e-01
5.707108261995017529e-01
5.793219900224357843e-01
5.820403089746832848e-01
5.651739940512925386e-01
5.936631229706108570e-01
6.335453579667955637e-01
4.278831782285124063e-01
4.891171881463378668e-01
6.194596271961927414e-01
5.780130820348858833e-01
6.092640750575810671e-01
3.896556082181632519e-01
6.217388040386140347e-01
5.729271620512008667e-01
6.087434401270002127e-01
4.880178719758987427e-01
4.887723319698125124e-01
5.551809640601277351e-01
4.454655800946056843e-01
4.284103570971637964e-01
3.971156890038400888e-01
4.586776129435747862e-01
4.455954339355230331e-01
4.900788310915231705e-01
5.727707559708505869e-01
4.283351008780300617e-01
4.914552159607410431e-01
4.887565788812935352e-01
5.843740068376064301e-01
5.454834219999611378e-01
6.278148849960416555e-01
4.344190519768744707e-01
4.822087469510734081e-01
4.253157039638608694e-01
4.467078701127320528e-01
4.393191619310528040e-01
6.007793289609253407e-01
4.881141500081866980e-01
4.270106658805161715e-01
4.562535809818655252e-01
5.473379211034625769e-01
6.108394579496234655e-01
6.678637200966477394e-01
3.792361691594123840e-01
4.883029889315366745e-01
4.502989400643855333e-01
4.896121690981090069e-01
4.435995758976787329e-01
4.861417780630290508e-01
5.823267020750790834e-01
4.908500330056995153e-01
5.523555988911539316e-01
5.327703179791569710e-01
5.544985148590058088e-01
3.793214319739490747e-01
6.130681361537426710e-01
5.808064190205186605e-01
4.878920931369066238e-01
4.482101460453122854e-01
4.439243318047374487e-01
4.370094931218773127e-01
6.129099850077182055e-01
5.542252920567989349e-01
4.467138110194355249e-01
4.930544379167258739e-01
4.843991999514400959e-01
6.301390200387686491e-01
4.875204009003937244e-01
5.544981390703469515e-01
5.360882380045950413e-01
4.907948279287666082e-01
5.461581118870526552e-01
4.039171461481601000e-01
4.358381358906626701e-01
4.902862037997692823e-01
4.894426381215453148e-01
5.495026430580765009e-01
5.848456018138676882e-01
5.527526880614459515e-01
6.314588319510221481e-01
4.265839559957385063e-01
5.831337750423699617e-01
4.878605359699577093e-01
5.586546431295573711e-01
5.925269501749426126e-01
5.742626080755144358e-01
3.497789809480309486e-01
6.567191421054303646e-01
4.880637098103761673e-01
4.483715239912271500e-01
4.655625650193542242e-01
5.965315978974103928e-01
4.844728850293904543e-01
5.750264839734882116e-01
4.843428740277886391e-01
4.374711620621383190e-01
5.927985839080065489e-01
5.741889860946685076e-01
6.773694239091128111e-01
4.449274770449846983e-01
5.614470259752124548e-01
5.946694100275635719e-01
4.526550672017037868e-01
6.080064640846103430e-01
4.079395239241421223e-01
6.105454887729138136e-01
5.656221669632941484e-01
5.922852258663624525e-01
4.889564341865479946e-01
5.716194340493530035e-01
5.878627679776400328e-01
3.798513188958168030e-01
6.015635160729289055e-01
4.891044059768319130e-01
4.879123240243643522e-01
5.958458269014954567e-01
5.479535609483718872e-01
4.873896699864417315e-01
4.879434248432517052e-01
4.586523638572543859e-01
4.648713050410151482e-01
4.837675329763442278e-01
5.452423889655619860e-01
4.827754788566380739e-01
4.010222060605883598e-01
5.526851641479879618e-01
6.211296699475497007e-01
5.758320621680468321e-01
4.178765460383147001e-01
5.451513088773936033e-01
3.488188590854406357e-01
5.750668379478156567e-01
6.250959499739110470e-01
5.787419639527797699e-01
4.843652369454503059e-01
5.724788070656359196e-01
4.889759749639779329e-01
4.554861180949956179e-01
4.912656499072909355e-01
5.558580278884619474e-01
4.878765658941119909e-01
6.308519241865724325e-01
4.881771081127226353e-01
5.764100849628448486e-01
4.865302219986915588e-01
5.456940429285168648e-01
5.783574378583580256e-01
4.896381550934165716e-01
4.904072119388729334e-01
4.898030480835586786e-01
5.474946929607540369e-01
5.875604411121457815e-01
5.935000679455697536e-01
4.451151289977133274e-01
6.511880930047482252e-01
4.914417848922312260e-01
3.913763088639825583e-01
4.934922780375927687e-01
5.751512160059064627e-01
4.862750798929482698e-01
5.434957160614430904e-01
5.830498829018324614e-01
4.878384389448910952e-01
6.039189400617033243e-01
5.447256041225045919e-01
4.924245008733123541e-01
4.914608660619705915e-01
3.887317350599914789e-01
4.060540699865669012e-01
4.905364389996975660e-01
4.916888081934303045e-01
5.478477820288389921e-01
4.886521780863404274e-01
4.276425540447235107e-01
5.720183849334716797e-01
5.717218748759478331e-01
5.450372870545834303e-01
5.698676910251379013e-01
5.741822170093655586e-01
5.704988648649305105e-01
4.378786219749599695e-01
5.670288340188562870e-01
4.891140270046889782e-01
4.583236319012939930e-01
4.168356929440051317e-01
5.440583608578890562e-01
4.870492829941213131e-01
4.878308968618512154e-01
5.787897279951721430e-01
4.878471200354397297e-01
4.794429000467061996e-01
5.627053549978882074e-01
5.827808459289371967e-01
4.110833550803363323e-01
5.835763930808752775e-01
4.448385850992053747e-01
4.488259430509060621e-01
4.900537868961691856e-01
4.887134721502661705e-01
3.952108169905841351e-01
5.675436379387974739e-01
4.950215730350464582e-01
4.941165840718895197e-01
6.025116010569036007e-01
5.545554799027740955e-01
5.475787059403955936e-01
4.598136618733406067e-01
4.905945870559662580e-01
4.821933598723262548e-01
5.815677549690008163e-01
6.136976911220699549e-01
4.648490319959819317e-01
4.876371559221297503e-01
4.899717918597161770e-01
5.863863599952310324e-01
4.285712670534849167e-01
5.611672080121934414e-01
5.758643809240311384e-01
4.014984630048274994e-01
4.919311329722404480e-01
4.399012129288166761e-01
5.440472019836306572e-01
4.550676590297371149e-01
5.242294750642031431e-01
4.183165030553936958e-01
4.894885909743607044e-01
4.848341820761561394e-01
5.853968928568065166e-01
4.663603089284151793e-01
4.087566919624805450e-01
6.123750328551977873e-01
5.676738619804382324e-01
4.088679058477282524e-01
5.661744959652423859e-01
4.890212910249829292e-01
5.463734730146825314e-01
5.767414269503206015e-01
4.901953751686960459e-01
4.356902779545634985e-01
4.340609530918300152e-01
4.069817049894481897e-01
5.531693520024418831e-01
4.899517400190234184e-01
4.454857548698782921e-01
5.717850530054420233e-01
5.762024859432131052e-01
5.751034400891512632e-01
4.895407329313457012e-01
4.832923819776624441e-01
5.631795248482376337e-01
4.929568739607930183e-01
5.831347950734198093e-01
6.190086549613624811e-01
6.033648420125246048e-01
4.912289718631654978e-01
4.860601569525897503e-01
3.866672159638255835e-01
5.724144601263105869e-01
5.954752799589186907e-01
4.815226548817008734e-01
4.869291048962622881e-01
6.073629430029541254e-01
4.916828691493719816e-01
5.825964598916471004e-01
4.624236510135233402e-01
5.490857940167188644e-01
5.833261068910360336e-01
5.662813980598002672e-01
5.426687521394342184e-01
5.476374449208378792e-01
5.812028099317103624e-01
5.721194050274789333e-01
5.854772948659956455e-01
5.563697288744151592e-01
4.475691609550267458e-01
4.883815990760922432e-01
4.923737938515841961e-01
5.861883950419723988e-01
4.281516189221292734e-01
5.579293312039226294e-01
6.120693162083625793e-01
4.868271369487047195e-01
5.453806209843605757e-01
4.303825600072741508e-01
4.883845299482345581e-01
4.866715718526393175e-01
3.617682610638439655e-01
4.063289710320532322e-01
5.708826880436390638e-01
5.755521790124475956e-01
4.483676180243492126e-01
6.101016111206263304e-01
4.890180088113993406e-01
6.015118451323360205e-01
5.537316640838980675e-01
4.357309627812355757e-01
5.636434198822826147e-01
5.760087450034916401e-01
4.177865749225020409e-01
4.876031491439789534e-01
4.078198981005698442e-01
4.065525061450898647e-01
4.900188769679516554e-01
5.483796109911054373e-01
4.898360809311270714e-01
5.631358821410685778e-01
6.606695430818945169e-01
4.893519580364227295e-01
4.946853930596262217e-01
5.555290170013904572e-01
5.693952888250350952e-01
5.453366900328546762e-01
4.929674691520631313e-01
5.724791679531335831e-01
6.141068020369857550e-01
5.467467978596687317e-01
6.112875801045447588e-01
5.261153259780257940e-01
5.921057350933551788e-01
4.283503668848425150e-01
5.395363869611173868e-01
4.864985560998320580e-01
4.929492180235683918e-01
4.881739860866218805e-01
6.033574508037418127e-01
4.651681010145694017e-01
4.261458038818091154e-01
5.567003299947828054e-01
5.865118319634348154e-01
5.709076921921223402e-01
4.084524270147085190e-01
4.167694111820310354e-01
5.612274259328842163e-01
5.432798101101070642e-01
5.530163901858031750e-01
4.865398260299116373e-01
4.696613871492445469e-01
4.907096039969474077e-01
5.562767479568719864e-01
3.876787289045751095e-01
4.626088908407837152e-01
4.893293860368430614e-01
4.889020188711583614e-01
4.430390479974448681e-01
5.442218759562820196e-01
5.735824708826839924e-01
5.763643709942698479e-01
5.918880510143935680e-01
4.888398749753832817e-01
4.948058940935879946e-01
6.210462599992752075e-01
5.493052310775965452e-01
5.606556960847228765e-01
5.931546539068222046e-01
4.147353619337081909e-01
4.896220900118350983e-01
5.710254691075533628e-01
5.830488130450248718e-01
4.487991710193455219e-01
4.207535518798977137e-01
4.891930541489273310e-01
5.655830160249024630e-01
4.821211351081728935e-01
4.307700621429830790e-01
6.269277250394225121e-01
5.525319911539554596e-01
5.646145469509065151e-01
4.900997821241617203e-01
4.951742789708077908e-01
5.473924870602786541e-01
5.997298120055347681e-01
4.564724729862064123e-01
4.805422450881451368e-01
4.240304681006819010e-01
4.605942249763756990e-01
5.752619518898427486e-01
5.564728649333119392e-01
5.506137788761407137e-01
5.476372630801051855e-01
4.936112689319998026e-01
4.971182860899716616e-01
5.791878548916429281e-01
4.082287300843745470e-01
5.478826810140162706e-01
4.903684000018984079e-01
4.956768599804490805e-01
4.845317809376865625e-01
4.896663660183548927e-01
4.353307231795042753e-01
4.422558711376041174e-01
4.280966811347752810e-01
6.034775560256093740e-01
5.932375758420675993e-01
5.485933830495923758e-01
5.461192519869655371e-01
4.865013400558382273e-01
4.876494370400905609e-01
4.579167440533638000e-01
4.384698579087853432e-01
4.458342858124524355e-01
5.539587030652910471e-01
5.656788048800081015e-01
5.480310360435396433e-01
4.865919852163642645e-01
4.280434900429099798e-01
4.919171310029923916e-01
4.884646870195865631e-01
5.545290547888725996e-01
4.439372641500085592e-01
4.918964188545942307e-01
4.926767619326710701e-01
4.889740929938852787e-01
4.868084171321243048e-01
4.746897029690444469e-01
4.857767228968441486e-01
4.089338581543415785e-01
5.727653661742806435e-01
3.913831920363008976e-01
4.897900619544088840e-01
5.630403810646384954e-01
4.535869110841304064e-01
4.065765030682086945e-01
4.914663501549512148e-01
4.046534870285540819e-01
4.876356441527605057e-01
5.987803221214562654e-01
4.471394130960106850e-01
5.649995980784296989e-01
4.071021110285073519e-01
5.740435649640858173e-01
5.455778818577528000e-01
4.571343411225825548e-01
4.893746220041066408e-01
5.661305170506238937e-01
4.967135661281645298e-01
5.719137699343264103e-01
5.469353080261498690e-01
6.044727980624884367e-01
4.883550789672881365e-01
4.724760551471263170e-01
5.570233811158686876e-01
4.916520700789988041e-01
4.881327601615339518e-01
5.725647897925227880e-01
4.642103959340602160e-01
3.805057250428944826e-01
5.860015400685369968e-01
4.307053750380873680e-01
5.483070358168333769e-01
4.180643819272518158e-01
4.888997711241245270e-01
4.831807408481836319e-01
5.842615189030766487e-01
4.891539069358259439e-01
4.865341130644083023e-01
4.933630370069295168e-01
6.027762540616095066e-01
4.869608809240162373e-01
3.997861479874700308e-01
4.850777420215308666e-01
4.913197110872715712e-01
4.557842568028718233e-01
5.378445151727646589e-01
3.968155579641461372e-01
4.443719971459358931e-01
5.406449818983674049e-01
5.817511258646845818e-01
5.666769498493522406e-01
6.045994721353054047e-01
5.769198271445930004e-01
4.424543739296495914e-01
5.897314150352030993e-01
5.648246440105140209e-01
3.682278951164335012e-01
5.906727339606732130e-01
5.558288788888603449e-01
3.912655350286513567e-01
4.661960611119866371e-01
4.687729550059884787e-01
3.721945679280906916e-01
4.682733151130378246e-01
5.603379381354898214e-01
4.669109631795436144e-01
4.347400669939815998e-01
5.584166541229933500e-01
6.067847679369151592e-01
4.884257570374757051e-01
3.719439399428665638e-01
4.913544140290468931e-01
6.171683489810675383e-01
6.165822111070156097e-01
5.800516100134700537e-01
6.314168020617216825e-01
4.908782809507101774e-01
5.755377768073230982e-01
5.531875309534370899e-01
5.814319059718400240e-01
5.757063149940222502e-01
5.722290179692208767e-01
5.556605961173772812e-01
4.269645039457827806e-01
4.947262138593941927e-01
4.923936259001493454e-01
4.902418060228228569e-01
3.809013159479945898e-01
5.356357109267264605e-01
4.909610478207468987e-01
5.564831930678337812e-01
4.768673130311071873e-01
4.819205480162054300e-01
4.932594290003180504e-01
5.624469551257789135e-01
4.828673989977687597e-01
4.384798510000109673e-01
6.798311739694327116e-01
4.873412749730050564e-01
5.719260820187628269e-01
4.743194440379738808e-01
4.300991320051252842e-01
4.893041569739580154e-01
6.022221979219466448e-01
6.043313161935657263e-01
5.597977731376886368e-01
4.563171658664941788e-01
4.844650600571185350e-01
5.626976629719138145e-01
4.906081377994269133e-01
3.919265898875892162e-01
5.771191138774156570e-01
4.580692481249570847e-01
5.476028129924088717e-01
4.970079699996858835e-01
4.885052780155092478e-01
5.685431580059230328e-01
4.908561750780791044e-01
5.882186458911746740e-01
4.874261219520121813e-01
4.893733200151473284e-01
4.535838509909808636e-01
6.139438510872423649e-01
5.939710070379078388e-01
5.740208129864186049e-01
4.681848750915378332e-01
3.817317921202629805e-01
5.477912598289549351e-01
4.400642770342528820e-01
5.615432509221136570e-01
5.855524570215493441e-01
4.215205318760126829e-01
5.804010620340704918e-01
5.907921479083597660e-01
4.895779830403625965e-01
4.959844171535223722e-01
4.853520840406417847e-01
5.600595700088888407e-01
4.915951031725853682e-01
5.890151029452681541e-01
5.443546168971806765e-01
6.189106390811502934e-01
4.891560541000217199e-01
5.947207359131425619e-01
4.854117538779973984e-01
4.876316261943429708e-01
5.852396290283650160e-01
5.536047990899533033e-01
5.412074089981615543e-01
5.668690330348908901e-01
4.880522529128938913e-01
4.811004609800875187e-01
5.963766481727361679e-01
6.026436348911374807e-01
4.923427710309624672e-01
4.754964730236679316e-01
5.397712269332259893e-01
5.705925570800900459e-01
5.645142379216849804e-01
4.879284980706870556e-01
5.819758980069309473e-01
4.873900760430842638e-01
5.486319700721651316e-01
4.925677641294896603e-01
4.954352590721100569e-01
4.843129110522568226e-01
5.620003328658640385e-01
6.251243120059370995e-01
5.459896591491997242e-01
4.821145229507237673e-01
5.769012710079550743e-01
4.915056128520518541e-01
5.698840708937495947e-01
5.833542069885879755e-01
4.870223321486264467e-01
4.272439200431108475e-01
5.458764389622956514e-01
4.863885389640927315e-01
4.070397738832980394e-01
5.487262529786676168e-01
4.750338580925017595e-01
4.902007291093468666e-01
4.877765069250017405e-01
6.105874550994485617e-01
4.951074919663369656e-01
4.889312940649688244e-01
4.856394119560718536e-01
4.905259911902248859e-01
6.084521319717168808e-01
4.688358639832586050e-01
4.444296499714255333e-01
5.969229210168123245e-01
3.975084910634905100e-01
5.777363288216292858e-01
4.712700259406119585e-01
4.920140209142118692e-01
4.873487900476902723e-01
5.829028598964214325e-01
4.590394429396837950e-01
5.902123220730572939e-01
4.943233879748731852e-01
4.114205029327422380e-01
5.790572548285126686e-01
5.662672640755772591e-01
4.095045011490583420e-01
5.636531480122357607e-01
6.245937021449208260e-01
4.952459100168198347e-01
4.930329320486634970e-01
5.445720399729907513e-01
5.831073098815977573e-01
4.928148919716477394e-01
5.742089617997407913e-01
5.350911889690905809e-01
5.388337578624486923e-01
5.491920278873294592e-01
5.456587171647697687e-01
6.002068449743092060e-01
4.941917650867253542e-01
5.560733771417289972e-01
5.854374899063259363e-01
4.811222031712532043e-01
5.974093279801309109e-01
5.662667071446776390e-01
3.994065730366855860e-01
6.050053241197019815e-01
5.677126729860901833e-01
4.649191549979150295e-01
4.272327679209411144e-01
4.157495368272066116e-01
5.905454398598521948e-01
6.099801890086382627e-01
4.354409540537744761e-01
5.890209809876978397e-01
4.802456910256296396e-01
4.879706061910837889e-01
5.637921639718115330e-01
4.889314121101051569e-01
5.429248251020908356e-01
4.893943059723824263e-01
4.325682099442929029e-01
4.860792770050466061e-01
5.617570269387215376e-01
5.438559909816831350e-01
6.001822999678552151e-01
4.873231980018317699e-01
4.896937708836048841e-01
5.842498589772731066e-01
4.881358020938932896e-01
5.640164818614721298e-01
4.719147959258407354e-01
6.099874461069703102e-01
4.515794301405549049e-01
5.799543329048901796e-01
5.727121529635041952e-01
4.842167890165001154e-01
3.952235481701791286e-01
5.601570010185241699e-01
5.731285240035504103e-01
4.841168620623648167e-01
5.467843830119818449e-01
5.570570609997957945e-01
4.859176259487867355e-01
4.441886229906231165e-01
5.764455068856477737e-01
6.002287899609655142e-01
4.603129059541970491e-01
5.392468071077018976e-01
5.797447089571505785e-01
6.184686978813260794e-01
5.699362850282341242e-01
5.713376009371131659e-01
3.982581058517098427e-01
5.838676642160862684e-01
5.493568109814077616e-01
4.851859339978545904e-01
5.724899529013782740e-01
5.652920969296246767e-01
3.894957029260694981e-01
4.850341400597244501e-01
5.438510058447718620e-01
5.995132189709693193e-01
4.865301290992647409e-01
5.847830749116837978e-01
4.809054080396890640e-01
6.092653360683470964e-01
4.433198680635541677e-01
4.888615040108561516e-01
4.930576370097696781e-01
5.419591050595045090e-01
4.791782640386372805e-01
4.896318598184734583e-01
4.840517959091812372e-01
5.931068060453981161e-01
5.459713509771972895e-01
5.843005108181387186e-01
5.302738461177796125e-01
4.903432670980691910e-01
5.664227418601512909e-01
4.866418109741061926e-01
5.686530959792435169e-01
5.609267000108957291e-01
6.001782331150025129e-01
5.809248720761388540e-01
4.524100790731608868e-01
4.872426688671112061e-01
5.769254451151937246e-01
5.488733360543847084e-01
4.910902478732168674e-01
4.851652460638433695e-01
4.122307552024722099e-01
4.785568180959671736e-01
5.449274010024964809e-01
4.821337729226797819e-01
6.021139998920261860e-01
5.968521339818835258e-01
6.050585880875587463e-01
5.507557061500847340e-01
4.260289059020578861e-01
5.668033161200582981e-01
4.472701768390834332e-01
4.888858178164809942e-01
5.720239661168307066e-01
5.913621271029114723e-01
5.679668309167027473e-01
3.687242649029940367e-01
4.813649770803749561e-01
4.904850679449737072e-01
4.255714630708098412e-01
4.877862371504306793e-01
3.871311519760638475e-01
4.042071709409356117e-01
5.694904411211609840e-01
4.547477960586547852e-01
4.823846069630235434e-01
4.873222059104591608e-01
5.789329861290752888e-01
4.612704180181026459e-01
4.546065370086580515e-01
4.824182100128382444e-01
5.921404790133237839e-01
5.389377560932189226e-01
5.727095520123839378e-01
6.407232400961220264e-01
4.850561739876866341e-01
4.867593410890549421e-01
4.881806599441915751e-01
4.684554499108344316e-01
4.515493789222091436e-01
4.704327348154038191e-01
4.797250349074602127e-01
4.490731540136039257e-01
5.989765850827097893e-01
4.855522569268941879e-01
4.812109349295496941e-01
4.862718400545418262e-01
4.881888530217111111e-01
4.872160169761627913e-01
5.696432332042604685e-01
4.843870769254863262e-01
4.232992730103433132e-01
6.168303589802235365e-01
4.650674159638583660e-01
6.567709529772400856e-01
4.853010028600692749e-01
4.816193990409374237e-01
4.626382279675453901e-01
5.737385500688105822e-01
4.299530831631273031e-01
4.815601869486272335e-01
6.181475899647921324e-01
4.278236641548573971e-01
4.910725778900086880e-01
5.442671638447791338e-01
5.894545940682291985e-01
4.801993479486554861e-01
6.498749961610883474e-01
4.864145710598677397e-01
5.351415958721190691e-01
4.880644688382744789e-01
4.198843447957187891e-01
6.316279980819672346e-01
4.623582491185516119e-01
4.869841560721397400e-01
5.874278871342539787e-01
4.873769308906048536e-01
4.720550051424652338e-01
4.819711809977889061e-01
4.860037511680275202e-01
4.886496597900986671e-01
4.139360568951815367e-01
5.855366389732807875e-01
4.868588219396770000e-01
4.883023661095649004e-01
4.886601709295064211e-01
5.603972941171377897e-01
4.927691540215164423e-01
6.099201610777527094e-01
4.892346591223031282e-01
4.375419509597122669e-01
5.795876178890466690e-01
5.532935019582509995e-01
3.956294299568980932e-01
4.851977550424635410e-01
4.512140690349042416e-01
4.617955388966947794e-01
5.736797610297799110e-01
4.858683089260011911e-01
5.508272878360003233e-01
5.838025589473545551e-01
5.180987869389355183e-01
4.739400630351155996e-01
4.835913400165736675e-01
6.001156901475042105e-01
5.546653459314256907e-01
4.570292341522872448e-01
4.875243681017309427e-01
4.637540848925709724e-01
4.937796429730951786e-01
5.485037278849631548e-01
4.891902978997677565e-01
5.438486589118838310e-01
4.820917311590164900e-01
5.384392139967530966e-01
5.487316211219877005e-01
5.833675509784370661e-01
5.831210659816861153e-01
6.151012261398136616e-01
4.295473399106413126e-01
4.810116020962595940e-01
4.877531928941607475e-01
4.730675460305064917e-01
4.442201720084995031e-01
5.489740078337490559e-01
6.158927078358829021e-01
4.147168528288602829e-01
5.347704580053687096e-01
4.914122740738093853e-01
5.847741591278463602e-01
5.825160429812967777e-01
5.525384908542037010e-01
5.419834710191935301e-01
4.860614400822669268e-01
4.283544840291142464e-01
5.437569080386310816e-01
6.003573630005121231e-01
4.039736089762300253e-01
5.680834199301898479e-01
5.604627660941332579e-01
4.965812880545854568e-01
4.168948149308562279e-01
5.575961230788379908e-01
5.683436009567230940e-01
3.865601350553333759e-01
4.880596140865236521e-01
3.784392820671200752e-01
4.432036990765482187e-01
4.520601120311766863e-01
4.872848759405314922e-01
5.504793049767613411e-01
5.488148459699004889e-01
4.653617499861866236e-01
5.464583369903266430e-01
5.833323788829147816e-01
6.017866120673716068e-01
4.748604069463908672e-01
5.730528840795159340e-01
4.911530078388750553e-01
6.344006299041211605e-01
4.223126841243356466e-01
6.272344999015331268e-01
5.900166409555822611e-01
4.607358090579509735e-01
4.035067078657448292e-01
4.911343459971249104e-01
4.918572069145739079e-01
5.461179558187723160e-01
4.899156189057976007e-01
4.654549390543252230e-01
4.289730649907141924e-01
5.772809889167547226e-01
5.691935350187122822e-01
4.169991719536483288e-01
5.442875770386308432e-01
4.934397870674729347e-01
5.419548519421368837e-01
6.043298898730427027e-01
4.877177849411964417e-01
4.357287338934838772e-01
4.152848201338201761e-01
5.443284939974546432e-01
4.929707720875740051e-01
4.910864748526364565e-01
4.882518660742789507e-01
4.256563929375261068e-01
4.877947780769318342e-01
5.652108050417155027e-01
3.827599929645657539e-01
5.872464131098240614e-01
4.418241358362138271e-01
4.256478699389845133e-01
4.251034839544445276e-01
4.822572208940982819e-01
5.435307151637971401e-01
5.705755311064422131e-01
4.927522810176014900e-01
5.523140698205679655e-01
4.270770340226590633e-01
4.900837840978056192e-01
5.743185840547084808e-01
4.931045959237962961e-01
4.281514650210738182e-01
4.864729880355298519e-01
4.550774330273270607e-01
5.824678400531411171e-01
4.348673040512949228e-01
4.832577342167496681e-01
5.526220540050417185e-01
4.917254790198057890e-01
4.906448270194232464e-01
4.929067529737949371e-01
4.869690861087292433e-01
5.680761679541319609e-01
3.994118398986756802e-01
6.023724048864096403e-01
3.560890790540724993e-01
4.223326749633997679e-01
4.810055699199438095e-01
4.313822258263826370e-01
5.531560860108584166e-01
4.836400870699435472e-01
6.007428069133311510e-01
4.237799099646508694e-01
5.905024260282516479e-01
4.878023269120603800e-01
4.477580650709569454e-01
4.932417448144406080e-01
5.867420509457588196e-01
6.214775880798697472e-01
4.857712211087346077e-01
6.489550489932298660e-01
4.818293130956590176e-01
5.380759960971772671e-01
4.866707639303058386e-01
4.827216370031237602e-01
5.799805370625108480e-01
6.149727748706936836e-01
4.625749171245843172e-01
4.848983800038695335e-01
4.857029430568218231e-01
5.387200401164591312e-01
4.500459711998701096e-01
5.438363580033183098e-01
4.443016320001333952e-01
5.887696100398898125e-01
6.063055980484932661e-01
4.926797768566757441e-01
3.870379470754414797e-01
5.449708669912070036e-01
5.846473590936511755e-01
4.829715350642800331e-01
5.471191480755805969e-01
5.658027860336005688e-01
4.904555638786405325e-01
6.289784589316695929e-01
4.795724798459559679e-01
5.732861098367720842e-01
4.906391659751534462e-01
4.946843460202217102e-01
4.918337031267583370e-01
4.876530710607767105e-01
4.812121391296386719e-01
4.872487930115312338e-01
5.505115687847137451e-01
6.065338409971445799e-01
5.647341669537127018e-01
4.373936550691723824e-01
5.484576069284230471e-01
5.938326639588922262e-01
4.536549248732626438e-01
4.794128630310297012e-01
4.947249758988618851e-01
6.339955830480903387e-01
3.790470559615641832e-01
4.840783178806304932e-01
4.952904470264911652e-01
4.945589068811386824e-01
4.556076128501445055e-01
6.018835699651390314e-01
6.064446449745446444e-01
6.114270100370049477e-01
4.846161219757050276e-01
5.667016641236841679e-01
4.924461699556559324e-01
4.206399579998105764e-01
4.700145069509744644e-01
5.313469129614531994e-01
4.474654430523514748e-01
5.987786829937249422e-01
4.907450249884277582e-01
5.575686430092900991e-01
4.868267169222235680e-01
4.915534569881856441e-01
5.537775012198835611e-01
4.814868289977312088e-01
5.622478700242936611e-01
4.883900538552552462e-01
6.001319750212132931e-01
5.615999640431255102e-01
4.860249068588018417e-01
4.442229541018605232e-01
6.182152030523866415e-01
5.570706438738852739e-01
4.120008179452270269e-01
4.248564238660037518e-01
5.512473948765546083e-01
4.863779779989272356e-01
4.120317709166556597e-01
4.561535890679806471e-01
5.613154410384595394e-01
5.891224180813878775e-01
5.965580050833523273e-01
4.627996748313307762e-01
5.626383400522172451e-01
4.445798879023641348e-01
4.919418380595743656e-01
5.569142762105911970e-01
5.544704759959131479e-01
4.934929909650236368e-01
5.465405390132218599e-01
5.512845229823142290e-01
4.895396118517965078e-01
4.510300529655069113e-01
5.751030431129038334e-01
5.802810688037425280e-01
4.877906099427491426e-01
4.909687570761889219e-01
4.880697631742805243e-01
5.880851540714502335e-01
4.616921960841864347e-01
5.541596869006752968e-01
5.919600459747016430e-01
4.875923220533877611e-01
4.853820330463349819e-01
4.905976089648902416e-01
4.908389910124242306e-01
5.555351739749312401e-01
4.330507069826126099e-01
4.881282299757003784e-01
5.435333540663123131e-01
4.934545319993048906e-01
4.797587268985807896e-01
4.858464670833200216e-01
4.264886560849845409e-01
4.921093720477074385e-01
4.931001218501478434e-01
5.998092070221900940e-01
5.748816579580307007e-01
4.857472861185669899e-01
4.917844911105930805e-01
5.234426129609346390e-01
5.698624949436634779e-01
4.897338030859827995e-01
4.885159018449485302e-01
4.863318351563066244e-01
6.042302050627768040e-01
4.901057840324938297e-01
5.764028159901499748e-01
4.831230249255895615e-01
5.786157010588794947e-01
5.822043190710246563e-01
3.997871268074959517e-01
4.886962820310145617e-01
4.903084859251976013e-01
3.760069760028272867e-01
5.601337130647152662e-01
3.792755000758916140e-01
4.860593299381434917e-01
4.924073519650846720e-01
5.727825891226530075e-01
4.720915199723094702e-01
5.520079769194126129e-01
5.452445279806852341e-01
4.649681900627911091e-01
4.222798249684274197e-01
4.862044639885425568e-01
4.228912871330976486e-01
4.860417640302330256e-01
5.587445739656686783e-01
5.441231748554855585e-01
5.444093600381165743e-01
4.833147120662033558e-01
4.834359912201762199e-01
4.726005680859088898e-01
4.910114258527755737e-01
4.899267239961773157e-01
4.830316689331084490e-01
5.569151588715612888e-01
5.460524640511721373e-01
4.717630350496619940e-01
4.806816941127181053e-01
5.480652009136974812e-01
5.721614139620214701e-01
5.612740609794855118e-01
5.418591802008450031e-01
4.890562070067971945e-01
4.907677730079740286e-01
5.323480938095599413e-01
4.056668810080736876e-01
4.229279400315135717e-01
4.843046988826245070e-01
4.913817460183054209e-01
5.686663780361413956e-01
5.540838099550455809e-01
5.782574110198765993e-01
6.033932969439774752e-01
5.581277098972350359e-01
4.888425900135189295e-01
4.859460359439253807e-01
5.790870918426662683e-01
5.627764118835330009e-01
6.037973200436681509e-01
4.912117568310350180e-01
5.514459270052611828e-01
5.667521220166236162e-01
6.135824110824614763e-01
4.059501248411834240e-01
5.615270279813557863e-01
5.974199778866022825e-01
5.652043360751122236e-01
4.770391671918332577e-01
4.749900361057370901e-01
4.888659310527145863e-01
4.875112120062112808e-01
4.870581740979105234e-01
4.863843240309506655e-01
3.953183479607105255e-01
4.904021229594945908e-01
4.855968609917908907e-01
4.795874778646975756e-01
5.674262628890573978e-01
5.453075810801237822e-01
4.664556148927658796e-01
4.858277309685945511e-01
5.753539390861988068e-01
5.430909232236444950e-01
4.905054450500756502e-01
4.931637300178408623e-01
5.447945920750498772e-01
4.846781052183359861e-01
4.833835561294108629e-01
5.628878569696098566e-01
4.752433479297906160e-01
5.460376590490341187e-01
4.857484837993979454e-01
5.032427459955215454e-01
5.904785061720758677e-01
5.784385348670184612e-01
5.425459670368582010e-01
5.404789240565150976e-01
5.348555110394954681e-01
5.537226740270853043e-01
4.148969519883394241e-01
4.832043899223208427e-01
5.548016862012445927e-01
4.838759650010615587e-01
5.445039719343185425e-01
5.892349139321595430e-01
4.378675841726362705e-01
4.437380929011851549e-01
4.193878630176186562e-01
6.202465479727834463e-01
5.684133651666343212e-01
5.998698810581117868e-01
5.812767690513283014e-01
4.877863370347768068e-01
5.511734748724848032e-01
4.855753649026155472e-01
5.700007651466876268e-01
6.250232669990509748e-01
6.152492179535329342e-01
4.822484178002923727e-01
5.815186139661818743e-01
4.165115531068295240e-01
5.531352108810096979e-01
4.038041371386498213e-01
5.512594839092344046e-01
4.578057059552520514e-01
4.884009060915559530e-01
5.665645850822329521e-01
4.257052890025079250e-01
4.180076541379094124e-01
4.346698019653558731e-01
4.330121008679270744e-01
4.833323680795729160e-01
5.825277550611644983e-01
6.208092321176081896e-01
4.816725507844239473e-01
5.667292180005460978e-01
4.348439418245106936e-01
4.928818570915609598e-01
5.599246181081980467e-01
5.619146400131285191e-01
4.713105338159948587e-01
4.867611841764301062e-01
4.880922990851104259e-01
5.484830129425972700e-01
4.848731548991054296e-01
4.864542558789253235e-01
4.861849930603057146e-01
4.069001951720565557e-01
4.401458760257810354e-01
4.818694698624312878e-01
5.402362730819731951e-01
5.860669258981943130e-01
4.460641860496252775e-01
4.863706789910793304e-01
4.580976711586117744e-01
4.797760799992829561e-01
4.909030930139124393e-01
5.400547378230839968e-01
4.339264610316604376e-01
4.274476321879774332e-01
4.914474831894040108e-01
3.994371881708502769e-01
4.868418569676578045e-01
4.815882989205420017e-01
4.807828930206596851e-01
5.536956328433007002e-01
6.108142200391739607e-01
4.640775369480252266e-01
5.845649591647088528e-01
5.240359818562865257e-01
5.848445971496403217e-01
5.560839809477329254e-01
4.403889360837638378e-01
5.827291409950703382e-01
5.270716198720037937e-01
6.377086918801069260e-01
5.980283480603247881e-01
4.875315569806843996e-01
6.257509121205657721e-01
5.134669539984315634e-01
4.737955660093575716e-01
5.657535241916775703e-01
5.396485168021172285e-01
6.375303829554468393e-01
4.163013710640370846e-01
4.676750830840319395e-01
6.073273450601845980e-01
5.933992930222302675e-01
4.839578680694103241e-01
4.591940389946103096e-01
5.687939820345491171e-01
4.841499789617955685e-01
4.038614390883594751e-01
4.576760218478739262e-01
4.000758877955377102e-01
