1.179665998186730635e-03
9.439367838588995927e-04
3.868017527189682604e-03
6.355271680318260938e-03
7.219265331843277567e-03
2.335043113104230163e-03
1.025386594582102613e-03
7.717647662667214727e-03
1.106448087776393252e-03
5.363020651776770169e-03
1.830382769000014247e-03
6.054035837688157701e-03
4.378758577353487891e-03
1.971748036198462360e-03
5.787358812789510434e-03
2.320767599395208436e-03
3.679362897039208796e-03
5.945075150273326087e-03
3.668209347370119180e-03
6.744762140959011457e-03
2.212412779677432832e-03
2.621017784863661267e-03
1.283528981873581064e-03
1.288858833992436673e-03
8.514683729355433141e-04
8.207760878345159768e-04
8.621852279500275733e-04
6.966801875494177052e-03
5.235901389507242702e-03
6.602088166104977743e-03
5.806633339853162386e-03
6.289649858377646327e-03
3.233136465949789339e-03
8.018101713152786091e-04
2.763419215840293586e-03
6.916463373124657988e-04
2.079897809110412173e-03
2.980100384886450685e-03
1.952405781618440700e-03
1.613579186714609670e-03
1.526311659313827522e-03
1.915614890671042724e-03
1.116423373327509166e-03
1.112993411082428830e-02
1.454584935667424268e-03
3.250492570131820018e-03
1.947987354397355628e-03
2.090509803101218717e-03
1.122924791223835336e-03
1.550175556281414586e-03
1.667680738556861228e-03
2.875361858512563880e-03
7.747000150242092618e-03
1.639875363984635674e-03
1.767852288463947269e-03
1.150423719878188120e-03
8.906292122029585336e-04
1.859601127681317781e-03
1.060388840628292669e-03
1.376226011958252672e-03
4.063577874451253236e-03
1.164894312943010567e-03
3.212672707487602974e-03
1.072038797885270641e-03
9.659964103492518425e-03
9.632561377957573430e-04
3.314603587296022745e-03
8.111105805435657803e-04
1.801380838923136250e-03
8.966987981981090891e-04
1.544265217230651613e-03
9.781867587132602165e-04
7.396837604397051144e-04
7.961606348085173510e-04
2.545469166789502205e-03
1.523570435001623397e-02
4.572415835379460732e-03
9.777759049134999905e-04
1.358141835644123985e-03
2.672442414609401632e-03
3.927605416780612438e-03
9.480558225572280080e-04
3.129954831455897517e-03
1.842436161028130964e-03
1.862961078427303931e-03
3.296632140923131966e-03
1.490644841528343490e-03
1.682455273013980148e-03
2.879285658674232869e-03
2.174078009774519597e-03
1.370602496683921701e-03
2.492141228165626384e-03
1.558954299640140156e-03
9.356098934434741582e-04
2.034915417069944540e-03
3.547528126894564614e-03
1.185098938136588693e-03
1.202874234950241381e-03
1.411110976457559700e-03
1.375229000136397352e-02
4.901779205176920798e-03
1.042205536208435333e-03
2.040489614921853819e-03
2.331858715046536759e-03
1.384368470928986315e-03
2.041832675930799115e-03
1.409286979681917884e-03
1.316980915644252841e-02
1.570125948053097305e-03
1.039126297474405811e-03
1.718868686627655906e-03
2.630266067842023693e-03
3.495711348361995371e-03
7.202886440053485329e-03
1.737275255815308971e-03
1.374271906595422258e-03
1.098501948246089280e-03
1.033013961350512811e-03
2.010224223994406482e-03
1.289970890309556422e-03
8.114457703816664938e-03
1.157532437373875360e-03
2.196635959129617909e-03
1.432144663475253465e-03
2.061675026155328997e-03
9.600591130817505382e-04
4.484470458660409949e-03
1.455243334052660912e-03
1.807158523052742726e-03
1.188348027383118221e-03
9.724504724447823262e-04
1.993025542103970052e-03
2.244062465865260658e-03
6.006996733195230781e-03
9.070790118193369387e-04
1.436207139511245113e-03
1.237189643379736940e-03
3.868943385958895607e-03
2.360523014538489558e-03
2.174863998430380183e-02
1.824439929742170587e-03
1.652304406706637174e-03
1.991244852807438903e-03
1.788883198182468059e-03
1.136943518241577975e-03
3.675000958221292125e-03
1.585760918682590581e-03
2.544626109394196745e-03
2.170958629456726935e-03
2.037491562602452688e-03
1.881102547497124624e-03
1.378767574501308865e-03
1.668750553872399211e-03
9.743037505349372990e-04
8.867641753500175557e-04
1.983528258597616872e-03
1.226296645665135489e-03
1.622129353126467236e-03
2.060310051004552237e-03
8.108840118474692918e-04
4.399564508907112537e-03
1.495025519049643196e-03
4.493560038403915206e-03
1.214269707378406137e-02
1.452303051991897173e-03
2.773336039758473801e-03
1.236387755765928605e-03
1.073142354517790794e-03
1.517109730787165149e-03
3.716052768992764502e-03
2.922944660866466388e-03
7.825370826593379577e-04
2.593105584245617660e-03
3.105648821053444333e-03
2.370927170378436723e-03
6.427582383555189606e-03
1.939870789853011127e-03
1.314443387695382083e-03
3.397132259372250863e-03
9.675409556389410505e-04
1.885146341556295487e-03
1.161501654063449131e-03
1.033473917903310032e-03
1.251506437414943778e-03
1.401394931337141339e-03
1.648729310654058504e-03
1.196379032629549689e-03
1.158621008207715410e-03
1.809010219427846771e-03
3.807130667944870570e-03
8.567732727076738872e-03
3.964196577556722625e-03
1.604969056899602578e-03
1.726624426160442826e-03
9.104840553050070262e-04
1.331452907525984813e-03
1.056956899676092477e-03
9.785847862971838382e-04
8.945436782648493942e-03
1.792581073837473367e-03
1.539831679997813452e-03
2.106996714637055131e-03
2.303132744011611270e-03
3.332863569964155444e-03
1.995377211660275679e-03
2.128343224585296529e-03
1.082176530073110203e-03
2.277711092968563375e-03
2.399334336843823162e-03
1.370975817614017911e-03
2.536206315978545463e-03
3.637201530042395454e-03
3.611964539010354205e-03
1.194593007795481795e-03
1.148010888069283999e-03
1.460115356337089070e-03
1.454264631415841738e-03
7.726457001481608182e-03
1.246201300608495511e-03
1.272584823660493107e-03
2.772985007145354133e-03
1.233074336472262181e-03
1.708389984219459449e-03
8.092752574584531362e-04
6.672300196019389021e-03
1.651126458490184560e-03
1.495501220963322284e-03
4.802649362478489045e-03
1.515116613210703948e-03
1.523448340907011768e-03
7.087228760022255738e-04
1.981581393331600417e-03
1.239681317800021181e-03
9.854964765387171088e-04
1.698784387082653315e-03
1.087248429736220210e-03
1.277340072801016156e-03
1.518029786450985231e-03
1.066978743311125868e-03
8.360906588350770427e-03
8.273036305069959850e-03
1.826268290728768999e-03
1.361257993345928998e-03
1.747227191367934371e-03
1.588096473187586115e-03
8.711220536105593500e-04
2.713087067556257340e-03
1.001712400035532349e-03
1.718828952980279911e-03
3.838445916687508678e-03
2.571415299158736050e-03
5.955399142418067032e-03
9.080216092204449916e-04
1.063687401644274489e-03
1.298833182461152196e-03
1.361720728027677281e-03
6.297042079596621052e-03
3.133288926699908349e-03
1.354805071468082479e-03
8.136165741188652661e-04
1.268296101400554973e-03
8.592858428992636213e-04
1.502911514762753911e-03
1.566244449042001989e-03
1.616316008582748247e-03
4.132130405601707086e-03
2.179490805874166950e-03
1.444988935150959405e-03
2.088159281241086865e-03
4.186364156866176009e-03
2.686677961434423556e-03
1.466992925151822417e-03
1.031003713387364240e-02
7.732094714771722615e-04
1.169465278320546472e-03
4.565918812398924581e-03
8.971094258296389038e-04
9.229003836035438307e-04
7.246992749450406959e-03
4.131894449728852788e-03
3.154516645488335096e-03
1.369944352636941675e-03
2.378517232896007298e-03
1.673205864338927346e-03
3.504715396925628477e-03
4.074120930208736946e-03
8.321871546316554277e-04
1.467067480191384986e-03
1.762694219759595917e-03
8.969631707574763800e-04
1.082122974082471182e-03
9.222166699441976733e-04
7.652270947045187142e-03
8.377686554806846805e-03
1.401776161780677807e-02
1.093428183305297828e-03
1.720918236224217805e-03
6.827745646108590756e-03
1.030183463556834031e-03
1.473324624596627922e-03
1.104138108276187229e-03
9.240079033529401478e-03
1.844254228538708823e-03
6.628932636177596420e-03
5.939497549389332817e-03
1.161130224182609777e-03
1.478626515312482601e-03
2.739797366877521831e-03
8.201016909062174920e-04
1.720352952981865809e-03
1.194884147935110219e-02
3.877086822613211130e-03
7.340257994951897985e-04
1.087987901300478503e-02
1.495506459694287589e-03
2.096637158826141628e-03
9.348717995702543948e-04
1.332259010152929629e-03
1.473129716944251034e-03
5.911372351053393627e-03
4.666839231900118783e-03
7.561934548534120226e-03
1.248862271466902448e-03
1.559678418072201096e-03
1.062709464918735027e-03
1.067974928147825053e-03
1.174431852355970396e-03
5.130983726465060402e-03
1.782429204693089389e-03
3.012767570409501713e-03
5.155181109099462103e-03
9.250174317266171564e-03
5.422756537906616749e-03
1.430466388978346524e-03
9.955208022126517311e-04
2.384333032640604394e-03
1.813279782463298470e-03
1.716509168088988001e-03
1.368790735067111934e-03
2.967764463781020871e-03
5.691910976111149920e-03
1.645904299490649628e-03
2.518613217862377719e-03
2.036505292734196344e-03
1.126614863859518598e-03
1.249205770209407297e-03
1.467967617674072840e-03
8.321638327933397359e-04
9.939234763036290318e-03
3.511360764018661533e-03
2.772612757476320636e-03
1.051786535828484054e-02
7.791516782817298897e-04
4.739420950694797456e-03
1.011349290082046420e-03
1.307317887903836290e-03
1.391935605245547651e-03
2.026147407479941126e-03
2.268072041495166127e-03
7.614589876831143016e-03
4.385495842233638406e-03
1.084446957705061934e-03
9.029458015345773669e-04
1.268756966063174776e-03
1.009357553318190968e-03
3.923251421842724809e-03
1.144127911032104782e-02
5.610324236182564692e-03
2.011802311952852040e-03
9.336201179709588708e-04
5.533464843986187452e-03
9.775510038082240328e-04
2.782255303337421992e-03
5.566948688558854413e-03
8.480135916110076878e-04
2.268325704234140910e-03
1.684088195142003069e-03
9.065788671575748109e-04
1.626093450865411091e-03
2.738771111051935530e-03
2.484265448704448855e-03
1.259761486936809534e-03
1.205528651534638288e-03
9.836161717683370581e-04
1.863430462579169751e-03
1.947795853318358026e-03
3.614815027417133189e-03
1.389022834688100278e-03
2.143927458399799355e-03
1.083413832936391819e-03
3.011385105700769855e-03
2.237827342340250724e-03
8.981314878349647363e-04
1.959953260701148559e-03
2.249398944392526096e-03
2.801011345983632321e-03
1.220674983565018428e-03
1.270978339409131958e-03
2.035154076397654218e-03
2.671296054944125292e-03
1.570264460764686206e-03
1.302437760502497171e-03
1.361882224957840139e-03
2.333032695992188869e-03
9.623942420513993115e-04
6.986630965441191369e-04
4.342488496506543595e-03
1.368373052528501499e-03
1.354971022835574964e-03
1.263212625012051548e-03
1.180037796829336771e-03
2.871725887853783868e-03
3.913442106923307497e-03
8.606269315876728578e-04
1.221518277766386927e-03
1.414927477693752027e-03
2.231370990899717195e-03
8.075615764914939078e-04
5.839306872319885433e-03
1.801668653912028017e-03
2.276079840761690166e-03
8.249390568216470078e-04
8.214436873561726735e-04
2.003597176520809878e-03
1.038082572162609893e-03
1.439483555946086991e-03
1.195920962977110218e-03
9.415405131858614694e-04
2.018729530397933396e-03
1.106575337749243120e-03
1.075030027042296393e-03
8.313518520117529551e-04
3.393339117265983806e-03
2.698639940225731112e-03
1.816207226417100367e-03
1.038896803160102751e-03
1.201577410645563674e-03
1.677126110245154072e-03
7.107744934698887124e-04
7.087228350557339338e-04
1.290346669824035805e-03
7.645287789566761541e-03
2.105991988556963485e-03
8.948327236102062874e-04
1.868478707804892194e-03
1.125124708240065035e-03
9.484452686237515150e-04
1.556612559550083971e-03
1.167269394219698411e-03
6.837908676672948757e-03
1.673132059681572536e-03
9.711563530716402128e-04
8.681906214599703110e-04
7.990384319461675978e-04
1.958257807795100482e-03
1.437133201124458611e-03
2.903079196254251381e-03
1.176363138569007328e-03
1.692529713928586079e-03
8.636379227740947646e-04
9.755436441804004764e-04
8.451724497462691351e-04
2.579108441009538011e-03
1.850980005492950612e-03
5.090670171679342014e-03
1.048802882453343625e-03
1.582366651479880874e-03
1.060677347357299278e-03
9.937382538443844011e-04
1.198414521904796583e-03
2.758326345330930698e-03
3.670784012226108433e-03
1.609760911303532212e-03
7.364212086192461343e-03
2.377222919092156998e-03
1.656840479101747777e-03
1.043961391363889364e-03
8.958178446687267054e-04
1.150561804129260823e-03
2.439591355389617109e-03
3.798406000889994506e-03
9.355089155962069674e-04
7.982801287339768822e-04
1.260686767730464933e-03
1.026794951098765644e-03
5.131101807796765134e-03
1.327501889965292245e-03
3.102438444350901024e-03
1.369459733166495351e-03
8.253603195204942469e-03
4.504834074941545252e-03
1.878952577152300484e-03
7.649648624136192810e-04
1.820388495634910541e-03
6.917427264658231392e-03
9.130592696800246500e-04
1.443584856507826612e-03
1.025176298844635708e-03
8.920200136017451516e-04
8.035522086370733503e-04
1.188185765984444732e-03
8.225638033184877983e-04
1.368767402894969457e-03
7.902169092249857613e-03
3.673420284008304445e-03
1.884561116148302006e-03
4.969167689023578673e-03
1.004262645156372633e-02
8.673409532645513613e-04
1.197660466275020028e-03
9.247685734835442558e-04
1.546052711430458181e-03
1.499621672921684981e-03
1.289308780721802388e-03
3.767800608307639038e-03
1.443530005250017812e-03
1.371633160993289153e-03
5.099748312718312485e-03
6.219143558811701666e-03
9.958730812897765433e-04
9.275121040324675560e-04
2.788815262355394831e-03
3.192926851541883458e-03
4.221092503553579116e-03
1.200763977515822067e-03
7.709018246986977302e-04
2.775333856843355870e-03
2.478394103408386104e-03
1.331200271171480935e-03
4.030388185062938264e-03
9.673831497206933534e-04
4.869608026985920539e-03
2.228272116739733223e-03
2.518823239729590675e-03
4.400818838290338972e-03
1.438591391184700649e-03
1.637332032791997440e-03
1.601762412029998943e-03
1.401909596112953715e-03
9.765167210237797168e-04
7.924424073172400221e-04
2.185095641133748268e-03
2.097067612926402109e-03
1.038080133218622150e-03
1.750974164614760168e-03
1.028227267761688086e-03
1.011687360721841983e-03
1.485501213773919322e-03
9.134723634700467288e-04
8.670608241295088949e-04
4.740350092893859217e-03
7.736376498095554272e-04
4.761274108634831401e-03
8.835527757876459427e-04
5.211829336430196490e-03
1.407176922462170885e-03
1.901144666355457803e-03
1.816240850999666784e-03
2.281593352516562111e-03
4.927841544063459728e-03
7.830472281679538632e-04
4.553150396493026511e-03
1.105429096745308383e-03
1.406830682592296461e-03
2.980961036701651554e-03
1.587072277786763779e-03
1.566666500212885197e-03
1.433637768047880479e-03
1.428057235948223787e-03
2.200133398119815276e-03
9.215010399002651923e-04
8.907910982716139804e-04
1.352325916948712847e-03
1.217974253326412071e-03
5.598429148892062994e-03
1.364554626755287454e-03
1.031351549310129513e-03
7.769750678691242276e-04
6.711189540158046113e-03
1.550585825929607850e-03
3.818687256130549792e-03
1.946043906316303421e-03
2.141709443976721160e-03
1.378490997434423477e-03
6.396002507954311883e-03
1.148082132542110455e-03
3.431591877125353147e-03
1.598429869148651223e-03
2.757822498734543298e-03
3.132891199104354592e-03
1.810361883419350391e-03
5.988997193433627866e-03
9.763233507604491927e-04
5.677559435240598328e-03
5.331793111755780447e-03
1.584912818927651989e-03
2.365856648825062202e-03
9.343187598568404887e-04
1.327772835950217535e-03
3.022195578877370607e-03
1.563863576116182510e-03
2.033954468623496922e-03
1.425166252299188549e-03
1.453318865679673446e-03
1.029486227078982167e-03
2.016145657933649405e-03
5.713211919687181603e-03
9.669412091519799394e-04
1.379932622611146180e-02
2.933586655686953697e-03
1.488581017486194889e-03
1.333206236162011362e-03
1.396126379785068549e-03
1.410235209681773814e-03
9.146414444446091538e-04
1.251710680534762936e-03
1.950992031190196827e-03
7.036122627365748450e-04
2.773012459858022801e-03
7.796358802677749982e-04
1.625185782265734956e-03
7.144956962765292019e-03
1.152130883532103290e-03
9.001647908169003098e-04
8.192796870959995767e-04
1.081121676322672120e-03
1.618210875566277167e-03
9.497431342564403465e-04
1.877143365336180749e-03
8.778826196995639843e-04
7.870631141410794644e-04
1.563645357218318302e-03
9.348923162581841305e-04
8.305526489028696151e-04
2.142869133083955251e-03
1.073156600854442829e-03
1.202507429824404379e-03
5.661072538003354172e-03
5.710627675412915938e-03
2.361785584358001150e-03
1.231594779146318996e-03
2.455208469317918252e-03
1.028457682627250715e-03
7.637284177833245135e-04
2.349490940845601165e-03
9.537193083164731628e-04
2.469237744198863986e-03
2.341036851612056380e-03
1.168011630841508421e-03
1.312568293947075299e-03
9.295691695970215293e-04
1.094238383743584200e-03
2.770209687281372478e-03
7.819682488619196861e-03
2.862349070288764102e-03
1.917820914062175761e-03
7.407833887387708406e-04
5.687742204247133934e-03
5.659158317755519883e-03
1.719494941708157214e-03
1.135267495082334203e-03
5.329705654456999564e-03
2.202096058367502412e-03
1.069000540062309832e-03
9.927273557095118647e-04
8.157268431143002881e-04
1.551007165113030099e-03
4.175862026627002489e-03
1.153004297033574394e-03
3.683399768129411167e-03
1.343683908524867347e-03
8.209583587112496104e-04
1.031244979410674261e-03
8.604523876687898047e-04
9.974951109561697518e-04
6.910807230687966707e-03
1.561103969200029794e-03
1.346638023802792681e-03
7.856344476603960639e-04
1.032488257366176356e-03
7.506659844485224532e-04
9.153419861871886238e-04
8.863547529489523239e-04
7.367239583505962551e-04
6.068680340873970451e-03
5.810103650127763746e-03
1.348651962495638285e-03
1.597374653972924571e-03
2.120467981488731012e-03
2.450377600006509431e-03
1.734311433871584809e-03
8.441499724457594269e-04
1.028027286125608600e-03
3.833472683987851262e-03
5.891520011405205690e-03
8.259151768075514381e-04
2.282708705419486325e-03
6.576906597049545639e-04
1.536558559950507554e-03
1.054483240618125190e-03
1.249964038143610992e-03
1.104673186265453392e-03
3.949488824975945327e-03
1.156804592957507739e-03
4.968714140160236659e-03
7.561105938271105815e-04
7.102095506925988275e-03
2.011265140972427236e-03
2.147427714455437450e-03
9.379063164340978526e-04
2.022212039109835390e-03
9.025928038526779109e-04
8.755840668200037379e-04
1.063620032763841266e-03
4.194480832736889424e-03
5.376473785014798494e-03
9.889538225054154367e-04
2.427842525970163624e-03
1.309844079815697566e-03
7.606393586247242296e-04
8.751570836872997082e-04
1.714771508334793446e-03
2.234297509914874320e-03
8.919681752616060453e-04
5.276283717821707991e-03
9.960052710329188753e-04
4.501638708857874822e-03
1.310474343333207625e-03
1.555697240523563939e-03
1.101390570393998361e-03
9.974267541551489619e-04
2.488465998297167622e-03
8.383538144233993947e-04
8.642516272497750320e-04
8.504469668881361067e-04
1.107018373992790707e-03
7.808213273131371299e-03
1.048499785072684208e-03
1.128380780224941303e-03
5.082307661372324412e-03
1.162663367988538490e-02
1.207469832618968423e-03
9.911663436009991376e-04
2.088979549130479292e-03
1.379474192013843952e-03
1.733882004045957104e-03
6.509366278253062021e-03
9.418493151419972701e-04
9.716570312661013727e-04
1.115703929781573789e-03
1.057867437361227842e-03
8.598303543201863547e-03
1.285011018174829446e-03
2.701685745684251003e-03
6.306136219083009059e-03
7.980811890244196918e-03
3.259794906443235028e-03
8.832817618756443620e-04
1.106627002483585821e-03
1.959404967691001209e-03
9.273026425960849244e-04
1.574267672354130558e-03
9.995792169490709533e-03
3.082390508512626061e-03
3.541181264144743854e-03
1.225717550973801388e-03
1.138131410452605406e-03
7.965033233976318624e-04
3.341561959584679782e-03
1.122772211428385179e-03
1.090535823920588988e-03
2.537917154198703062e-03
2.655752260161402343e-03
1.720522596944199520e-03
1.023973038776863952e-03
1.755143524956000352e-03
1.996832874169459510e-03
1.664168438399162833e-03
4.293315120316415490e-03
5.172435536705980406e-03
2.107449080176362032e-03
1.958481867127642023e-03
1.711782635257842007e-03
1.619926625033041214e-03
1.304176280103027351e-03
1.217834735329299941e-03
7.628229121746734481e-03
2.099783758639680621e-03
8.056314232041863338e-03
8.789597315828680821e-04
2.570038487637708174e-03
7.505420501732093215e-04
1.651793726415548948e-03
1.709251989159442245e-03
8.449121172520605632e-04
7.228725354846912568e-04
8.840648790343541476e-04
4.374547524507845474e-03
1.170013154377389474e-03
1.373471474641424495e-03
3.583031830327962613e-03
9.228351188387783326e-04
1.917007483864549208e-03
1.979631045060336898e-03
4.671766585812476592e-03
1.009013955200558851e-03
8.965970627013719347e-04
5.970139915218614611e-03
1.842676885145979205e-03
5.938816719747968230e-03
1.615995051964266719e-03
5.202049589697174160e-03
1.148772882191587521e-03
2.114118425665707009e-03
8.324913505175723059e-04
9.990307134975962185e-04
1.320706382179837523e-03
9.813243211308196341e-04
1.347159820948611291e-03
7.851260128897351006e-04
9.229886222892413157e-04
8.368703604657646341e-04
9.187273502086433768e-04
9.373814444780335237e-03
1.196289836542803898e-03
1.531234871140598917e-03
4.214212926892364243e-03
4.921947615735308527e-03
1.018087396958398949e-02
4.314833784513382765e-03
6.979725497192493765e-03
2.433391408492332868e-03
3.102231323580220343e-03
2.572683076651054949e-03
1.333717470797475546e-03
1.060568711437082654e-03
3.056880493699942140e-03
3.515667921588339594e-03
2.569003008900712457e-03
4.302631384119538598e-03
1.061576662727698080e-03
8.283864183478149065e-04
4.379371358407489409e-03
2.965806164923602637e-03
9.887671515183815967e-04
8.662105180225371541e-04
2.258755680367671801e-03
2.640141523571433533e-03
9.904447373176353785e-04
9.284819604468943144e-04
1.154809966133947931e-03
1.238538453690437397e-03
1.369195400467163471e-03
2.324369016177646203e-03
2.113927015600325972e-03
1.066394833726353819e-03
1.592740381493989435e-03
8.721349341949016613e-04
6.489511796664790451e-03
1.095636964166517985e-03
1.300104924595423938e-03
8.050879631117768657e-04
7.913437495897351339e-04
1.484841495065451506e-03
2.934684559086427232e-03
1.121317673842883982e-03
1.321548038385371134e-03
7.886865526368595910e-04
8.077691513778236659e-03
7.547070052554571713e-04
2.274933862063173266e-03
1.393088463604256338e-03
1.443968407964852339e-03
1.353909063072310107e-03
1.003825957420313893e-03
1.345453183910935019e-03
8.776167013526984736e-04
9.812070332927684980e-04
2.014505068535048932e-03
1.241620742865881359e-03
1.817410252750102520e-03
3.256377086671625141e-03
8.994710964520122786e-04
2.855713471377447233e-03
1.444605090472899636e-03
4.220353114755939598e-03
9.937858290654769285e-04
8.725942051233284528e-04
1.306566023828410923e-03
4.861514861827049769e-03
2.030952322442987606e-03
6.278647549993865819e-04
9.040971141750776775e-04
1.289721885024101714e-03
2.252289094516586165e-03
1.042738430346943062e-03
5.873546859006999535e-03
1.350657326868991192e-03
1.056079388989532774e-03
1.149099626057546730e-03
1.040990505539854654e-03
4.624591475603445460e-03
4.993919901727135978e-03
7.341985877188830778e-03
9.297702868204099896e-04
4.151257545205578811e-03
5.168047336176935513e-03
1.045439251047136859e-03
1.464009767929760420e-03
5.515385272138831688e-03
7.848755670048558966e-03
2.015661838738974296e-03
1.494590959336017160e-03
9.274819765529711572e-04
1.289409679442803276e-03
7.874656378097969443e-04
5.933902855633529753e-03
1.435951780038544371e-03
1.063600240912160712e-03
1.042360915731057160e-03
1.086328097206559111e-03
3.402640574873225156e-03
1.672476184248539383e-03
2.817915120442307866e-03
3.812148066945290903e-03
7.876115551844601638e-04
1.141344221455018685e-03
9.417140350669624257e-04
9.442783616062522126e-04
6.358626416181936388e-04
7.433146836496771874e-03
1.171301228296982473e-03
1.028353690661848755e-03
8.866056990810806211e-04
1.186320178590130571e-03
9.647213020113097138e-04
4.935998792587921111e-03
1.437197141863298102e-03
1.064881785676080996e-03
4.031605608044783531e-03
6.573949941663332318e-03
7.255384096943942596e-03
1.166747293337003439e-03
1.268377138711127873e-03
9.976869615320772822e-04
4.741586347911294283e-03
9.560404848605652322e-04
4.126379358643296816e-03
1.210747155950893557e-03
1.042149413397838774e-03
1.482931443703656765e-03
1.235334625780211979e-03
1.091271508646446137e-03
1.587026530191725654e-03
4.320156948342726740e-03
9.678981989422811823e-04
4.569922982176500420e-03
3.399010810641571716e-03
1.436076731035160680e-03
9.038759702806163253e-04
1.021541719614545195e-03
1.823172908072876082e-03
3.053147595962939134e-03
1.478629200347369521e-03
1.808855638737691049e-03
1.447512075115654556e-03
3.132010632563093661e-03
7.692866666925088099e-04
6.003722681967274717e-03
8.643740004673010043e-04
4.183734787255825351e-03
8.261007381350256177e-04
8.315748546041676695e-04
1.527711487453128165e-03
9.009831705223247250e-04
1.386245578135504022e-03
1.349217955157349259e-03
1.058568392340571455e-03
1.614515119876365088e-03
1.465325426227405978e-03
1.633708896808677659e-03
8.565863049470990405e-04
1.095032759051149532e-03
2.716296445978408705e-03
1.193950379239765288e-03
1.475010952589626010e-03
1.652750947970012306e-03
5.956571512124914439e-03
7.681891120911174022e-03
1.194497692764329285e-03
1.060619723191734854e-03
1.143272159163109857e-03
3.301525580931093194e-03
9.223326170741298494e-04
6.320756565784903594e-03
1.101503096569332379e-03
1.089855966750134623e-03
4.741479208619207679e-03
1.130033658160342971e-03
1.121213612213896142e-03
1.350176421384775187e-03
9.407419607664655554e-04
1.764301495918670299e-03
7.624022936941830808e-03
7.410935433137158090e-04
8.153213661716535816e-04
1.196999223644809943e-03
1.478397419718764302e-03
2.441342637678851988e-03
8.422903696635147385e-04
1.532839031656786600e-03
1.147616230265867962e-03
1.046768524329484782e-03
4.729487458487934351e-03
1.619616442290212205e-03
4.251181198914806211e-03
7.910832649739190855e-03
8.463171040644727403e-03
1.148907535777139461e-03
2.534486787863405016e-03
2.334259838145239397e-03
8.904544739864201502e-04
1.669621347728120859e-03
8.678261769828778246e-04
1.115573539405125512e-03
1.231649547825138576e-03
1.205885802707238209e-03
8.735791102052260001e-04
1.720329350464718052e-03
2.110310027075270635e-03
1.547173652154216908e-03
7.884061781475087266e-03
9.835740501351354897e-04
1.308487331291883788e-03
1.267714190167297571e-03
5.244980771297771960e-03
1.056093131333332800e-03
3.013162682444426275e-03
7.960932514233302199e-03
1.329281151027520000e-03
1.134361401597895093e-03
1.167158367398523017e-03
9.910363877489256762e-04
1.700822098450855595e-03
1.413338853769430031e-03
9.370122397528399564e-04
1.066191640675133142e-03
1.092967861883507299e-03
3.762429465772198448e-03
1.105081690386689386e-03
1.682000245836146697e-03
8.180676090258618728e-04
3.643802099277586824e-03
8.524007146169916777e-04
7.817229161851046645e-04
2.397015639635765097e-03
8.835369015170946782e-04
4.780139860659509896e-03
3.030451584309648387e-03
9.449176964536667436e-04
1.128103476952471099e-03
1.346280006532118642e-03
7.470818730085273217e-03
7.840250179211083253e-04
3.639420012037211920e-03
1.650215752388555120e-03
1.062204977515189639e-03
9.375597928437825156e-04
8.628736603157146539e-04
2.814846771570266633e-03
1.206901762739340462e-03
9.125989403147226038e-04
1.425526557956133863e-03
1.048840098714836104e-03
2.863351357240999026e-03
3.483770542970457840e-03
3.681900980944502813e-03
5.661652039993234076e-03
9.992781514388426878e-03
3.593954386743997836e-03
4.246991962136576447e-03
6.615444403707768442e-03
3.865523677347087756e-03
4.460267226206117604e-03
4.939349580072888157e-03
7.154677130768384748e-03
7.425094902733389915e-04
1.995123427234116696e-03
1.235714072766439745e-03
1.046139885512891929e-03
6.871357878476823215e-03
7.246606020709126308e-03
2.753052211183254668e-03
3.358299018575665231e-03
7.641233941815045103e-04
4.132933830026509422e-03
1.286864731133005677e-03
1.051865295687458160e-03
7.599900015345821330e-04
4.875621313779558014e-03
5.987219102884422557e-03
1.851411840980352053e-03
8.606764692751941136e-04
1.664642084735830580e-03
1.194763427272253114e-03
7.333322992687133857e-04
6.129288480607863500e-03
1.139554185455784498e-03
8.893560051854949378e-04
1.260380214088398015e-03
1.250513660205127735e-03
7.587496359192473505e-04
9.383633664761081416e-04
5.053644075976926504e-03
1.847177892330229866e-03
5.028292664813213339e-03
8.599991692601867757e-03
1.244471964482893106e-03
8.446935110064765929e-04
9.517447483600339087e-04
7.497870119588363746e-03
6.000964510033508607e-03
1.313607708536788758e-03
2.244302655189340384e-03
1.185534545967415398e-03
7.464732849832789391e-04
3.199675236684052480e-03
3.469560530042498179e-03
5.737072412083803891e-03
1.204562675656962404e-03
6.850509109577107222e-04
5.545491321559880768e-03
1.994040801303957958e-03
1.154449212983339182e-03
4.301850416067997188e-03
1.169419796059785683e-03
1.208569657360445641e-03
7.443989568998777596e-03
1.077043749429111401e-03
7.670221267352064602e-03
8.503750324196209182e-04
2.227126788605534452e-03
5.140081337695496036e-03
9.895961777434218992e-04
4.268760440433259223e-03
2.802168724422103314e-03
1.125516847182202011e-03
3.358141378489429285e-03
1.397354591809205331e-03
7.241342158425131091e-04
3.940641393352250013e-03
5.898662179148504020e-03
3.913330096855607322e-03
1.690193156358189407e-03
4.899325434735163180e-03
2.506087985814300142e-03
1.096070440200023685e-02
1.114735660166087539e-03
1.047585464730154282e-03
7.258059031804191740e-04
1.029274043605600845e-03
3.333955130473444106e-03
1.104325546064327188e-03
7.690357220341923622e-03
3.517444023940542036e-03
3.751836266487726130e-03
8.413829272175246590e-04
9.796106054365768569e-04
8.513121714002855334e-03
8.347250166388147036e-04
6.756667498934120636e-03
8.123395272680189461e-03
5.619209315805662013e-03
1.403334531676700284e-03
7.920015570475615399e-03
1.639605865817662066e-03
5.564767338874127521e-03
9.296701403288023515e-04
9.366818605475914911e-04
9.199147701252861084e-04
1.411750302019280706e-03
3.925033427953509083e-03
8.870957325681976674e-03
8.698009415031665538e-04
3.328228877252350105e-03
4.639397930965366394e-03
8.943645248846820821e-04
1.728031970189835686e-03
1.202365175121892192e-03
1.033325878872371015e-03
1.195242667125206862e-03
2.380018952698419957e-03
4.817205981358582689e-03
9.151988615600124485e-04
1.463340603016638182e-03
7.232094294589453418e-04
9.173101909700425794e-04
6.163788094883473380e-03
2.150341938397923227e-03
2.224332508082753259e-03
4.322976627190793300e-03
9.237611597548791870e-04
1.053338573749789883e-03
1.005288546941993663e-03
1.107765663652610869e-03
4.375271711962731847e-03
4.040421607948613096e-03
8.904620545357128190e-04
5.843510760951647724e-04
3.534060230798396346e-03
8.205561272685326897e-04
3.682164533780577821e-03
1.127157518509092375e-03
6.781890213094365558e-03
1.502190305720362256e-03
3.704895070918849502e-03
5.388511468372100127e-03
8.206859659298584853e-03
1.642832267558978331e-03
1.544924967058322997e-03
3.978182914426088047e-03
2.055714842813203061e-03
4.941491048647382242e-03
8.456752755322126565e-04
4.725164650307818459e-03
9.701221420286076230e-03
1.517931564410795586e-03
9.444217238179561770e-04
1.422023541406855886e-03
7.091947242790780240e-04
4.357880225444027769e-03
3.964718580942549163e-03
4.870258034315974247e-03
3.419927254803525191e-03
6.575946403977315190e-03
8.212360456405079024e-04
3.278196824142075479e-03
1.528948163831469250e-03
1.200540288064824756e-03
7.713219051443716149e-04
2.001562112224458158e-03
1.943820505449077090e-03
6.319421762355817776e-03
9.317825185409905593e-04
9.112876495033309923e-04
3.199593608521019740e-03
7.565977751945534256e-03
7.151106042936906373e-04
1.035905871289975440e-03
2.806868414475134025e-03
1.509803942772225838e-03
1.135403947357361068e-03
1.142797665890023543e-03
9.394801225657601913e-04
1.100738857898973626e-03
1.391766537700701899e-03
4.414780616192557142e-03
1.318165534359713210e-03
3.771655323687746805e-03
4.720022557580997799e-03
9.059948992575374933e-04
8.770945078108433176e-04
4.085902595821627910e-03
8.169579398435595228e-04
1.955367792460582354e-03
9.162808030614150038e-04
1.062573163907089323e-03
1.005069715696929817e-03
5.217853303379495732e-03
6.640043723361430637e-03
8.710642454641300946e-04
9.449783993072896713e-04
7.867412328603430767e-04
1.357291138362632819e-03
1.098515850224790523e-03
7.911056333879472975e-04
5.080299815152545216e-03
4.462913409556198627e-03
7.884625529001475577e-03
6.537573421804963219e-04
1.463919653280966807e-03
5.650443524878257830e-03
4.283651671075805467e-03
9.291857607673155439e-03
3.542872621556353123e-03
4.341999422049917616e-03
6.010749027656118841e-03
8.300061638050528498e-04
1.480922887184210395e-03
3.085686973495727417e-03
1.800617815291250543e-03
7.664209403403562243e-04
1.241109993708533433e-03
6.034985209544605281e-03
4.930661732855789320e-03
1.040054015719540361e-03
7.985924259252994654e-04
1.078169243583825335e-03
7.665655575789263876e-03
4.141414618308852415e-03
4.609777766651633468e-03
1.604865286864945884e-03
3.408524299822174915e-03
1.879027305976773560e-03
4.833280006117206262e-03
3.172285412809611963e-03
1.570137150585461079e-03
5.514113892755785271e-03
3.429610860944578687e-03
8.086690774186047412e-03
1.094405819128484560e-03
8.150783786367090137e-04
8.011838300292390422e-04
8.969881192332878868e-04
9.130031456205446073e-04
6.844237968958490894e-04
1.081076513322557029e-03
5.347454498933015311e-03
1.254149575324098450e-03
5.559326805154208781e-03
3.901546485646859627e-03
3.949061047298791857e-03
6.171938758305843542e-03
1.447863111820288677e-03
1.709244375427827669e-03
1.682721787253158366e-03
8.514364856283116638e-04
9.475820633312600312e-04
9.501629929879593832e-04
9.413039661035400461e-04
1.083664519015923797e-03
8.274785974132711774e-04
9.728658862814912886e-04
4.080784107583565815e-03
1.026699991364023049e-03
1.141775869301342970e-03
7.949976110614764618e-04
8.802139669174141069e-04
1.409363918085425240e-03
1.635577742535887632e-03
5.541188127206686000e-03
5.283703861147634809e-03
1.361726713217020551e-03
1.096105319006051085e-02
7.929406478841029282e-04
8.028092685689740575e-04
1.166563937786328211e-03
5.332465794401645802e-03
1.654513526931424526e-03
1.603106024251106524e-03
3.401110493645062485e-03
9.671362523613638530e-04
5.306944898585897602e-03
1.518273690344598215e-03
1.708363433325690286e-03
8.079110368998796603e-04
2.365749889434519415e-03
8.095245049865656354e-04
8.534509050730557361e-04
1.249608942057004379e-03
1.468488299760690010e-03
4.443294851605824464e-03
1.027809259608282759e-03
7.441081324787751812e-03
2.544234187929432685e-03
1.412885210537785999e-03
8.223408093530625062e-04
9.157315417657947362e-03
9.346388973847454028e-04
8.716791883177260917e-04
5.220896197031561249e-03
1.079022845563214943e-03
9.910228904363087982e-03
7.222056023996880356e-04
1.357973024586544121e-03
1.047506662459844057e-03
1.243545129754994490e-03
8.947625352573308722e-04
7.814508604372949214e-04
7.532064809150688933e-03
1.627291236999873396e-03
7.663173898552562337e-04
6.510531460908052133e-03
7.995999762925269996e-03
9.068416603459871200e-04
1.033706368580795433e-02
4.607187717694733071e-03
1.617679937068754745e-03
8.082992898831133435e-04
1.537885376786785052e-03
7.692083845938146522e-03
4.164509460776660149e-03
1.350920498159035752e-03
4.763421337792627525e-03
1.361550240555384856e-03
1.056555664645901504e-03
1.045342472326127748e-03
1.381614196725475512e-03
9.351389065803991478e-04
4.306835013547564289e-03
1.886755775672599011e-03
3.463486046716644437e-03
1.251549970263634865e-03
4.542913786501405655e-03
1.040478776510310541e-03
4.243541437306232872e-03
6.328019191509298702e-03
1.700492748931805090e-03
1.502714590147994321e-03
1.007226510869320586e-02
1.136086653377160229e-03
9.197951791156380643e-04
8.321053043066615508e-04
9.010499411649885125e-04
4.187492128294610302e-03
9.234670764494578481e-04
7.070671886131322994e-04
8.802349776740204385e-04
1.202518782825551854e-03
1.365313566458768507e-03
2.305980760183179001e-03
8.431404581888885582e-04
8.938106117259265147e-04
8.555537868939201403e-04
1.224906697209637244e-03
1.102036005508662134e-03
1.367536142306572701e-03
4.499153481283622857e-03
5.428829247166672145e-03
1.119112063857853048e-03
3.941470810095794135e-03
4.125883147705059449e-03
1.262801439466466284e-03
1.143693266072036896e-03
8.437131344109754637e-04
5.197690506389789078e-03
1.408125271245762485e-03
1.109979324543497849e-03
7.412671432605947609e-03
7.549190462424809275e-04
7.797687103953438066e-04
3.393293637405307272e-03
4.486627853946652082e-03
7.569211236203627138e-03
7.080192160686406798e-04
6.897054599718786469e-03
1.441244375438803472e-03
9.852273539564778207e-04
4.400271034042398978e-03
4.795961555966885871e-03
1.535051025327558360e-03
8.053867655001251515e-04
7.866515420696429438e-04
6.001365600288115915e-03
1.162117984180528361e-03
2.813094966848556002e-03
7.653090727691803713e-04
1.999074176015814327e-03
6.363520025073386190e-03
6.063249787732798851e-03
8.870547037986824951e-04
1.214389328969663756e-03
5.916205903151045171e-03
2.322841791335880039e-03
1.404591253746527869e-03
1.172404180919588926e-03
8.842806989010295899e-04
2.880053368133313803e-03
4.615052905234999503e-03
1.364402289670956512e-03
6.232209543401977768e-03
9.637457996278288048e-04
1.466182602100831551e-03
1.749051732322930543e-03
1.032780906787501059e-03
4.432773506992619857e-03
9.162596649136047497e-04
1.609674595177575367e-03
1.447208948845494321e-03
3.781532193960761724e-03
5.127287350402808669e-03
3.304309604761200819e-03
3.037272962288197192e-03
3.763745704202244892e-03
1.130070850138686737e-02
1.002013837137816048e-03
9.977459635539774607e-04
1.021787574339986940e-03
7.965122495614897257e-04
4.684679638897875330e-03
4.165034269343939263e-03
1.442357232288708898e-03
4.989865548503070666e-03
2.192454197696591233e-03
9.170664746539084269e-04
7.635731973870216877e-04
9.889066461091771277e-04
1.814945482757986681e-03
1.160054724983020655e-03
3.220060351611471559e-03
5.495510808598260723e-03
1.154015305057401854e-03
1.048825311339894595e-03
5.367789088266424098e-03
3.889959344304013810e-03
1.145521326058138644e-03
7.035427982744657700e-03
8.084252274573953522e-04
5.684264730980949885e-03
6.503188758300234261e-03
1.970033023375052702e-03
4.584191565304524159e-03
1.032586782229540740e-03
1.666357514970600922e-03
6.195577371361170836e-03
9.476122779785926386e-04
1.199264070602941478e-03
4.454798322943027619e-03
6.758197388246874396e-03
1.103223651410359428e-03
2.209738536244199372e-03
2.865218708300229337e-03
1.219742143229077692e-03
1.392007136943676678e-03
5.961019391894019533e-03
3.160828588983094142e-03
1.127247911745163584e-03
7.819241464913230088e-04
7.486135137168598193e-04
8.439470070421950521e-03
8.395762514220595982e-03
7.893742752671946937e-04
1.365357527896932750e-03
9.009065720853821424e-04
1.016063189847365468e-03
3.092992059356435702e-03
9.917714469888162018e-04
1.144732630016250842e-03
1.423525050076352924e-03
9.269840612720023918e-04
4.146632519530597284e-03
7.446535361071438810e-04
1.756954989640919585e-03
8.363802476838871382e-04
7.811773831693965804e-04
1.026807150869618037e-03
1.248608448111187489e-03
1.232673435089837524e-03
7.483860050400927737e-04
1.149822924895784523e-03
9.119253875904231432e-04
9.266536724585068942e-04
8.039599584234893674e-04
1.164550201702972557e-03
4.160843913980847610e-03
3.232141715381111561e-03
1.342426845855257660e-03
1.628267450801420581e-03
5.654767359637003117e-03
1.957265563895052747e-03
6.762985931493573034e-04
7.592361015546032071e-03
9.991360224820805113e-04
1.617580081588026455e-03
1.302533843436883085e-03
6.886744946424219575e-03
4.758295925673860539e-03
4.612174603831770310e-03
9.700404454830556392e-04
9.240813702927148845e-04
1.018442050035127128e-03
2.960680724304285642e-03
3.198133370669057219e-03
4.712560831198283999e-03
3.481061183623057435e-03
7.910708594521135900e-04
9.330646135828765068e-04
4.751186665681778054e-03
6.998776002334213507e-04
4.682779097829966979e-03
9.146502358409820850e-04
1.957699190207712672e-03
4.330066240700451360e-03
1.259037653646335369e-03
1.878872995803969412e-03
1.412503468932243579e-03
8.984388429800671452e-04
1.757365046428896850e-03
9.916815061262146229e-04
2.999362735968123892e-03
1.126874200744506452e-03
1.723306443849210393e-03
8.055522401943916808e-04
1.658238853082639281e-03
9.620570219739789462e-04
1.495815934247310755e-03
1.927094456052739699e-03
1.174107732019227758e-03
1.417687589131734873e-03
8.379422949672524950e-04
4.170673541629566460e-03
1.162835904860276201e-03
6.978510303010748922e-04
4.886822659728502598e-03
3.842887614375171089e-03
1.456750469721393004e-03
9.854129178362060898e-04
1.418366866811675503e-03
4.963372250588653743e-03
4.854549931150406450e-03
1.358750251564526954e-03
5.313483507412841700e-03
4.586777682567855750e-03
9.781609181254765240e-04
6.020997420505522918e-03
9.519319315834934422e-04
7.784196179490307337e-03
5.451526098269156642e-03
8.768876292002813089e-04
1.245003653335825279e-03
1.553810919249300898e-03
8.448960397712937170e-04
8.391378294416374428e-04
7.721430678896937412e-03
4.960120307568476918e-03
3.699673974498113391e-03
1.015170603678902141e-03
1.362481888364498522e-03
2.266318559845360413e-03
1.291344778906388215e-03
3.827987322544261842e-03
2.136013292926356756e-03
1.231283957884297172e-03
1.091208320017180702e-03
1.418406241666643605e-03
1.490838225497394601e-03
2.823838743662206857e-03
9.105611639980154158e-04
7.567991681646741263e-03
7.200135690424981595e-04
9.325669151303776772e-03
4.926624107357766014e-03
6.632354204081146107e-03
9.570163100144307797e-04
6.868443388639434120e-03
3.537354970090860438e-03
1.239083041742640792e-03
1.234299609079874760e-03
1.028172450849908041e-02
2.737953124503392840e-03
9.847029414132746523e-04
9.632259529166850749e-04
1.064737468039069586e-03
4.561022765780889734e-03
1.022233973686895864e-03
1.029709460847141661e-03
3.406407033439997484e-03
8.096896575656623409e-04
1.046998398272821346e-03
4.949419101090913459e-03
6.943857385518273882e-03
1.323206482939496935e-03
1.245912082050292836e-03
7.622554451811778230e-03
4.121528978486058842e-03
4.574125562785563877e-03
1.721537338777236713e-03
1.980134384360265117e-03
5.372090683351357643e-03
6.737830745249138650e-04
7.152339127184785886e-03
8.149018559702608105e-03
3.065314778468733025e-03
1.474481463750259257e-03
1.869309640213890570e-03
5.025532235202427069e-03
1.876535649300016236e-03
7.877326978743817362e-03
3.376459713227602903e-03
8.814754954562663454e-04
3.623428713227208348e-03
8.617270828236902463e-04
7.391569247884276217e-03
4.668805241367275823e-03
1.662445348205624082e-03
9.898278154223037056e-03
7.414662670891478688e-04
8.618891543086685050e-04
9.849122514887171179e-04
3.474273651167466247e-03
4.429433495345908370e-03
1.572662748632096697e-03
3.996813124930868703e-03
1.275599481158666820e-03
7.915743035780690301e-03
1.273533842689042331e-03
1.480741920266199444e-03
8.155112003000076701e-03
4.691677417723767035e-03
1.965093311957251485e-03
3.154829733913798277e-03
8.101375214368212920e-04
2.795557915254873356e-03
4.104171061784487456e-03
6.294688453172794969e-03
3.569652925932620489e-03
4.473893415931245662e-03
5.076201106881774935e-03
4.467889119852491708e-03
3.803561953218431279e-03
8.878702548324693845e-04
9.428007118665879607e-03
2.164498227083922356e-03
1.212241992989254377e-03
8.321594731873424577e-04
2.537997407666166185e-03
1.555401488156386283e-03
9.469762829566486309e-03
1.301495641683862031e-03
1.132477415907630824e-03
1.546088459799949784e-03
4.607164663183911830e-03
5.285125258974861413e-03
8.124634032924250935e-04
3.879823047112972503e-03
2.400549314780803072e-03
9.413074890765854965e-04
9.038065147143678610e-04
1.286100628853549619e-03
8.916714531492314849e-04
5.303625756289539854e-03
4.401134362828259747e-03
9.499844091918402053e-04
1.343030508701288390e-03
1.409801001475041249e-03
1.887438511406276881e-03
1.498837843556471896e-03
7.054026303544974879e-04
9.221808071035120452e-04
1.077978242653325654e-03
1.105168873939016113e-03
1.399091008727172073e-03
7.544655199490558775e-04
8.987932146986340326e-04
9.559659940262617197e-04
7.867736274172784476e-04
4.083570667526292830e-03
7.501772464682841335e-04
2.386441932395977263e-03
6.551881091571364925e-03
2.228785520262421740e-03
1.204143497968240611e-03
1.286312036995291555e-03
7.039703681030688893e-03
8.223334557209776262e-04
9.842008285455942918e-04
7.303913124469666764e-04
9.704837717213364232e-04
9.936509297495711712e-04
1.081997322588536302e-03
8.479379234993935982e-04
9.686523555679302103e-04
9.760539412609575780e-04
1.643909246030470558e-03
8.774883394727419836e-03
4.348686984442536214e-03
6.396026531112560150e-03
1.151826239839712652e-03
1.091469222097614248e-03
3.523628881400568420e-03
1.096944158072630376e-03
7.500978098699730839e-03
4.839099456574616140e-03
1.289433531441715273e-03
1.019039458155368691e-03
5.381869922052456151e-03
7.787916724720360959e-04
9.053042343403569113e-04
1.225880844966636312e-03
6.862506271972227713e-03
1.255985552741789883e-03
1.579434263299652049e-03
3.760400086243756174e-03
9.900294109552478222e-04
7.224458587157770329e-04
8.078840691758917185e-04
5.222185609816624996e-03
6.088727648973133420e-03
7.613750788086403286e-03
4.124386685219961352e-03
1.682638810205404692e-03
2.879407793639997097e-03
4.919748202545527922e-03
1.530238018749903927e-03
4.551582489564619076e-03
1.416087133170472597e-03
2.965000836569751594e-03
9.161684757225337138e-04
3.331826447459827409e-03
8.500760377613442468e-04
5.887026450459729478e-03
4.354768274009622464e-03
4.333419468529588203e-03
5.693153618038287490e-03
1.625081208721286790e-03
8.725465057448966765e-04
5.709356027603439999e-03
7.832238245328283993e-04
3.883339763242307872e-03
9.020065620895796436e-04
5.614834740404699327e-03
9.592426092682657373e-04
2.365103147308825638e-03
4.250100878301655075e-03
9.305808223020809984e-04
1.183905711669939196e-03
1.404510502090940095e-03
2.897915081185429512e-03
1.325553426439236501e-03
1.721186373323826263e-03
7.918881078855066584e-04
3.252262408257117036e-03
6.016321509287899001e-03
7.219360653834792918e-03
4.082747066630490473e-03
3.815938660845960475e-03
5.250405378573288692e-03
4.593405663191716878e-03
7.963360688253269537e-03
1.255163740246876278e-03
6.282465754885739086e-03
1.482363370677202471e-03
1.181944900471506438e-02
1.071952751945116564e-03
2.198304702730852992e-03
1.497594693439394109e-03
4.448917427121878813e-03
7.159947893276570174e-04
7.533897261043876956e-04
1.036253796466282467e-03
4.716654360480521113e-03
1.178180402248545262e-03
1.263836336641519517e-03
1.057124516274742356e-03
8.884610742999577912e-04
9.593507373379808007e-04
9.578497201561439033e-04
9.346101511347175862e-04
3.263229868254443906e-03
1.567532682830533606e-03
1.986420187078979504e-03
1.070160309902251335e-03
1.110190884172917655e-03
4.907326313017176464e-03
3.658240223195264890e-03
8.681345322444059985e-04
4.062550406691367924e-03
4.517073684375929980e-03
1.621915874593789783e-03
9.757247750967366559e-04
1.033257768199565040e-03
3.741835087208619012e-03
6.495659033787632396e-04
7.619074844725347816e-03
1.660059793440149057e-03
2.448173632110982583e-03
1.267217857152661302e-03
5.152566135878491535e-03
9.144296536561116826e-04
1.100740562123928012e-02
8.591703582476800313e-04
5.264529686143271103e-03
3.053286486305878920e-03
7.103610453996133008e-03
8.892680135968026364e-04
3.213714712743047635e-03
1.128924466628795616e-03
1.307163840047946644e-03
9.989046543475432749e-04
8.823816111028929057e-04
1.242501051488073592e-03
5.065818339020445975e-03
9.173843342057064415e-04
6.741862008545063253e-04
2.753135377125161699e-03
7.788278285646163882e-04
4.410473515551307198e-03
1.406976786613118495e-03
1.154837260702329046e-02
5.032954086565915967e-03
3.996950068142954803e-03
1.056998777194854012e-03
3.949690993465415460e-03
4.585785617147945803e-03
3.383320761634998550e-03
5.658867799283939098e-03
1.945481603242421717e-03
3.664193153023866199e-03
1.556440085381172699e-03
1.006124406705689910e-03
8.743583243538028153e-04
4.498937923373233505e-03
1.927170128595266348e-03
4.106711192070676072e-03
4.177496371394934065e-03
5.542456045882862038e-03
6.629656179813319013e-03
9.710007673902979744e-04
5.585445867904522202e-03
2.633195359260164653e-03
8.044608931922790640e-03
2.245540003162297543e-03
7.583568276197376768e-04
9.168772638712913235e-04
9.151521165963572013e-03
1.339671376041884007e-03
7.142614724943748949e-04
6.726123267417412517e-04
7.264449180898491796e-04
2.065610778748579353e-03
1.067472967935641009e-03
1.034630456706484708e-02
7.741106838377666320e-04
3.558469326796149038e-03
4.707667842267116744e-03
1.109136728702660212e-03
8.635822850157011442e-04
1.915823586049414601e-03
2.940751140032715153e-03
1.470721968506659341e-03
1.002292748993898266e-03
1.186615128784642478e-03
6.257898593715645677e-03
8.055489957689308811e-03
1.274181838218140395e-03
8.154648373940113484e-04
2.058325080468474937e-03
1.025745464814168274e-03
6.774584198584226481e-03
7.569544106452462178e-04
1.315905857588552498e-03
1.098522640065953361e-03
8.238573255468395907e-04
4.917468101043911445e-03
1.574521282045094044e-03
4.722832822459040701e-03
1.055891626468067734e-03
5.814261443956523709e-03
1.046550030568823989e-03
1.408767559504281669e-03
1.278479258238088582e-03
9.237566814874422936e-04
1.191190538205973018e-03
1.168752155448692879e-03
9.731358089858038827e-04
5.862663496380988992e-03
1.122271513275499783e-03
5.138146137535006507e-03
4.146676404862078939e-03
5.427861249711779870e-03
4.838761944422420060e-03
8.506241977143455882e-03
8.882803546043646159e-04
1.152646914874433815e-03
1.189428651826054039e-03
3.754053853171318567e-03
7.567737602453208793e-04
1.054299650972082740e-03
7.673231071309678190e-04
4.553665352780223580e-03
1.309994695630162069e-03
8.788400316554435474e-04
4.352292050378797281e-03
1.069768317823351859e-03
7.898624936894410933e-03
1.070864061352734238e-03
3.900662677321895672e-03
1.866881036508097032e-03
4.916028170645105923e-03
9.628352997937925399e-04
4.272293213246390088e-03
1.504910649253418317e-03
4.734356333497496440e-03
4.550696978905488695e-03
9.352086725631177013e-04
8.986614954738210773e-03
2.854421369317037670e-03
8.362562497913120490e-04
5.941922070223937431e-03
9.611896952808662896e-04
4.481441898575209103e-03
9.395556908591616661e-04
1.086737792269031359e-03
4.634331038982138044e-03
4.034503793675002503e-03
2.443584749546885010e-03
7.410625467166357359e-04
8.896344273124343928e-04
3.934690613536903810e-03
6.949137130455113921e-03
