3.999504081963095814e+00
3.585000330989714712e+00
2.416083667019847780e+00
4.138845853973180056e+00
3.012435700977221131e+00
3.742929477011784911e+00
3.859431594959460199e+00
3.730624785006511956e+00
3.548959427047520876e+00
4.220145487983245403e+00
3.027757717994973063e+00
2.778362797980662435e+00
3.867773514997679740e+00
3.470775456982664764e+00
3.899265370040666312e+00
2.840207376983016729e+00
4.025544831994920969e+00
4.216981962032150477e+00
3.567301926028449088e+00
2.997619574016425759e+00
3.928879304963629693e+00
3.351471320027485490e+00
3.575737987004686147e+00
3.962715819012373686e+00
3.061348245013505220e+00
3.362625834997743368e+00
3.182513492996804416e+00
4.517355490999761969e+00
2.990378425980452448e+00
3.546224338992033154e+00
2.973558761994354427e+00
3.528134114982094616e+00
3.180949961999431252e+00
3.037228142027743161e+00
3.689429910969920456e+00
2.937947279016952962e+00
2.936733103008009493e+00
2.852672904962673783e+00
2.671914824983105063e+00
2.868282461015041918e+00
2.715125627990346402e+00
3.193250776967033744e+00
3.742325307975988835e+00
3.003809211018960923e+00
2.616665115987416357e+00
3.647730531985871494e+00
3.249052478000521660e+00
2.715597193979192525e+00
2.880301962955854833e+00
3.553766671975608915e+00
2.565960917039774358e+00
2.381709244975354522e+00
2.789632235013414174e+00
2.599774214031640440e+00
2.801809779950417578e+00
3.034142375981900841e+00
2.560814652999397367e+00
3.618933463003486395e+00
2.587760368012823164e+00
2.404912200989201665e+00
1.865770661970600486e+00
3.452846276981290430e+00
3.067281784024089575e+00
2.398713457980193198e+00
2.984936786990147084e+00
3.553895924997050315e+00
2.395504093030467629e+00
2.873155020002741367e+00
3.220579223008826375e+00
3.482003899000119418e+00
2.353233514993917197e+00
2.197658071992918849e+00
2.432098155026324093e+00
3.366687770001590252e+00
2.506600330991204828e+00
1.613774767029099166e+00
3.364582501002587378e+00
3.448953106999397278e+00
2.918556636956054717e+00
2.712498678010888398e+00
2.817564593977294862e+00
1.951120773970615119e+00
1.788546945957932621e+00
2.623126296966802329e+00
1.959593586041592062e+00
2.674339563993271440e+00
2.125508024008013308e+00
2.133501900010742247e+00
1.440936158003751189e+00
3.473101866024080664e+00
1.684008851007092744e+00
2.657637238036841154e+00
2.382993497012648731e+00
1.923258755006827414e+00
2.576115515024866909e+00
2.224153238988947123e+00
2.100636399991344661e+00
1.787945295043755323e+00
3.152110057999379933e+00
1.683228429988957942e+00
2.381047673989087343e+00
2.993375962018035352e+00
2.426122161967214197e+00
2.290442386991344392e+00
2.172548578004352748e+00
2.614409489033278078e+00
2.281032075989060104e+00
2.861378093017265201e+00
2.519504534953739494e+00
2.757522926025558263e+00
3.144843387999571860e+00
2.657546940026804805e+00
2.984542388003319502e+00
2.369199283013585955e+00
3.343269369972404093e+00
2.256343314016703516e+00
1.666844154009595513e+00
2.563129852991551161e+00
2.814800557971466333e+00
2.828347450005821884e+00
2.569391108991112560e+00
2.721493193996138871e+00
3.506861316040158272e+00
2.776964185992255807e+00
2.148021074011921883e+00
3.080216118018142879e+00
3.822859009960666299e+00
2.688518223993014544e+00
2.649111181031912565e+00
2.414343714015558362e+00
3.315576382970903069e+00
2.384926227037794888e+00
2.583609723020344973e+00
3.010628320975229144e+00
3.149233443022239953e+00
2.619995555025525391e+00
2.712018646998330951e+00
2.634650367021095008e+00
3.261653031047899276e+00
2.246095658978447318e+00
2.377610291005112231e+00
2.608825881965458393e+00
2.683437735016923398e+00
2.338406894006766379e+00
2.698951327998656780e+00
2.984722563007380813e+00
2.637651649012695998e+00
2.377593746990896761e+00
2.429659261018969119e+00
2.728305534983519465e+00
3.218184287019539624e+00
2.335386209015268832e+00
1.770356682012788951e+00
2.904435046017169952e+00
3.352091697975993156e+00
2.781059722008649260e+00
2.319294352026190609e+00
2.267481022980064154e+00
2.648997091047931463e+00
2.104528174037113786e+00
3.002517038956284523e+00
2.080717404955066741e+00
3.172219026018865407e+00
1.570039696991443634e+00
2.787192908988799900e+00
3.090741397987585515e+00
2.526436490006744862e+00
2.694916615029796958e+00
2.469021496945060790e+00
2.057398784963879734e+00
3.396422942983917892e+00
2.033399691979866475e+00
2.627766991034150124e+00
2.341005844995379448e+00
3.785178485966753215e+00
1.686135330004617572e+00
2.739069319970440120e+00
1.787463450047653168e+00
2.570741686969995499e+00
2.877340526029001921e+00
1.935671442013699561e+00
1.531506141996942461e+00
3.025518946000374854e+00
3.312412769009824842e+00
1.540813904022797942e+00
2.346901268989313394e+00
2.523243336006999016e+00
3.382762599037960172e+00
2.587957699026446790e+00
2.534258319006767124e+00
2.844110556994564831e+00
2.339029156020842493e+00
2.378545183979440480e+00
2.069462158018723130e+00
3.236421645036898553e+00
2.391724810004234314e+00
2.507183155044913292e+00
2.770239400037098676e+00
3.054148780996911228e+00
3.396153404028154910e+00
2.633768563973717391e+00
1.605696421000175178e+00
3.152972056006547064e+00
3.001889183942694217e+00
2.913455840025562793e+00
2.341146952006965876e+00
3.401160861016251147e+00
2.969865004997700453e+00
2.995691538031678647e+00
2.865443418966606259e+00
2.632685106014832854e+00
2.138057906005997211e+00
1.716937082004733384e+00
2.147580956981983036e+00
2.824247414013370872e+00
2.744873207004275173e+00
2.623167661018669605e+00
2.817443408013787121e+00
3.051154321990907192e+00
1.950785614026244730e+00
2.791763156012166291e+00
2.696417805971577764e+00
3.300748075998853892e+00
1.512033901992253959e+00
2.031479088007472456e+00
2.374715774960350245e+00
3.526555635035037994e+00
2.899828164023347199e+00
2.555494183965492994e+00
2.097083492029923946e+00
3.097464839986059815e+00
2.306720505992416292e+00
2.705304244998842478e+00
2.772917994007002562e+00
2.521872245008125901e+00
2.329324020014610142e+00
2.036759843002073467e+00
2.017694527050480247e+00
3.428204219031613320e+00
2.336852648004423827e+00
2.927322358998935670e+00
2.373874813027214259e+00
2.610650585964322090e+00
2.054664034978486598e+00
2.693870874005369842e+00
2.010580254951491952e+00
2.814480564964469522e+00
1.745938715001102537e+00
2.536481886985711753e+00
2.830006127012893558e+00
2.076062284002546221e+00
1.506941023981198668e+00
1.603265237004961818e+00
2.573529989982489496e+00
2.870327246026135981e+00
3.120892491017002612e+00
2.804960684035904706e+00
2.378833077964372933e+00
1.855128913011867553e+00
1.656065169954672456e+00
1.784311163995880634e+00
2.250375660019926727e+00
3.283248332969378680e+00
2.504439295036718249e+00
1.679735950019676238e+00
1.134377141017466784e+00
1.578656087978743017e+00
2.822122483979910612e+00
1.683273732021916658e+00
1.922037028998602182e+00
2.237500876013655216e+00
3.008120373997371644e+00
2.270801489998120815e+00
1.490253949014004320e+00
2.370069654018152505e+00
3.099716768017970026e+00
2.069608640973456204e+00
1.993030823010485619e+00
1.588261723984032869e+00
2.997376437007915229e+00
3.435981392045505345e+00
2.553474393964279443e+00
1.782519005995709449e+00
2.721365882025565952e+00
2.711481840000487864e+00
2.166459987987764180e+00
2.018606298021040857e+00
1.581465200986713171e+00
3.167616914026439190e+00
2.319088771007955074e+00
2.126355996995698661e+00
2.057585486036259681e+00
2.144481922034174204e+00
2.432662811013869941e+00
1.994298632023856044e+00
2.124141923966817558e+00
2.845202600990887731e+00
2.725198782049119473e+00
2.366808877035509795e+00
2.647018830000888556e+00
2.613481052976567298e+00
2.092319660005159676e+00
2.238758613006211817e+00
2.756026212999131531e+00
2.266450675961095840e+00
2.622749738977290690e+00
1.770910953986458480e+00
2.285922137962188572e+00
2.612808902980759740e+00
2.469497787009458989e+00
2.805160236021038145e+00
2.753145691996905953e+00
2.835800033004488796e+00
2.925869585014879704e+00
1.405074755020905286e+00
1.507760939013678581e+00
2.052713461976964027e+00
2.136821601015981287e+00
2.106940702011343092e+00
2.805115630966611207e+00
1.575549956003669649e+00
2.812887291016522795e+00
2.638826646027155221e+00
2.179459890001453459e+00
1.955193465983029455e+00
1.805613984994124621e+00
1.824785834993235767e+00
2.483478372974786907e+00
2.297718077024910599e+00
1.743221202981658280e+00
2.146191556006669998e+00
2.488167005998548120e+00
1.520606887992471457e+00
2.741949272982310504e+00
2.367052237968891859e+00
2.115170197968836874e+00
1.994351504021324217e+00
1.780436275992542505e+00
2.611754332960117608e+00
3.095956292992923409e+00
1.905709619983099401e+00
2.163983253005426377e+00
1.942033527011517435e+00
2.873545692011248320e+00
2.754686059022787958e+00
2.037863885983824730e+00
2.747703115979675204e+00
1.956760851026047021e+00
2.897942435985896736e+00
2.830901204026304185e+00
2.632277345983311534e+00
2.530973995977547020e+00
2.332209536049049348e+00
1.626064675045199692e+00
2.785600856004748493e+00
2.304753765987697989e+00
2.552816552983131260e+00
2.375435006979387254e+00
2.578172110021114349e+00
1.807671281043440104e+00
3.170943986973725259e+00
2.382595553994178772e+00
2.483151233987882733e+00
2.386359172000084072e+00
2.624241004989016801e+00
2.183488534006755799e+00
2.248734808992594481e+00
2.793977132008876652e+00
1.479216734995134175e+00
2.659272313991095871e+00
2.317809247004333884e+00
1.954973339976277202e+00
2.353739937010686845e+00
2.253053590015042573e+00
1.506494572036899626e+00
3.321827445994131267e+00
1.679115315026137978e+00
1.695193138963077217e+00
2.740113162028137594e+00
2.482499800971709192e+00
2.898384328000247478e+00
1.656777971016708761e+00
2.560259758960455656e+00
2.109888327016960829e+00
1.639740713988430798e+00
1.765763167990371585e+00
1.409054732008371502e+00
2.581195570994168520e+00
2.681748550967313349e+00
2.700582454970572144e+00
2.196212481998372823e+00
2.576924658031202853e+00
2.872545466991141438e+00
2.125464393000584096e+00
2.369471158017404377e+00
1.922253724012989551e+00
1.736343308002687991e+00
1.625504764029756188e+00
2.032068413973320276e+00
2.581741614965721965e+00
2.841303174966014922e+00
1.137450281006749719e+00
1.963950630975887179e+00
1.589037747005932033e+00
2.814905735023785383e+00
3.065889229008462280e+00
2.055053721996955574e+00
2.221485727990511805e+00
3.056309313978999853e+00
2.561152926995418966e+00
2.032617649005260319e+00
2.371182047994807363e+00
2.130815725016873330e+00
2.749356442014686763e+00
2.430552487028762698e+00
2.257479608000721782e+00
2.671681378968060017e+00
2.245307778997812420e+00
2.121717452013399452e+00
2.617887189961038530e+00
2.630653907021041960e+00
2.709742592996917665e+00
2.128873098001349717e+00
2.742498058010824025e+00
2.646394865994807333e+00
2.021962479979265481e+00
2.331208959047216922e+00
2.453314127982594073e+00
2.351994582044426352e+00
2.109863122983369976e+00
2.146737889968790114e+00
3.140824456000700593e+00
2.150149438006337732e+00
2.135710116010159254e+00
2.385889731987845153e+00
3.074729510000906885e+00
2.379527658980805427e+00
2.749920447997283190e+00
2.996928024047520012e+00
2.666854328999761492e+00
2.854974912013858557e+00
2.755503271997440606e+00
2.688126010994892567e+00
2.561635745980311185e+00
1.785825319995637983e+00
1.697311640018597245e+00
2.121039578982163221e+00
2.133448400010820478e+00
2.051079214026685804e+00
1.691886520013213158e+00
1.487514064996503294e+00
2.737911030999384820e+00
2.398154741968028247e+00
1.933958610985428095e+00
2.238857425050809979e+00
2.383534202002920210e+00
1.976995636010542512e+00
2.592481283994857222e+00
2.681803393003065139e+00
1.523857418971601874e+00
3.218149356020148844e+00
1.551847081980668008e+00
2.299345450010150671e+00
2.169225181976798922e+00
2.996617741999216378e+00
1.675439603975974023e+00
2.320437197980936617e+00
1.787534016999416053e+00
2.729312637005932629e+00
2.768961530993692577e+00
2.302361330017447472e+00
1.771902802982367575e+00
2.134051729051861912e+00
1.806971254001837224e+00
2.682989994995296001e+00
2.069952577992808074e+00
2.617998272005934268e+00
1.818765757023356855e+00
2.106691494002006948e+00
2.025416632997803390e+00
2.388348534004762769e+00
1.795746246003545821e+00
1.751695097947958857e+00
2.023243938980158418e+00
2.038459525036159903e+00
2.336098032013978809e+00
2.596040564007125795e+00
2.246258853992912918e+00
2.016127560986205935e+00
1.793386427045334131e+00
1.819798834039829671e+00
1.928484205971471965e+00
1.730287853046320379e+00
2.298982659005559981e+00
1.783842046977952123e+00
2.426952080975752324e+00
1.777006068965420127e+00
1.569186814012937248e+00
2.565288332989439368e+00
2.967953190964180976e+00
2.570751812017988414e+00
2.178711416956502944e+00
2.989292881975416094e+00
3.013446589000523090e+00
1.296319057000800967e+00
2.199099383957218379e+00
1.495442060055211186e+00
2.783691836986690760e+00
1.771793402964249253e+00
1.596861655998509377e+00
2.888670753978658468e+00
3.022866673010867089e+00
2.256894660997204483e+00
2.808591431996319443e+00
1.539212966046761721e+00
3.280399531009607017e+00
3.069652240956202149e+00
2.385812085994984955e+00
1.831301580998115242e+00
2.535686821967829019e+00
1.598370833962690085e+00
2.559633276017848402e+00
3.477845230954699218e+00
2.195633400988299400e+00
2.105914816027507186e+00
1.950778401980642229e+00
1.992064443009439856e+00
1.881263786985073239e+00
2.116850237012840807e+00
2.137419968028552830e+00
2.090937266009859741e+00
2.542023084999527782e+00
1.914441131986677647e+00
1.928260479995515198e+00
1.742096776026301086e+00
2.860270691977348179e+00
1.930413370020687580e+00
2.518499252968467772e+00
1.679942208982538432e+00
2.528782667999621481e+00
2.349667088012211025e+00
1.716618269972968847e+00
1.922714882006403059e+00
2.794328825024422258e+00
2.226827663020230830e+00
2.548447727982420474e+00
2.200537228025496006e+00
2.057963954983279109e+00
2.080826257006265223e+00
1.578722501988522708e+00
1.840853152039926499e+00
3.759395143017172813e+00
2.105720976018346846e+00
2.647288857027888298e+00
2.699145514052361250e+00
2.013351329951547086e+00
2.297540378000121564e+00
2.577181860979180783e+00
1.818458710040431470e+00
2.493872812017798424e+00
1.986265726969577372e+00
2.283425649977289140e+00
1.754386493004858494e+00
2.297208214004058391e+00
2.328235919994767755e+00
1.928798423032276332e+00
2.774535877979360521e+00
2.035593588952906430e+00
2.828625426045618951e+00
2.277280972979497164e+00
1.494054467999376357e+00
1.711344761017244309e+00
3.133844081021379679e+00
2.638440672017168254e+00
1.783667256997432560e+00
2.066123263968620449e+00
1.931394765968434513e+00
2.121736133005470037e+00
2.671288334997370839e+00
1.984210954979062080e+00
2.130280965997371823e+00
1.511253584001678973e+00
1.569050381018314511e+00
1.457715085998643190e+00
2.824801346985623240e+00
2.347321858047507703e+00
2.881621559034101665e+00
1.791626969003118575e+00
2.570445837045554072e+00
2.048169113986659795e+00
1.788146596984006464e+00
1.760972176969517022e+00
2.144486290984787047e+00
2.116669909970369190e+00
1.545074687048327178e+00
1.983666946995072067e+00
2.281481266021728516e+00
2.751537294010631740e+00
2.604448967031203210e+00
2.847358500002883375e+00
1.600929734006058425e+00
1.569989064999390393e+00
2.520092253980692476e+00
2.169024301983881742e+00
2.059347681002691388e+00
2.176934546965640038e+00
2.460933900030795485e+00
1.834612151025794446e+00
1.781084416958037764e+00
2.340924307005479932e+00
1.741372507996857166e+00
1.908611681021284312e+00
1.774400598020292819e+00
2.306719988991972059e+00
2.291221979947295040e+00
2.469096749031450599e+00
2.068065240979194641e+00
2.314504937967285514e+00
1.866968707006890327e+00
2.581968733982648700e+00
2.377785252989269793e+00
2.107486305001657456e+00
1.600508400006219745e+00
3.022614988032728434e+00
2.962728984013665468e+00
1.648084906977601349e+00
1.527634643018245697e+00
2.611744711990468204e+00
2.549768079014029354e+00
2.032538145023863763e+00
2.197661440994124860e+00
1.777606213989201933e+00
1.779533680994063616e+00
2.052455590979661793e+00
2.208528011047746986e+00
2.273174363013822585e+00
1.815023929986637086e+00
2.507158945023547858e+00
2.629626869980711490e+00
1.184530616970732808e+00
2.406357912987004966e+00
2.131982446007896215e+00
2.387280323018785566e+00
1.945691491011530161e+00
1.691961339034605771e+00
3.106200420996174216e+00
2.296216731017921120e+00
2.359479402017313987e+00
1.988892807974480093e+00
2.020779470971319824e+00
2.419049789023119956e+00
2.265521082968916744e+00
1.534961472032591701e+00
1.778977064008358866e+00
2.516227142012212425e+00
1.995229588996153325e+00
2.358092451991979033e+00
1.802244566031731665e+00
2.722372671996708959e+00
2.738662828982342035e+00
1.496788004995323718e+00
2.374227390973828733e+00
2.493089550000149757e+00
1.451326239970512688e+00
2.040745310019701719e+00
2.236515891971066594e+00
2.588424396992195398e+00
2.759679313981905580e+00
1.789511342998594046e+00
2.367039331002160907e+00
2.788869298005010933e+00
2.387337886961176991e+00
2.555411693989299238e+00
1.775936949008610100e+00
2.699362495972309262e+00
2.312819636019412428e+00
1.791813985968474299e+00
1.938014078012201935e+00
2.824227053031791002e+00
1.683849661028943956e+00
2.285786224005278200e+00
1.513027445005718619e+00
2.455095928977243602e+00
2.856452220003120601e+00
2.320347480010241270e+00
2.016443272004835308e+00
2.387397459999192506e+00
2.367486686038319021e+00
1.563741661026142538e+00
2.117574655043426901e+00
2.118671028991229832e+00
2.242432487953919917e+00
2.413182309013791382e+00
3.386467376025393605e+00
2.558123583963606507e+00
2.115333046996966004e+00
1.804384099959861487e+00
2.356859517982229590e+00
2.410474419011734426e+00
2.343941655009984970e+00
1.646781491988804191e+00
2.067369986034464091e+00
3.157949156011454761e+00
1.554131310025695711e+00
2.008192806039005518e+00
1.787168987968470901e+00
2.332148014975246042e+00
3.290085806977003813e+00
2.339855312020517886e+00
1.775375321973115206e+00
2.139637860993389040e+00
1.958905255014542490e+00
1.485375874035526067e+00
2.364999795041512698e+00
1.797712143976241350e+00
1.637669441988691688e+00
3.078886538976803422e+00
2.197286482027266175e+00
2.150909353047609329e+00
1.861782239982858300e+00
1.876100304012652487e+00
2.594594269001390785e+00
2.139493077993392944e+00
2.339649968023877591e+00
2.287243553961161524e+00
1.463622288953047246e+00
1.638809503987431526e+00
2.726462054008152336e+00
3.040648828027769923e+00
2.185909783001989126e+00
2.181307592021767050e+00
2.615229493007063866e+00
2.621507435978855938e+00
2.119884307030588388e+00
2.129677733057178557e+00
2.953826535027474165e+00
2.998079103010240942e+00
2.422269870003219694e+00
2.183584182988852262e+00
2.406083808979019523e+00
2.772206549998372793e+00
1.673047453048638999e+00
1.931546827952843159e+00
2.104534642014186829e+00
1.751404923037625849e+00
2.286632231960538775e+00
2.200963148032315075e+00
1.786613142001442611e+00
2.085234739992301911e+00
2.347764300007838756e+00
1.931010978994891047e+00
2.261884747014846653e+00
2.252569719974417239e+00
2.409364296996500343e+00
1.665481786010786891e+00
2.276125827047508210e+00
2.384555544005706906e+00
2.699949747009668499e+00
1.967445159971248358e+00
1.437155927007552236e+00
2.050570612016599625e+00
1.461802490986883640e+00
2.822156131966039538e+00
1.463369305012747645e+00
1.784439217997714877e+00
1.795968119986355305e+00
2.498399520001839846e+00
2.657722296018619090e+00
2.384970570972654969e+00
1.529602119990158826e+00
2.093485439952928573e+00
1.585473913000896573e+00
2.510080237989313900e+00
2.182827932992950082e+00
3.166371950006578118e+00
2.491082955035381019e+00
1.978030533995479345e+00
2.223867669003084302e+00
2.428951974958181381e+00
2.648137509997468442e+00
2.560894559021107852e+00
2.564242668042425066e+00
2.894230229023378342e+00
1.788717245974112302e+00
2.242641285993158817e+00
1.479392957990057766e+00
1.788547985022887588e+00
2.710890675953123719e+00
2.102731131017208099e+00
2.686782265023794025e+00
3.235770414001308382e+00
2.376413538993801922e+00
2.239809720020275563e+00
1.668296400981489569e+00
2.687746232026256621e+00
1.932930891984142363e+00
1.796775358030572534e+00
1.720098060963209718e+00
1.919021801033522934e+00
3.071371190017089248e+00
1.674122877011541277e+00
2.376089195022359490e+00
2.624696924001909792e+00
2.741272483021020889e+00
1.654346524970605969e+00
1.413722049037460238e+00
2.171009989047888666e+00
2.563586815027520061e+00
1.696456866979133338e+00
2.381129354995209724e+00
2.384486424969509244e+00
1.792345687979832292e+00
1.937747074989601970e+00
2.065468095999676734e+00
1.561582200985867530e+00
1.381827650999184698e+00
1.536648801993578672e+00
2.120654601021669805e+00
2.199850706034339964e+00
1.993436294025741518e+00
1.750708504987414926e+00
2.542536178953014314e+00
1.310843318991828710e+00
1.679939959954936057e+00
1.902019311964977533e+00
2.336450152972247452e+00
1.828463618992827833e+00
1.620376721024513245e+00
2.280085505975876004e+00
2.389531077002175152e+00
1.998536418017465621e+00
2.012375539983622730e+00
2.046650899981614202e+00
1.997270907973870635e+00
2.150363804015796632e+00
2.182646761008072644e+00
1.653327730018645525e+00
2.344429103948641568e+00
3.107363310991786420e+00
1.426098469004500657e+00
2.060125334013719112e+00
2.382804961991496384e+00
3.045599826029501855e+00
2.524086621997412294e+00
2.055586168018635362e+00
2.324056057957932353e+00
1.752680581004824489e+00
2.154128819995094091e+00
1.484811889007687569e+00
2.367178959015291184e+00
2.836577804002445191e+00
2.902669889037497342e+00
1.746398485964164138e+00
2.386234942998271435e+00
2.795206044043879956e+00
2.648315178987104446e+00
1.521601782005745918e+00
2.341569864016491920e+00
2.101999600999988616e+00
2.117502751993015409e+00
1.971256165008526295e+00
1.732564128993544728e+00
2.200522491999436170e+00
2.597115434997249395e+00
2.124299713992513716e+00
1.380537630000617355e+00
1.455539547023363411e+00
1.802178198995534331e+00
2.045765963033773005e+00
2.686641876993235201e+00
2.405179952038452029e+00
2.340533013048116118e+00
2.117760619963519275e+00
2.576425563020166010e+00
1.971989261975977570e+00
1.594523074978496879e+00
1.425312002014834434e+00
2.779386120033450425e+00
2.583847893052734435e+00
1.783648504992015660e+00
2.708241863001603633e+00
2.595709819986950606e+00
2.331203958019614220e+00
2.119222613982856274e+00
2.197317662998102605e+00
2.298518911004066467e+00
2.236616517999209464e+00
2.527853440027683973e+00
1.772878308023791760e+00
2.827035311027429998e+00
2.233340798004064709e+00
2.104006692010443658e+00
1.704089175967965275e+00
2.631861814996227622e+00
2.379606038972269744e+00
1.784412384033203125e+00
2.396633120020851493e+00
2.742344349971972406e+00
1.709303786978125572e+00
2.398659120022784919e+00
1.471021200006362051e+00
1.455402096966281533e+00
2.130599320982582867e+00
1.931552554015070200e+00
2.162364910007454455e+00
2.308693382015917450e+00
2.114967679022811353e+00
2.123622964019887149e+00
2.378290980006568134e+00
1.781129891984164715e+00
2.465776463039219379e+00
1.722879339009523392e+00
2.150733130984008312e+00
2.235173813998699188e+00
2.895673785998951644e+00
2.127360585960559547e+00
2.388415726018138230e+00
2.179073350969702005e+00
2.042158680967986584e+00
2.526700657035689801e+00
2.878884374978952110e+00
2.423496517993044108e+00
2.674969414016231894e+00
2.290559649001806974e+00
1.898090427042916417e+00
2.122265685000456870e+00
2.751392828999087214e+00
3.040963734034448862e+00
1.539213242998812348e+00
2.512748218025080860e+00
3.043418013956397772e+00
2.544033281970769167e+00
2.565145190979819745e+00
2.077650772989727557e+00
1.658302464988082647e+00
1.761662408011034131e+00
2.337463408999610692e+00
2.250847966992296278e+00
2.374197547032963485e+00
1.766171280003618449e+00
2.770189189992379397e+00
2.227651050023268908e+00
2.280812798009719700e+00
3.040940751030575484e+00
1.549825298017822206e+00
2.275364255008753389e+00
1.927869470033328980e+00
2.565937557956203818e+00
2.159581713029183447e+00
2.575793675030581653e+00
1.435828251007478684e+00
2.915342830994632095e+00
1.771557861007750034e+00
2.369592965987976640e+00
1.533843752986285836e+00
2.257721318979747593e+00
1.804900788993109018e+00
2.321374216000549495e+00
2.179574382025748491e+00
2.091062546998728067e+00
1.677225961000658572e+00
2.058876546041574329e+00
1.745175634976476431e+00
1.384387756988871843e+00
2.529482754005584866e+00
2.179330921964719892e+00
2.227708872000221163e+00
2.197161165007855743e+00
3.116193385038059205e+00
2.241855156025849283e+00
2.388978745031636208e+00
2.830640440050046891e+00
2.993284096999559551e+00
1.956952247011940926e+00
1.789702142006717622e+00
1.845796213019639254e+00
2.126363505027256906e+00
2.385056397004518658e+00
1.636878962977789342e+00
2.349332661018706858e+00
2.804468838963657618e+00
2.100074062007479370e+00
1.994025917025282979e+00
2.274518318998161703e+00
2.277842024050187320e+00
2.488115500949788839e+00
1.682374302006792277e+00
2.063699426013045013e+00
2.108582490007393062e+00
2.107420309970621020e+00
2.383845717995427549e+00
2.221949909988325089e+00
1.795841709012165666e+00
1.884846510016359389e+00
2.292153290007263422e+00
2.212002366955857724e+00
2.111389596015214920e+00
1.891438689024653286e+00
2.111278159020002931e+00
1.409025761997327209e+00
