1.016523511679772840e+00
1.016274613110950131e+00
1.015273594463569351e+00
1.012983739889435242e+00
1.013123393561612184e+00
1.010755858681146924e+00
1.009735039189190609e+00
1.007869046151130599e+00
1.008290320839533516e+00
1.007239354706026102e+00
9.989138442781146932e-01
9.992337670929513083e-01
9.975725765551245461e-01
9.979800644110832231e-01
1.001308849471155726e+00
1.004365080346615535e+00
1.004061515103456426e+00
1.004265433617324677e+00
1.004166441372269514e+00
1.004151581833847340e+00
9.999258503626164973e-01
9.998763026960926226e-01
9.997832311996068810e-01
9.997036877414399170e-01
1.000499668430142153e+00
1.008771186332380276e+00
1.022371969511200795e+00
1.042286029140809811e+00
1.060344791703076162e+00
1.072377565839531366e+00
1.088974009699584355e+00
1.091038333563612017e+00
1.100872682697679572e+00
1.112375850009438283e+00
1.122761500740738994e+00
1.132580506198623160e+00
1.151110513482401343e+00
1.169393648126929586e+00
1.174154126438968548e+00
1.189564730567292283e+00
1.215491864333640315e+00
1.236607542908877644e+00
1.259281229516778566e+00
1.269226617964665627e+00
1.292825713168063162e+00
1.325016864769598124e+00
1.347503079435498741e+00
1.376478475132845825e+00
1.392509281913578034e+00
1.409083196571686569e+00
1.404161757753692674e+00
1.387767673971278315e+00
1.377937055419682144e+00
1.363451378952957205e+00
1.349616049130886397e+00
1.344950579791529988e+00
1.364332502540833714e+00
1.372538314959113714e+00
1.357911594459594529e+00
1.363624857918403155e+00
1.365381483545344166e+00
1.362831833892642397e+00
1.356248245361090898e+00
1.363070847795017748e+00
1.373122212680481846e+00
1.361332659558058378e+00
1.362026350939802510e+00
1.357031183747277492e+00
1.365466040689809812e+00
1.346383856369579801e+00
1.330700857381845736e+00
1.314309987227781029e+00
1.279754524171609065e+00
1.294713892076706729e+00
1.293845561390820853e+00
1.283676430849907568e+00
1.301656294807669978e+00
1.301562186834918977e+00
1.309667643728268827e+00
1.321155051169953465e+00
1.322820427206073290e+00
1.323146498621277090e+00
1.328844699356488857e+00
1.327478299694424990e+00
1.316366080721828036e+00
1.317409667318448330e+00
1.305055541802812913e+00
1.292727794824648058e+00
1.287349106434973578e+00
1.267148208278307209e+00
1.261635382646434822e+00
1.261398199466140957e+00
1.277745157793118480e+00
1.280335330666071858e+00
1.293134968555809339e+00
1.282669837642207433e+00
1.283990367698652157e+00
1.292830995213507750e+00
1.287683107972780183e+00
1.289312413576013894e+00
1.304166683550169070e+00
1.292295255804767784e+00
1.275369987158888385e+00
1.280711978139218887e+00
1.270477815130198973e+00
1.277766819937842024e+00
1.274774747826253440e+00
1.260444754560752445e+00
1.273304495193577024e+00
1.279339497951476945e+00
1.271273673841234908e+00
1.278421104575027556e+00
1.296527986304513380e+00
1.293808048749796935e+00
1.302438520678061318e+00
1.302685130862500484e+00
1.289472376662788911e+00
1.265813555289472481e+00
1.245974716877763955e+00
1.247766399292820072e+00
1.252398482834765625e+00
1.254183403940497987e+00
1.278488421538400255e+00
1.261715359504589129e+00
1.261108190814493213e+00
1.259138690574097108e+00
1.266920585625452400e+00
1.274333500465441693e+00
1.259088370952422542e+00
1.254672333277692120e+00
1.247643621439491257e+00
1.241375373205862109e+00
1.251366169642849524e+00
1.259235542563854393e+00
1.253305487390313555e+00
1.255393610812778782e+00
1.257317946094654859e+00
1.262145305512625493e+00
1.263015932628436921e+00
1.248787373032831827e+00
1.257973744287764095e+00
1.256450522480628829e+00
1.263771169988449294e+00
1.273290210295270120e+00
1.274364652251256391e+00
1.297005577859140057e+00
1.301135372215443065e+00
1.278915159478398289e+00
1.287393629877275236e+00
1.275445906522361561e+00
1.264716203553337692e+00
1.264041647284263492e+00
1.290707284981296832e+00
1.288536910110420486e+00
1.303470348433896309e+00
1.305861753135717507e+00
1.309449147697729465e+00
1.293853387920507192e+00
1.281141127971707538e+00
1.304442863492531579e+00
1.298017857929579799e+00
1.274032574295331788e+00
1.273660319993652479e+00
1.285551807947038716e+00
1.302175673605520112e+00
1.294797214910409222e+00
1.294710823504279240e+00
1.306058917569169031e+00
1.315695174656876132e+00
1.314458927037190250e+00
1.304963966252776109e+00
1.296895210595753190e+00
1.293728890249151942e+00
1.298895799926632844e+00
1.311929441200236468e+00
1.324999042699741114e+00
1.316167520553828796e+00
1.292862847682899607e+00
1.297804309946659185e+00
1.308755284413759323e+00
1.295933733792011822e+00
1.276366856339028244e+00
1.276776688384522629e+00
1.288904827660646735e+00
1.273733917125907666e+00
1.297664094668667278e+00
1.317275252239388461e+00
1.309782433681138780e+00
1.305636252724419855e+00
1.299190815299994695e+00
1.307855928592760231e+00
1.310853225980079362e+00
1.296141060648426713e+00
1.282313063301511846e+00
1.272690053535093124e+00
1.284992069572174600e+00
1.293333270459904316e+00
1.305950138361694712e+00
1.288351952198633743e+00
1.267537026521142307e+00
1.255113739566258158e+00
1.269911830260221475e+00
1.261038250228478486e+00
1.274546917515483546e+00
1.285265835906109988e+00
1.300232301770437360e+00
1.318001434366342872e+00
1.327488646020668739e+00
1.330417123616255415e+00
1.333113872439421366e+00
1.308875322742298675e+00
1.303354807469835119e+00
1.284357783981532108e+00
1.284025844109312420e+00
1.289597568353998414e+00
1.277080339517147500e+00
1.278452710755090926e+00
1.271445258135404321e+00
1.263146982127276718e+00
1.269697099860598311e+00
1.254672076783707180e+00
1.261604002571025784e+00
1.272296041446408621e+00
1.278464475503375830e+00
1.281616037150244081e+00
1.304504741620462260e+00
1.301009600016292511e+00
1.312123884111104033e+00
1.315020126704824488e+00
1.286362223494521562e+00
1.284377895266848535e+00
1.307537621833921637e+00
1.296042086733803167e+00
1.283271593998705384e+00
1.272279222516517816e+00
1.273109274783674971e+00
1.289703516279741224e+00
1.297221947352944271e+00
1.289113229234823299e+00
1.285534601338205407e+00
1.279946405581076752e+00
1.283589864182203888e+00
1.285577249298871738e+00
1.300298929631984679e+00
1.294613400127787806e+00
1.307369861649154030e+00
1.309303285471533851e+00
1.286775737899439109e+00
1.285113183061739939e+00
1.313134213369884229e+00
1.290630008514607185e+00
1.281959509293083332e+00
1.286530413368857761e+00
1.275309622950902000e+00
1.304735509474424404e+00
1.312270594172991078e+00
1.300135781659902179e+00
1.323183570300571876e+00
1.324260902895399106e+00
1.328115372012730999e+00
1.348457806700870565e+00
1.349552311041995578e+00
1.354921840005049560e+00
1.377572166758011196e+00
1.407513937704369500e+00
1.417130136981875177e+00
1.423710726274987515e+00
1.438897017092234831e+00
1.431067200669679185e+00
1.441932766598459148e+00
1.420719061872393052e+00
1.403307140311344625e+00
1.419540168682653425e+00
1.420091461644685138e+00
1.399417720979313939e+00
1.414226024532942327e+00
1.421453674728048844e+00
1.407872641500193645e+00
1.402054014351636235e+00
1.392588197042759823e+00
1.395304493050380401e+00
1.391215902576214747e+00
1.368541542601034555e+00
1.359224784280244069e+00
1.375868579878863684e+00
1.360124257683554827e+00
1.345564486574228891e+00
1.337612813704893711e+00
1.323252128086487733e+00
1.286000497582737934e+00
1.299877895469064404e+00
1.299749781996697662e+00
1.292809260949349337e+00
1.308288202508834930e+00
1.307445167219843496e+00
1.312174025533411115e+00
1.312811261180941491e+00
1.310756786237208038e+00
1.319534737562436444e+00
1.321366616991821674e+00
1.305433271069585066e+00
1.317649520475232539e+00
1.317423365413769254e+00
1.327478029052799435e+00
1.306655810372664428e+00
1.305203515241081247e+00
1.291804794484194607e+00
1.289269746360543811e+00
1.300458145798964793e+00
1.298956523049481726e+00
1.304928912778339001e+00
1.305850746284188402e+00
1.296654744880243681e+00
1.321303161772942492e+00
1.315465972219786783e+00
1.311150304747381812e+00
1.305638840584614879e+00
1.320508663731591481e+00
1.309778755162407382e+00
1.300260920884833915e+00
1.307783405878268024e+00
1.322244132969507602e+00
1.322889430774328190e+00
1.335850710320004575e+00
1.339196994056946144e+00
1.356506886518226818e+00
1.342988448959201220e+00
1.355631892678273998e+00
1.353093184494325030e+00
1.361383833222500783e+00
1.346172925810164234e+00
1.348192641546729353e+00
1.351511865964144743e+00
1.361645775098751621e+00
1.358675385896470855e+00
1.359868759556582374e+00
1.374418526660124096e+00
1.389846877036094774e+00
1.383092888408310461e+00
1.389443066289882900e+00
1.368329717711054272e+00
1.360626587937084464e+00
1.342854913410332918e+00
1.355692425314685146e+00
1.366025547729420531e+00
1.362021805162004551e+00
1.352643724853514584e+00
1.335935774742493365e+00
1.330164981550988834e+00
1.317174853860692219e+00
1.298994782429301331e+00
1.294388096823338108e+00
1.284430952834263229e+00
1.285778454104830715e+00
1.289731969429575464e+00
1.285168807418011649e+00
1.284275274288727342e+00
1.280077132570732745e+00
1.266757166103334109e+00
1.253012903328496463e+00
1.266282174018447337e+00
1.252975791543611717e+00
1.249086563317154175e+00
1.238821658579858820e+00
1.239013290279852075e+00
1.263233922480934579e+00
1.273274080608661984e+00
1.270641196097141323e+00
1.274523963549190952e+00
1.268972726744014512e+00
1.264193180208040612e+00
1.253275199403775186e+00
1.255227595757570702e+00
1.255270209626332401e+00
1.267088035947749880e+00
1.270865248774032841e+00
1.279426344064184873e+00
1.291009702914669655e+00
1.278163700379149947e+00
1.282754571063843718e+00
1.288455882075556280e+00
1.300429563002399869e+00
1.306740319039412235e+00
1.323321447421608177e+00
1.322281137444548671e+00
1.309435019000632527e+00
1.306615258681960823e+00
1.341055386713654984e+00
1.336404072952867894e+00
1.348862410240185605e+00
1.328381993728712240e+00
1.321208844985185538e+00
1.334455533292096652e+00
1.334606726715214187e+00
1.351837793221823070e+00
1.368387874051192332e+00
1.389599489687902700e+00
1.413120672925487042e+00
1.419645130367610308e+00
1.408540851308798914e+00
1.404593455023810833e+00
1.403192054011339396e+00
1.401570980314166492e+00
1.414673525670244514e+00
1.414626280469131192e+00
1.409480044489663797e+00
1.401758849409338037e+00
1.418809946849764136e+00
1.432655156840316302e+00
1.433459752369284912e+00
1.437803994546190900e+00
1.451139802623836239e+00
1.427757851366759922e+00
1.444324667582382649e+00
1.454525274159895298e+00
1.450684162993783000e+00
1.443370418665782973e+00
1.422592386041811707e+00
1.404040758784550924e+00
1.383017448289980855e+00
1.387193501777828519e+00
1.371730528216083211e+00
1.353179554436503063e+00
1.337792313756409168e+00
1.363282538401977106e+00
1.381229050906476630e+00
1.371671212665885209e+00
1.378981334878502274e+00
1.381628370499070391e+00
1.373315704499087575e+00
1.371237915812994368e+00
1.392237006608858518e+00
1.375857762900054126e+00
1.361588283786240083e+00
1.382124088438739573e+00
1.372280991526199090e+00
1.376613351394486262e+00
1.374967545307212768e+00
1.361838524901901160e+00
1.355816640404932993e+00
1.374044814308136964e+00
1.395126303176285942e+00
1.420042703556851027e+00
1.423419829696847216e+00
1.409346517341332872e+00
1.425876500557875071e+00
1.427526896043809002e+00
1.439164652653288412e+00
1.458351208642709285e+00
1.427850910851156785e+00
1.415636789936063344e+00
1.424166676567990120e+00
1.401840521146554996e+00
1.387505275049818243e+00
1.394959090414787495e+00
1.415391828130303287e+00
1.393888865397634902e+00
1.403237527636329141e+00
1.412615514847755493e+00
1.408515393686998296e+00
1.410896325557949194e+00
1.396879465226054107e+00
1.394405682729070284e+00
1.392718911871226872e+00
1.393076137202112541e+00
1.375602702134268718e+00
1.375317050437601551e+00
1.354575682639905132e+00
1.350796293559109795e+00
1.365842932400285203e+00
1.320190634611540403e+00
1.327268303217056022e+00
1.328294978816008998e+00
1.305401444470699390e+00
1.310615856721692563e+00
1.311905336559905377e+00
1.323544549300732065e+00
1.324046125918040939e+00
1.308164761361807482e+00
1.295197070667821526e+00
1.298187877267905632e+00
1.304118980570773800e+00
1.294471280595215212e+00
1.264155237783039842e+00
1.258568913361311825e+00
1.269841666174694739e+00
1.280292650944383936e+00
1.275152868645590631e+00
1.264207260911225594e+00
1.250418702203667465e+00
1.261871149285676896e+00
1.250172367465444134e+00
1.265102174879881414e+00
1.279319527802687206e+00
1.289091673992619702e+00
1.297691081750996789e+00
1.303073019711697977e+00
1.293215985789749167e+00
1.310177701225107016e+00
1.334437718174751986e+00
1.355278893283849095e+00
1.336607476231517655e+00
1.347817418552437196e+00
1.386382029839836827e+00
1.393274145450510870e+00
1.373955359140245136e+00
1.377493948901241438e+00
1.399956207160482302e+00
1.431267627115260010e+00
1.428737654766790932e+00
1.424508155470040949e+00
1.418601186891377930e+00
1.422582840930653125e+00
1.440353146826767849e+00
1.435082202411503305e+00
1.437172165899071485e+00
1.449339699634740519e+00
1.458076774825354249e+00
1.458774616153336368e+00
1.465960631096376199e+00
1.463906540757479169e+00
1.466055811902226669e+00
1.479208867439276487e+00
1.454797719035800574e+00
1.443333111460812335e+00
1.421408659432422450e+00
1.424315037055522204e+00
1.428087976052047292e+00
1.410098112983068308e+00
1.419728354633846168e+00
1.424640505578256944e+00
1.417797090288531292e+00
1.403488225016154223e+00
1.394394991887667912e+00
1.379174387909783528e+00
1.379816523051205612e+00
1.380828594511268381e+00
1.369444101003960856e+00
1.358636022221748618e+00
1.372777891213547763e+00
1.385450383364578597e+00
1.382967166154883909e+00
1.368825760393683977e+00
1.356106017206448300e+00
1.355232263246464619e+00
1.373317065959491101e+00
1.375058450306816393e+00
1.361081382883173374e+00
1.383731766346510295e+00
1.389591085529747749e+00
1.384616650295168450e+00
1.380191401158180842e+00
1.375261729874813987e+00
1.376584824165847598e+00
1.359965960790638473e+00
1.357583837951057637e+00
1.342856307578464303e+00
1.360163760186159587e+00
1.347171481147386496e+00
1.356670774495719378e+00
1.349762319988477621e+00
1.351311707454410538e+00
1.373238894776695362e+00
1.364195529269234486e+00
1.364289761679946533e+00
1.348705806572664700e+00
1.338708014764357301e+00
1.338286195408992629e+00
1.332975140494377708e+00
1.317783887036985568e+00
1.320640432544209375e+00
1.311235375034491835e+00
1.327180935670998263e+00
1.324876347513296526e+00
1.337001151670831334e+00
1.347144638377596237e+00
1.348316252479947686e+00
1.357852816536597285e+00
1.363853944229041826e+00
1.378120187796127105e+00
1.374197192067779127e+00
1.397013951511006713e+00
1.390246211545751009e+00
1.405289443804338401e+00
1.418013286668990292e+00
1.425869146838973256e+00
1.415214758549458995e+00
1.419349816433878253e+00
1.421060370617598378e+00
1.414817154586954784e+00
1.410897445596781985e+00
1.416636753930560211e+00
1.424569679436580749e+00
1.425505802900404850e+00
1.423623745261988205e+00
1.415280773014403470e+00
1.428740728282612782e+00
1.427280624484757121e+00
1.414320504390692568e+00
1.399137754396430511e+00
1.407407857448196520e+00
1.435008801328163219e+00
1.408427687749641777e+00
1.396638187267319253e+00
1.407409506521034581e+00
1.429688345325130783e+00
1.425697003671926755e+00
1.424606259637962058e+00
1.411584208863469803e+00
1.410516940750063064e+00
1.413380329311678230e+00
1.424376366804576355e+00
1.402004148489235602e+00
1.417153368854725537e+00
1.418386321164801567e+00
1.426914243512308778e+00
1.432079115938221126e+00
1.425956573466420574e+00
1.454156016026711296e+00
1.468798921588717166e+00
1.466100189893668082e+00
1.469752216893280616e+00
1.468823538825003716e+00
1.476099488951507555e+00
1.474052763054111148e+00
1.466008402963921986e+00
1.467094545175144926e+00
1.488813835474359193e+00
1.505111478005204617e+00
1.489982688380530940e+00
1.464950383633289333e+00
1.448665632798926906e+00
1.454472652041236769e+00
1.470250361698218766e+00
1.466073500148787234e+00
1.445953639531207147e+00
1.448347519565959196e+00
1.467658371154719310e+00
1.467255010671233650e+00
1.470264655379937002e+00
1.455994044841289359e+00
1.472231564688339711e+00
1.458139912327417020e+00
1.454118613360803502e+00
1.460029506160897661e+00
1.476029229923315977e+00
1.450980040249311598e+00
1.449552031512269190e+00
1.454364343917541103e+00
1.454031057537717997e+00
1.442214324802382874e+00
1.423966623623002192e+00
1.399923554824998195e+00
1.387348901660808265e+00
1.389081583215009186e+00
1.401106251673402525e+00
1.419402502013733081e+00
1.430402991045443439e+00
1.434515291833391881e+00
1.445735774951852015e+00
1.449022759352907919e+00
1.433817399025189454e+00
1.421281453879438716e+00
1.424000002142312482e+00
1.410106923149251790e+00
1.423170609746808202e+00
1.408225781471587057e+00
1.398385272827113113e+00
1.374729359231141368e+00
1.356110114923850585e+00
1.324587702957294777e+00
1.330919931551707514e+00
1.332038262639919202e+00
1.318776569538086862e+00
1.322884143609202701e+00
1.343186236867700778e+00
1.356491178984019941e+00
1.373210405053065353e+00
1.360634012942795845e+00
1.350371081323525013e+00
1.361852376843389223e+00
1.356208727853706053e+00
1.339313879890209336e+00
1.327809372935130572e+00
1.327729971023767108e+00
1.330555703711292725e+00
1.330753934409542927e+00
1.338229542173626996e+00
1.351471454978804498e+00
1.342829236960460415e+00
1.338289084962079656e+00
1.326514977245491611e+00
1.320475389113988429e+00
1.337435685558260312e+00
1.350343366600977868e+00
1.377391178534479899e+00
1.375427196967976107e+00
1.385076119306991815e+00
1.401222377382383533e+00
1.399456069757272436e+00
1.397753331919291409e+00
1.400202655065367230e+00
1.414968985521097400e+00
1.424682731212674636e+00
1.429667946234433717e+00
1.425258688403083784e+00
1.433891878302771206e+00
1.446925024151135997e+00
1.436284433589199550e+00
1.421638414153984176e+00
1.424712462485558273e+00
1.436478595847482609e+00
1.430470269329862987e+00
1.413944115538601443e+00
1.423440611699160918e+00
1.424354425645733002e+00
1.435221692561787332e+00
1.462920317719416330e+00
1.459171425108237719e+00
1.460764308960390334e+00
1.445986555248909955e+00
1.461124812784289739e+00
1.471663223949020827e+00
1.445257864887377064e+00
1.435914917353295683e+00
1.412186246905287490e+00
1.389905740399905554e+00
1.373567516919215414e+00
1.384438878432775022e+00
1.395261345492992522e+00
1.390768684725982585e+00
1.397529644491116052e+00
1.388361228252500190e+00
1.403236397167665794e+00
1.406945856534974837e+00
1.400337459341696844e+00
1.394126526197189797e+00
1.405668672936895014e+00
1.426934010525811258e+00
1.442261372403372821e+00
1.460173696734815563e+00
1.451223375298562601e+00
1.447820847052334825e+00
1.427052859472357271e+00
1.420206330392041139e+00
1.412072356426236741e+00
1.418413296618448616e+00
1.392179017040763078e+00
1.419202379068077002e+00
1.412369597205901606e+00
1.426901104356778305e+00
1.449187967222120621e+00
1.457242441132910793e+00
1.465585398890937752e+00
1.455435005300072637e+00
1.470744164495615847e+00
1.453829899112730750e+00
1.456471974091501087e+00
1.474255772974493839e+00
1.488575735429652491e+00
1.483511016276857442e+00
1.481224606194297078e+00
1.468401747058919904e+00
1.453727349043918871e+00
1.439439725426825190e+00
1.423513808012150994e+00
1.429954966103784919e+00
1.428442189088041436e+00
1.452016864542782226e+00
1.455136786972879070e+00
1.461399706791254083e+00
1.448955001944157495e+00
1.453685573898812367e+00
1.458792245243475172e+00
1.472822555237810915e+00
1.472602312739604402e+00
1.460344648921379607e+00
1.462718336042183820e+00
1.451140469520799892e+00
1.447698335640922540e+00
1.433860276136684764e+00
1.440967971259499159e+00
1.438413077460664935e+00
1.413618124498237982e+00
1.385275055924134024e+00
1.387053629351988615e+00
1.380401036378397617e+00
1.375211365848704403e+00
1.358969849074452174e+00
1.368316074411549010e+00
1.371023197645565794e+00
1.367498304260082120e+00
1.388848315944349876e+00
1.384858415265284082e+00
1.384726031496803289e+00
1.386192458043394860e+00
1.376137410685881690e+00
1.386445240399684309e+00
1.362959548241551078e+00
1.367774880065764309e+00
1.359795219820473244e+00
1.339561892001467136e+00
1.331331011966639499e+00
1.321667272011104455e+00
1.318533980155664809e+00
1.336685206542937765e+00
1.334132475136714957e+00
1.314113120515829847e+00
1.336678140689595784e+00
1.353511692118366305e+00
1.348024420747287122e+00
1.357716826791373732e+00
1.377917219187018816e+00
1.372775421931665019e+00
1.396234335602011711e+00
1.406431002239815875e+00
1.393711712048181450e+00
1.394372416949279714e+00
1.369513701719359933e+00
1.366322564145519447e+00
1.363183473458392303e+00
1.368860867403466131e+00
1.372728751893608656e+00
1.378438507885833220e+00
1.379732796765189118e+00
1.381000101995543572e+00
1.390578797545235279e+00
1.387446529250243143e+00
1.414478319651071292e+00
1.411387949125691543e+00
1.383737857522215453e+00
1.383548957392642276e+00
1.403934265735558018e+00
1.378910881363365259e+00
1.376452860606032669e+00
1.395078026609669397e+00
1.400223822996633727e+00
1.393176068674908175e+00
1.393940923944163135e+00
1.374084146954242192e+00
1.352485565923954747e+00
1.356498963085249310e+00
1.327387810491873488e+00
1.349851842467627128e+00
1.367020599104866507e+00
1.386373946120523559e+00
1.376191351073523528e+00
1.374147935225355610e+00
1.364033406080367383e+00
1.363885969396484876e+00
1.358478171079579466e+00
1.355028746071843093e+00
1.361339651914314608e+00
1.330336168614742132e+00
1.329472093172514802e+00
1.344527293929379086e+00
1.346991668038003631e+00
1.333103693229570563e+00
1.330824183157972795e+00
1.297894333889747287e+00
1.282962904807550375e+00
1.290499952250641069e+00
1.284767174949365209e+00
1.287172526142466467e+00
1.292202927974018589e+00
1.324383585261286189e+00
1.335829538101566571e+00
1.353193155513550572e+00
1.348146434590526077e+00
1.334993887583601602e+00
1.324428264012608603e+00
1.336669701744551908e+00
1.341368667724950337e+00
1.358769276317190133e+00
1.352183919155908409e+00
1.354257769420050384e+00
1.355321227463055056e+00
1.366793927759518912e+00
1.381384164528894010e+00
1.396779761151842880e+00
1.399386482849493740e+00
1.393255197479841723e+00
1.392160954809540163e+00
1.404846762139666083e+00
1.447229252718866155e+00
1.453586878979336916e+00
1.442153462086907867e+00
1.467083699943077413e+00
1.479266623852202311e+00
1.456559957763459368e+00
1.418282380588010039e+00
1.404917855713907704e+00
1.403012955223918556e+00
1.393937634778558810e+00
1.375431151079439696e+00
1.375766388305620369e+00
1.383371849065410553e+00
1.372823384579789474e+00
1.374809137581450180e+00
1.363073790348247938e+00
1.386274078793084730e+00
1.400693298051953084e+00
1.380634922766645678e+00
1.375755765897521243e+00
1.381356288367972640e+00
1.384571889489230268e+00
1.403506525166507091e+00
1.426029430462444569e+00
1.410155401255529073e+00
1.386744322649711370e+00
1.395883672486652349e+00
1.387933405210144189e+00
1.362357038620905403e+00
1.351311000192410905e+00
1.368744755039517536e+00
1.383794717228662208e+00
1.400201566153461918e+00
1.399150968362819603e+00
1.404667487545845805e+00
1.433592283474912188e+00
1.420610552714969943e+00
1.414206219560988131e+00
1.404529045920618113e+00
1.393554120546943276e+00
1.418604560085970467e+00
1.388798096365170043e+00
1.373686487378523502e+00
1.372315366953756222e+00
1.369245274912318511e+00
1.371743486993016514e+00
1.351492724189179873e+00
1.332358610921552167e+00
1.333096588968663454e+00
1.365241627805742208e+00
1.391962946770635368e+00
1.385866731455049683e+00
1.386732368210537691e+00
1.376503955191710871e+00
1.377650882267405841e+00
1.358295818984140091e+00
1.362223447648586605e+00
1.368258366806134774e+00
1.362112095367743025e+00
1.380168122623504523e+00
1.369787117530337328e+00
1.366610880844175258e+00
1.364952977367624110e+00
1.369508344632735630e+00
1.361014939935572432e+00
1.337605224891617928e+00
1.357641368042963537e+00
1.370044555671616981e+00
1.383223378569030215e+00
1.392909618615005174e+00
1.383902455326241787e+00
1.377026808181179840e+00
1.368969895563398875e+00
1.356546157171098388e+00
1.343521500627123944e+00
1.327083814531367700e+00
1.321094650253837655e+00
1.330626037328819455e+00
1.335901623103382230e+00
1.370928022515355948e+00
1.394768847462076744e+00
1.395836310976599215e+00
1.386384395607200393e+00
1.377671639770735146e+00
1.385862572054799235e+00
1.387565695472605887e+00
1.396300081710906582e+00
1.395923850732391669e+00
1.395759956236970467e+00
1.404050598304245501e+00
1.423847620002800518e+00
1.413034663080415143e+00
1.404992725163735745e+00
1.394687096445924812e+00
1.404748575883042694e+00
1.396054027893106175e+00
1.416197568856494282e+00
1.416820709389927213e+00
1.417345253722889220e+00
1.427358517672929539e+00
1.425232863119842985e+00
1.431079292868518094e+00
1.429846286659888888e+00
1.442235476014739337e+00
1.408928812148267484e+00
1.399275077260816236e+00
1.408894117338561625e+00
1.414145701366026575e+00
1.412453563279015167e+00
1.415438103216612342e+00
1.400849893387927869e+00
1.408189487139238638e+00
1.396676516090895825e+00
1.393652856763633041e+00
1.422766289492706893e+00
1.424657401037027649e+00
1.423257397643558519e+00
1.428895173661538065e+00
1.444335719814950458e+00
1.423299164710396081e+00
1.422779391851984876e+00
1.403434224794976704e+00
1.405437591290638499e+00
1.395037459677140657e+00
1.383162221728706953e+00
1.390033612143817932e+00
1.394480056986094230e+00
1.405640202315517895e+00
1.417135762157378576e+00
1.407022869014431743e+00
1.421375960244885883e+00
1.396042753578683682e+00
1.382444979002679375e+00
1.395025944336929058e+00
1.362214306107027983e+00
1.379330732683252680e+00
1.383539836886190644e+00
1.388902469711160492e+00
1.374019041355836857e+00
1.351039325418094794e+00
1.329607331170665763e+00
1.355406675708735964e+00
1.352595089679581752e+00
1.336563278264159438e+00
1.331474748106395767e+00
1.354713295597247402e+00
1.388542316817555911e+00
1.405224801264402412e+00
1.411538988451320975e+00
1.397052162969591560e+00
1.406101478151018158e+00
1.405928910694303147e+00
1.396107609533258298e+00
1.393586823112120232e+00
1.413479785861911475e+00
1.402376684954235619e+00
1.401719156886719109e+00
1.412185807490818235e+00
1.419432281360518244e+00
1.431419685975984901e+00
1.411348526404433423e+00
1.396338159852262173e+00
1.404712662933851552e+00
1.429554465783180017e+00
1.432072491358740596e+00
1.433007639373508724e+00
1.436060348198014758e+00
1.455783600594587446e+00
1.458537150998019616e+00
1.478339646644323047e+00
1.452766294868087726e+00
1.417288902102632253e+00
1.402187732168597156e+00
1.400064970228922734e+00
1.408766374220304707e+00
1.423528534059982142e+00
1.416480229568483962e+00
1.395607134100892877e+00
1.374069876487133524e+00
1.353361867252246498e+00
1.339432130588187553e+00
1.359203673300078297e+00
1.351328517075533586e+00
1.340750671934370253e+00
1.337693010007216854e+00
1.347505506955157140e+00
1.359062593418854048e+00
1.379033743738067974e+00
1.370291739900936667e+00
1.369169806645238463e+00
1.373269718924671201e+00
1.370516099488223727e+00
1.344977094900704939e+00
1.346198550338570499e+00
1.342121656611859004e+00
1.350676616747170655e+00
1.366465326672426039e+00
1.362942603871698743e+00
1.350751550242619503e+00
1.342963958946455927e+00
1.308693785500250062e+00
1.305441372431169533e+00
1.303016925545395388e+00
1.312469682989890973e+00
1.333724516726255915e+00
1.347215933492022177e+00
1.350019098443972609e+00
1.365065937859983869e+00
1.374034697958621543e+00
1.387890652091710031e+00
1.406135296262907453e+00
1.409112239802458255e+00
1.379488029142315941e+00
1.373321021741190195e+00
1.393678503801694335e+00
1.396328963993381800e+00
1.400852502455678161e+00
1.409428492318566706e+00
1.406489378740362728e+00
1.401159590808557676e+00
1.423901905897399622e+00
1.404382687003518759e+00
1.414687118940221033e+00
1.432890363971233372e+00
1.435517295726590259e+00
1.461435693118647405e+00
1.476951729547547387e+00
1.492514802627850745e+00
1.492443342602860490e+00
1.484229114089528068e+00
1.482662263601521646e+00
1.481603558942069299e+00
1.465349239960917149e+00
1.459217492107683256e+00
1.456667799881590231e+00
1.441716308712388539e+00
1.437246861226662897e+00
1.470651007389058407e+00
1.468390497763968794e+00
1.434822775301904052e+00
1.427054100050999530e+00
1.419038628613463304e+00
1.408341538623880673e+00
1.420711647697815883e+00
1.433042865827980128e+00
1.395172582322161237e+00
1.429343187610738530e+00
1.427404601926310690e+00
1.430791482483940502e+00
1.426651112932494359e+00
1.430764554305137493e+00
1.421369625079830890e+00
1.423816175720575394e+00
1.417371063624575545e+00
1.422773015768886040e+00
1.446113766607596718e+00
1.430110163423258474e+00
1.441591689623154426e+00
1.461866853502969743e+00
1.453066054955547859e+00
1.475098595896487286e+00
1.478477150238010518e+00
1.443419922634794572e+00
1.456248611667061432e+00
1.470105427881543969e+00
1.489538931873116034e+00
1.484681571381232912e+00
1.484924891313478046e+00
1.483601525673765575e+00
1.473292583497181729e+00
1.494960212787824982e+00
1.478293795961753698e+00
1.488206892183286056e+00
1.493055541751497017e+00
1.504896238217508175e+00
1.472863957906971333e+00
1.455727194074151187e+00
1.454196217672500291e+00
1.442665515628960948e+00
1.443841099269552286e+00
1.422007552407203779e+00
1.415769399898610281e+00
1.390292805656405672e+00
1.372186294631481562e+00
1.371023788948761535e+00
1.358268552926673811e+00
1.348206045152533950e+00
1.365702392912850671e+00
1.354832541932806445e+00
1.346975593930878290e+00
1.363906397200196130e+00
1.344377837347620952e+00
1.360885203465779680e+00
1.378832060363454515e+00
1.376269046311985766e+00
1.377497931191634883e+00
1.393591368633134264e+00
1.369401996926885134e+00
1.367528522853613149e+00
1.340188580162015253e+00
1.361384228288082365e+00
1.379347463427889053e+00
1.384328487606841573e+00
1.412968092397956843e+00
1.398627264571239426e+00
1.388493726307676868e+00
1.407502134765786783e+00
1.408126524423589432e+00
1.408119980447884112e+00
1.418389632211287887e+00
1.426365543647484468e+00
1.421513920019591870e+00
1.417391735016424459e+00
1.408415860628075222e+00
1.411293560620593190e+00
1.405553386025122142e+00
1.405479801940628493e+00
1.387487357542203759e+00
1.368938618781090799e+00
1.380121891156841141e+00
1.377877945049258201e+00
1.365501657120433920e+00
1.384200541448514787e+00
1.369408564000349271e+00
1.403139679145560592e+00
1.414491201206492521e+00
1.422061686022707994e+00
1.425117571325491772e+00
1.431516963837517142e+00
1.458652947660420196e+00
1.480025118015420915e+00
1.485835681311073575e+00
1.491046882568514143e+00
1.500387759141570632e+00
1.501804526349545643e+00
1.499640347868427703e+00
1.487577217386296224e+00
1.492330532057893899e+00
1.517191163438731172e+00
1.517898889322510492e+00
1.504164945932234598e+00
1.530431624796054990e+00
1.548565003549964736e+00
1.551288657618634659e+00
1.549270063188626922e+00
1.535063524744188834e+00
1.551305578235321558e+00
1.559403362111001945e+00
1.570435713259069610e+00
1.584363949167621133e+00
1.586933045866932623e+00
1.569965322809809161e+00
1.546845700601249041e+00
1.522135132438804606e+00
1.527237894261724183e+00
1.530557101247833618e+00
1.523289639593278677e+00
1.527870601636535319e+00
1.513988995686942340e+00
1.499341557814990900e+00
1.484800827898866471e+00
1.513673324283149713e+00
1.520477502993178298e+00
1.516312099215027631e+00
1.530436468787032656e+00
1.509026077994114035e+00
1.500016003474991644e+00
1.494621217772061472e+00
1.494251611600927454e+00
1.481200718269056305e+00
1.506408449183084697e+00
1.477836735032857174e+00
1.468854271415606094e+00
1.463230060506482966e+00
1.437252291823357675e+00
1.423413214403796978e+00
1.444420034683510767e+00
1.461862067976922974e+00
1.456834060177710999e+00
1.423994367077358270e+00
1.419065827498412702e+00
1.415459630886740650e+00
1.439849040514128209e+00
1.443981301227528213e+00
1.442733760774264073e+00
1.461925149692219206e+00
1.455225509749512591e+00
1.448467270583581712e+00
1.451594842555844700e+00
1.443099338929706432e+00
1.470802272039102077e+00
1.455903684116132135e+00
1.446261247352047752e+00
1.445296842185317399e+00
1.439934202030872523e+00
1.420114392611030674e+00
1.436008121078946154e+00
1.433072775266711174e+00
1.449926645847268603e+00
1.470124509571173022e+00
1.445897312276891000e+00
1.429107787975395283e+00
1.437514704920691555e+00
1.448979765856046154e+00
1.474824370201406110e+00
1.457622236728651988e+00
1.441338774731059091e+00
1.427558721580147516e+00
1.433049929609626405e+00
1.428864328062930067e+00
1.412027725178098603e+00
1.395772638203166771e+00
1.383569310831137100e+00
1.382175597731025274e+00
1.390843129762269204e+00
1.377080336550565276e+00
1.391092492318314111e+00
1.416513529713282482e+00
1.420619602744859211e+00
1.425672998421429138e+00
1.427521099919949465e+00
1.407141844651720319e+00
1.413004315592269799e+00
1.393560605012354348e+00
1.358112035948720431e+00
1.359896660802966561e+00
1.357728154410265953e+00
1.335108202413417100e+00
1.323935712970395473e+00
1.305081860192778498e+00
1.322500970230624295e+00
1.330061848893852705e+00
1.326222682564623723e+00
1.333780976917461336e+00
1.344499052833461494e+00
1.350672449437355871e+00
1.371097790207919553e+00
1.389818911639225885e+00
1.385028720813360481e+00
1.368604926840696789e+00
1.364476477429775958e+00
1.350775745045119436e+00
1.334225187078142749e+00
1.340260925045715368e+00
1.348335080728449542e+00
1.352428819318098219e+00
1.380073066062103671e+00
1.389011902520430164e+00
1.388311962772294850e+00
1.402250188876939196e+00
1.415867279958806346e+00
1.422223652627222723e+00
1.420262005290809926e+00
1.429886068575825675e+00
1.430379267574874769e+00
1.424989797507739686e+00
1.432186686805202003e+00
1.472041740541201404e+00
1.440336996668581282e+00
1.431033338700409496e+00
1.435411398060307819e+00
1.410484675522576170e+00
1.394275049474146266e+00
1.397353351723383152e+00
1.403785439014619829e+00
1.418211882045847361e+00
1.429930499083619022e+00
1.427026199586857169e+00
1.416769554771433848e+00
1.411561169906131230e+00
1.403430000427035251e+00
1.390429793434526440e+00
1.374271034483006693e+00
1.375813482321312176e+00
1.368188706670615984e+00
1.352151682851245651e+00
1.348321910606006258e+00
1.379792320536441741e+00
1.391126738872834556e+00
1.386275348637014293e+00
1.381998058685777409e+00
1.376073564756898460e+00
1.342717733153699911e+00
1.358421765287378680e+00
1.364113583337152047e+00
1.366326991923320078e+00
1.382553576350234570e+00
1.380118277713690000e+00
1.364906838700552294e+00
1.372040520530656282e+00
1.370935031008925442e+00
1.358711495891463228e+00
1.374578323286968606e+00
1.376194885136588386e+00
1.379060897348067138e+00
1.378615415534052868e+00
1.378709652963487686e+00
1.399385589329552149e+00
1.424617176509197058e+00
1.431749960714592262e+00
1.428938058465741401e+00
1.443967615493095824e+00
1.437955462797425366e+00
1.426503670123864920e+00
1.447537274470034330e+00
1.456593361845011758e+00
1.466248821768966870e+00
1.472038499264467504e+00
1.456705539507674230e+00
1.457052653637737283e+00
1.458619234480865945e+00
1.465553389740293921e+00
1.466240932884665726e+00
1.507080417085350899e+00
1.512181058101291553e+00
1.509562491187583344e+00
1.537486630275548327e+00
1.540533601284126641e+00
1.529134436365125138e+00
1.518247642571194378e+00
1.509417390753058585e+00
1.499227143360114978e+00
1.469392642289153450e+00
1.452222111320520925e+00
1.452978848489256070e+00
1.465156533108932235e+00
1.459957583491800825e+00
1.431208452730773351e+00
1.436025679252183718e+00
1.426917335604350523e+00
1.413683101642825957e+00
1.395813768738999538e+00
1.398859317434757887e+00
1.397883114041572616e+00
1.411613017151121419e+00
1.383139901318770182e+00
1.382940605008274648e+00
1.375133187133448898e+00
1.339055268790569464e+00
1.331203194659012823e+00
1.326193206464663099e+00
1.321327592918878135e+00
1.311290614082517125e+00
1.330364975089058710e+00
1.342810289784187372e+00
1.346361933590744409e+00
1.356323330899025681e+00
1.368362138463061095e+00
1.371442953493495098e+00
1.369736698954197029e+00
1.395371137118769145e+00
1.396987488105594810e+00
1.420634018240896301e+00
1.439860626721865433e+00
1.432179554626866747e+00
1.421936614386199782e+00
1.421304948116537625e+00
1.404634869835416300e+00
1.434647256019951911e+00
1.417853584637015718e+00
1.427200421552703213e+00
1.423229362179361246e+00
1.417118268795080960e+00
1.423637919181226286e+00
1.441393191553719699e+00
1.442274723391892666e+00
1.436451421550416052e+00
1.447365795476631689e+00
1.434367978622299811e+00
1.425595746798291152e+00
1.423250297123428210e+00
1.433470292871810603e+00
1.417006219982713144e+00
1.400526058696886844e+00
1.402775495958048513e+00
1.392268729279376283e+00
1.384108149471624083e+00
1.382332568757260738e+00
1.351743102038223787e+00
1.369972867060080146e+00
1.370439812735988694e+00
1.378358009077503166e+00
1.390056354586497678e+00
1.366689083560508999e+00
1.373058792013123863e+00
1.379248539193416390e+00
1.390441627622112319e+00
1.410792793039768345e+00
1.411114273474876502e+00
1.409401295756833150e+00
1.411294362336920738e+00
1.411196075998568666e+00
1.390695662451443493e+00
1.373058063537579088e+00
1.372963204693904871e+00
1.372320006805961334e+00
1.365072733699212337e+00
1.370959222432871716e+00
1.394938046494067052e+00
1.399969187963820527e+00
1.374509809219380374e+00
1.368412009789001571e+00
1.356707658640064151e+00
1.343388538075077410e+00
1.337053411623423393e+00
1.340418019808325978e+00
1.351452352753047537e+00
1.342881710320837474e+00
1.344428715059645230e+00
1.346797855635870844e+00
1.359985300471887149e+00
1.369250543202554571e+00
1.371421920152326779e+00
1.381304673480345580e+00
1.353778766250636867e+00
1.340861230012718952e+00
1.324592439349294493e+00
1.321770045502967061e+00
1.335724063980520127e+00
1.335334897925259501e+00
1.350587600929841647e+00
1.335327572190128764e+00
1.362051353238934226e+00
1.340718010608017874e+00
1.331964195723716049e+00
1.349712550415385071e+00
1.358772100871344035e+00
1.375666310076311127e+00
1.399513519510992898e+00
1.392802350833646230e+00
1.384971304011253679e+00
1.381325616860048289e+00
1.388070973648765749e+00
1.385102435449290237e+00
1.385272921928001777e+00
1.362248485646504470e+00
1.351874895717235736e+00
1.359312335019840612e+00
1.354210495917722579e+00
1.361471563856264888e+00
1.371787770133378492e+00
1.366707519598344245e+00
1.376541238471938655e+00
1.390158992925142556e+00
1.399317778106784926e+00
1.381082284411572214e+00
1.379716245572409905e+00
1.371314203422114630e+00
1.397504082803990189e+00
1.392841735816834792e+00
1.381049731819930404e+00
1.372075149465893373e+00
1.341689428982774324e+00
1.328901189929156512e+00
1.326850029122637054e+00
1.324521871033739195e+00
1.332644163755325240e+00
1.323617886979105984e+00
1.344670992161538514e+00
1.327299719818517465e+00
1.348912898045126596e+00
1.354982317326066887e+00
1.341147386770844774e+00
1.323414192040115456e+00
1.329336594021918838e+00
1.345088683032823695e+00
1.348265477801851686e+00
1.347115366783695256e+00
1.319945095259094092e+00
1.316365049331441384e+00
1.322838936036882407e+00
1.328680591219536744e+00
1.317487069338388883e+00
1.290970189183495931e+00
1.298476683942689558e+00
1.317125027309862029e+00
1.307627628091321270e+00
1.316865692114191910e+00
1.341290405097270044e+00
1.361965580505937634e+00
1.377529858177150013e+00
1.368091808138039767e+00
1.364047236598728619e+00
1.355606602479006106e+00
1.370319825190227769e+00
1.363995050314558144e+00
1.350789319503543862e+00
1.351114641303131414e+00
1.386503537838609690e+00
1.382044464606512868e+00
1.355124013799355209e+00
1.372755186671507088e+00
1.360628903756717190e+00
1.382072369421266433e+00
1.371671189674721569e+00
1.390322330705647369e+00
1.389552012423326932e+00
1.403780263892035585e+00
1.412900487604300537e+00
1.424690705259296530e+00
1.404746718104976422e+00
1.438070067100560845e+00
1.445532161793958936e+00
1.443337447496625181e+00
1.441316025976608683e+00
1.448058078350876521e+00
1.453905676457882379e+00
1.452288779914331807e+00
1.471370118847197705e+00
1.459691684503248821e+00
1.443509522237376164e+00
1.464759390226435976e+00
1.459998588547829490e+00
1.455485341910046415e+00
1.444963870561537300e+00
1.481109978885921441e+00
1.479515003250712724e+00
1.501708553643358091e+00
1.512056232465043948e+00
1.523793236628617986e+00
1.519943533332067664e+00
1.545668948340248372e+00
1.515583316315339601e+00
1.508657404604099250e+00
1.519668455252129124e+00
1.539330455548395316e+00
1.522764656922507953e+00
1.529551808914822120e+00
1.511026687934958757e+00
1.503860449629391915e+00
1.489234341706084264e+00
1.470068159838433752e+00
1.491272075516695272e+00
1.491932198665589793e+00
1.492279220158120756e+00
1.516510309361739584e+00
1.479101228908208832e+00
1.486185295087385505e+00
1.467866015947303815e+00
1.477742359886194068e+00
1.453660255354018327e+00
1.456491533865549970e+00
1.445102394336934770e+00
1.421561169880088960e+00
1.419479447941277783e+00
1.399298013582075395e+00
1.376456833938664692e+00
1.405459747962544359e+00
1.403764461070206915e+00
1.380586554474110050e+00
1.365747052458698763e+00
1.377876186923958191e+00
1.380249021037593060e+00
1.369733814804932281e+00
1.346032055481066747e+00
1.361228309231866662e+00
1.375332431610159833e+00
1.364154305918210186e+00
1.344404261634626563e+00
1.349445058731695513e+00
1.342960932184289025e+00
1.346479228497067915e+00
1.330030637856454812e+00
1.340708475872899541e+00
1.334238772302763110e+00
1.335706074590832682e+00
1.324867439981964656e+00
1.334381561736137201e+00
1.349672565918747180e+00
1.342148791960521281e+00
1.358978881107088421e+00
1.376252729287793741e+00
1.377836291880047748e+00
1.377759153941090053e+00
1.404647711578804747e+00
1.416847112431727673e+00
1.404158539215141221e+00
1.396289574759047580e+00
1.397372678733237894e+00
1.402627562824344309e+00
1.404276803158495346e+00
1.400702383623453784e+00
1.395123287221489150e+00
1.411895922504907697e+00
1.410454584960117552e+00
1.412986057631198111e+00
1.423789787425417508e+00
1.447397065321738951e+00
1.443688440318514177e+00
1.452107146128850168e+00
1.457130188103255675e+00
1.471755094879918513e+00
1.455233630175729820e+00
1.457064054805152331e+00
1.477707817336458618e+00
1.453727919726136575e+00
1.433068750990845075e+00
1.406581921030924054e+00
1.400578522812955695e+00
1.383499124101725153e+00
1.380191764525690701e+00
1.380756430908745447e+00
1.380045654752014572e+00
1.393921433140960842e+00
1.406597098992023565e+00
1.395719574015748643e+00
1.382856540360000386e+00
1.397536954483026950e+00
1.389178442236104871e+00
1.378429544389821126e+00
1.386135671742360076e+00
1.384151275559269534e+00
1.381196857487256402e+00
1.396319319748373644e+00
1.395839833917613682e+00
1.399924911190270516e+00
1.379023877849655522e+00
1.381501552500505436e+00
1.364145561271361329e+00
1.330362267159421297e+00
1.344977361425123252e+00
1.362817586369560185e+00
1.376177402366536739e+00
1.383184790519695007e+00
1.401539600648350481e+00
1.394622572790559234e+00
1.371436438685360582e+00
1.368889016537073067e+00
1.360142527964683046e+00
1.362973538622555436e+00
1.376223431945679421e+00
1.391537445354712466e+00
1.393809856272378411e+00
1.385521830633922757e+00
1.426366239575777684e+00
1.432701733815732181e+00
1.427765298350307077e+00
1.429615221324844088e+00
1.411675706654816231e+00
1.410278188939613653e+00
1.393009480650351017e+00
1.420794727371984312e+00
1.415814214142321559e+00
1.433077067796616255e+00
1.455730986385163517e+00
1.444971522652077178e+00
1.422580043820005580e+00
1.425059480789629074e+00
1.445955042755037390e+00
1.426370289432410177e+00
1.441597182694740686e+00
1.458344769969104560e+00
1.476876011590146698e+00
1.475491993289394621e+00
1.482807265922111428e+00
1.473548074020409882e+00
1.473437209855523289e+00
1.473108603574152298e+00
1.474183193417109461e+00
1.436582053404049208e+00
1.425810757902331583e+00
1.422445913088403291e+00
1.406087883003467764e+00
1.409530387399051898e+00
1.417381862022116135e+00
1.421692916663207296e+00
1.417486947012772669e+00
1.441227648295715147e+00
1.427715132650108520e+00
1.432587527757313239e+00
1.445940219444050712e+00
1.438655564081643412e+00
1.418011276753929018e+00
1.420542593537624354e+00
1.423016670186713295e+00
1.417405251461766769e+00
1.412283127880521905e+00
1.384016566829460171e+00
1.388356728148211650e+00
1.390352606232896804e+00
1.377776138362094782e+00
1.385141993638133728e+00
1.365295474755862548e+00
1.364549838722878494e+00
1.375291877651057204e+00
1.363317457495534013e+00
1.382012319070468065e+00
1.396719539434083890e+00
1.392641395442378638e+00
1.394760778297775561e+00
1.403690551283161891e+00
1.388913622481094956e+00
1.381573034694552504e+00
1.394130893403233928e+00
1.384897208630176957e+00
1.363931948017769402e+00
1.387771849617246422e+00
1.409445293019470968e+00
1.383812980935777093e+00
1.388340286971616377e+00
1.387186153073073136e+00
1.389319636336806774e+00
1.398631400088468535e+00
1.391332523442555980e+00
1.394273312004300047e+00
1.405094110623373194e+00
1.391147451296546045e+00
1.397706505534372479e+00
1.387718547439146466e+00
1.386846358640765109e+00
1.376289554470647492e+00
1.356670465686665938e+00
1.333976027836427880e+00
1.335566413801281938e+00
1.315675777469331287e+00
1.319226440632595310e+00
1.337400119991898562e+00
1.332155730242250424e+00
1.316979492597476487e+00
1.326436885149644640e+00
1.354188823493861271e+00
1.348483354707710635e+00
1.335220685207740621e+00
1.346354641362822901e+00
1.341941427693311928e+00
1.331483910746325217e+00
1.331735649546126332e+00
1.332822485452398009e+00
1.347514000763337050e+00
1.345386054736123160e+00
1.339408262066786426e+00
1.333976737558902448e+00
1.348579531755285110e+00
1.358303434557154299e+00
1.370997682811383456e+00
1.393127249459041428e+00
1.407916489928500825e+00
1.423265732258292449e+00
1.427821648321687231e+00
1.445779464088797095e+00
1.450433146690940589e+00
1.436620009598470471e+00
1.426200320587172943e+00
1.449957635065280082e+00
1.448144134062748556e+00
1.446426062731548834e+00
1.426082121382294732e+00
1.438239166592171214e+00
1.428473648887707892e+00
1.437984685107277727e+00
1.462806215358749329e+00
1.455615611247536689e+00
1.452141870223961240e+00
1.452687645350404066e+00
1.455993872710876769e+00
1.461581068287733487e+00
1.471926923125058684e+00
1.472734296111718910e+00
1.490355515271563736e+00
1.486037039241425939e+00
1.457549633619258822e+00
1.455122383195898816e+00
1.469459049921034044e+00
1.459219784933557307e+00
1.459999004911335607e+00
1.458180409125948485e+00
1.448624328728355115e+00
1.454608740503068542e+00
1.433014859896865056e+00
1.440850414153288739e+00
1.434150948364873779e+00
1.448307033323890769e+00
1.442875177162175504e+00
1.467354519052792572e+00
1.459380276247744357e+00
1.444718223765096177e+00
1.454255056501065235e+00
1.461037111847895087e+00
1.457171478192307079e+00
1.440130357595272859e+00
1.434504533564195494e+00
1.438674344213579204e+00
1.425667785006230037e+00
1.398455568030063656e+00
1.379468986212424531e+00
1.383881825699664114e+00
1.388502198868035942e+00
1.373968362559961465e+00
1.371086667751739485e+00
1.363515694578335324e+00
1.349114567315899293e+00
1.363749064440646031e+00
1.361353514484996197e+00
1.372222512806400729e+00
1.364258363113880934e+00
1.368848944092787789e+00
1.370403534206999119e+00
1.373688477543509867e+00
1.350699282207309615e+00
1.338541176524602250e+00
1.329237615727233646e+00
1.336659028850806896e+00
1.330692504258636610e+00
1.327853294972947795e+00
1.317288638460733852e+00
1.317422443947864341e+00
1.326357948425567646e+00
1.316009540987035820e+00
1.338076500616860010e+00
1.345182984848762864e+00
1.371736148751241613e+00
1.356195908644221904e+00
1.357351793875263946e+00
1.377525018297697246e+00
1.376766131696854467e+00
1.366933142474710206e+00
1.384201318570777994e+00
1.404435681909726119e+00
1.400323013331144173e+00
1.407823089569868902e+00
1.413369469190372874e+00
1.398259126954093157e+00
1.394057354966337092e+00
1.400980823604969450e+00
1.419348661891612240e+00
1.444952605809141533e+00
1.430702296988945799e+00
1.441268039710370097e+00
1.430896619137971504e+00
1.437971031798602084e+00
1.425116898363280926e+00
1.422054210125658802e+00
1.445932703544811737e+00
1.410908377802222002e+00
1.411664886492623117e+00
1.388496385882384887e+00
1.400144300856434931e+00
1.389837512360514005e+00
1.378437693725587110e+00
1.387749818117482103e+00
1.397189569143772570e+00
1.367927630473182665e+00
1.359313616611402153e+00
1.366478374362375403e+00
1.358487285789993892e+00
1.351577637437324064e+00
1.371355972748192986e+00
1.375597812232914663e+00
1.376637806537900799e+00
1.361121097894741228e+00
1.354683950902191958e+00
1.359581581508510828e+00
1.358674158108363228e+00
1.377337788084670667e+00
1.371897285243305120e+00
1.375558569027848455e+00
1.370213751450626738e+00
1.359266297769082144e+00
1.377644391194529527e+00
1.378094159261566531e+00
1.402656245443229199e+00
1.391574127878196121e+00
1.406143460617264918e+00
1.395813128804276548e+00
1.378297262404046375e+00
1.389133429324334257e+00
1.393061275044644498e+00
1.396352366361232056e+00
1.395894000792876843e+00
1.398283738478121041e+00
1.388233250742637370e+00
1.393723800055612472e+00
1.396706101029699498e+00
1.387760700676063275e+00
1.390648744270158721e+00
1.378285597431060161e+00
1.378637975105061697e+00
1.387178254164091795e+00
1.380791453493932286e+00
1.395103937700032271e+00
1.406475599551681110e+00
1.396271155994343038e+00
1.377254985170418999e+00
1.383503718878222433e+00
1.393288825674336762e+00
1.386269029577797518e+00
1.385180297600590915e+00
1.369025734653993798e+00
1.376100114125230700e+00
1.378530479960453858e+00
1.361411159093329770e+00
1.366926933378719511e+00
1.357916180285678731e+00
1.359037212115758564e+00
1.350484749506056126e+00
1.356065811060320980e+00
1.348908234238083148e+00
1.333587320486449457e+00
1.350321257038872735e+00
1.371142214914761626e+00
1.364332404066147975e+00
1.374354605649379391e+00
1.357939046233859859e+00
1.347203324614708597e+00
1.329657112955331177e+00
