1.360889873467385769e-04
1.405412476742640138e-04
1.261262223124504089e-04
1.532991882413625717e-04
1.476708566769957542e-04
1.712587982183322310e-04
1.526757550891488791e-04
1.755262637743726373e-04
1.497079210821539164e-04
1.219749756273813546e-04
1.440647465642541647e-04
1.229917979799211025e-04
1.387493684887886047e-04
1.696144609013572335e-04
1.572175970068201423e-04
1.367703953292220831e-04
1.830777182476595044e-04
1.612449996173381805e-04
1.579378294991329312e-04
1.394946593791246414e-04
1.526892592664808035e-04
1.603760174475610256e-04
1.625951990718021989e-04
1.564184494782239199e-04
2.072126953862607479e-04
1.646220916882157326e-04
2.135191607521846890e-04
1.699355780147016048e-04
1.554366317577660084e-04
1.935529289767146111e-04
1.743774191709235311e-04
1.866662059910595417e-04
1.662143040448427200e-04
1.254711241926997900e-04
1.735605619614943862e-04
1.430919510312378407e-04
1.711097866063937545e-04
7.036660099402070045e-05
1.845126680564135313e-04
1.250451459782198071e-04
1.386188960168510675e-04
1.438122126273810863e-04
1.399052707711234689e-04
1.454084704164415598e-04
1.479012425988912582e-04
1.520898367743939161e-04
1.308677310589700937e-04
1.515042094979435205e-04
1.582310505909845233e-04
1.728248898871243000e-04
8.741016790736466646e-05
1.377285952912643552e-04
1.604158605914562941e-04
1.636497909203171730e-04
1.475904136896133423e-04
1.522736565675586462e-04
1.301996671827509999e-04
1.142242108471691608e-04
1.547354186186566949e-04
1.528662687633186579e-04
1.296133414143696427e-04
1.357839500997215509e-04
1.705131726339459419e-04
1.560773525852710009e-04
1.428030082024633884e-04
1.446208625566214323e-04
1.783420448191463947e-04
1.402298512402921915e-04
1.473061565775424242e-04
1.136253777076490223e-04
1.424001820851117373e-04
1.245199382537975907e-04
1.451043208362534642e-04
1.514843315817415714e-04
1.256940158782526851e-04
1.440274209016934037e-04
1.027110265567898750e-04
1.213939831359311938e-04
1.253798254765570164e-04
1.644236472202464938e-04
1.398034946760162711e-04
1.813438429962843657e-04
1.237929973285645247e-04
2.363842213526368141e-04
1.663309521973133087e-04
1.795162970665842295e-04
1.474920427426695824e-04
1.848896354204043746e-04
1.388482778565958142e-04
1.875164598459377885e-04
1.277181581826880574e-04
2.519119007047265768e-04
2.002725959755480289e-04
2.235663559986278415e-04
1.594023051438853145e-04
2.260608598589897156e-04
1.487980625825002789e-04
1.698294800007715821e-04
1.712734519969671965e-04
2.293848665431141853e-04
1.438461767975240946e-04
1.418080937582999468e-04
2.261663030367344618e-04
1.457677863072603941e-04
2.434408816043287516e-04
2.482306736055761576e-04
1.815449213609099388e-04
1.848942192737013102e-04
2.029950119322165847e-04
1.918323541758581996e-04
1.620340481167659163e-04
1.770027738530188799e-04
1.923192030517384410e-04
1.797965524019673467e-04
1.473311567679047585e-04
2.573867968749254942e-04
1.976047642529010773e-04
1.649783225730061531e-04
1.779509766492992640e-04
2.105962776113301516e-04
2.165731566492468119e-04
1.881186035461723804e-04
1.481966755818575621e-04
1.801268081180751324e-04
1.300349103985354304e-04
1.726186601445078850e-04
1.446156384190544486e-04
1.749567163642495871e-04
1.254401577170938253e-04
1.651069178478792310e-04
1.423230278305709362e-04
1.447339600417762995e-04
1.835997391026467085e-04
1.338188303634524345e-04
1.399468019371852279e-04
1.519920188002288342e-04
1.491672301199287176e-04
1.313478278461843729e-04
1.265746832359582186e-04
1.274942769668996334e-04
1.409209362464025617e-04
2.218812587670981884e-04
1.376056461594998837e-04
1.360375463264063001e-04
1.649595797061920166e-04
1.379377208650112152e-04
1.924151874845847487e-04
1.456845202483236790e-04
1.843965437728911638e-04
1.620954135432839394e-04
1.379598397761583328e-04
1.418824977008625865e-04
1.581332617206498981e-04
1.436608581570908427e-04
1.329920487478375435e-04
1.560389355290681124e-04
1.305965124629437923e-04
1.541998062748461962e-04
1.287719642277806997e-04
1.591751642990857363e-04
1.379036402795463800e-04
1.308745995629578829e-04
1.339742157142609358e-04
1.572792389197275043e-04
1.454811717849224806e-04
1.340128364972770214e-04
1.614523062016814947e-04
9.900023724185302854e-05
1.589596213307231665e-04
1.194737051264382899e-04
1.519772922620177269e-04
1.227795437444001436e-04
1.762410101946443319e-04
1.483170053688809276e-04
1.732569362502545118e-04
1.339848095085471869e-04
1.098051579901948571e-04
1.794095442164689302e-04
1.786895736586302519e-04
1.129907177528366446e-04
1.103370013879612088e-04
1.554833143018186092e-04
1.199739417643286288e-04
1.261269790120422840e-04
1.435417507309466600e-04
1.184139618999324739e-04
1.418861793354153633e-04
1.535009068902581930e-04
1.556427450850605965e-04
1.505620457464829087e-04
1.392051926814019680e-04
1.379961322527378798e-04
1.499172940384596586e-04
1.153257180703803897e-04
1.808988308766856790e-04
1.228709297720342875e-04
1.790632086340337992e-04
1.253728405572474003e-04
1.542948011774569750e-04
1.395781582687050104e-04
1.690789649728685617e-04
1.062253359123133123e-04
1.307620259467512369e-04
1.289879728574305773e-04
1.373464037897065282e-04
1.903282245621085167e-04
1.339903392363339663e-04
1.540711527923122048e-04
1.390804682159796357e-04
1.685071620158851147e-04
1.542042009532451630e-04
1.556812349008396268e-04
1.248327316716313362e-04
1.452401338610798120e-04
1.084751347661949694e-04
1.528786669950932264e-04
1.335523556917905807e-04
1.608800230314955115e-04
1.583132252562791109e-04
1.868594554252922535e-04
1.938865316333249211e-04
1.539688091725111008e-04
1.565654529258608818e-04
1.380830944981426001e-04
1.753058459144085646e-04
1.746701018419116735e-04
1.564293197588995099e-04
1.506063563283532858e-04
1.549327862448990345e-04
1.436570310033857822e-04
1.322466559940949082e-04
1.340179005637764931e-04
8.102295396383851767e-05
1.441632630303502083e-04
1.371587568428367376e-04
1.533645845483988523e-04
1.210418849950656295e-04
1.515245239716023207e-04
1.295028778258711100e-04
1.409588148817420006e-04
1.413995196344330907e-04
1.366497599519789219e-04
1.416817249264568090e-04
1.379646710120141506e-04
1.198599857161752880e-04
8.220228482969105244e-05
1.248611079063266516e-04
1.429557596566155553e-04
1.241312420461326838e-04
1.418625615769997239e-04
1.377339503960683942e-04
1.383507333230227232e-04
1.515806361567229033e-04
1.367239310638979077e-04
1.787575602065771818e-04
1.305529149249196053e-04
1.238052645931020379e-04
1.503253297414630651e-04
1.683584705460816622e-04
1.527628191979601979e-04
1.433041034033522010e-04
1.280115684494376183e-04
1.399847096763551235e-04
1.297779963351786137e-04
1.483432279201224446e-04
1.553478359710425138e-04
1.538323413114994764e-04
1.259504497284069657e-04
1.422133209416642785e-04
1.337292633252218366e-04
1.152761469711549580e-04
1.480624778196215630e-04
1.739768194966018200e-04
1.213535288115963340e-04
1.503315143054351211e-04
1.548996660858392715e-04
1.327445497736334801e-04
1.599449751665815711e-04
1.318088034167885780e-04
1.186430017696693540e-04
1.452860306017100811e-04
1.338300062343478203e-04
1.370863610645756125e-04
1.370006357319653034e-04
2.441463875584304333e-04
3.872628731187433004e-04
1.772624091245234013e-04
3.073901752941310406e-04
1.608695165487006307e-04
2.620728337205946445e-04
1.727465714793652296e-04
1.706742623355239630e-04
2.095853851642459631e-04
1.482422230765223503e-04
2.042287960648536682e-04
1.524478720966726542e-04
1.579045929247513413e-04
4.056268080603331327e-04
3.917951835319399834e-04
3.888572973664849997e-04
2.104130398947745562e-04
4.210552433505654335e-04
2.088799956254661083e-04
3.492478281259536743e-04
2.231325343018397689e-04
2.445265417918562889e-04
2.570234937593340874e-04
1.446494134142994881e-04
2.292577555635944009e-04
1.932623272296041250e-04
1.673207443673163652e-04
3.726955037564039230e-04
1.404214999638497829e-04
3.439565189182758331e-04
1.761117018759250641e-04
2.497083041816949844e-04
3.558831522241234779e-04
1.643821306060999632e-04
2.599965082481503487e-04
2.250450197607278824e-04
1.658965920796617866e-04
3.243270330131053925e-04
1.933624153025448322e-04
1.298186252824962139e-04
3.405396128073334694e-04
1.548557047499343753e-04
2.642754116095602512e-04
2.715632144827395678e-04
2.666790969669818878e-04
2.695657894946634769e-04
1.355396525468677282e-04
2.571016084402799606e-04
2.314742450835183263e-04
1.564955455251038074e-04
2.340232167625799775e-04
1.386024960083886981e-04
1.409658143529668450e-04
2.251546829938888550e-04
1.509818539489060640e-04
2.128303458448499441e-04
1.758343714755028486e-04
1.738798746373504400e-04
1.701469882391393185e-04
1.240655401488766074e-04
1.629998732823878527e-04
1.555102353449910879e-04
1.286176848225295544e-04
1.550889282952994108e-04
1.341629249509423971e-04
1.698341366136446595e-04
1.733780663926154375e-04
1.652047503739595413e-04
1.438342296751216054e-04
1.621490519028156996e-04
1.487303234171122313e-04
1.782924955477938056e-04
1.708073832560330629e-04
1.858707692008465528e-04
1.457892649341374636e-04
1.346351346001029015e-04
1.405183866154402494e-04
1.567260624142363667e-04
1.842622878029942513e-04
1.881405623862519860e-04
1.999435480684041977e-04
1.555478957016021013e-04
2.364713582210242748e-04
1.348273071926087141e-04
1.408068055752664804e-04
2.128253399860113859e-04
1.479494385421276093e-04
2.146420301869511604e-04
1.374877901980653405e-04
1.599959650775417686e-04
1.858293690020218492e-04
2.686965162865817547e-04
2.437087823636829853e-04
2.477410598658025265e-04
1.768881047610193491e-04
2.664826752152293921e-04
1.688491029199212790e-04
1.432286953786388040e-04
3.196557518094778061e-04
1.433182624168694019e-04
2.219985181000083685e-04
1.974779006559401751e-04
1.808105298550799489e-04
2.334547752980142832e-04
1.242980797542259097e-04
2.561027358751744032e-04
2.505404700059443712e-04
1.523264072602614760e-04
2.966230094898492098e-04
1.442926441086456180e-04
1.764003245625644922e-04
2.860678650904446840e-04
1.303473982261493802e-04
2.209029626101255417e-04
1.701203000266104937e-04
1.781374303391203284e-04
1.817487791413441300e-04
1.385609793942421675e-04
1.789752859622240067e-04
2.051899500656872988e-04
1.506910484749823809e-04
2.141134173143655062e-04
1.460252096876502037e-04
1.548900327179580927e-04
2.054125798167660832e-04
1.425206282874569297e-04
1.563138212077319622e-04
1.705173781374469399e-04
1.506118715042248368e-04
1.818017772166058421e-04
1.007828614092431962e-04
1.238689001183956861e-04
1.395522995153442025e-04
1.327447243966162205e-04
1.571708125993609428e-04
1.411800185451284051e-04
1.338282309006899595e-04
1.479265338275581598e-04
1.402791240252554417e-04
1.486777764512225986e-04
1.467770489398390055e-04
1.579971867613494396e-04
1.239466946572065353e-04
6.060511077521368861e-05
1.687742769718170166e-04
1.534826878923922777e-04
1.491215080022811890e-04
1.227453467436134815e-04
1.263578888028860092e-04
1.652142091188579798e-04
1.460269850213080645e-04
1.369436649838462472e-04
1.403996429871767759e-04
1.711078220978379250e-04
1.405215298291295767e-04
1.626257726456969976e-04
1.109781442210078239e-04
1.489408023189753294e-04
1.379096502205356956e-04
1.608501188457012177e-04
1.373018603771924973e-04
1.331481180386617780e-04
1.434819132555276155e-04
1.300699950661510229e-04
1.462843501940369606e-04
1.243747392436489463e-04
1.218064062413759530e-04
1.394305727444589138e-04
1.457803882658481598e-04
1.692841615295037627e-04
1.323541218880563974e-04
1.318669383181259036e-04
1.077403139788657427e-04
1.529451983515173197e-04
1.224547449965029955e-04
1.222382416017353535e-04
1.238378172274678946e-04
1.231540227308869362e-04
1.614987268112599850e-04
1.418309984728693962e-04
1.165377834695391357e-04
1.613148779142647982e-04
1.457231992390006781e-04
1.287287595914676785e-04
1.421398774255067110e-04
1.498587371315807104e-04
1.583875709911808372e-04
1.321777963312342763e-04
1.414715225109830499e-04
1.470206480007618666e-04
1.278382260352373123e-04
1.328140642726793885e-04
1.357444270979613066e-04
1.421223132638260722e-04
1.178758539026603103e-04
1.087215787265449762e-04
1.444891386199742556e-04
1.411232951795682311e-04
1.269404019694775343e-04
1.338435249635949731e-04
1.387554075336083770e-04
1.275863032788038254e-04
1.453445584047585726e-04
1.429751137038692832e-04
1.477064797654747963e-04
1.314073306275531650e-04
1.544948027003556490e-04
1.207801542477682233e-04
1.360219466732814908e-04
1.396081206621602178e-04
1.306140911765396595e-04
1.383657508995383978e-04
1.186818408314138651e-04
1.205709195346571505e-04
1.457174948882311583e-04
1.301252632401883602e-04
1.410561089869588614e-04
1.350236270809546113e-04
1.397810701746493578e-04
1.305626792600378394e-04
1.340020971838384867e-04
1.472665026085451245e-04
1.467941474402323365e-04
1.383061753585934639e-04
1.497488701716065407e-04
1.832469715736806393e-04
1.425481168553233147e-04
1.579929376021027565e-04
1.397528976667672396e-04
1.278740528505295515e-04
1.822965568862855434e-04
1.503447565482929349e-04
1.434191362932324409e-04
1.794830750441178679e-04
2.936865203082561493e-04
1.295073889195919037e-04
1.382804475724697113e-04
1.650878111831843853e-04
1.359033922199159861e-04
1.347812940366566181e-04
1.396080915583297610e-04
1.675695821177214384e-04
1.462585933040827513e-04
1.708513736957684159e-04
1.400448090862482786e-04
1.465857785660773516e-04
1.583056000526994467e-04
1.325573539361357689e-04
1.451994758099317551e-04
1.294238027185201645e-04
1.470793213229626417e-04
1.372425758745521307e-04
1.269935310119763017e-04
1.587277074577286839e-04
1.340353919658809900e-04
1.396760198986157775e-04
1.534767216071486473e-04
1.462943473597988486e-04
1.264773018192499876e-04
1.439164916519075632e-04
3.237969358451664448e-04
1.633244683034718037e-04
1.753573014866560698e-04
1.413176942151039839e-04
2.222913317382335663e-04
1.145831774920225143e-04
1.830636465456336737e-04
1.330767117906361818e-04
1.936335320351645350e-04
1.566087885294109583e-04
1.333882100880146027e-04
1.919040514621883631e-04
1.531936286482959986e-04
9.557348676025867462e-05
1.466555404476821423e-04
1.539413206046447158e-04
1.486573019064962864e-04
1.513311872258782387e-04
1.529751898488029838e-04
1.384884235449135303e-04
1.437484461348503828e-04
1.241379795828834176e-04
1.238151162397116423e-04
1.235574309248477221e-04
1.410732947988435626e-04
1.554853224661201239e-04
8.856589556671679020e-05
1.308753708144649863e-04
1.332003448624163866e-04
1.275717804674059153e-04
1.403374772053211927e-04
1.343416515737771988e-04
1.304269098909571767e-04
1.351174432784318924e-04
1.418034371454268694e-04
1.266555336769670248e-04
1.113562393584288657e-04
1.488057750975713134e-04
1.455237215850502253e-04
1.735850673867389560e-04
1.168808666989207268e-04
1.324526965618133545e-04
1.383970957249403000e-04
1.267510087927803397e-04
1.358540030196309090e-04
1.427756069460883737e-04
1.199286489281803370e-04
1.379661553073674440e-04
1.462733634980395436e-04
1.333121617790311575e-04
1.716814585961401463e-04
1.227614120580255985e-04
1.528533030068501830e-04
1.063098097802139819e-04
1.318791910307481885e-04
1.478015619795769453e-04
1.560214586788788438e-04
1.347171055385842919e-04
1.498307392466813326e-04
1.416040031472221017e-04
1.290007494390010834e-04
1.468105474486947060e-04
1.277339470107108355e-04
1.375227293465286493e-04
1.242705329786986113e-04
2.259348693769425154e-04
1.662512368056923151e-04
1.253517402801662683e-04
1.333900145255029202e-04
1.483442756580188870e-04
1.496266049798578024e-04
1.457651378586888313e-04
1.347917132079601288e-04
1.303428434766829014e-04
1.565714483149349689e-04
1.183041604235768318e-04
1.311443629674613476e-04
1.353329862467944622e-04
9.269593283534049988e-05
1.429260883014649153e-04
1.392927806591615081e-04
1.192836789414286613e-04
1.511032896814867854e-04
1.137433719122782350e-04
1.392274862155318260e-04
1.444131048629060388e-04
1.293406676268205047e-04
1.392285921610891819e-04
1.130929740611463785e-04
1.320507726632058620e-04
1.348609221167862415e-04
1.167190130217932165e-04
1.593999331817030907e-04
1.120445376727730036e-04
1.503167877672240138e-04
1.386451185680925846e-04
1.258082338608801365e-04
1.422227069269865751e-04
1.361373142572119832e-04
1.413964782841503620e-04
1.308497012360021472e-04
1.066156401066109538e-04
1.258904376300051808e-04
1.336255809292197227e-04
1.756876008585095406e-04
1.382837508572265506e-04
1.574929046910256147e-04
1.503932289779186249e-04
1.225549058290198445e-04
1.567952713230624795e-04
1.230470661539584398e-04
1.384933711960911751e-04
1.208975882036611438e-04
1.157224687631241977e-04
1.239809789694845676e-04
1.215505544678308070e-04
1.452197029720991850e-04
1.529249129816889763e-04
1.414272410329431295e-04
1.172829724964685738e-04
1.209535403177142143e-04
1.364551135338842869e-04
1.489708520239219069e-04
1.540731173008680344e-04
1.134181948145851493e-04
1.259091222891584039e-04
1.176572768599726260e-04
1.298931601922959089e-04
1.400822948198765516e-04
1.404015638399869204e-04
2.130973298335447907e-04
1.333190011791884899e-04
1.411039847880601883e-04
1.145787391578778625e-04
1.454814191674813628e-04
1.135665370384231210e-04
1.208355752169154584e-04
1.215619849972426891e-04
1.421021006535738707e-04
1.364713534712791443e-04
1.255354727618396282e-04
1.262276491615921259e-04
1.486185792600736022e-04
8.391817391384392977e-05
1.416993036400526762e-04
1.131732278736308217e-04
1.310749794356524944e-04
1.457262260373681784e-04
1.287388877244666219e-04
1.401229092152789235e-04
1.265419705305248499e-04
1.509519934188574553e-04
1.391261175740510225e-04
1.239590492332354188e-04
1.378055021632462740e-04
1.388075324939563870e-04
1.764808403095230460e-04
1.599391689524054527e-04
1.261409779544919729e-04
1.454720331821590662e-04
1.334411208517849445e-04
1.568258157931268215e-04
1.268062769668176770e-04
1.367202203255146742e-04
1.448907860321924090e-04
1.423038484062999487e-04
1.265425962628796697e-04
1.286552433157339692e-04
1.391694531776010990e-04
1.131951867137104273e-04
1.278661366086453199e-04
1.231341157108545303e-04
1.306342019233852625e-04
1.665275776758790016e-04
1.268270134460180998e-04
1.460951025364920497e-04
1.401388726662844419e-04
1.678135013207793236e-04
1.804644998628646135e-04
1.359049347229301929e-04
1.875973248388618231e-04
1.661349670030176640e-04
9.587976092007011175e-05
2.044959401246160269e-04
1.340804446954280138e-04
1.987464493140578270e-04
1.697552652331069112e-04
1.846671802923083305e-04
1.801047037588432431e-04
1.496700861025601625e-04
1.770543458405882120e-04
2.271198900416493416e-04
1.561456883791834116e-04
2.411982277408242226e-04
1.478770427638664842e-04
1.038217378663830459e-04
2.581557200755923986e-04
1.546781859360635281e-04
2.175727568101137877e-04
1.973317121155560017e-04
1.648184261284768581e-04
3.121535410173237324e-04
2.047430898528546095e-04
2.226625219918787479e-04
2.449454623274505138e-04
1.667466422077268362e-04
1.771384268067777157e-04
1.401634071953594685e-04
9.281941311201080680e-05
2.074526273645460606e-04
1.886776299215853214e-04
1.397357555106282234e-04
3.133991849608719349e-04
1.457265607314184308e-04
1.936719781951978803e-04
2.032215707004070282e-04
1.555507187731564045e-04
2.205912023782730103e-04
1.531822636025026441e-04
1.761386520229279995e-04
1.507497363490983844e-04
1.391139376210048795e-04
1.405977236572653055e-04
1.632329222047701478e-04
1.452854194212704897e-04
1.391449477523565292e-04
1.404446811648085713e-04
1.281285949517041445e-04
1.221332058776170015e-04
1.476172183174639940e-04
1.309453655267134309e-04
1.371733669657260180e-04
1.504392421338707209e-04
1.185277797048911452e-04
1.129289303207769990e-04
1.311007363256067038e-04
1.373887353111058474e-04
1.116155908675864339e-04
1.577748626004904509e-04
1.534709444968029857e-04
1.266475010197609663e-04
1.222230348503217101e-04
1.271610090043395758e-04
1.230131019838154316e-04
1.385838841088116169e-04
1.406647934345528483e-04
1.081118389265611768e-04
1.440078049199655652e-04
1.257094554603099823e-04
1.175504658021964133e-04
1.376230065943673253e-04
1.369957899441942573e-04
1.477938785683363676e-04
1.284807221964001656e-04
1.236659445567056537e-04
1.133168843807652593e-04
1.111237797886133194e-04
1.209590845974162221e-04
1.436840684618800879e-04
1.240740530192852020e-04
1.839846227085217834e-04
1.266356557607650757e-04
1.488849811721593142e-04
1.197973033413290977e-04
1.371640682918950915e-04
1.047269324772059917e-04
1.267503976123407483e-04
1.457786711398512125e-04
1.375985448248684406e-04
1.293841778533533216e-04
1.251647918252274394e-04
1.279693678952753544e-04
1.265707542188465595e-04
1.480764767620712519e-04
1.272045192308723927e-04
1.045593453454785049e-04
1.296775008086115122e-04
1.331162202404811978e-04
1.087973068933933973e-04
1.132578181568533182e-04
1.422111672582104802e-04
1.476456236559897661e-04
1.420851622242480516e-04
1.327695936197414994e-04
1.206652741529978812e-04
1.527738641016185284e-04
1.187005400424823165e-04
1.288216008106246591e-04
1.130037417169660330e-04
1.490887807449325919e-04
1.280636060982942581e-04
1.327498757746070623e-04
1.307851634919643402e-04
1.182744745165109634e-04
1.352652761852368712e-04
1.205419466714374721e-04
1.386754738632589579e-04
1.367744116578251123e-04
1.294723770115524530e-04
1.218159450218081474e-04
1.406335504725575447e-04
1.493177842348814011e-04
1.265964820049703121e-04
1.246691535925492644e-04
1.104597904486581683e-04
1.289142383029684424e-04
1.379437453579157591e-04
1.095547631848603487e-04
1.193275602417998016e-04
1.384997885907068849e-04
1.317642017966136336e-04
1.311097876168787479e-04
1.505262916907668114e-04
1.296639529755339026e-04
1.466199319111183286e-04
1.269385393243283033e-04
1.337294816039502621e-04
1.324462355114519596e-04
1.404374197591096163e-04
1.352596300421282649e-04
1.140848689828999341e-04
1.217089084093458951e-04
1.107172938645817339e-04
1.488719135522842407e-04
1.181417392217554152e-04
1.884721423266455531e-04
1.585584250278770924e-04
1.336322748102247715e-04
1.220868725795298815e-04
1.419602049281820655e-04
1.433240540791302919e-04
1.536514901090413332e-04
1.356627471977844834e-04
1.318090507993474603e-04
1.347789657302200794e-04
1.351437531411647797e-04
1.311581290792673826e-04
1.222283026436343789e-04
1.229803601745516062e-04
1.463739172322675586e-04
1.557584328111261129e-04
1.219861878780648112e-04
1.212373754242435098e-04
1.267664192710071802e-04
1.436604361515492201e-04
1.142314431490376592e-04
1.567630970384925604e-04
1.279891293961554766e-04
1.386382500641047955e-04
1.187626985483802855e-04
1.221236598212271929e-04
1.187696980196051300e-04
1.415002770954743028e-04
1.127456926042214036e-04
1.290796644752845168e-04
1.266149047296494246e-04
1.102886744774878025e-04
1.278821873711422086e-04
1.381054462399333715e-04
1.401502813678234816e-04
1.249641645699739456e-04
1.271265355171635747e-04
1.569097366882488132e-04
1.478743797633796930e-04
5.876149953110143542e-05
1.367202494293451309e-04
1.641595008550211787e-04
1.472638978157192469e-04
1.266571198357269168e-04
1.246973988600075245e-04
1.289507199544459581e-04
1.165209832834079862e-04
1.412180718034505844e-04
1.355706626782193780e-04
1.270133070647716522e-04
1.558563526486977935e-04
1.163927663583308458e-04
8.187252387870103121e-05
1.735917758196592331e-04
1.296402479056268930e-04
1.397696614731103182e-04
1.522230450063943863e-04
1.126561110140755773e-04
1.498516066931188107e-04
1.205394073622301221e-04
1.349863450741395354e-04
1.284103782381862402e-04
1.220862031914293766e-04
1.666014140937477350e-04
1.325104676652699709e-04
1.397293672198429704e-04
1.187402667710557580e-04
1.431304845027625561e-04
1.712026714812964201e-04
1.321166346315294504e-04
1.589021558174863458e-04
1.403262722305953503e-04
1.640427944948896766e-04
1.118206419050693512e-04
1.513413153588771820e-04
1.511477312305942178e-04
1.205375738209113479e-04
1.263564627151936293e-04
1.127469877246767282e-04
1.667789183557033539e-04
1.546336861792951822e-04
1.499893260188400745e-04
1.539443037472665310e-04
1.303195022046566010e-04
1.300424919463694096e-04
1.265030587092041969e-04
1.495976903242990375e-04
1.127980212913826108e-04
1.652100763749331236e-04
1.203880092361941934e-04
1.844902435550466180e-04
1.404120703227818012e-04
1.626428565941751003e-04
1.436286693206056952e-04
1.393070997437462211e-04
2.189834485761821270e-04
1.359534071525558829e-04
1.351102546323090792e-04
1.451686548534780741e-04
1.173274213215336204e-04
1.590870087966322899e-04
1.298008137382566929e-04
1.310065272264182568e-04
1.504749234300106764e-04
2.346239052712917328e-04
1.728621718939393759e-04
1.495169999543577433e-04
1.265102182514965534e-04
1.531983289169147611e-04
1.382314367219805717e-04
1.489208370912820101e-04
1.283779129153117537e-04
1.546105777379125357e-04
1.236233074450865388e-04
1.356486609438434243e-04
1.142882974818348885e-04
1.383162161801010370e-04
1.131608005380257964e-04
1.453983422834426165e-04
1.233850489370524883e-04
1.378472225042060018e-04
1.503998646512627602e-04
1.410276599926874042e-04
1.327342761214822531e-04
1.362401817459613085e-04
1.146786235040053725e-04
1.184673819807358086e-04
1.273482776014134288e-04
1.317411370109766722e-04
1.195426666527055204e-04
8.981165592558681965e-05
1.530391455162316561e-04
