1.108722499338909984e-04
1.185645305668003857e-04
1.038609552779234946e-04
8.149442146532237530e-05
1.239340490428730845e-04
9.415025851922109723e-05
1.038557456922717392e-04
1.107438001781702042e-04
1.425097143510356545e-04
1.006141174002550542e-04
1.064835087163373828e-04
1.283253368455916643e-04
1.476434263167902827e-04
1.155809295596554875e-04
1.063291929312981665e-04
1.043194279191084206e-04
1.266974140889942646e-04
9.568058158038184047e-05
1.078579443856142461e-04
1.175178622361272573e-04
9.897642303258180618e-05
1.360356545774266124e-04
1.042337826220318675e-04
1.439668703824281693e-04
1.269889180548489094e-04
1.132877368945628405e-04
1.043454103637486696e-04
1.179070313810370862e-04
1.276593538932502270e-04
1.199007092509418726e-04
1.129989104811102152e-04
9.744018461788073182e-05
1.311375526711344719e-04
1.457744947401806712e-04
1.079569337889552116e-04
1.178032252937555313e-04
1.029835329973138869e-04
1.151183532783761621e-04
1.053065498126670718e-04
1.385779469273984432e-04
1.132992838392965496e-04
1.231753558386117220e-04
1.072654049494303763e-04
9.920331649482250214e-05
1.029895138344727457e-04
9.288980800192803144e-05
1.423146168235689402e-04
9.675370529294013977e-05
1.141928951255977154e-04
1.027908292599022388e-04
9.966992365662008524e-05
1.336715067736804485e-04
1.358076988253742456e-04
9.432354272576048970e-05
1.347165816696360707e-04
1.021710049826651812e-04
1.329543301835656166e-04
1.048731428454630077e-04
1.409383257851004601e-04
1.117664069170132279e-04
1.016800233628600836e-04
9.364495053887367249e-05
1.459238701499998569e-04
1.257677213288843632e-04
1.399168686475604773e-04
1.277174451388418674e-04
1.009198240353725851e-04
1.017593967844732106e-04
1.128081567003391683e-04
1.035225723171606660e-04
9.960805618902668357e-05
1.470708812121301889e-04
9.220311767421662807e-05
1.243801671080291271e-04
1.132420875364914536e-04
9.829706687014549971e-05
1.095124607672914863e-04
9.659283387009054422e-05
1.275779213756322861e-04
1.278538547921925783e-04
1.097197673516348004e-04
1.137663130066357553e-04
1.064216485247015953e-04
1.346057688351720572e-04
1.042952499119564891e-04
1.019742485368624330e-04
1.066885815816931427e-04
1.285446342080831528e-04
9.657889313530176878e-05
1.082606322597712278e-04
1.106066556531004608e-04
1.144077250501140952e-04
1.009714469546452165e-04
1.448088733013719320e-04
1.048680205713026226e-04
1.199723337776958942e-04
1.307905622525140643e-04
1.063437666743993759e-04
9.485115879215300083e-05
1.176807127194479108e-04
9.869868517853319645e-05
1.132333127316087484e-04
1.314970722887665033e-04
9.457898704567924142e-05
1.157186416094191372e-04
1.026875397656112909e-04
1.019942283164709806e-04
1.308326900471001863e-04
1.164163986686617136e-04
1.154634810518473387e-04
1.136609353125095367e-04
1.125742273870855570e-04
1.017440226860344410e-04
1.177627636934630573e-04
1.109016884583979845e-04
1.430895354133099318e-04
1.057698827935382724e-04
1.103027097997255623e-04
1.474845048505812883e-04
1.159421517513692379e-04
1.158504674094729125e-04
1.334059925284236670e-04
1.320784795098006725e-04
1.078324203263036907e-04
1.123489637393504381e-04
1.019435148919001222e-04
1.108933138311840594e-04
1.005264784907922149e-04
1.505451509729027748e-04
1.041040377458557487e-04
1.443848886992782354e-04
1.338072761427611113e-04
1.661466521909460425e-04
1.243473088834434748e-04
1.040989154716953635e-04
1.504661922808736563e-04
1.090896184905432165e-04
1.250983186764642596e-04
1.100756271625868976e-04
1.150369134848006070e-04
1.263309095520526171e-04
1.409111428074538708e-04
1.392267586197704077e-04
1.324758923146873713e-04
1.252622751053422689e-04
9.252330346498638391e-05
1.327146019320935011e-04
1.280860742554068565e-04
1.444043882656842470e-04
1.171275798697024584e-04
1.216938908328302205e-04
1.400501350872218609e-04
1.354478008579462767e-04
1.215954107465222478e-04
1.172957272501662374e-04
1.495103060733526945e-04
1.002405988401733339e-04
1.580257376190274954e-04
1.134360572905279696e-04
1.361671747872605920e-04
1.363383198622614145e-04
1.285606704186648130e-04
1.446242386009544134e-04
1.351887913187965751e-04
1.129677693825215101e-04
1.346853678114712238e-04
1.328162325080484152e-04
1.166856964118778706e-04
1.040909410221502185e-04
1.258134434465318918e-04
1.127467839978635311e-04
1.019679621094837785e-04
1.206554516102187335e-04
1.015664165606722236e-04
1.742807944538071752e-04
1.150600146502256393e-04
1.039775743265636265e-04
1.411039847880601883e-04
1.097663989639841020e-04
1.208214089274406433e-04
1.363410847261548042e-04
1.079669309547170997e-04
1.171134790638461709e-04
1.443946239305660129e-04
1.250107743544504046e-04
1.069926220225170255e-04
1.129392912844195962e-04
1.036895700963214040e-04
1.256916730199009180e-04
1.315886911470443010e-04
1.221337442984804511e-04
1.268711494049057364e-04
1.138067163992673159e-04
1.128270087065175176e-04
1.309200888499617577e-04
1.186413210234604776e-04
1.174639692180790007e-04
1.136734790634363890e-04
1.283691090065985918e-04
1.157345104729756713e-04
9.755823703017085791e-05
1.202904531965032220e-04
1.152644836110994220e-04
1.007242972264066339e-04
1.084782561520114541e-04
1.490659196861088276e-04
9.919289732351899147e-05
1.085525145754218102e-04
1.347704383078962564e-04
1.086480115191079676e-04
1.118406726163811982e-04
1.259773125639185309e-04
1.225096639245748520e-04
1.208343819598667324e-04
1.337173453066498041e-04
1.153877892647869885e-04
1.024516241159290075e-04
1.199686084873974323e-04
1.303368771914392710e-04
9.999943722505122423e-05
1.106154813896864653e-04
1.091470112442038953e-04
1.195328441099263728e-04
1.096105988835915923e-04
1.036794637911953032e-04
1.379557943437248468e-04
1.123765250667929649e-04
1.085833355318754911e-04
1.018843395286239684e-04
1.196582888951525092e-04
1.166526271845214069e-04
1.122493340517394245e-04
9.410397615283727646e-05
1.196992816403508186e-04
1.032608561217784882e-04
1.234427181771025062e-04
1.109169388655573130e-04
1.518267818028107285e-04
9.303296974394470453e-05
1.141153989010490477e-04
1.113113103201612830e-04
1.189785107271745801e-04
8.553410589229315519e-05
1.253948285011574626e-04
1.118200234486721456e-04
1.268596097361296415e-04
1.185223009088076651e-04
9.836142999120056629e-05
1.107209391193464398e-04
9.951314132194966078e-05
1.047166952048428357e-04
1.440645428374409676e-04
9.176824823953211308e-05
1.304965262534096837e-04
1.290486397920176387e-04
1.135152197093702853e-04
1.012690190691500902e-04
1.221246639033779502e-04
1.174517092294991016e-04
9.883284656098112464e-05
1.055619941325858235e-04
1.052958832588046789e-04
1.040861097862944007e-04
1.093680184567347169e-04
1.218288016389124095e-04
1.042333024088293314e-04
1.101956731872633100e-04
1.181415937026031315e-04
1.196694574900902808e-04
1.197944948216900229e-04
1.490584254497662187e-04
9.264955588150769472e-05
1.277894480153918266e-04
1.250036002602428198e-04
8.966113091446459293e-05
9.371875785291194916e-05
1.172648917417973280e-04
1.088759890990331769e-04
9.946776845026761293e-05
1.393361890222877264e-04
1.290316577069461346e-04
1.165334397228434682e-04
1.244205777766183019e-04
1.321633317274972796e-04
1.368258672300726175e-04
1.211018025060184300e-04
1.114373226300813258e-04
1.355502754449844360e-04
1.164811546914279461e-04
1.535153278382495046e-04
1.060132199199870229e-04
1.200270344270393252e-04
1.045478929881937802e-04
1.471111900173127651e-04
9.817005775403231382e-05
1.104850016417913139e-04
1.294322719331830740e-04
1.276725233765318990e-04
1.024443918140605092e-04
1.110203884309157729e-04
1.020953932311385870e-04
1.190576585941016674e-04
9.521220636088401079e-05
1.114208134822547436e-04
9.935104026226326823e-05
1.107549032894894481e-04
1.016125897876918316e-04
1.276490365853533149e-04
1.178290985990315676e-04
1.094945837394334376e-04
1.327958161709830165e-04
1.156084254034794867e-04
1.247420150320976973e-04
1.071384031092748046e-04
1.426841772627085447e-04
1.156348444055765867e-04
1.063412928488105536e-04
1.152591576101258397e-04
1.795204007066786289e-04
9.573604620527476072e-05
1.005921803880482912e-04
1.248406188096851110e-04
1.185299406643025577e-04
1.374013227177783847e-04
1.464295201003551483e-04
1.198111422127112746e-04
1.379267050651833415e-04
1.026286627165973186e-04
1.323341566603630781e-04
1.553062174934893847e-04
1.315119734499603510e-04
1.396778970956802368e-04
1.274889655178412795e-04
1.415423466823995113e-04
1.145556525443680584e-04
1.283323654206469655e-04
1.183911663247272372e-04
9.807353490032255650e-05
1.196962548419833183e-04
1.147607690654695034e-04
1.041709620039910078e-04
1.256455434486269951e-04
1.217525423271581531e-04
1.145433489000424743e-04
1.070402358891442418e-04
1.311655360041186213e-04
1.388557720929384232e-04
1.320179435424506664e-04
9.871575457509607077e-05
1.160346728283911943e-04
1.036106477840803564e-04
1.066070544766262174e-04
9.767231676960363984e-05
1.052599691320210695e-04
9.573946590535342693e-05
1.231702626682817936e-04
1.108833384932950139e-04
1.044794189510867000e-04
1.085764815798029304e-04
1.121752720791846514e-04
1.272430527023971081e-04
1.144998968811705709e-04
1.559995725983753800e-04
1.248868356924504042e-04
1.224631560035049915e-04
1.256574178114533424e-04
1.180451654363423586e-04
1.172286283690482378e-04
1.116759085562080145e-04
1.209073743666522205e-04
8.774526213528588414e-05
1.267667976208031178e-04
1.032697618938982487e-04
1.108438664232380688e-04
1.252871006727218628e-04
1.239474368048831820e-04
1.094029867090284824e-04
9.974029671866446733e-05
1.123340553021989763e-04
1.071901278919540346e-04
1.607600279385223985e-04
1.027559919748455286e-04
1.510449510533362627e-04
1.233896182384341955e-04
1.023984077619388700e-04
1.203857464133761823e-04
1.231227361131459475e-04
1.122696121456101537e-04
1.090401638066396117e-04
1.044482851284556091e-04
1.104848997783847153e-04
1.068346609827131033e-04
1.055172178894281387e-04
1.383945491397753358e-04
1.160457177320495248e-04
1.058403431670740247e-04
1.123942638514563441e-04
1.040327915688976645e-04
1.601160474820062518e-04
1.128122676163911819e-04
1.292573288083076477e-04
1.011497151921503246e-04
1.048944832291454077e-04
1.237639517057687044e-04
1.344035263173282146e-04
9.320634126197546721e-05
1.060158101608976722e-04
1.193982461700215936e-04
1.192493364214897156e-04
1.333076215814799070e-04
1.252921065315604210e-04
1.176214718725532293e-04
1.189884060295298696e-04
1.279166463064029813e-04
1.120950109907425940e-04
9.349633182864636183e-05
1.070272046490572393e-04
9.821051207836717367e-05
1.229479821631684899e-04
1.278716372326016426e-04
1.066877885023131967e-04
1.105226401705294847e-04
1.187048983410932124e-04
1.098674401873722672e-04
1.114354818128049374e-04
1.156839498435147107e-04
1.180369363282807171e-04
1.584009296493604779e-04
1.137156068580225110e-04
1.505647524027153850e-04
1.071985680027864873e-04
1.332407700829207897e-04
1.071963924914598465e-04
1.547952124383300543e-04
1.501840306445956230e-04
1.801811304176226258e-04
1.315777917625382543e-04
1.329316291958093643e-04
1.100146982935257256e-04
1.363057817798107862e-04
1.082866001524962485e-04
1.081800219253636897e-04
1.079912181012332439e-04
1.195151271531358361e-04
1.650354824960231781e-04
1.207618188345804811e-04
1.194082069559954107e-04
1.230836787726730108e-04
1.144829220720566809e-04
1.321686140727251768e-04
1.073925377568230033e-04
1.177631056634709239e-04
1.141959219239652157e-04
1.051930812536738813e-04
1.248896296601742506e-04
1.022446376737207174e-04
1.171402400359511375e-04
1.131355675170198083e-04
1.103248578147031367e-04
1.358031586278229952e-04
9.881300502456724644e-05
9.794687503017485142e-05
1.410774129908531904e-04
1.027076214086264372e-04
1.024755110847763717e-04
1.127123759943060577e-04
1.097722124541178346e-04
9.982581832446157932e-05
1.237844408024102449e-04
1.204986110678873956e-04
1.267814659513533115e-04
1.257733965758234262e-04
1.473082666052505374e-04
1.427457173122093081e-04
9.679485083324834704e-05
1.053319283528253436e-04
1.142270048148930073e-04
1.211547423736192286e-04
1.081156442523933947e-04
1.115329505410045385e-04
1.255464740097522736e-04
1.127573632402345538e-04
1.075997861335054040e-04
1.199141988763585687e-04
9.346401202492415905e-05
1.255030074389651418e-04
1.044040109263733029e-04
1.085777112166397274e-04
1.218333491124212742e-04
1.009335173876024783e-04
1.239592529600486159e-04
1.263001759070903063e-04
9.893254900816828012e-05
1.272660738322883844e-04
9.683937969384714961e-05
1.041383657138794661e-04
1.060635258909314871e-04
1.056770415743812919e-04
1.034137021633796394e-04
1.142678302130661905e-04
1.110706871259026229e-04
1.126568822655826807e-04
1.092921593226492405e-04
9.507609502179548144e-05
1.171238400274887681e-04
1.005736849037930369e-04
1.031830761348828673e-04
1.399732864229008555e-04
1.137708750320598483e-04
1.281312142964452505e-04
1.183185086119920015e-04
8.382764644920825958e-05
1.511528098490089178e-04
1.233325165230780840e-04
1.050814025802537799e-04
9.892677189782261848e-05
1.118773507187142968e-04
1.105666669900529087e-04
1.141749089583754539e-04
1.026019162964075804e-04
1.037419860949739814e-04
1.111127348849549890e-04
1.020799973048269749e-04
1.194533615489490330e-04
1.209233305417001247e-04
1.012746652122586966e-04
1.205669395858421922e-04
1.063545496435835958e-04
1.026752142934128642e-04
9.892064554151147604e-05
1.177658195956610143e-04
1.044237797032110393e-04
1.065752148861065507e-04
1.012500797514803708e-04
1.078239292837679386e-04
1.180199251393787563e-04
1.072995364665985107e-04
1.275547547265887260e-04
1.115776685765013099e-04
1.137439394369721413e-04
1.343670010101050138e-04
1.115012928494252264e-04
1.431419950677081943e-04
1.241811405634507537e-04
1.039685594150796533e-04
1.165494759334251285e-04
1.024773519020527601e-04
1.204095315188169479e-04
1.083433671738021076e-04
1.052275765687227249e-04
1.137017825385555625e-04
1.092617312679067254e-04
1.232275826623663306e-04
1.232331269420683384e-04
1.187864909297786653e-04
1.089272118406370282e-04
1.169769893749617040e-04
1.184626162284985185e-04
1.123529727919958532e-04
1.129278825828805566e-04
1.184246066259220243e-04
1.084535906556993723e-04
1.160893589258193970e-04
1.145305359386838973e-04
1.313227694481611252e-04
1.151257383753545582e-04
1.025250385282561183e-04
1.162509870482608676e-04
1.141724351327866316e-04
1.297295530093833804e-04
1.046693942043930292e-04
1.140824751928448677e-04
1.213302748510614038e-04
1.099787841667421162e-04
1.075786713045090437e-04
1.208235553349368274e-04
1.146946306107565761e-04
1.268990599783137441e-04
9.317236253991723061e-05
1.275864487979561090e-04
1.352148101432248950e-04
1.094960534828715026e-04
1.099300570785999298e-04
1.370527752442285419e-04
1.143956760643050075e-04
1.011383938021026552e-04
1.208650064654648304e-04
1.265694736503064632e-04
1.319346192758530378e-04
1.614181092008948326e-04
1.499857462476938963e-04
1.337557041551917791e-04
1.186566805699840188e-04
1.403191708959639072e-04
1.399774337187409401e-04
1.416790473740547895e-04
1.309752115048468113e-04
1.385202631354331970e-04
1.094493054552003741e-04
1.364121417282149196e-04
1.120490196626633406e-04
1.230822672368958592e-04
1.118598956963978708e-04
1.101463421946391463e-04
1.175653887912631035e-04
1.073618332156911492e-04
1.139837040682323277e-04
9.878167475108057261e-05
1.312798121944069862e-04
1.075194013537839055e-04
9.795250662136822939e-05
1.429710537195205688e-04
1.241784484591335058e-04
1.330112281721085310e-04
1.242328289663419127e-04
1.424964721081778407e-04
1.139815576607361436e-04
1.316177949775010347e-04
1.032998989103361964e-04
1.114093320211395621e-04
1.251295179827138782e-04
1.255694078281521797e-04
1.290337677346542478e-04
1.196492812596261501e-04
1.075392065104097128e-04
1.508395944256335497e-04
1.074031242751516402e-04
1.067990451701916754e-04
1.391319237882271409e-04
1.175580036942847073e-04
1.225273881573230028e-04
1.157649821834638715e-04
1.368566736346110702e-04
1.236219395650550723e-04
1.014508306980133057e-04
1.199578400701284409e-04
9.554540156386792660e-05
1.561826793476939201e-04
1.145257483585737646e-04
1.277917763218283653e-04
1.382948103128001094e-04
1.231400965480133891e-04
1.387156080454587936e-04
1.078607310773804784e-04
1.364747586194425821e-04
1.151962060248479247e-04
1.376680156681686640e-04
1.079577559721656144e-04
1.403997885063290596e-04
1.169011593447066844e-04
1.594822970218956470e-04
1.155057107098400593e-04
1.252186339115723968e-04
1.754377735778689384e-04
1.454821322113275528e-04
1.650929334573447704e-04
1.392620906699448824e-04
1.749354414641857147e-04
1.133963378379121423e-04
1.827801897889003158e-04
1.097716594813391566e-04
1.533455215394496918e-04
1.273488014703616500e-04
1.364478812320157886e-04
1.291943481191992760e-04
1.285026810364797711e-04
1.575786445755511522e-04
1.141934626502916217e-04
1.823822676669806242e-04
1.040909846778959036e-04
1.911620493046939373e-04
1.178235106635838747e-04
1.609754981473088264e-04
1.145854112110100687e-04
1.891961001092568040e-04
1.091265512513928115e-04
1.401198678649961948e-04
1.203575666295364499e-04
1.083476163330487907e-04
1.449147239327430725e-04
1.065095566445961595e-04
1.331629900960251689e-04
1.197451783809810877e-04
1.236532261827960610e-04
1.116233252105303109e-04
1.150799143943004310e-04
1.207615714520215988e-04
1.206133456435054541e-04
9.004495223052799702e-05
1.125875132856890559e-04
1.139523228630423546e-04
1.027405451168306172e-04
1.075099426088854671e-04
1.070175276254303753e-04
1.209044567076489329e-04
1.161383042926900089e-04
1.242502476088702679e-04
1.261918805539608002e-04
1.044220989570021629e-04
1.222369319293648005e-04
1.251753274118527770e-04
1.442299108020961285e-04
1.274921960430219769e-04
1.215172596857883036e-04
1.174391945824027061e-04
1.439924380974844098e-04
1.052380830515176058e-04
1.032926375046372414e-04
1.084366740542463958e-04
1.275545509997755289e-04
1.107470307033509016e-04
1.213218565681017935e-04
1.137492945417761803e-04
1.033551234286278486e-04
1.179141690954566002e-04
1.088120770873501897e-04
1.158385566668584943e-04
1.242075813934206963e-04
1.144076595664955676e-04
1.017100439639762044e-04
1.039871131069958210e-04
1.184875145554542542e-04
1.300991280004382133e-04
1.323645701631903648e-04
9.465357288718223572e-05
1.214085059473291039e-04
1.023364893626421690e-04
1.118811269407160580e-04
1.300948206335306168e-04
9.791325283003970981e-05
1.197850360767915845e-04
1.063181407516822219e-04
1.081537629943341017e-04
1.153121265815570951e-04
1.118159198085777462e-04
1.107957505155354738e-04
1.147857765317894518e-04
1.092117527150548995e-04
1.200856568175368011e-04
1.369111560052260756e-04
1.216854798258282244e-04
1.226590829901397228e-04
8.824221004033461213e-05
1.069511054083704948e-04
1.111025339923799038e-04
1.169452152680605650e-04
1.212144779856316745e-04
1.258619595319032669e-04
1.120228698709979653e-04
1.053668238455429673e-04
8.824941323837265372e-05
1.061854854924604297e-04
1.153423581854440272e-04
1.096378910006023943e-04
1.256003015441820025e-04
9.780877735465764999e-05
1.245059975190088153e-04
1.187906891573220491e-04
1.215094089275225997e-04
1.114969782065600157e-04
1.145123096648603678e-04
1.127924188040196896e-04
1.154863057308830321e-04
1.022559299599379301e-04
1.070947691914625466e-04
9.772073099156841636e-05
1.062267547240480781e-04
1.072142767952755094e-04
1.119574517360888422e-04
1.236479438375681639e-04
9.716970089357346296e-05
1.192468043882399797e-04
1.272341178264468908e-04
9.495380800217390060e-05
1.027033285936340690e-04
1.067529810825362802e-04
1.074733518180437386e-04
1.149457530118525028e-04
1.140023159678094089e-04
9.578825847711414099e-05
9.265047265216708183e-05
1.301752345170825720e-04
1.383595517836511135e-04
1.343660987913608551e-04
1.290062500629574060e-04
9.691852028481662273e-05
1.139486994361504912e-04
8.584709576098248363e-05
1.185168512165546417e-04
1.042765652528032660e-04
1.046481920639052987e-04
9.718650835566222668e-05
1.118487925850786269e-04
1.187904490507207811e-04
1.394807477481663227e-04
1.140203967224806547e-04
1.371636608382686973e-04
1.074529282050207257e-04
1.330692030023783445e-04
1.199390535475686193e-04
1.268016931135207415e-04
1.207088062074035406e-04
1.297371782129630446e-04
9.515870624454692006e-05
1.500021317042410374e-04
1.137491417466662824e-04
1.046558463713154197e-04
9.447107731830328703e-05
1.217273384099826217e-04
1.462389482185244560e-04
1.246937172254547477e-04
1.272850786335766315e-04
1.189094473375007510e-04
1.269345957553014159e-04
1.166849906439892948e-04
1.092235761461779475e-04
1.233608491020277143e-04
1.441751373931765556e-04
1.260447461390867829e-04
1.318102295044809580e-04
1.232560171047225595e-04
1.275524264201521873e-04
1.044685777742415667e-04
1.303182216361165047e-04
1.185140135930851102e-04
1.181251645903103054e-04
1.267084735445678234e-04
1.251646899618208408e-04
1.478344202041625977e-04
1.047804544214159250e-04
1.862346834968775511e-04
1.071021033567376435e-04
1.710281358100473881e-04
1.212303322972729802e-04
1.589716121088713408e-04
1.029098493745550513e-04
1.824761566240340471e-04
1.032242871588096023e-04
1.615842629689723253e-04
1.024209486786276102e-04
1.603109558345749974e-04
1.111021701944991946e-04
1.217834942508488894e-04
1.189034228445962071e-04
1.205881999339908361e-04
1.166712245321832597e-04
1.247854816028848290e-04
1.085773983504623175e-04
1.148954470409080386e-04
1.126059796661138535e-04
1.013596775010228157e-04
1.033144217217341065e-04
1.006649254122748971e-04
1.077107590390369296e-04
1.212720235344022512e-04
1.242044236278161407e-04
9.731607133289799094e-05
1.211966591654345393e-04
1.229225454153493047e-04
1.543424732517451048e-04
1.067631892510689795e-04
1.087169512175023556e-04
1.245629828190430999e-04
1.183163258247077465e-04
1.047247205860912800e-04
1.022493524942547083e-04
1.026210811687633395e-04
9.394234075443819165e-05
1.241536083398386836e-04
1.154558340203948319e-04
1.246453757630661130e-04
1.194358337670564651e-04
1.189861432067118585e-04
1.340362650807946920e-04
1.102680544136092067e-04
9.841567953117191792e-05
1.161928885267116129e-04
1.188973546959459782e-04
1.011738131637685001e-04
1.145722853834740818e-04
1.005341764539480209e-04
1.046298129949718714e-04
1.067394186975434422e-04
1.077940833056345582e-04
1.034261586028151214e-04
1.204364089062437415e-04
9.900124859996140003e-05
1.301311131101101637e-04
1.377848384436219931e-04
1.234024384757503867e-04
1.264731108676642179e-04
9.758803207660093904e-05
1.238236727658659220e-04
1.058297493727877736e-04
1.038080445141531527e-04
1.217615426867268980e-04
9.266549022868275642e-05
1.156547004939056933e-04
1.116216153604909778e-04
8.990182686829939485e-05
1.127017603721469641e-04
1.083023526007309556e-04
1.130757882492616773e-04
1.264810853172093630e-04
1.156218277174048126e-04
1.078104105545207858e-04
1.111217861762270331e-04
1.385285577271133661e-04
1.034205488394945860e-04
1.092561869882047176e-04
1.206753877340815961e-04
1.007466707960702479e-04
1.298098068218678236e-04
1.086613046936690807e-04
1.120494562201201916e-04
1.029928680509328842e-04
9.779093670658767223e-05
1.067381017492152750e-04
1.040233764797449112e-04
1.054339081747457385e-04
1.077504057320766151e-04
1.099637447623535991e-04
1.136536302510648966e-04
1.194594296975992620e-04
1.244833256350830197e-04
1.216394157381728292e-04
1.053223459166474640e-04
1.056601176969707012e-04
1.018802358885295689e-04
1.252350630238652229e-04
1.194749493151903152e-04
1.128758158301934600e-04
1.291467488044872880e-04
1.126370625570416451e-04
1.088405479094944894e-04
9.684046381153166294e-05
9.574688010616227984e-05
9.801510896068066359e-05
1.167716836789622903e-04
1.142651817644946277e-04
1.013516739476472139e-04
1.182100386358797550e-04
9.842102008406072855e-05
1.171594776678830385e-04
1.078225977835245430e-04
1.132823817897588015e-04
1.262133591808378696e-04
9.739169763633981347e-05
1.191638511954806745e-04
1.138365332735702395e-04
1.082776288967579603e-04
8.463980339001864195e-05
1.168649832834489644e-04
9.728004806675016880e-05
1.120088854804635048e-04
9.994450374506413937e-05
1.133034602389670908e-04
1.120835368055850267e-04
1.219510013470426202e-04
1.024027660605497658e-04
1.222544233314692974e-04
1.026527170324698091e-04
1.111210149247199297e-04
1.173398850369267166e-04
9.988355304813012481e-05
1.299596478929743171e-04
1.036835965351201594e-04
1.304963079746812582e-04
1.123229740187525749e-04
1.131866883952170610e-04
1.028766710078343749e-04
1.080004949471913278e-04
1.359289890388026834e-04
1.100927911465987563e-04
9.150648111244663596e-05
1.405555085511878133e-04
9.330097236670553684e-05
1.262274163309484720e-04
1.020289491862058640e-04
1.132718898588791490e-04
1.295684342039749026e-04
1.333539548795670271e-04
8.135312964441254735e-05
1.058212292264215648e-04
1.206824381370097399e-04
1.035446766763925552e-04
1.019522387650795281e-04
9.888314525596797466e-05
1.123409238061867654e-04
9.365785808768123388e-05
1.075175459845922887e-04
1.064606985892169178e-04
1.066042386810295284e-04
8.807871199678629637e-05
1.183655258500948548e-04
1.238441909663379192e-04
9.711527673061937094e-05
9.776335355127230287e-05
1.195498625747859478e-04
1.089551442419178784e-04
9.725127893034368753e-05
1.110081357182934880e-04
1.124749906011857092e-04
9.734333434607833624e-05
1.028965998557396233e-04
1.430691190762445331e-04
1.105722330976277590e-04
1.276059047086164355e-04
