2.149946615099906921e-02
1.297500822693109512e-02
1.943865418434143066e-02
1.910407468676567078e-02
1.546846702694892883e-02
1.931063085794448853e-02
1.847087778151035309e-02
1.856064796447753906e-02
1.739549636840820312e-02
1.653095521032810211e-02
1.090969331562519073e-02
1.725029200315475464e-02
2.024311386048793793e-02
1.724927127361297607e-02
2.244055457413196564e-02
1.597458869218826294e-02
1.905775070190429688e-02
1.306731812655925751e-02
1.829117536544799805e-02
1.891572214663028717e-02
1.614614389836788177e-02
1.175707671791315079e-02
1.709863916039466858e-02
2.002687007188796997e-02
1.819762587547302246e-02
1.381748076528310776e-02
1.235770992934703827e-02
1.681880839169025421e-02
1.955602318048477173e-02
1.756093837320804596e-02
1.608796045184135437e-02
1.456271205097436905e-02
1.664555445313453674e-02
1.624987274408340454e-02
2.165784686803817749e-02
1.230895332992076874e-02
1.716385409235954285e-02
1.621548645198345184e-02
1.972923986613750458e-02
1.823089644312858582e-02
1.996469497680664062e-02
1.755812019109725952e-02
2.016356959939002991e-02
2.312583103775978088e-02
1.228018477559089661e-02
1.412010379135608673e-02
1.733100414276123047e-02
1.339072640985250473e-02
1.478550210595130920e-02
1.700305007398128510e-02
1.811628788709640503e-02
1.617433503270149231e-02
1.659365370869636536e-02
1.548826973885297775e-02
1.550794579088687897e-02
1.832193695008754730e-02
1.709890179336071014e-02
1.814469322562217712e-02
2.179120108485221863e-02
1.709211245179176331e-02
2.091834321618080139e-02
1.949061453342437744e-02
2.453775331377983093e-02
1.546284556388854980e-02
1.450104266405105591e-02
1.683290675282478333e-02
1.492263097316026688e-02
2.019795216619968414e-02
1.861794851720333099e-02
1.867345348000526428e-02
1.587103679776191711e-02
1.387231238186359406e-02
1.822979003190994263e-02
1.757433637976646423e-02
1.483462192118167877e-02
2.255722135305404663e-02
1.658682152628898621e-02
1.521148346364498138e-02
2.301538921892642975e-02
2.121012844145298004e-02
1.720848679542541504e-02
1.348481327295303345e-02
2.331478148698806763e-02
1.510002557188272476e-02
1.761505752801895142e-02
2.953243255615234375e-02
2.272376790642738342e-02
2.728372998535633087e-02
2.207618951797485352e-02
1.330314949154853821e-02
3.322453051805496216e-02
1.855174265801906586e-02
1.833813823759555817e-02
3.408037126064300537e-02
9.985320270061492920e-03
1.459426060318946838e-02
2.323949709534645081e-02
2.456488087773323059e-02
2.156786248087882996e-02
2.229380980134010315e-02
1.658920757472515106e-02
2.130604721605777740e-02
1.903869770467281342e-02
1.928896456956863403e-02
2.150431834161281586e-02
2.353908121585845947e-02
1.190233416855335236e-02
1.693202555179595947e-02
2.054656296968460083e-02
1.537860371172428131e-02
2.102140337228775024e-02
1.880260929465293884e-02
1.956639811396598816e-02
1.924884691834449768e-02
2.693293429911136627e-02
1.615185290575027466e-02
1.686264574527740479e-02
2.124594338238239288e-02
2.041946165263652802e-02
1.861592754721641541e-02
1.271967217326164246e-02
1.567357406020164490e-02
2.992304787039756775e-02
1.932551711797714233e-02
1.744140312075614929e-02
1.913710497319698334e-02
1.489721052348613739e-02
1.513629686087369919e-02
1.632739230990409851e-02
1.801070943474769592e-02
2.074758894741535187e-02
1.855795830488204956e-02
1.451937481760978699e-02
1.615194790065288544e-02
1.768941059708595276e-02
1.933037117123603821e-02
2.114541083574295044e-02
1.908465474843978882e-02
1.782621443271636963e-02
2.059720642864704132e-02
1.623895205557346344e-02
2.129861898720264435e-02
1.414220314472913742e-02
1.496207900345325470e-02
2.006949111819267273e-02
2.159466035664081573e-02
1.435719616711139679e-02
1.678601279854774475e-02
1.555151864886283875e-02
1.816505193710327148e-02
2.019869536161422729e-02
2.029388770461082458e-02
1.592512428760528564e-02
1.205328293144702911e-02
1.513117924332618713e-02
1.935052871704101562e-02
2.002618461847305298e-02
1.545728556811809540e-02
1.978772506117820740e-02
2.300389297306537628e-02
1.479299925267696381e-02
1.413097884505987167e-02
1.652336120605468750e-02
1.278966851532459259e-02
1.495929062366485596e-02
2.034146338701248169e-02
1.121799275279045105e-02
2.161410823464393616e-02
1.470854133367538452e-02
1.789476163685321808e-02
1.924329251050949097e-02
1.830434612929821014e-02
1.439772546291351318e-02
1.507591828703880310e-02
1.464686356484889984e-02
2.181794866919517517e-02
1.405242457985877991e-02
1.883436366915702820e-02
2.136094123125076294e-02
2.149495482444763184e-02
1.753294095396995544e-02
1.924930885434150696e-02
1.918652281165122986e-02
1.861196197569370270e-02
1.843974366784095764e-02
1.629628986120223999e-02
1.389512047171592712e-02
2.090925723314285278e-02
1.995168626308441162e-02
1.781432889401912689e-02
1.235968433320522308e-02
1.554091274738311768e-02
2.369825541973114014e-02
2.043841034173965454e-02
2.137349545955657959e-02
1.969990320503711700e-02
1.786678843200206757e-02
1.434024702757596970e-02
1.221603713929653168e-02
1.456342265009880066e-02
1.790552586317062378e-02
1.697948202490806580e-02
2.027919702231884003e-02
1.348769851028919220e-02
1.328426878899335861e-02
1.634620502591133118e-02
1.821102574467658997e-02
1.609953492879867554e-02
1.206345856189727783e-02
1.848503947257995605e-02
2.401202358305454254e-02
1.766794919967651367e-02
1.491663698107004166e-02
1.883125677704811096e-02
1.824022084474563599e-02
1.465629693120718002e-02
1.267072744667530060e-02
1.405381970107555389e-02
2.264391258358955383e-02
2.522222138941287994e-02
2.015254460275173187e-02
1.501862984150648117e-02
2.172062359750270844e-02
1.651607267558574677e-02
1.415181998163461685e-02
1.510996371507644653e-02
1.784031465649604797e-02
1.602596789598464966e-02
2.101861871778964996e-02
1.675853505730628967e-02
1.703529059886932373e-02
2.103189378976821899e-02
1.251340284943580627e-02
1.704647578299045563e-02
1.953692175447940826e-02
1.994914002716541290e-02
1.611562818288803101e-02
1.724282465875148773e-02
1.054317317903041840e-02
2.178573235869407654e-02
1.682261005043983459e-02
1.768266782164573669e-02
2.167041972279548645e-02
1.314747985452413559e-02
1.834148541092872620e-02
1.258064433932304382e-02
1.315739192068576813e-02
1.871754042804241180e-02
1.914435997605323792e-02
1.151661481708288193e-02
2.015048265457153320e-02
1.773849315941333771e-02
1.826634444296360016e-02
2.311728708446025848e-02
1.936207339167594910e-02
1.815237849950790405e-02
1.730536296963691711e-02
1.647766679525375366e-02
1.862541586160659790e-02
1.470443513244390488e-02
1.744316332042217255e-02
1.681485213339328766e-02
1.605882868170738220e-02
1.659795641899108887e-02
1.764327287673950195e-02
2.274337410926818848e-02
1.281099021434783936e-02
1.394441723823547363e-02
1.184438169002532959e-02
1.543302182108163834e-02
1.562019251286983490e-02
1.508694142103195190e-02
2.024380303919315338e-02
2.723089419305324554e-02
1.718789897859096527e-02
1.480030827224254608e-02
1.221807207912206650e-02
1.801880449056625366e-02
2.114288881421089172e-02
1.935136877000331879e-02
2.526072785258293152e-02
2.028315886855125427e-02
1.908093690872192383e-02
1.917055994272232056e-02
1.975337043404579163e-02
1.286892779171466827e-02
1.497515477240085602e-02
1.544196903705596924e-02
1.924436166882514954e-02
1.836520433425903320e-02
2.022977173328399658e-02
1.802506297826766968e-02
1.835915818810462952e-02
2.110170945525169373e-02
2.194641903042793274e-02
1.715176180005073547e-02
1.519106794148683548e-02
2.303580939769744873e-02
2.261095866560935974e-02
1.807065494358539581e-02
2.117855660617351532e-02
1.778723858296871185e-02
2.573020569980144501e-02
2.420846372842788696e-02
1.664325036108493805e-02
1.525473222136497498e-02
2.374045550823211670e-02
1.561554800719022751e-02
1.597846485674381256e-02
2.542702294886112213e-02
2.225472405552864075e-02
1.800915971398353577e-02
1.887443289160728455e-02
1.592184230685234070e-02
1.763148233294487000e-02
1.445240341126918793e-02
1.860270462930202484e-02
1.836443319916725159e-02
1.845380663871765137e-02
1.609733700752258301e-02
2.056415565311908722e-02
2.136434614658355713e-02
2.185113728046417236e-02
2.050258591771125793e-02
1.527677569538354874e-02
2.152007259428501129e-02
1.573401317000389099e-02
1.674907654523849487e-02
1.705917902290821075e-02
1.395564526319503784e-02
1.453388575464487076e-02
2.506501972675323486e-02
1.493848953396081924e-02
1.804044842720031738e-02
1.148188672959804535e-02
1.375306770205497742e-02
2.004872635006904602e-02
1.917389035224914551e-02
1.812483370304107666e-02
1.372076757252216339e-02
1.754961535334587097e-02
1.722199283540248871e-02
1.776299998164176941e-02
1.442335359752178192e-02
1.574220694601535797e-02
1.384606026113033295e-02
2.306623384356498718e-02
1.641957648098468781e-02
1.715576089918613434e-02
1.820085383951663971e-02
1.594056002795696259e-02
1.812007650732994080e-02
1.415020041167736053e-02
1.433949358761310577e-02
1.422655396163463593e-02
1.457196474075317383e-02
1.906743645668029785e-02
1.769193634390830994e-02
2.327039092779159546e-02
1.349090691655874252e-02
1.560150366276502609e-02
2.495952323079109192e-02
1.490352582186460495e-02
2.312147989869117737e-02
2.797902747988700867e-02
1.836666092276573181e-02
1.879333145916461945e-02
1.729489862918853760e-02
1.514864712953567505e-02
2.285034023225307465e-02
2.101209387183189392e-02
1.335542742162942886e-02
2.142461389303207397e-02
1.547966804355382919e-02
2.097107470035552979e-02
1.881945878267288208e-02
1.558140292763710022e-02
1.724890619516372681e-02
1.415198110044002533e-02
1.637748628854751587e-02
1.517088897526264191e-02
1.791665703058242798e-02
2.094982191920280457e-02
1.911021955311298370e-02
2.020367421209812164e-02
1.785861887037754059e-02
1.532370597124099731e-02
1.774639263749122620e-02
1.893146522343158722e-02
1.127135753631591797e-02
1.203623972833156586e-02
1.593796350061893463e-02
2.031686529517173767e-02
1.687209680676460266e-02
1.766352914273738861e-02
1.783671230077743530e-02
1.824366487562656403e-02
1.494842767715454102e-02
1.828871294856071472e-02
1.522406283766031265e-02
1.588241942226886749e-02
2.289339900016784668e-02
1.343394815921783447e-02
1.673225313425064087e-02
1.625020615756511688e-02
1.439193636178970337e-02
2.386923506855964661e-02
1.732852682471275330e-02
1.554881688207387924e-02
1.387422345578670502e-02
2.376787364482879639e-02
1.743866316974163055e-02
1.296872831881046295e-02
1.978607848286628723e-02
1.479530613869428635e-02
1.762305200099945068e-02
1.796530373394489288e-02
1.864414475858211517e-02
1.638676039874553680e-02
1.443716417998075485e-02
1.489135809242725372e-02
1.797736994922161102e-02
1.896677166223526001e-02
1.420614309608936310e-02
2.234911173582077026e-02
1.948045194149017334e-02
1.693281531333923340e-02
1.705178618431091309e-02
1.678637787699699402e-02
1.361106708645820618e-02
1.833741925656795502e-02
1.655532978475093842e-02
1.453012041747570038e-02
1.399097219109535217e-02
1.504156924784183502e-02
1.325638219714164734e-02
1.914696395397186279e-02
2.122436463832855225e-02
1.624369993805885315e-02
1.828136853873729706e-02
1.810807734727859497e-02
1.497386395931243896e-02
2.646639570593833923e-02
1.636863127350807190e-02
2.317159995436668396e-02
1.862505264580249786e-02
1.786041446030139923e-02
1.995563507080078125e-02
1.927632279694080353e-02
1.491735409945249557e-02
1.566114462912082672e-02
2.149051800370216370e-02
1.837322115898132324e-02
1.371505856513977051e-02
1.912619546055793762e-02
1.781865768134593964e-02
2.151481248438358307e-02
1.718622073531150818e-02
3.185133263468742371e-02
1.675867103040218353e-02
1.695954613387584686e-02
1.579970121383666992e-02
1.474435068666934967e-02
1.302771456539630890e-02
1.766154542565345764e-02
2.183485217392444611e-02
8.707711473107337952e-03
1.307474821805953979e-02
1.611565239727497101e-02
1.518871448934078217e-02
1.474740542471408844e-02
1.771606504917144775e-02
1.727003231644630432e-02
1.667838543653488159e-02
1.649084873497486115e-02
1.795802637934684753e-02
1.943493634462356567e-02
1.487160287797451019e-02
2.189764380455017090e-02
1.603480800986289978e-02
2.042594924569129944e-02
2.097477391362190247e-02
2.131042815744876862e-02
1.346443407237529755e-02
1.659930124878883362e-02
1.086642034351825714e-02
2.182732149958610535e-02
1.589722931385040283e-02
1.480109058320522308e-02
1.633300632238388062e-02
1.345227472484111786e-02
2.462607622146606445e-02
1.366978138685226440e-02
1.337356586009263992e-02
1.807240955531597137e-02
1.709690317511558533e-02
1.853086985647678375e-02
1.402876898646354675e-02
2.164573036134243011e-02
1.578978821635246277e-02
2.740332111716270447e-02
1.232941728085279465e-02
1.580507308244705200e-02
3.424982354044914246e-02
1.781026646494865417e-02
2.389717660844326019e-02
1.750200986862182617e-02
1.788026653230190277e-02
2.291705459356307983e-02
2.817695587873458862e-02
1.710694655776023865e-02
1.803388260304927826e-02
1.828350126743316650e-02
1.217983476817607880e-02
1.843887381255626678e-02
1.729300618171691895e-02
1.775833964347839355e-02
2.076082117855548859e-02
1.724839396774768829e-02
1.702438853681087494e-02
1.426989864557981491e-02
1.568860933184623718e-02
2.274225465953350067e-02
1.784079149365425110e-02
2.118535712361335754e-02
1.630871184170246124e-02
1.381822302937507629e-02
1.918115466833114624e-02
1.684956811368465424e-02
1.666386798024177551e-02
1.473592966794967651e-02
2.242127805948257446e-02
1.780498027801513672e-02
2.171553298830986023e-02
1.527022011578083038e-02
1.523577235639095306e-02
2.698658220469951630e-02
1.550206821411848068e-02
1.548079680651426315e-02
2.766957506537437439e-02
1.924637518823146820e-02
1.945548132061958313e-02
4.038264602422714233e-02
1.529880240559577942e-02
2.841525897383689880e-02
2.603362128138542175e-02
2.198152616620063782e-02
3.042113408446311951e-02
1.872397027909755707e-02
1.883185282349586487e-02
1.357808150351047516e-02
1.685393601655960083e-02
1.569902151823043823e-02
1.924941688776016235e-02
1.915206015110015869e-02
2.159200422465801239e-02
2.227883413434028625e-02
1.663489826023578644e-02
1.674100756645202637e-02
1.708796247839927673e-02
1.430735923349857330e-02
1.634745672345161438e-02
1.353772729635238647e-02
1.359658408910036087e-02
2.009942010045051575e-02
1.751786284148693085e-02
1.754844002425670624e-02
1.396552100777626038e-02
1.619521901011466980e-02
2.101989090442657471e-02
1.514543406665325165e-02
1.682055369019508362e-02
2.352808043360710144e-02
1.332912780344486237e-02
2.229097113013267517e-02
1.910954527556896210e-02
1.323766727000474930e-02
2.176326885819435120e-02
1.168590039014816284e-02
1.775145903229713440e-02
3.801029920578002930e-02
1.967510394752025604e-02
4.383710771799087524e-02
2.484511584043502808e-02
2.506789937615394592e-02
5.206592008471488953e-02
2.396736107766628265e-02
2.843840606510639191e-02
3.739447146654129028e-02
2.621216699481010437e-02
1.786457747220993042e-02
2.868728153407573700e-02
3.358027338981628418e-02
2.393825538456439972e-02
4.930212348699569702e-02
2.461790665984153748e-02
2.329651266336441040e-02
3.883866965770721436e-02
1.945977658033370972e-02
1.765461266040802002e-02
2.215654775500297546e-02
2.208859287202358246e-02
2.711348049342632294e-02
2.270440384745597839e-02
1.711169816553592682e-02
2.070582658052444458e-02
1.748701184988021851e-02
1.842031627893447876e-02
2.132009714841842651e-02
1.560037024319171906e-02
2.261669933795928955e-02
1.803351007401943207e-02
1.884064450860023499e-02
2.926190756261348724e-02
2.081323415040969849e-02
2.080713398754596710e-02
1.471999846398830414e-02
1.513866148889064789e-02
2.066807076334953308e-02
2.488519996404647827e-02
1.646447367966175079e-02
1.474910229444503784e-02
1.107133179903030396e-02
1.793335564434528351e-02
2.294877730309963226e-02
1.912894658744335175e-02
2.133617922663688660e-02
1.596667245030403137e-02
2.053727954626083374e-02
2.194005064666271210e-02
2.137310057878494263e-02
1.906913146376609802e-02
2.927680313587188721e-02
1.936386711895465851e-02
1.293281745165586472e-02
2.841759286820888519e-02
2.090208232402801514e-02
2.005491033196449280e-02
1.808452978730201721e-02
3.949885070323944092e-02
2.003263868391513824e-02
2.314171567559242249e-02
4.089095816016197205e-02
1.521747466176748276e-02
3.462849929928779602e-02
1.719605550169944763e-02
1.961774751543998718e-02
1.463361829519271851e-02
2.765444293618202209e-02
1.933259889483451843e-02
1.724186167120933533e-02
2.987544983625411987e-02
1.627744361758232117e-02
1.770565286278724670e-02
2.049544826149940491e-02
2.100100740790367126e-02
1.632543280720710754e-02
2.096292562782764435e-02
3.654484450817108154e-02
1.645177789032459259e-02
2.480759471654891968e-02
2.025738358497619629e-02
2.143698744475841522e-02
1.905933953821659088e-02
2.234543859958648682e-02
1.547101326286792755e-02
1.734310947358608246e-02
2.549057826399803162e-02
2.118971757590770721e-02
2.315942384302616119e-02
1.516465656459331512e-02
2.312608249485492706e-02
1.437254436314105988e-02
2.028277702629566193e-02
1.870299130678176880e-02
1.989223435521125793e-02
1.329386793076992035e-02
1.475145108997821808e-02
1.691070757806301117e-02
1.829238422214984894e-02
1.508464477956295013e-02
1.640745438635349274e-02
1.126677822321653366e-02
1.950798183679580688e-02
1.094935275614261627e-02
1.741205528378486633e-02
1.261202245950698853e-02
2.311031520366668701e-02
1.673675701022148132e-02
1.755064539611339569e-02
1.480272226035594940e-02
1.621675491333007812e-02
2.200859785079956055e-02
1.568888500332832336e-02
1.698808185756206512e-02
1.264298614114522934e-02
2.026613429188728333e-02
1.601864211261272430e-02
1.725379005074501038e-02
2.353275008499622345e-02
1.701955124735832214e-02
1.984015479683876038e-02
1.196480542421340942e-02
1.340773329138755798e-02
1.950506120920181274e-02
1.603927463293075562e-02
1.406687311828136444e-02
1.857391372323036194e-02
1.178225316107273102e-02
1.579437404870986938e-02
1.958129554986953735e-02
1.978696882724761963e-02
1.852842234075069427e-02
1.948758214712142944e-02
1.967681944370269775e-02
1.452657580375671387e-02
1.598488166928291321e-02
1.405834220349788666e-02
1.486545987427234650e-02
1.447307597845792770e-02
1.233411766588687897e-02
1.563040539622306824e-02
1.571604236960411072e-02
2.028636075556278229e-02
1.782624796032905579e-02
1.823462545871734619e-02
1.904917508363723755e-02
1.712156832218170166e-02
1.806811243295669556e-02
1.710480451583862305e-02
1.915529742836952209e-02
1.440592668950557709e-02
1.732930913567543030e-02
1.802821457386016846e-02
1.495744474232196808e-02
1.757894083857536316e-02
1.645322889089584351e-02
1.647182926535606384e-02
1.477953884750604630e-02
1.765097305178642273e-02
2.373251318931579590e-02
2.452528104186058044e-02
1.063009537756443024e-02
2.497623860836029053e-02
1.438681129366159439e-02
1.790378056466579437e-02
1.593830808997154236e-02
1.255858782678842545e-02
1.185322459787130356e-02
1.998961530625820160e-02
1.678295433521270752e-02
1.445655524730682373e-02
1.687060296535491943e-02
1.603388041257858276e-02
1.366459950804710388e-02
1.955778338015079498e-02
1.218032464385032654e-02
1.502707973122596741e-02
1.943167857825756073e-02
1.553748827427625656e-02
1.913260668516159058e-02
1.640360802412033081e-02
2.402614615857601166e-02
1.620183885097503662e-02
1.661453954875469208e-02
1.557274069637060165e-02
1.396891102194786072e-02
1.549438759684562683e-02
1.489672996103763580e-02
1.368893310427665710e-02
2.071180567145347595e-02
1.860066875815391541e-02
1.472937688231468201e-02
1.585594005882740021e-02
1.924365945160388947e-02
1.463736593723297119e-02
1.583808287978172302e-02
1.902678981423377991e-02
2.475408092141151428e-02
1.812098547816276550e-02
2.672209590673446655e-02
1.898856833577156067e-02
2.409811131656169891e-02
2.510299906134605408e-02
2.118508890271186829e-02
1.289899833500385284e-02
2.718728035688400269e-02
2.062977105379104614e-02
2.663297019898891449e-02
2.797562442719936371e-02
1.808313280344009399e-02
2.252748608589172363e-02
2.094951272010803223e-02
2.335476689040660858e-02
1.480192877352237701e-02
1.924856379628181458e-02
1.758107542991638184e-02
2.215539477765560150e-02
1.278503146022558212e-02
1.689956150949001312e-02
1.702170819044113159e-02
1.477950159460306168e-02
1.360110193490982056e-02
1.524811889976263046e-02
1.496232114732265472e-02
2.197759598493576050e-02
1.488974131643772125e-02
2.131940983235836029e-02
1.392619498074054718e-02
1.653041318058967590e-02
1.705504208803176880e-02
1.251252926886081696e-02
1.638727821409702301e-02
1.405819691717624664e-02
2.375384978950023651e-02
1.867006532847881317e-02
1.636632531881332397e-02
1.783709228038787842e-02
2.261882647871971130e-02
1.231434103101491928e-02
1.949239708483219147e-02
2.844314835965633392e-02
1.350486278533935547e-02
2.164924517273902893e-02
1.474981009960174561e-02
1.644185371696949005e-02
2.458555065095424652e-02
1.526693254709243774e-02
1.398468762636184692e-02
1.654411479830741882e-02
2.059455588459968567e-02
1.776948943734169006e-02
1.975873857736587524e-02
1.749016717076301575e-02
1.655972376465797424e-02
1.647172868251800537e-02
1.877925544977188110e-02
1.608224585652351379e-02
1.286137849092483521e-02
1.373315230011940002e-02
1.418427377939224243e-02
1.630036160349845886e-02
1.927113533020019531e-02
1.909732446074485779e-02
1.462554372847080231e-02
2.388228476047515869e-02
1.624334789812564850e-02
1.602662540972232819e-02
1.240696571767330170e-02
1.850959286093711853e-02
2.165108546614646912e-02
1.932094991207122803e-02
2.310458570718765259e-02
1.258432772010564804e-02
1.378981117159128189e-02
2.118103392422199249e-02
1.511089690029621124e-02
1.867038570344448090e-02
1.679942570626735687e-02
1.456779893487691879e-02
2.101296931505203247e-02
1.408348418772220612e-02
2.005765214562416077e-02
1.638478599488735199e-02
1.867204159498214722e-02
2.035222575068473816e-02
1.413258723914623260e-02
1.667546108365058899e-02
1.644744724035263062e-02
1.656850427389144897e-02
1.792183890938758850e-02
1.582706719636917114e-02
1.436937227845191956e-02
1.774629950523376465e-02
1.331792306154966354e-02
1.717837713658809662e-02
1.578370854258537292e-02
1.899551972746849060e-02
2.937381714582443237e-02
1.618835330009460449e-02
1.970538869500160217e-02
1.430023089051246643e-02
1.890144124627113342e-02
1.295507885515689850e-02
1.645505242049694061e-02
1.690980792045593262e-02
2.625166252255439758e-02
1.619944348931312561e-02
1.363496854901313782e-02
2.058649063110351562e-02
1.642911881208419800e-02
1.611389406025409698e-02
1.571863517165184021e-02
1.954783126711845398e-02
1.171811483800411224e-02
1.817585527896881104e-02
1.689733192324638367e-02
1.843057200312614441e-02
2.474897168576717377e-02
1.698010042309761047e-02
1.855520904064178467e-02
1.813825964927673340e-02
2.264815568923950195e-02
1.606504432857036591e-02
1.573933474719524384e-02
1.659192703664302826e-02
2.288033068180084229e-02
1.448441576212644577e-02
1.946043968200683594e-02
2.153201587498188019e-02
1.378949265927076340e-02
1.685281097888946533e-02
1.565606892108917236e-02
1.808123663067817688e-02
2.090259268879890442e-02
2.069346606731414795e-02
1.547524705529212952e-02
1.836156472563743591e-02
1.858784630894660950e-02
1.990955695509910583e-02
1.813591830432415009e-02
1.493115630000829697e-02
1.305883657187223434e-02
2.345057390630245209e-02
1.536765694618225098e-02
1.682182028889656067e-02
1.705628447234630585e-02
1.840518787503242493e-02
1.853483356535434723e-02
1.899989694356918335e-02
1.552404649555683136e-02
1.714886538684368134e-02
2.309545315802097321e-02
1.531240064650774002e-02
1.764054596424102783e-02
1.545091532170772552e-02
1.216450333595275879e-02
2.213158085942268372e-02
1.636607199907302856e-02
1.921648532152175903e-02
1.647876203060150146e-02
1.647021621465682983e-02
1.746951043605804443e-02
1.729818433523178101e-02
2.057972550392150879e-02
1.864229142665863037e-02
1.197853963822126389e-02
1.413860544562339783e-02
1.478967908769845963e-02
1.668808050453662872e-02
2.287709526717662811e-02
1.847268268465995789e-02
1.509214472025632858e-02
1.506126392632722855e-02
2.056598663330078125e-02
1.883768290281295776e-02
1.653851568698883057e-02
1.102937757968902588e-02
2.330374531447887421e-02
1.647597737610340118e-02
1.518695615231990814e-02
1.579587720334529877e-02
1.907804980874061584e-02
1.268076896667480469e-02
1.938930898904800415e-02
1.719529554247856140e-02
2.040420100092887878e-02
1.518256217241287231e-02
2.082004770636558533e-02
1.654194667935371399e-02
2.246882021427154541e-02
2.259087190032005310e-02
1.319949887692928314e-02
2.073428407311439514e-02
1.576254516839981079e-02
1.607406139373779297e-02
1.772541180253028870e-02
1.194006018340587616e-02
1.441846787929534912e-02
1.206239312887191772e-02
1.552767213433980942e-02
2.114554867148399353e-02
2.642031386494636536e-02
1.810100302100181580e-02
1.777984388172626495e-02
2.176891081035137177e-02
1.505497656762599945e-02
1.771820336580276489e-02
1.599886640906333923e-02
2.085417136549949646e-02
1.578766107559204102e-02
2.240242063999176025e-02
1.674778014421463013e-02
1.224924437701702118e-02
1.310190837830305099e-02
1.464027725160121918e-02
1.531603001058101654e-02
1.639604568481445312e-02
2.112767845392227173e-02
2.049475908279418945e-02
2.554549463093280792e-02
2.576250955462455750e-02
1.619613170623779297e-02
1.656493917107582092e-02
2.081438899040222168e-02
1.660878211259841919e-02
1.288857124745845795e-02
2.198744751513004303e-02
