9.211215239483863115e-01
5.500497478060424328e-01
7.613845979794859886e-01
7.103113010525703430e-01
7.164347809739410877e-01
9.035204870160669088e-01
8.041284810751676559e-01
7.390668028965592384e-01
8.179524769075214863e-01
7.096455281134694815e-01
8.838736319448798895e-01
8.158610018435865641e-01
7.377810680773109198e-01
9.849457419477403164e-01
7.364356759935617447e-01
9.932727999985218048e-01
7.334569790400564671e-01
6.931634380016475916e-01
6.720510509330779314e-01
7.082483309786766768e-01
8.981213390361517668e-01
6.565219589974731207e-01
5.933759419713169336e-01
8.434334748890250921e-01
7.423275460023432970e-01
8.211421270389109850e-01
8.199618810322135687e-01
7.891625040210783482e-01
7.253305988851934671e-01
7.695568520575761795e-01
7.672326690517365932e-01
6.913748111110180616e-01
6.589028309099376202e-01
7.199437338858842850e-01
9.026205549016594887e-01
9.506294040475040674e-01
9.429502149578183889e-01
9.214063310064375401e-01
9.433121879119426012e-01
7.076295090373605490e-01
8.229903229512274265e-01
7.475506439805030823e-01
6.964569541160017252e-01
7.211069280747324228e-01
9.105911038350313902e-01
9.050898950081318617e-01
7.146962580736726522e-01
8.725937090348452330e-01
8.813971199560910463e-01
9.066469280514866114e-01
9.997099081519991159e-01
8.168415208347141743e-01
6.929365869145840406e-01
9.734680210240185261e-01
7.207081329543143511e-01
7.768282420001924038e-01
9.441977029200643301e-01
7.251251731067895889e-01
7.186076920479536057e-01
6.252470829058438540e-01
6.811085210647433996e-01
6.815084819681942463e-01
8.742916630581021309e-01
8.744239569641649723e-01
8.896158779971301556e-01
7.451347350142896175e-01
9.013679011259227991e-01
6.283106089103966951e-01
7.440034048631787300e-01
6.921401971485465765e-01
7.355476559605449438e-01
7.196010590996593237e-01
7.438674790319055319e-01
7.144383669365197420e-01
6.987175280228257179e-01
8.783763730898499489e-01
6.701172899920493364e-01
8.219505969900637865e-01
6.045075370930135250e-01
6.548064441885799170e-01
6.292896231170743704e-01
8.756094758864492178e-01
6.551425140351057053e-01
7.918538528028875589e-01
7.808825350366532803e-01
1.001486407127231359e+00
8.044002719689160585e-01
7.592853249516338110e-01
8.823796808719635010e-01
8.889995790086686611e-01
6.738070249557495117e-01
6.480428630020469427e-01
6.506756220478564501e-01
8.620996929239481688e-01
6.883224088232964277e-01
8.710158639587461948e-01
8.938245659228414297e-01
7.412211480550467968e-01
6.773961558938026428e-01
8.074248549528419971e-01
7.853054341394454241e-01
7.310634029563516378e-01
7.580277412198483944e-01
7.787520531564950943e-01
7.500450799707323313e-01
7.602746400516480207e-01
7.461494889575988054e-01
7.168105461169034243e-01
7.318666689097881317e-01
6.602486670017242432e-01
7.215771838091313839e-01
7.219523249659687281e-01
8.373279869556427002e-01
6.981805968098342419e-01
7.013375940732657909e-01
7.341146350372582674e-01
7.663478581234812737e-01
8.148800220806151628e-01
7.354934031609445810e-01
7.753111599013209343e-01
7.426670049317181110e-01
9.867987299803644419e-01
6.764698829501867294e-01
6.745044430717825890e-01
6.776120488066226244e-01
9.083299080375581980e-01
6.678974169772118330e-01
7.492097469512373209e-01
8.210642829071730375e-01
6.734582381322979927e-01
7.428929111920297146e-01
7.267850700300186872e-01
9.082775330170989037e-01
6.665792099665850401e-01
9.741675830446183681e-01
7.262720228172838688e-01
7.904044939205050468e-01
7.331358049996197224e-01
7.729257999453693628e-01
7.309588401112705469e-01
7.094639190472662449e-01
6.506072960328310728e-01
6.733703310601413250e-01
8.762485980987548828e-01
6.751816920004785061e-01
6.691878999117761850e-01
6.702037211507558823e-01
6.390745621174573898e-01
7.028346539009362459e-01
7.390798379201442003e-01
7.690762320999056101e-01
7.786494488827884197e-01
7.062595209572464228e-01
7.469462999142706394e-01
8.269160969648510218e-01
7.271922640502452850e-01
8.639294879976660013e-01
7.398242899216711521e-01
6.841239468194544315e-01
7.197880281601101160e-01
7.009011111222207546e-01
6.581797460094094276e-01
6.681544899474829435e-01
8.740104360040277243e-01
7.002863720990717411e-01
7.398988069035112858e-01
7.186596889514476061e-01
7.673395560123026371e-01
7.142958799377083778e-01
7.463114159181714058e-01
7.710181109141558409e-01
7.462087788153439760e-01
7.592535428702831268e-01
6.953832670114934444e-01
6.794038109946995974e-01
9.353747300338000059e-01
6.747969319112598896e-01
8.652349449694156647e-01
7.194307809695601463e-01
7.039258459117263556e-01
6.436335311736911535e-01
7.289444738999009132e-01
7.475437170360237360e-01
6.995018480811268091e-01
6.496414230205118656e-01
6.294676600955426693e-01
9.964537720661610365e-01
8.158027369063347578e-01
9.741611720528453588e-01
7.704678529407829046e-01
9.428188849706202745e-01
7.305775401182472706e-01
8.551391179207712412e-01
6.643112180754542351e-01
6.303713601082563400e-01
6.816014279611408710e-01
6.792654669843614101e-01
8.824641059618443251e-01
7.181491767987608910e-01
8.751433200668543577e-01
6.510497878771275282e-01
7.893628969322890043e-01
9.936252029146999121e-01
7.923293779604136944e-01
7.652865899726748466e-01
8.175121829845011234e-01
9.813321090769022703e-01
9.278223719447851181e-01
6.997517128475010395e-01
6.780688429716974497e-01
8.737941309809684753e-01
7.101277858018875122e-01
6.499407570809125900e-01
7.164170730393379927e-01
8.201357189100235701e-01
6.760714559350162745e-01
6.779236700385808945e-01
7.052249459084123373e-01
7.356739090755581856e-01
7.207350269891321659e-01
7.905940630007535219e-01
7.684940451290458441e-01
8.205415520351380110e-01
8.135547388810664415e-01
6.980321740265935659e-01
6.663763339165598154e-01
9.052839090581983328e-01
6.918263470288366079e-01
6.334820638876408339e-01
7.199236690066754818e-01
6.962938911747187376e-01
8.250985781196504831e-01
8.551026820205152035e-01
7.467380929738283157e-01
7.904784900601953268e-01
8.016839909832924604e-01
7.498849879484623671e-01
1.005870966939255595e+00
7.257953349035233259e-01
7.811243168544024229e-01
7.496031110640615225e-01
7.111944411881268024e-01
6.584179280325770378e-01
7.416465370915830135e-01
6.889884751290082932e-01
8.355986850801855326e-01
6.579663190059363842e-01
6.760657450649887323e-01
7.012699239421635866e-01
7.272976408712565899e-01
6.700655820313841105e-01
6.494944151490926743e-01
6.967905280180275440e-01
9.126725918613374233e-01
7.535337000153958797e-01
8.825422350782901049e-01
9.640415920875966549e-01
7.683826989959925413e-01
7.893809799570590258e-01
9.615218879189342260e-01
8.194017168134450912e-01
8.130500270053744316e-01
7.224721901584416628e-01
8.373793910723179579e-01
7.505196388810873032e-01
6.758924890309572220e-01
8.665527089033275843e-01
7.526884439866989851e-01
7.937913769856095314e-01
8.156844149343669415e-01
7.198118250817060471e-01
9.479199110064655542e-01
7.738171429373323917e-01
7.385917520150542259e-01
7.616207390092313290e-01
6.485900420229882002e-01
7.049425591249018908e-01
6.962307698559015989e-01
6.623011101037263870e-01
6.278647349681705236e-01
9.106839119922369719e-01
6.499393470585346222e-01
8.992130300030112267e-01
6.800152619834989309e-01
8.923889780417084694e-01
7.598160970956087112e-01
8.241777070797979832e-01
7.942801748868077993e-01
8.042627519462257624e-01
7.988161279354244471e-01
7.183861560188233852e-01
9.048456419259309769e-01
7.137850332073867321e-01
7.049101479351520538e-01
6.777809110935777426e-01
8.502770040649920702e-01
6.761904761660844088e-01
6.790701220743358135e-01
7.050275569781661034e-01
7.291688190307468176e-01
7.054158679675310850e-01
7.219697979744523764e-01
7.178959739394485950e-01
9.626731481403112411e-01
7.427509778644889593e-01
7.704032920300960541e-01
1.003673173021525145e+00
7.318467521108686924e-01
7.684899191372096539e-01
7.706678539980202913e-01
6.617971768137067556e-01
7.299171469639986753e-01
7.375907590612769127e-01
6.661764851305633783e-01
6.897364300675690174e-01
6.966242350172251463e-01
9.022905589081346989e-01
6.213295368943363428e-01
9.110574820078909397e-01
8.042534380219876766e-01
9.582844090182334185e-01
9.456960640382021666e-01
9.846367118880152702e-01
9.743936299346387386e-01
8.084361059591174126e-01
6.435418301261961460e-01
6.833589710295200348e-01
6.669890719931572676e-01
6.854107000399380922e-01
6.543248649686574936e-01
7.082156499382108450e-01
8.708915510214865208e-01
8.583926009014248848e-01
7.037061681039631367e-01
8.978550438769161701e-01
6.487083649262785912e-01
7.162896802183240652e-01
7.732569409999996424e-01
7.248485740274190903e-01
7.585160110611468554e-01
7.836231659166514874e-01
7.888119658455252647e-01
9.560390471015125513e-01
6.936121170874685049e-01
8.597437099087983370e-01
6.850767701398581266e-01
7.132077319547533989e-01
7.096472131088376045e-01
6.020088940858840942e-01
7.946094099897891283e-01
7.220147480256855488e-01
7.050710229668766260e-01
6.210378638934344053e-01
7.791445150505751371e-01
8.170904188882559538e-01
7.819630152080208063e-01
8.170551271177828312e-01
7.579899979755282402e-01
7.056843959726393223e-01
8.769696310628205538e-01
6.821050238795578480e-01
4.941976941190660000e-01
6.425236619543284178e-01
8.360161308664828539e-01
6.422523360233753920e-01
8.939028489403426647e-01
6.974627510644495487e-01
6.990090680774301291e-01
7.417967049404978752e-01
7.095618569292128086e-01
9.763102089054882526e-01
7.623231029137969017e-01
9.374089310877025127e-01
7.773186732083559036e-01
9.997246651910245419e-01
6.622743420302867889e-01
6.645506629720330238e-01
9.264466641470789909e-01
6.929425660055130720e-01
6.945130468811839819e-01
6.641690949909389019e-01
6.941787570249289274e-01
7.467924589291214943e-01
9.083013981580734253e-01
7.104986179620027542e-01
7.852276170160621405e-01
7.960142241790890694e-01
9.988933838903903961e-01
7.931782507803291082e-01
7.416403901297599077e-01
9.404324949719011784e-01
8.066249948460608721e-01
7.369281759019941092e-01
8.857605590019375086e-01
6.750985600519925356e-01
5.653524589724838734e-01
6.997459360864013433e-01
7.368094110861420631e-01
7.091403279919177294e-01
6.436850409954786301e-01
8.762449058704078197e-01
6.739056799560785294e-01
9.268860400188714266e-01
9.772554421797394753e-01
7.695831090677529573e-01
7.502853339537978172e-01
9.691450200043618679e-01
7.605070730205625296e-01
6.550991858821362257e-01
9.770781099796295166e-01
7.495614059735089540e-01
7.369158328510820866e-01
6.485301540233194828e-01
7.019961320329457521e-01
8.489614808931946754e-01
8.801934889052063227e-01
9.174929698929190636e-01
8.998124089557677507e-01
8.684123060666024685e-01
8.455566540360450745e-01
5.502911121584475040e-01
7.225894280709326267e-01
8.042582650668919086e-01
9.762022129725664854e-01
9.975366219878196716e-01
7.923645360860973597e-01
1.001250551082193851e+00
6.618670220486819744e-01
7.135524409823119640e-01
7.384652581531554461e-01
7.261356040835380554e-01
6.502444981597363949e-01
6.942648058757185936e-01
7.135142111219465733e-01
7.258694230113178492e-01
8.960301231127232313e-01
8.082863381132483482e-01
7.581521479878574610e-01
7.759294649586081505e-01
7.948330759536474943e-01
7.353638729546219110e-01
7.861607437953352928e-01
7.581530488096177578e-01
8.890267650131136179e-01
6.926783879753202200e-01
7.353197271004319191e-01
8.640060871839523315e-01
6.989974230527877808e-01
6.222566780634224415e-01
7.104052568320184946e-01
7.092099650762975216e-01
7.420858470723032951e-01
6.833313610404729843e-01
6.282050849404186010e-01
5.829073979984968901e-01
6.941630269866436720e-01
6.890840609557926655e-01
9.409727070014923811e-01
7.347313091158866882e-01
7.139294671360403299e-01
1.004143418977037072e+00
9.635548968799412251e-01
8.495947511401027441e-01
6.758189639076590538e-01
6.568136790301650763e-01
6.498036461416631937e-01
8.367092688567936420e-01
7.169857989065349102e-01
7.426489000208675861e-01
7.091981938574463129e-01
6.627323629800230265e-01
7.141595489811152220e-01
7.357597481459379196e-01
7.989243089687079191e-01
8.166524029802531004e-01
6.513648750260472298e-01
9.424841960426419973e-01
7.347760968841612339e-01
7.759161940775811672e-01
7.079926640726625919e-01
6.674747481010854244e-01
6.910451960284262896e-01
9.138617319986224174e-01
6.042836429551243782e-01
6.572891729883849621e-01
8.520152298733592033e-01
8.278367428574711084e-01
7.449717440176755190e-01
9.727124359924346209e-01
6.299974350258708000e-01
7.785610288847237825e-01
7.441920649725943804e-01
7.903269268572330475e-01
8.013573091011494398e-01
7.978333849459886551e-01
7.274605960119515657e-01
5.754919969476759434e-01
6.507346211001276970e-01
8.942917280364781618e-01
9.101241689641028643e-01
8.927169470116496086e-01
7.357261071447283030e-01
7.298336520325392485e-01
6.360294101759791374e-01
6.539945870172232389e-01
6.307719401083886623e-01
9.244876860175281763e-01
8.141604650299996138e-01
7.016055269632488489e-01
7.649068359751254320e-01
7.890143839176744223e-01
9.907164641190320253e-01
7.659538548905402422e-01
6.402976801618933678e-01
6.358139959629625082e-01
6.242093769833445549e-01
6.917602811008691788e-01
7.151061338372528553e-01
7.183592920191586018e-01
8.695918610319495201e-01
7.471891271416097879e-01
9.755133499857038260e-01
7.760818179231137037e-01
9.673171869944781065e-01
7.229016150813549757e-01
7.343386819120496511e-01
8.208522410131990910e-01
9.850800989661365747e-01
8.696135981008410454e-01
7.492379569448530674e-01
6.654537918511778116e-01
7.352024728897958994e-01
6.928902149666100740e-01
8.890184732154011726e-01
8.851138427853584290e-01
6.674527090508490801e-01
7.007826559711247683e-01
6.632658750750124454e-01
7.740074589382857084e-01
7.239788128063082695e-01
7.174285259097814560e-01
7.914674330968409777e-01
1.013643224025145173e+00
9.992448319680988789e-01
7.508382829837501049e-01
8.857749919407069683e-01
6.971987010911107063e-01
6.964289289899170399e-01
7.033151169307529926e-01
8.530636120121926069e-01
7.169801951386034489e-01
7.152982661500573158e-01
6.773861781693994999e-01
7.283720241393893957e-01
7.763271080330014229e-01
9.290482839569449425e-01
6.835252239834517241e-01
6.987718259915709496e-01
7.571759910788387060e-01
7.842021018732339144e-01
8.096912119071930647e-01
8.573730841744691133e-01
8.927878488320857286e-01
6.534129059873521328e-01
7.169906101189553738e-01
6.173076420091092587e-01
6.321246467996388674e-01
8.007849678397178650e-01
6.858647528570145369e-01
8.642367289867252111e-01
6.940351810771971941e-01
7.198321511968970299e-01
9.533587589394301176e-01
9.289137010928243399e-01
7.017447710968554020e-01
7.233264518436044455e-01
7.041507130488753319e-01
7.661285609938204288e-01
7.295768090989440680e-01
6.751466318964958191e-01
7.425482189282774925e-01
6.614908319897949696e-01
7.386713139712810516e-01
7.338454329874366522e-01
6.767499279230833054e-01
8.338867030106484890e-01
7.156644728966057301e-01
6.949738769326359034e-01
8.722262950614094734e-01
8.737543029710650444e-01
7.536057629622519016e-01
9.344618890900164843e-01
8.113419101573526859e-01
7.368588307872414589e-01
7.161922131199389696e-01
7.869376048911362886e-01
9.861720609478652477e-01
7.182687621098011732e-01
7.334896239917725325e-01
9.101729549001902342e-01
6.938299760222434998e-01
7.054236698895692825e-01
8.963105569127947092e-01
6.803415319882333279e-01
8.605731921270489693e-01
7.086553541012108326e-01
7.188855051063001156e-01
8.016803089994937181e-01
7.654883270151913166e-01
7.373979038093239069e-01
7.511400200892239809e-01
8.872137120924890041e-01
7.805137918330729008e-01
7.254879199899733067e-01
8.805220760405063629e-01
7.398441608529537916e-01
8.200107200536876917e-01
6.813328489661216736e-01
6.669966189656406641e-01
8.852887330576777458e-01
8.345107508357614279e-01
7.390449929516762495e-01
8.758751370478421450e-01
8.499872090760618448e-01
7.702053638640791178e-01
7.797784190624952316e-01
9.069092839490622282e-01
7.347960588522255421e-01
9.629415899980813265e-01
7.396500529721379280e-01
7.719386299140751362e-01
6.592942348215728998e-01
7.328115729615092278e-01
7.077731930185109377e-01
5.971043070312589407e-01
7.411838890984654427e-01
6.612459081225097179e-01
8.718825089745223522e-01
6.161665928084403276e-01
6.946369959041476250e-01
6.545473278965801001e-01
7.290256058331578970e-01
9.548889549914747477e-01
7.704698541201651096e-01
9.956554970704019070e-01
7.252180220093578100e-01
8.000136241316795349e-01
7.471991789061576128e-01
7.286863909102976322e-01
6.896694670431315899e-01
7.337473260704427958e-01
6.716956901364028454e-01
8.428223449736833572e-01
6.970280450768768787e-01
6.587315008509904146e-01
6.753307050094008446e-01
9.116178450640290976e-01
7.019910991657525301e-01
7.041616830974817276e-01
7.258245369885116816e-01
7.209908359218388796e-01
6.847622799687087536e-01
4.775767559185624123e-01
9.954192950390279293e-01
7.694663598667830229e-01
8.006109117995947599e-01
7.494645679835230112e-01
7.988855659496039152e-01
9.062399901449680328e-01
6.884908829815685749e-01
6.367789588402956724e-01
6.949237128719687462e-01
6.760074370540678501e-01
7.361981179565191269e-01
5.931589079555124044e-01
6.882297298870980740e-01
7.047044180799275637e-01
8.856737869791686535e-01
8.929971801117062569e-01
8.903748649172484875e-01
7.354431580752134323e-01
6.931330710649490356e-01
6.293034970294684172e-01
7.703550728037953377e-01
9.429419380612671375e-01
7.808406269177794456e-01
7.790506358724087477e-01
6.611573849804699421e-01
6.751350099220871925e-01
6.894189680460840464e-01
6.577902208082377911e-01
6.003078888170421124e-01
8.825329050887376070e-01
6.537060108967125416e-01
6.530977080110460520e-01
7.212598989717662334e-01
7.431703270412981510e-01
7.917603910900652409e-01
9.670341450255364180e-01
9.947983010206371546e-01
6.626971738878637552e-01
8.183569428510963917e-01
7.217078311368823051e-01
7.471557860262691975e-01
6.794022049289196730e-01
7.399113408755511045e-01
8.531796140596270561e-01
8.513291799463331699e-01
8.271940830163657665e-01
7.005398028995841742e-01
6.903688039164990187e-01
9.103329179342836142e-01
7.194204309489578009e-01
6.579879929777234793e-01
7.399667301215231419e-01
7.461228680331259966e-01
8.065672980155795813e-01
8.026495540980249643e-01
8.005881118588149548e-01
7.560577339027076960e-01
7.809869169723242521e-01
9.356938460841774940e-01
9.135121179278939962e-01
6.981663869228214025e-01
8.425920039881020784e-01
7.377977089490741491e-01
6.936951500829309225e-01
6.689653559587895870e-01
6.754838721826672554e-01
7.113193089608103037e-01
7.291468549519777298e-01
7.628306371625512838e-01
7.489528991281986237e-01
1.010286079021170735e+00
7.531497068703174591e-01
6.627996528986841440e-01
7.073889630846679211e-01
7.941018030978739262e-01
7.140775548759847879e-01
7.270797120872884989e-01
6.738152990583330393e-01
8.159327169414609671e-01
7.404574991669505835e-01
6.656314178835600615e-01
6.474139499478042126e-01
8.735622009262442589e-01
7.061731619760394096e-01
7.073633170221000910e-01
7.389764618128538132e-01
7.243271700572222471e-01
9.241057969629764557e-01
8.030746642034500837e-01
8.202198958024382591e-01
7.781768611166626215e-01
8.211806050967425108e-01
9.131432268768548965e-01
7.067215100396424532e-01
6.867126629222184420e-01
6.797412859741598368e-01
7.272402879316359758e-01
8.779120428953319788e-01
9.082652300130575895e-01
8.752114358358085155e-01
8.657434319611638784e-01
7.770218378864228725e-01
7.469136300496757030e-01
8.094111620448529720e-01
7.699334200005978346e-01
7.356484360061585903e-01
6.279672451782971621e-01
5.986328630242496729e-01
5.788173910696059465e-01
9.015558350365608931e-01
9.227745891548693180e-01
6.890960000455379486e-01
8.593539290595799685e-01
7.421721450518816710e-01
7.433104109950363636e-01
7.233528860379010439e-01
7.009945760946720839e-01
6.947395419701933861e-01
7.217178659047931433e-01
7.247537889052182436e-01
7.178565389476716518e-01
7.898584138602018356e-01
8.139971350319683552e-01
9.237533628474920988e-01
9.887525101657956839e-01
6.982330561149865389e-01
8.115015048533678055e-01
6.559746619313955307e-01
8.808222489897161722e-01
6.774474589619785547e-01
7.088907221332192421e-01
7.147659000474959612e-01
6.830014209263026714e-01
6.547061780001968145e-01
7.194233019836246967e-01
7.586422581225633621e-01
9.996125700417906046e-01
7.628578599542379379e-01
7.141304521355777979e-01
9.353417251259088516e-01
7.635386670008301735e-01
7.688213610090315342e-01
6.855357920285314322e-01
6.915028858929872513e-01
7.141686358954757452e-01
8.659991880413144827e-01
7.412014759611338377e-01
8.934003459289669991e-01
7.306947270408272743e-01
8.389452979899942875e-01
9.054176900535821915e-01
8.788861387874931097e-01
6.818304769694805145e-01
8.542869540397077799e-01
6.512214061804115772e-01
7.376717641018331051e-01
7.474690370727330446e-01
9.437308891210705042e-01
9.676502929069101810e-01
1.007418558932840824e+00
9.448515549302101135e-01
7.256099949590861797e-01
6.850054750684648752e-01
6.453415120486170053e-01
6.647841609083116055e-01
6.557910521514713764e-01
6.581517939921468496e-01
8.750871871598064899e-01
8.573387740179896355e-01
9.328880868852138519e-01
7.317465769592672586e-01
9.589900150895118713e-01
7.540950889233499765e-01
6.688224901445209980e-01
7.778677940368652344e-01
7.290147359017282724e-01
8.918134749401360750e-01
7.390249569434672594e-01
6.869314580690115690e-01
7.412513971794396639e-01
7.463541848119348288e-01
4.669033740647137165e-01
8.535660170018672943e-01
7.027946619782596827e-01
6.761550600640475750e-01
7.052316579502075911e-01
7.282232691068202257e-01
7.759738101158291101e-01
7.382713800761848688e-01
8.199680820107460022e-01
9.795976851601153612e-01
7.265395012218505144e-01
7.816585851833224297e-01
7.593775079585611820e-01
4.307723019737750292e-01
6.976538149174302816e-01
6.942708669230341911e-01
7.397881860379129648e-01
6.702729989774525166e-01
7.070723748765885830e-01
6.889610199723392725e-01
7.411964361090213060e-01
7.127338901627808809e-01
6.452129099052399397e-01
6.893702719826251268e-01
7.306420609820634127e-01
7.582833131309598684e-01
7.487558280117809772e-01
7.254858501255512238e-01
9.351714351214468479e-01
7.893948140554130077e-01
9.562676299829035997e-01
7.064090468920767307e-01
7.426929690409451723e-01
8.981098548974841833e-01
7.448267228901386261e-01
8.974130579736083746e-01
6.920699561014771461e-01
6.570482729002833366e-01
7.049425111617892981e-01
7.037926712073385715e-01
7.406492619775235653e-01
6.079026949591934681e-01
7.861023100558668375e-01
8.209519840311259031e-01
7.482411849778145552e-01
9.858778798952698708e-01
7.673663210589438677e-01
6.873057610355317593e-01
7.180229099467396736e-01
6.843693831469863653e-01
8.350216548424214125e-01
6.401023261714726686e-01
6.968347441870719194e-01
8.672019189689308405e-01
8.311989300418645144e-01
7.165600641164928675e-01
9.533168559428304434e-01
7.265082390513271093e-01
9.534839380066841841e-01
7.983841819223016500e-01
1.006959587801247835e+00
1.027040648972615600e+00
6.420658919960260391e-01
9.073635449167340994e-01
7.412379269953817129e-01
8.552084679249674082e-01
6.940540319774299860e-01
7.381596509367227554e-01
6.314415589440613985e-01
6.864644940942525864e-01
7.043499459978193045e-01
6.899933631066232920e-01
9.111931670922785997e-01
9.341942339669913054e-01
7.806177199818193913e-01
7.681163060478866100e-01
7.597399558871984482e-01
7.704263490159064531e-01
6.930872080847620964e-01
7.686591499950736761e-01
8.645560129079967737e-01
5.824553060811012983e-01
8.962518710177391768e-01
7.038167039863765240e-01
6.633729499299079180e-01
7.440389541443437338e-01
7.082179470453411341e-01
9.024008489213883877e-01
6.746411509811878204e-01
6.442053129430860281e-01
9.037175178527832031e-01
7.138587879016995430e-01
7.475156669970601797e-01
9.672311409376561642e-01
7.793232139665633440e-01
7.805598799604922533e-01
8.142670260276645422e-01
6.633554110303521156e-01
9.208215058315545321e-01
6.778601098340004683e-01
6.208974870387464762e-01
7.269342590589076281e-01
8.480786448344588280e-01
8.845893759280443192e-01
8.558026228565722704e-01
6.751929130405187607e-01
7.130198129452764988e-01
7.356972140260040760e-01
9.191658911295235157e-01
7.797427419573068619e-01
7.264350948389619589e-01
8.059684161562472582e-01
7.480548629537224770e-01
9.628537448588758707e-01
8.180475840345025063e-01
9.652176029048860073e-01
7.133191728498786688e-01
6.581365158781409264e-01
8.655367058236151934e-01
6.586356831248849630e-01
7.073129590135067701e-01
6.213029511272907257e-01
6.996421660296618938e-01
9.191444911994040012e-01
8.552478749770671129e-01
7.372243178542703390e-01
7.688665620516985655e-01
7.799866488203406334e-01
7.333112049382179976e-01
9.916541939601302147e-01
7.563123651780188084e-01
7.675863320473581553e-01
7.025635989848524332e-01
7.041487700771540403e-01
6.975226120557636023e-01
6.531751488801091909e-01
9.009705530479550362e-01
6.762345680035650730e-01
7.333177549298852682e-01
6.620904889423400164e-01
8.887377060018479824e-01
8.825138749089092016e-01
7.559893981087952852e-01
9.714957620017230511e-01
1.006295125000178814e+00
5.241754399612545967e-01
7.460839741397649050e-01
9.243006189353764057e-01
7.359114440623670816e-01
6.765461850445717573e-01
6.507964469492435455e-01
6.887755561619997025e-01
6.790017541497945786e-01
7.088285388890653849e-01
6.781109599396586418e-01
6.638592400122433901e-01
7.005340850446373224e-01
8.472639580722898245e-01
6.357162140775471926e-01
7.437093260232359171e-01
9.164781928993761539e-01
7.735591020900756121e-01
7.818643010687083006e-01
7.380980651360005140e-01
9.212640409823507071e-01
8.008797999937087297e-01
7.139479499310255051e-01
8.171416898258030415e-01
7.399341098498553038e-01
7.013670990709215403e-01
6.884875418618321419e-01
7.261795960366725922e-01
6.975334279704838991e-01
6.851896280422806740e-01
8.912377750966697931e-01
7.249424438923597336e-01
8.757861820049583912e-01
8.613203021232038736e-01
7.892490590456873178e-01
9.716152381151914597e-01
7.351646639872342348e-01
7.273206601385027170e-01
7.573474389500916004e-01
7.324745371006429195e-01
8.025887189432978630e-01
7.058920741546899080e-01
6.774918860755860806e-01
6.927382890135049820e-01
8.655485669150948524e-01
8.621602819766849279e-01
6.971505610272288322e-01
7.191661309916526079e-01
4.580905300099402666e-01
6.247546260710805655e-01
9.066373410169035196e-01
6.750895790755748749e-01
6.739447019062936306e-01
7.086691169533878565e-01
7.658436431083828211e-01
7.805709531530737877e-01
7.764860200695693493e-01
7.885652468539774418e-01
7.782032170798629522e-01
9.655525540001690388e-01
8.637454479467123747e-01
6.938177391421049833e-01
7.031835210509598255e-01
7.058356890920549631e-01
6.698438678868114948e-01
6.841014469973742962e-01
6.432850041892379522e-01
7.095846589654684067e-01
7.034518250729888678e-01
7.034472888335585594e-01
6.596791639458388090e-01
6.036664280109107494e-01
7.452353201806545258e-01
7.583228780422359705e-01
1.006757594877853990e+00
7.786930559668689966e-01
7.676478170324116945e-01
7.992987069301307201e-01
7.341869040392339230e-01
6.381035170052200556e-01
7.163325839210301638e-01
8.753856129478663206e-01
6.051041448954492807e-01
9.047271739691495895e-01
8.235964500345289707e-01
7.395684579387307167e-01
7.235417428892105818e-01
6.532270279712975025e-01
8.850325781386345625e-01
9.037356099579483271e-01
7.268831110559403896e-01
7.276114260312169790e-01
7.465087810996919870e-01
7.352964649908244610e-01
7.790081270504742861e-01
1.006171119865030050e+00
8.157681450247764587e-01
8.548870650120079517e-01
8.309098770841956139e-01
4.958587870933115482e-01
9.001360689289867878e-01
6.254822008777409792e-01
7.036950939800590277e-01
7.360707670450210571e-01
6.796639009844511747e-01
7.186419549398124218e-01
6.783890950027853251e-01
7.859642209950834513e-01
7.580690109170973301e-01
1.004712408874183893e+00
7.568090709391981363e-01
6.136590898968279362e-01
8.870634899940341711e-01
6.933349862229079008e-01
6.777126120869070292e-01
8.998482059687376022e-01
7.166966509539633989e-01
6.564233419485390186e-01
7.446842601057142019e-01
7.004121129866689444e-01
7.120957060251384974e-01
8.566269420552998781e-01
9.419833370484411716e-01
7.907189498655498028e-01
9.425757271237671375e-01
9.550587800331413746e-01
1.005336570087820292e+00
7.802470668684691191e-01
9.611111469566822052e-01
6.665176269598305225e-01
6.915083720814436674e-01
8.962269918993115425e-01
7.251493700314313173e-01
7.054117990192025900e-01
8.667671189177781343e-01
6.793880141340196133e-01
7.096682190895080566e-01
6.597327340859919786e-01
7.172468421049416065e-01
7.779976299498230219e-01
7.169412428047508001e-01
7.696570828557014465e-01
9.677607489284127951e-01
6.319219588767737150e-01
7.461167359724640846e-01
7.300441199913620949e-01
6.958730821497738361e-01
6.679302069824188948e-01
6.947646280750632286e-01
6.640617530792951584e-01
8.621921900194138288e-01
9.181895789224654436e-01
9.173223960679024458e-01
6.971547310240566730e-01
7.353457100689411163e-01
6.913407382089644670e-01
7.340783218387514353e-01
9.798516540322452784e-01
7.122145681641995907e-01
7.704434371553361416e-01
9.236644927877932787e-01
7.493364149704575539e-01
8.086794831324368715e-01
6.975736899767071009e-01
6.134185439441353083e-01
6.586606418713927269e-01
8.721823829691857100e-01
6.730679019819945097e-01
6.833256818354129791e-01
6.544817178510129452e-01
7.296933021862059832e-01
8.790833950042724609e-01
7.043677070178091526e-01
8.056165699381381273e-01
8.790494010318070650e-01
7.256208669859915972e-01
7.687843309249728918e-01
9.986129489261657000e-01
7.891589570790529251e-01
7.702324390411376953e-01
8.164297488983720541e-01
7.694843108765780926e-01
7.048560099210590124e-01
7.422498790547251701e-01
6.696501839905977249e-01
6.971700880676507950e-01
6.300909027922898531e-01
6.549215549603104591e-01
8.140061791054904461e-01
6.196858598850667477e-01
7.062971370760351419e-01
7.264283229596912861e-01
8.812188131269067526e-01
7.243127389810979366e-01
7.505236989818513393e-01
9.411817828658968210e-01
8.091610479168593884e-01
7.921225929167121649e-01
8.121198920998722315e-01
9.027768040541559458e-01
8.831854851450771093e-01
4.935107990168035030e-01
6.785129511263221502e-01
7.388713408727198839e-01
6.940164680127054453e-01
7.429397380910813808e-01
8.257552948780357838e-01
6.750188211444765329e-01
8.849251659121364355e-01
7.133493160363286734e-01
8.149191220290958881e-01
6.707155779004096985e-01
6.848564750980585814e-01
6.717144041322171688e-01
8.033453009556978941e-01
7.478899098932743073e-01
7.956559651065617800e-01
1.007802522974088788e+00
6.615342190489172935e-01
7.381813048850744963e-01
6.099017120432108641e-01
7.398589199874550104e-01
7.106934390030801296e-01
7.064113758970052004e-01
9.017579220235347748e-01
6.582569640595465899e-01
7.397881580982357264e-01
8.650363709311932325e-01
6.970771038904786110e-01
7.129631110001355410e-01
7.828880599699914455e-01
7.999594670254737139e-01
7.459146459586918354e-01
8.052829089574515820e-01
6.142681280616670847e-01
9.000934220384806395e-01
8.234808549750596285e-01
7.446206298191100359e-01
8.579453388229012489e-01
6.675947888288646936e-01
7.069685070309787989e-01
8.162859939038753510e-01
6.218143659643828869e-01
8.701251188758760691e-01
8.121931920759379864e-01
6.608169148676097393e-01
8.148043120745569468e-01
9.685326239559799433e-01
8.152578668668866158e-01
7.623919129837304354e-01
7.683177990838885307e-01
7.315078140236437321e-01
8.720509158447384834e-01
6.599146029911935329e-01
7.083814160432666540e-01
6.842860220931470394e-01
6.285455799661576748e-01
6.799389049410820007e-01
6.172439970541745424e-01
6.863097948953509331e-01
8.673627679236233234e-01
6.695542659144848585e-01
7.181548939552158117e-01
6.987615788821130991e-01
9.679405149072408676e-01
8.063006279990077019e-01
9.287565678823739290e-01
8.184555398765951395e-01
9.284051919821649790e-01
7.782157249748706818e-01
7.173023668583482504e-01
7.378623441327363253e-01
6.867810289841145277e-01
6.444131729658693075e-01
8.370257539208978415e-01
6.931127849966287613e-01
7.361591809894889593e-01
6.804213419090956450e-01
7.360902470536530018e-01
6.893454738892614841e-01
8.756687110289931297e-01
6.677130281459540129e-01
7.663420101162046194e-01
7.680616390425711870e-01
7.677204550709575415e-01
7.670274560805410147e-01
7.148075429722666740e-01
7.292159539647400379e-01
7.437798751052469015e-01
7.429241859354078770e-01
6.845485430676490068e-01
6.384004929568618536e-01
8.707215050235390663e-01
6.521057870704680681e-01
5.927732270210981369e-01
8.859275458380579948e-01
7.113770921714603901e-01
7.018025978468358517e-01
7.261007940396666527e-01
7.567638289183378220e-01
7.145742280408740044e-01
7.539937719702720642e-01
7.006042429711669683e-01
7.325203279033303261e-01
7.755461768247187138e-01
8.118164879269897938e-01
7.311460070777684450e-01
6.985257589258253574e-01
6.668651159852743149e-01
6.815558609087020159e-01
8.216874620411545038e-01
6.926160198636353016e-01
7.033459630329161882e-01
6.466074490454047918e-01
5.792649821378290653e-01
6.956062230747193098e-01
7.244989851024001837e-01
6.937628658488392830e-01
7.104159430600702763e-01
1.002333558164536953e+00
9.872540659271180630e-01
9.822580670006573200e-01
9.949062718078494072e-01
9.394954920280724764e-01
7.712320340797305107e-01
6.935785529203712940e-01
6.714272471144795418e-01
7.061930750496685505e-01
7.113140588626265526e-01
7.072366061620414257e-01
6.361462362110614777e-01
6.879386208020150661e-01
6.351810512132942677e-01
6.663332029711455107e-01
7.368012128863483667e-01
6.933822710998356342e-01
9.385907519608736038e-01
7.357699309941381216e-01
9.409092098940163851e-01
7.342752548865973949e-01
7.231467140372842550e-01
8.191229561343789101e-01
9.421677640639245510e-01
8.877551958430558443e-01
7.375806469935923815e-01
7.152251200750470161e-01
7.423464308958500624e-01
6.871327119879424572e-01
7.128433419857174158e-01
9.043676499277353287e-01
6.437277470249682665e-01
7.077223239466547966e-01
7.369098991621285677e-01
6.091882199980318546e-01
7.733721011318266392e-01
9.986593080684542656e-01
7.670524870045483112e-01
7.474579748231917620e-01
7.237220781389623880e-01
7.372041791677474976e-01
7.363250181078910828e-01
7.092596171423792839e-01
6.351663980167359114e-01
7.381330830976366997e-01
6.683447931427508593e-01
7.351980460807681084e-01
7.079042510595172644e-01
7.151373920496553183e-01
9.022429841570556164e-01
6.913497438654303551e-01
6.765950578264892101e-01
8.698144131340086460e-01
7.364265068899840117e-01
9.536965799052268267e-01
7.752471999265253544e-01
7.446741880849003792e-01
8.209373611025512218e-01
8.140535149723291397e-01
7.119696061126887798e-01
6.826328400056809187e-01
5.662611550651490688e-01
6.839284708257764578e-01
6.975952319335192442e-01
9.063816019333899021e-01
6.587253687903285027e-01
6.630114670842885971e-01
7.393959590699523687e-01
7.062432030215859413e-01
8.113030791282653809e-01
8.085166160017251968e-01
9.429715860169380903e-01
8.002699271310120821e-01
7.678945160005241632e-01
9.444258310832083225e-01
7.448435779660940170e-01
9.687716700136661530e-01
6.961433789692819118e-01
6.563002350740134716e-01
7.067508241161704063e-01
6.879358070436865091e-01
7.085401020012795925e-01
7.249600759241729975e-01
6.852903941180557013e-01
8.691071050707250834e-01
8.931551519781351089e-01
7.229974051006138325e-01
6.648890520446002483e-01
9.845220360439270735e-01
7.872565709985792637e-01
9.765779408626258373e-01
7.040336830541491508e-01
7.570356628857553005e-01
7.354467778932303190e-01
7.989626280032098293e-01
7.063311149831861258e-01
6.868197359144687653e-01
8.161756549961864948e-01
7.213874098379164934e-01
6.605127551592886448e-01
7.014665650203824043e-01
6.743465021718293428e-01
7.267353560309857130e-01
7.125304990913718939e-01
8.906665199901908636e-01
8.718236149288713932e-01
7.907007830217480659e-01
7.152172250207513571e-01
7.671928759664297104e-01
7.748107621446251869e-01
9.931151669006794691e-01
7.018575980328023434e-01
6.669300110079348087e-01
7.239694590680301189e-01
8.240257101133465767e-01
7.224750211462378502e-01
9.157504560425877571e-01
7.374350740574300289e-01
6.693187269847840071e-01
6.585938220378011465e-01
7.165353398304432631e-01
6.646504229865968227e-01
6.400863991584628820e-01
9.713165690191090107e-01
7.716039898805320263e-01
7.580132749862968922e-01
8.119155329186469316e-01
7.180032189935445786e-01
8.128330549225211143e-01
9.230913300998508930e-01
6.947161480784416199e-01
8.839791470672935247e-01
8.979213058482855558e-01
8.544036191888153553e-01
6.360689890570938587e-01
7.027550339698791504e-01
6.276397891342639923e-01
6.988154931459575891e-01
6.845344800967723131e-01
9.128093391191214323e-01
7.049512129742652178e-01
7.671146318316459656e-01
7.040927610360085964e-01
7.069963449612259865e-01
7.141936398111283779e-01
8.009701198898255825e-01
7.620668879244476557e-01
7.590626960154622793e-01
9.796772489789873362e-01
6.646916118916124105e-01
6.589095389936119318e-01
6.884876149706542492e-01
7.957768968772143126e-01
6.064949890132993460e-01
7.261995109729468822e-01
7.231490660924464464e-01
6.872528069652616978e-01
6.373692748602479696e-01
6.627598889172077179e-01
6.106826029717922211e-01
7.580547409597784281e-01
7.996518760919570923e-01
9.019026779569685459e-01
7.362057270947843790e-01
1.009045924991369247e+00
8.806231780909001827e-01
1.007797867059707642e+00
5.888030889909714460e-01
7.000430799089372158e-01
6.839651400223374367e-01
6.084287688136100769e-01
8.566927809733897448e-01
6.524427458643913269e-01
7.126149940304458141e-01
7.544864988885819912e-01
7.047451261896640062e-01
6.981715820729732513e-01
6.743857841938734055e-01
7.680199388414621353e-01
8.243164978921413422e-01
7.291310110595077276e-01
7.710452990140765905e-01
8.159622158855199814e-01
7.247836110182106495e-01
7.747727169189602137e-01
9.444356751628220081e-01
8.305948120541870594e-01
8.584246558602899313e-01
6.576467170380055904e-01
6.607866559643298388e-01
9.127720799297094345e-01
8.388182658236473799e-01
6.748957850504666567e-01
8.191317808814346790e-01
6.411321701016277075e-01
7.798058730550110340e-01
7.384961179923266172e-01
7.373544848524034023e-01
7.588341829832643270e-01
9.148417660035192966e-01
7.820044110994786024e-01
7.915745850186794996e-01
8.879033070988953114e-01
6.207589081022888422e-01
7.091596708633005619e-01
6.663075969554483891e-01
6.553779798559844494e-01
7.458776100538671017e-01
6.952427790965884924e-01
6.654297669883817434e-01
7.036638979334384203e-01
7.037720850203186274e-01
6.669027528259903193e-01
9.328073379583656788e-01
9.716033970471471548e-01
7.464878261089324951e-01
8.020566310733556747e-01
7.890693701338022947e-01
8.311845730058848858e-01
7.511457658838480711e-01
8.226045439951121807e-01
7.540815388783812523e-01
6.756693809293210506e-01
6.541561309713870287e-01
7.135675989557057619e-01
6.883832060266286135e-01
6.259671950247138739e-01
7.043466349132359028e-01
6.052360429894179106e-01
8.252395458985120058e-01
7.548745139501988888e-01
7.646441850811243057e-01
7.701599160209298134e-01
9.838138530030846596e-01
7.794360918924212456e-01
8.158496639225631952e-01
7.166662900708615780e-01
6.568628130480647087e-01
8.894607711117714643e-01
8.259985540062189102e-01
6.290963171049952507e-01
6.978468219749629498e-01
6.864423919469118118e-01
6.947875460609793663e-01
7.362991180270910263e-01
9.013942577876150608e-01
6.651627281680703163e-01
8.730078039225190878e-01
6.866393350064754486e-01
8.151344689540565014e-01
9.184233930427581072e-01
9.719948729034513235e-01
9.870480739045888186e-01
7.824707420077174902e-01
6.473988818470388651e-01
6.988594490103423595e-01
8.810669709928333759e-01
6.264625701587647200e-01
7.179354189429432154e-01
5.885344787966459990e-01
6.366940659936517477e-01
6.023407359607517719e-01
8.739085390698164701e-01
7.149866351392120123e-01
6.921445839107036591e-01
9.031519468408077955e-01
8.993096929043531418e-01
9.749279050156474113e-01
7.785129288677126169e-01
9.228938140440732241e-01
9.741585489828139544e-01
7.263877769000828266e-01
7.156281529460102320e-01
6.828855399508029222e-01
6.808275470975786448e-01
6.847853630315512419e-01
6.507654751185327768e-01
7.077525630593299866e-01
7.153563480824232101e-01
6.747875218279659748e-01
8.889735790435224771e-01
5.801294250413775444e-01
8.818075470626354218e-01
7.471713258419185877e-01
7.344889051746577024e-01
7.890230789780616760e-01
7.460706201381981373e-01
9.107022879179567099e-01
9.852791030425578356e-01
7.769419290125370026e-01
8.500119219534099102e-01
8.824386240448802710e-01
8.698157579638063908e-01
8.571452761534601450e-01
6.583106990437954664e-01
7.162811418529599905e-01
7.141492890659719706e-01
7.052079909481108189e-01
7.237580148503184319e-01
6.872736488003283739e-01
7.242383218836039305e-01
7.161752569954842329e-01
7.670662871096283197e-01
9.954011980444192886e-01
9.974813349545001984e-01
9.343266580253839493e-01
7.056099590845406055e-01
7.036665580235421658e-01
8.602802657987922430e-01
8.423724810127168894e-01
7.411472899839282036e-01
6.846131221391260624e-01
7.409074360039085150e-01
4.948035019915550947e-01
6.606329900678247213e-01
6.859573859255760908e-01
6.884007879998534918e-01
7.082632668316364288e-01
8.968150170985609293e-01
7.148148331325501204e-01
7.781026221346110106e-01
6.929063780698925257e-01
8.015741738490760326e-01
7.480973638594150543e-01
1.016464452026411891e+00
7.578219869174063206e-01
6.851931791752576828e-01
6.924275390338152647e-01
6.840502070263028145e-01
6.200823609251528978e-01
6.590224059764295816e-01
6.946757549885660410e-01
8.555871620774269104e-01
6.915531591512262821e-01
7.058709890116006136e-01
6.786843689624220133e-01
7.689854481723159552e-01
7.817830101121217012e-01
7.908530228305608034e-01
7.495378288440406322e-01
7.790054560173302889e-01
7.687385790050029755e-01
9.974963630083948374e-01
8.748928869608789682e-01
6.988200000487267971e-01
7.406908711418509483e-01
7.342554079368710518e-01
7.241352531127631664e-01
9.212962891906499863e-01
8.249078181106597185e-01
7.258628520648926497e-01
7.393270218744874001e-01
5.698819300159811974e-01
7.053437319118529558e-01
8.169012530706822872e-01
9.979295320808887482e-01
7.697023600339889526e-01
9.702969489153474569e-01
8.150885119102895260e-01
7.789797771256417036e-01
7.241439220961183310e-01
6.966576869599521160e-01
6.901913490146398544e-01
6.191998659633100033e-01
7.232999301049858332e-01
8.837439680937677622e-01
8.721080648247152567e-01
6.746793501079082489e-01
6.656358728650957346e-01
6.379391050431877375e-01
7.071020398288965225e-01
6.855041040107607841e-01
7.466671881265938282e-01
7.896908489055931568e-01
7.795443218201398849e-01
7.478682568762451410e-01
8.151139719411730766e-01
9.958617019001394510e-01
9.485341149847954512e-01
7.175055239349603653e-01
7.032909698318690062e-01
7.439093180000782013e-01
6.684968078043311834e-01
7.297552081290632486e-01
6.778256529942154884e-01
6.691752430051565170e-01
8.648043780121952295e-01
7.372712430078536272e-01
7.085287789814174175e-01
8.751432760618627071e-01
8.987816211301833391e-01
7.057148590683937073e-01
7.836528387852013111e-01
7.385946977883577347e-01
9.867265119682997465e-01
9.428781738970428705e-01
5.497453960124403238e-01
7.172054310794919729e-01
8.318072340916842222e-01
6.638725970406085253e-01
6.976755987852811813e-01
7.043671379797160625e-01
7.384564238600432873e-01
7.186627001501619816e-01
6.881441720761358738e-01
8.617538141552358866e-01
7.361546941101551056e-01
7.670795819722115993e-01
7.356053099501878023e-01
7.885117081459611654e-01
7.484790249727666378e-01
9.551787709351629019e-01
7.867935220710933208e-01
7.808374820742756128e-01
8.951071868650615215e-01
7.110090579371899366e-01
6.571174659766256809e-01
7.176109370775520802e-01
6.386206289753317833e-01
7.183495669160038233e-01
8.686208410654217005e-01
4.389042770490050316e-01
8.057537351269274950e-01
9.128779259044677019e-01
6.677594240754842758e-01
9.836460361257195473e-01
7.268730569630861282e-01
9.850934888236224651e-01
9.111340590752661228e-01
8.167005649302154779e-01
7.195789718534797430e-01
6.776018559467047453e-01
6.510678071063011885e-01
6.957583359908312559e-01
7.169644630048424006e-01
8.172677319962531328e-01
6.442840220406651497e-01
7.292728030588477850e-01
8.170021679252386093e-01
7.399125639349222183e-01
7.104452529456466436e-01
6.802302098367363214e-01
7.423670550342649221e-01
8.085871229413896799e-01
7.378409658558666706e-01
7.575312929693609476e-01
9.632564480416476727e-01
7.483735349960625172e-01
8.085642908699810505e-01
7.607825289014726877e-01
6.982109560631215572e-01
6.852238590363413095e-01
6.474475250579416752e-01
7.471657139249145985e-01
8.566223368979990482e-01
7.083601241465657949e-01
7.059896599967032671e-01
8.658289278391748667e-01
7.109522440005093813e-01
7.381405020132660866e-01
7.959411120973527431e-01
7.691052139271050692e-01
9.440944071393460035e-01
7.546124241780489683e-01
7.683743210509419441e-01
9.928731659892946482e-01
7.543329261243343353e-01
6.865932431537657976e-01
6.836038259789347649e-01
7.401536589022725821e-01
9.109730350319296122e-01
6.540084229782223701e-01
7.238651949446648359e-01
8.685775359626859426e-01
8.177002749871462584e-01
7.060754720587283373e-01
8.824266770388931036e-01
7.125128640327602625e-01
9.391498630866408348e-01
9.392900371458381414e-01
6.396115089301019907e-01
6.503784069791436195e-01
7.577246960718184710e-01
7.776543889194726944e-01
7.962734748143702745e-01
7.731686560437083244e-01
8.330881940200924873e-01
8.381054811179637909e-01
8.748503359965980053e-01
6.561073670163750648e-01
6.880483641289174557e-01
9.126232701819390059e-01
8.689091538544744253e-01
6.171977580524981022e-01
9.850843071471899748e-01
9.705090718343853951e-01
8.221623490098863840e-01
7.749573278706520796e-01
7.922558858990669250e-01
7.821875759400427341e-01
7.155240678694099188e-01
6.609883641358464956e-01
7.204703309107571840e-01
7.052499209530651569e-01
9.252002509310841560e-01
8.565291189588606358e-01
7.332582699600607157e-01
7.433283128775656223e-01
6.484424599912017584e-01
8.848416199907660484e-01
8.375651750247925520e-01
6.590765619184821844e-01
7.270535088609904051e-01
9.605293171480298042e-01
7.683044720906764269e-01
8.125469470396637917e-01
7.821446510497480631e-01
9.370441571809351444e-01
7.161109610460698605e-01
7.690111589618027210e-01
8.049880559556186199e-01
7.243618990760296583e-01
7.433536259923130274e-01
7.445590430870652199e-01
9.030495961196720600e-01
6.194138971623033285e-01
6.794881981331855059e-01
8.900622990913689137e-01
7.909617768600583076e-01
8.107289159670472145e-01
7.104983159806579351e-01
7.889108639210462570e-01
9.565373070072382689e-01
7.665312159806489944e-01
9.789833039976656437e-01
6.361241480335593224e-01
6.825506871100515127e-01
9.127061078324913979e-01
8.126422630157321692e-01
8.943045758642256260e-01
7.144974300172179937e-01
6.471908099483698606e-01
6.752169050741940737e-01
8.627101618330925703e-01
6.636080730240792036e-01
8.696161948610097170e-01
8.144996420014649630e-01
7.541441260837018490e-01
7.988201049156486988e-01
7.349119321443140507e-01
9.969698910135775805e-01
9.686784299556165934e-01
7.979764740448445082e-01
7.120652808807790279e-01
6.543962180148810148e-01
8.179081189446151257e-01
8.891967050731182098e-01
7.110148209612816572e-01
6.421430411282926798e-01
7.355374149046838284e-01
8.304845159873366356e-01
6.969445201102644205e-01
8.897363718133419752e-01
7.552555289585143328e-01
7.994282159488648176e-01
9.302014231216162443e-01
8.183305719867348671e-01
8.150904390495270491e-01
7.758869391400367022e-01
9.002528891433030367e-01
7.019776678644120693e-01
6.608472161460667849e-01
8.586319929454475641e-01
6.083176459651440382e-01
7.188312299549579620e-01
8.203086031135171652e-01
6.852230078075081110e-01
7.075646859593689442e-01
6.739166569896042347e-01
6.797690468374639750e-01
6.534224830102175474e-01
7.036230990197509527e-01
7.918021879158914089e-01
7.318393778987228870e-01
7.667130618356168270e-01
7.331932100933045149e-01
7.037230301648378372e-01
9.324554121121764183e-01
7.698567709885537624e-01
6.769075510092079639e-01
6.979882160667330027e-01
6.950032969471067190e-01
6.412324400153011084e-01
8.398752179928123951e-01
6.252755180466920137e-01
6.879033881705254316e-01
6.388251220341771841e-01
7.884717059787362814e-01
9.570148838683962822e-01
7.245159309823065996e-01
1.007926377933472395e+00
7.771022010128945112e-01
7.492564800195395947e-01
8.003591380547732115e-01
7.364655430428683758e-01
8.835804439149796963e-01
8.678771180566400290e-01
7.950897270347923040e-01
8.496034389827400446e-01
7.023855200968682766e-01
6.857888579834252596e-01
6.279052090831100941e-01
8.860219868365675211e-01
6.582309028599411249e-01
8.469888798426836729e-01
6.983222458511590958e-01
8.810749710537493229e-01
6.371521528344601393e-01
7.441227450035512447e-01
7.680941249709576368e-01
7.206813360098749399e-01
6.709104240871965885e-01
7.584625750314444304e-01
7.872137029189616442e-01
7.155674640089273453e-01
8.324928109068423510e-01
6.629696390591561794e-01
5.413706710096448660e-01
8.235728268045932055e-01
5.336306500248610973e-01
6.254282810259610415e-01
7.705208780243992805e-01
8.298951510805636644e-01
7.999915571417659521e-01
8.521813999395817518e-01
6.478530480526387691e-01
7.200884569901973009e-01
7.787354099564254284e-01
7.547853938303887844e-01
7.789411959238350391e-01
7.772442388813942671e-01
7.430487128440290689e-01
7.766179519239813089e-01
9.745242488570511341e-01
5.857690940611064434e-01
5.930169289931654930e-01
8.570116271730512381e-01
7.795191828627139330e-01
6.538054358679801226e-01
7.614521030336618423e-01
6.123801961075514555e-01
6.426229430362582207e-01
6.837737311143428087e-01
5.525920221116393805e-01
8.189653779845684767e-01
7.659104389604181051e-01
7.500445370096713305e-01
6.931765009649097919e-01
8.009525740053504705e-01
7.792052831500768661e-01
7.159543351735919714e-01
9.030170640908181667e-01
6.308885000180453062e-01
6.361170571763068438e-01
5.962219359353184700e-01
6.890122210606932640e-01
6.328133270144462585e-01
6.164080949965864420e-01
8.319679398555308580e-01
7.592650209553539753e-01
6.666541269514709711e-01
7.787357759661972523e-01
9.256287440657615662e-01
7.789500600192695856e-01
7.874586340039968491e-01
6.395654371008276939e-01
9.632201520726084709e-01
7.244394640438258648e-01
6.894626780413091183e-01
5.841372420545667410e-01
6.601268369704484940e-01
6.412873819936066866e-01
8.390235030092298985e-01
6.342409050557762384e-01
7.882833061739802361e-01
8.048230879940092564e-01
6.723020251374691725e-01
6.254077451303601265e-01
7.887399808969348669e-01
6.380997810047119856e-01
6.931527908891439438e-01
7.346936301328241825e-01
7.433698300737887621e-01
