8.515961209777742624e-01
5.046511359978467226e-01
6.979550849646329880e-01
7.262750999070703983e-01
7.302483089733868837e-01
9.232506679836660624e-01
8.302934521343559027e-01
7.626132410950958729e-01
8.337891551200300455e-01
7.163986398372799158e-01
9.013056210242211819e-01
7.377397040836513042e-01
6.785783879458904266e-01
9.015582939609885216e-01
6.800534131471067667e-01
9.249666121322661638e-01
6.908131779637187719e-01
7.096917619928717613e-01
6.834827160928398371e-01
7.222692889627069235e-01
9.250573168974369764e-01
6.701308758929371834e-01
6.028311369009315968e-01
8.640268479939550161e-01
7.619831820484250784e-01
7.583123650401830673e-01
7.571073570288717747e-01
7.321654988918453455e-01
6.715118659194558859e-01
7.129526869393885136e-01
7.105266901198774576e-01
7.041080528870224953e-01
6.723597589880228043e-01
4.890009611845016479e-01
6.536785271018743515e-01
4.108534951228648424e-01
6.261891999747604132e-01
6.809718972072005272e-01
6.095461880322545767e-01
6.192482688929885626e-01
6.124967960640788078e-01
5.836172539275139570e-01
5.565690519288182259e-01
4.523345229681581259e-01
6.001637480221688747e-01
6.328157191164791584e-01
4.378849379718303680e-01
5.713184978812932968e-01
6.095813291613012552e-01
4.557921499945223331e-01
6.151729009579867125e-01
6.624678019434213638e-01
7.336462771054357290e-01
6.345349589828401804e-01
6.761737018823623657e-01
4.423081739805638790e-01
4.911226469557732344e-01
6.461476390250027180e-01
4.426501388661563396e-01
5.895828660577535629e-01
6.924950310494750738e-01
6.673397750128060579e-01
6.133808679878711700e-01
5.640823820140212774e-01
6.054377299733459949e-01
5.039672669954597950e-01
4.356801200192421675e-01
5.125706361141055822e-01
6.118527189828455448e-01
6.689997860230505466e-01
6.050794380716979504e-01
5.120124989189207554e-01
5.127630438655614853e-01
6.574690309353172779e-01
5.732340591493993998e-01
7.053801547735929489e-01
4.796937089413404465e-01
5.126756741665303707e-01
7.410245621576905251e-01
5.735017678234726191e-01
5.109232119284570217e-01
6.316615880932658911e-01
6.105213591363281012e-01
5.093247960321605206e-01
6.922962239477783442e-01
5.917175440117716789e-01
5.122729688882827759e-01
5.620951079763472080e-01
5.129141700454056263e-01
4.630002179183065891e-01
5.748994110617786646e-01
6.060334970243275166e-01
6.554401151370257139e-01
5.833712872117757797e-01
4.487306280061602592e-01
4.789168448187410831e-01
5.086996469181030989e-01
5.962143798824399710e-01
4.195075910538434982e-01
5.035774100106209517e-01
6.851783681195229292e-01
5.640994049608707428e-01
5.073162601329386234e-01
6.848468568641692400e-01
6.710482321213930845e-01
6.036490970291197300e-01
5.029798839241266251e-01
6.310185771435499191e-01
6.655949591659009457e-01
6.258564400486648083e-01
6.959828468970954418e-01
4.324372389819473028e-01
4.790520139504224062e-01
4.669104320928454399e-01
3.948183548636734486e-01
6.599195031449198723e-01
5.742360020522028208e-01
6.219048290513455868e-01
5.086074278224259615e-01
6.587464211042970419e-01
4.188227418344467878e-01
5.017905398271977901e-01
4.318873120937496424e-01
6.235969159752130508e-01
5.662032021209597588e-01
5.090728101786226034e-01
4.722765339538455009e-01
4.159329009708017111e-01
4.417414360214024782e-01
4.282045639120042324e-01
6.157684079371392727e-01
5.857960800640285015e-01
5.684365229681134224e-01
5.073928369674831629e-01
6.311337798833847046e-01
5.085702380165457726e-01
5.137716459576040506e-01
6.732357130385935307e-01
6.414042308460921049e-01
4.990495489910244942e-01
6.040267860516905785e-01
6.046570870094001293e-01
5.868912239093333483e-01
6.598159950226545334e-01
4.416370608378201723e-01
4.360986561514437199e-01
5.816758410073816776e-01
5.114198150113224983e-01
6.492222819942981005e-01
5.658740531653165817e-01
6.772997379302978516e-01
5.883494191803038120e-01
5.088080479763448238e-01
6.621341970749199390e-01
6.125137491617351770e-01
5.174829431343823671e-01
6.548547109123319387e-01
5.217317179776728153e-01
4.876467532012611628e-01
5.121128009632229805e-01
5.188365778885781765e-01
5.021082852035760880e-01
4.727026249747723341e-01
6.367878720629960299e-01
5.253217841964215040e-01
6.053958169650286436e-01
6.422481548506766558e-01
5.802514480892568827e-01
6.030438079033046961e-01
5.671314429491758347e-01
5.630377000197768211e-01
4.313133058603852987e-01
6.351795890368521214e-01
6.526490449905395508e-01
6.123226638883352280e-01
6.323394428472965956e-01
6.014948301017284393e-01
6.127076421398669481e-01
5.639453500043600798e-01
5.084080351516604424e-01
5.673115940298885107e-01
6.664592118468135595e-01
5.152775489259511232e-01
6.060464337933808565e-01
6.721375880297273397e-01
5.092841540463268757e-01
5.141587851103395224e-01
4.998657959513366222e-01
4.905382741708308458e-01
5.037241289392113686e-01
4.465027011465281248e-01
3.544274328742176294e-01
6.088837159331887960e-01
6.423802580684423447e-01
4.269673051312565804e-01
5.109802989754825830e-01
5.619873239193111658e-01
6.306921669747680426e-01
3.963387771509587765e-01
6.525731240399181843e-01
6.274441280402243137e-01
4.646634408272802830e-01
6.066563609056174755e-01
5.027513147797435522e-01
4.623041360173374414e-01
5.181473109405487776e-01
4.294006680138409138e-01
6.132025041151791811e-01
5.037355548702180386e-01
4.990106120239943266e-01
5.015324619598686695e-01
4.331744189839810133e-01
6.170507180504500866e-01
5.109008189756423235e-01
6.394918430596590042e-01
5.975857279263436794e-01
6.464404538273811340e-01
6.285092800389975309e-01
5.815277511719614267e-01
6.013731569983065128e-01
4.687413880601525307e-01
5.056621788535267115e-01
4.211851272266358137e-01
6.797843421809375286e-01
4.811981308739632368e-01
5.980283929966390133e-01
5.737614289391785860e-01
5.137173279654234648e-01
6.700542951002717018e-01
5.052661967929452658e-01
5.028336248360574245e-01
5.162545831408351660e-01
6.273408050183206797e-01
6.495253080502152443e-01
6.219018530100584030e-01
6.652392460964620113e-01
6.916930989827960730e-01
5.021007310133427382e-01
5.109101401176303625e-01
4.673012769781053066e-01
6.425041279289871454e-01
5.122193589340895414e-01
6.365141440182924271e-01
5.070209519471973181e-01
6.381751748267561197e-01
5.055578888859599829e-01
5.867946199141442776e-01
6.024405560456216335e-01
5.070989220403134823e-01
5.031524549704045057e-01
5.718797480221837759e-01
6.132007779087871313e-01
5.712512028403580189e-01
6.865564470645040274e-01
5.098756630904972553e-01
5.127166041638702154e-01
6.029348880983889103e-01
4.501401379238814116e-01
6.149006609339267015e-01
4.265267250593751669e-01
4.557191659696400166e-01
6.401920591015368700e-01
5.628175560850650072e-01
5.093250079080462456e-01
5.079101759474724531e-01
6.172156580723822117e-01
4.155433459673076868e-01
5.133281459566205740e-01
5.054992078803479671e-01
4.823205459397286177e-01
6.371017140336334705e-01
5.793742099776864052e-01
4.970840110909193754e-01
6.009794441051781178e-01
4.767427209299057722e-01
4.353384189307689667e-01
6.073364759795367718e-01
5.048778408672660589e-01
5.073742440436035395e-01
5.671993680298328400e-01
5.042148849461227655e-01
6.280465428717434406e-01
5.043114600703120232e-01
5.933522288687527180e-01
4.302825159393250942e-01
5.562790089752525091e-01
4.415749001782387495e-01
5.125969790387898684e-01
5.674342329148203135e-01
4.227081348653882742e-01
5.101182239595800638e-01
5.125300539657473564e-01
5.042055679950863123e-01
5.995039080735296011e-01
3.915986730717122555e-01
4.179946060758084059e-01
5.026761100161820650e-01
6.329637230373919010e-01
5.958198050502687693e-01
6.115912988316267729e-01
6.523346989415585995e-01
6.435591550543904305e-01
4.297403169330209494e-01
4.920784200076013803e-01
5.656825779005885124e-01
5.664718700572848320e-01
6.003465389367192984e-01
5.798354858998209238e-01
5.084193709772080183e-01
5.730125650297850370e-01
5.062671499326825142e-01
5.057120141573250294e-01
4.516189650166779757e-01
4.085889160633087158e-01
6.840818608179688454e-01
5.095396270044147968e-01
5.052036389242857695e-01
5.539298430085182190e-01
5.087838848121464252e-01
4.852544490713626146e-01
6.092877918854355812e-01
4.183194658253341913e-01
4.393220930360257626e-01
3.937609510030597448e-01
4.273547048214823008e-01
5.806404079776257277e-01
5.702319617848843336e-01
5.046448281500488520e-01
4.849360489752143621e-01
6.035680370405316353e-01
5.799163440242409706e-01
5.032186631578952074e-01
6.194964989554136992e-01
4.287475459277629852e-01
6.245842371135950089e-01
5.108713929075747728e-01
5.015211319550871849e-01
4.344505919143557549e-01
4.999950961209833622e-01
4.520325949415564537e-01
5.091936839744448662e-01
4.595628001261502504e-01
6.732311330270022154e-01
6.010532109066843987e-01
4.418221879750490189e-01
5.048369679134339094e-01
5.089291869662702084e-01
5.941153189633041620e-01
4.671308670658618212e-01
4.340617009438574314e-01
3.566381640266627073e-01
5.043098430614918470e-01
5.141544870566576719e-01
5.080618360079824924e-01
6.090356309432536364e-01
4.926416052039712667e-01
4.398051439784467220e-01
5.900705240201205015e-01
6.333688769955188036e-01
6.243154250551015139e-01
5.685340859927237034e-01
6.013008859008550644e-01
4.343772889114916325e-01
6.137773098889738321e-01
4.907118801493197680e-01
4.088395100552588701e-01
5.111562241800129414e-01
4.524392269086092710e-01
5.049922110047191381e-01
4.014516449533402920e-01
4.528860650025308132e-01
5.141009360086172819e-01
3.941471891012042761e-01
5.051315480377525091e-01
6.612860420718789101e-01
5.055135479196906090e-01
4.927603329997509718e-01
4.300449690781533718e-01
5.044990719761699438e-01
5.044785048812627792e-01
5.795314200222492218e-01
4.023666039574891329e-01
4.992587179876863956e-01
6.348124290816485882e-01
5.060982380528002977e-01
6.233132169581949711e-01
5.071412350516766310e-01
6.063264179974794388e-01
4.297052039764821529e-01
6.223109769634902477e-01
3.197870431467890739e-01
3.971919710747897625e-01
5.026824069209396839e-01
5.022359739523380995e-01
4.292944390326738358e-01
5.035281830932945013e-01
4.537305689882487059e-01
6.291431011632084846e-01
5.044019031338393688e-01
4.378054528497159481e-01
4.372233699541538954e-01
5.042040690314024687e-01
5.642293940763920546e-01
5.028678849339485168e-01
4.417558591812849045e-01
5.103057289961725473e-01
5.070322770625352859e-01
4.873243030160665512e-01
5.070755791384726763e-01
6.166509038303047419e-01
5.042598790023475885e-01
4.479878619313240051e-01
5.840017241425812244e-01
4.419200180564075708e-01
5.707598549779504538e-01
4.521280860062688589e-01
5.115012850146740675e-01
5.037010330706834793e-01
5.456975318957120180e-01
5.471021221019327641e-01
5.793966948986053467e-01
5.107341201510280371e-01
4.942879981826990843e-01
4.982033758424222469e-01
5.075830980204045773e-01
3.955310650635510683e-01
4.727223170921206474e-01
5.009723978582769632e-01
4.583639560732990503e-01
4.903699459973722696e-01
6.145618269219994545e-01
5.085355278570204973e-01
5.087737990543246269e-01
5.737822200171649456e-01
5.559832490980625153e-01
5.091441350523382425e-01
5.091025729198008776e-01
5.765415797941386700e-01
5.129470450337976217e-01
5.065594140905886889e-01
5.870951651595532894e-01
5.050668898038566113e-01
5.081278369762003422e-01
5.747375369537621737e-01
5.566004021093249321e-01
6.598146478645503521e-01
4.214678148273378611e-01
5.068337980192154646e-01
5.060376999899744987e-01
5.402926101814955473e-01
5.476384381763637066e-01
5.852025151252746582e-01
5.002091990318149328e-01
5.061074451077729464e-01
5.100981199648231268e-01
5.029048479627817869e-01
5.615252428688108921e-01
4.226197570096701384e-01
5.924378209747374058e-01
4.981418428942561150e-01
5.040713511407375336e-01
5.891563361510634422e-01
5.662179409991949797e-01
5.635430968832224607e-01
4.739264620002359152e-01
5.837165249977260828e-01
4.782317900098860264e-01
5.031782719306647778e-01
5.638080330099910498e-01
6.371684169862419367e-01
5.049456700216978788e-01
6.338122370652854443e-01
4.923564339987933636e-01
5.039982029702514410e-01
4.885121269617229700e-01
5.102368588559329510e-01
4.427223689854145050e-01
4.656004649586975574e-01
4.240892098750919104e-01
5.103103111032396555e-01
6.022131249774247408e-01
4.456373320426791906e-01
5.966510139405727386e-01
5.044622072018682957e-01
4.678200730122625828e-01
4.605634580366313457e-01
5.936154730152338743e-01
5.865333760157227516e-01
4.784610481001436710e-01
4.913114767987281084e-01
6.423195230308920145e-01
4.072000749874860048e-01
5.835066009312868118e-01
5.039400849491357803e-01
5.861495789140462875e-01
4.951363808941096067e-01
5.050573598127812147e-01
4.905530470423400402e-01
5.095866641495376825e-01
5.625781989656388760e-01
5.043026499915868044e-01
6.062227361835539341e-01
5.991396121680736542e-01
4.496678879950195551e-01
5.140840390231460333e-01
5.625682789832353592e-01
5.744805291760712862e-01
6.143297611270099878e-01
4.428785031195729971e-01
5.000803521834313869e-01
4.221753310412168503e-01
4.939513900317251682e-01
5.029012730810791254e-01
5.635079010389745235e-01
4.423109029885381460e-01
5.056349320802837610e-01
5.709730470553040504e-01
4.479084140621125698e-01
4.855674931313842535e-01
5.014384931419044733e-01
5.685955369845032692e-01
4.977249850053340197e-01
5.174130629748106003e-01
5.843154741451144218e-01
4.265243369154632092e-01
4.866967450361698866e-01
5.846614250913262367e-01
4.088488491252064705e-01
4.179275480564683676e-01
5.016101221553981304e-01
4.188645309768617153e-01
5.030371709726750851e-01
5.812764042057096958e-01
4.607491251081228256e-01
6.169827750418335199e-01
4.508050619624555111e-01
5.057907588779926300e-01
5.040339729748666286e-01
4.039939530193805695e-01
5.040818909183144569e-01
4.438026850111782551e-01
3.621507829520851374e-01
6.250366629101336002e-01
5.766200269572436810e-01
5.055345830041915178e-01
4.969132470432668924e-01
3.941105408594012260e-01
5.034655441995710135e-01
5.625192490406334400e-01
6.160305158700793982e-01
4.414041331037878990e-01
5.031312159262597561e-01
4.905657710041850805e-01
5.860345291439443827e-01
4.319355590268969536e-01
6.248526510316878557e-01
5.047832410782575607e-01
4.924686138983815908e-01
5.136118480004370213e-01
4.656798958312720060e-01
4.686238260474056005e-01
4.430913799442350864e-01
4.630392170511186123e-01
5.070113071706146002e-01
4.871363649144768715e-01
4.903600700199604034e-01
5.082136688288301229e-01
5.048806280829012394e-01
6.138396169990301132e-01
4.840945238247513771e-01
4.849993179086595774e-01
4.372190770227462053e-01
6.132895010523498058e-01
5.638273081276565790e-01
5.113195979502052069e-01
4.640995550435036421e-01
4.575222381390631199e-01
5.044309189543128014e-01
5.063459479715675116e-01
4.142932139802724123e-01
5.960506817791610956e-01
3.541754258330911398e-01
5.042420900426805019e-01
4.416955739725381136e-01
5.744336768984794617e-01
4.865745711140334606e-01
6.124076209962368011e-01
5.465682051144540310e-01
5.628285601269453764e-01
4.879759340547025204e-01
5.034996380563825369e-01
4.613855050411075354e-01
4.897950750309973955e-01
4.588643130846321583e-01
5.035130400210618973e-01
4.782462359871715307e-01
4.470364209264516830e-01
5.021247521508485079e-01
5.084763700142502785e-01
5.956360669806599617e-01
3.422499019652605057e-01
5.016632459592074156e-01
5.882670911960303783e-01
5.018568858504295349e-01
5.024770889431238174e-01
5.033279049675911665e-01
5.112889988813549280e-01
4.931599751580506563e-01
4.332840249408036470e-01
5.029105730354785919e-01
5.756176779977977276e-01
5.077950349077582359e-01
4.153686959762126207e-01
5.042172300163656473e-01
4.203381850384175777e-01
5.058580189943313599e-01
5.028313519433140755e-01
4.813670369330793619e-01
5.045538588892668486e-01
4.211082949768751860e-01
4.335500891320407391e-01
4.837514001410454512e-01
4.041767620947211981e-01
4.678112601395696402e-01
4.677428079303354025e-01
5.000969341490417719e-01
5.021241970825940371e-01
4.851888578850775957e-01
6.226884110365062952e-01
5.093028731644153595e-01
5.010399001184850931e-01
4.806422190740704536e-01
3.913525000680238008e-01
4.816032219678163528e-01
5.061934702098369598e-01
4.429192240349948406e-01
5.657956439536064863e-01
5.069812859874218702e-01
4.932876308448612690e-01
6.321991549339145422e-01
4.204954931046813726e-01
4.109913401771336794e-01
5.106480119284242392e-01
3.647796139121055603e-01
4.246030740905553102e-01
4.197794659994542599e-01
4.873412270098924637e-01
4.983489629812538624e-01
5.012587010860443115e-01
4.363637280184775591e-01
5.089538581669330597e-01
5.115847720298916101e-01
5.023938189260661602e-01
5.017533460631966591e-01
5.017961370758712292e-01
5.793753110338002443e-01
4.858623091131448746e-01
4.986249560024589300e-01
4.768803429324179888e-01
4.810417161788791418e-01
4.521247539669275284e-01
4.888344239443540573e-01
4.212949709035456181e-01
4.933218809310346842e-01
4.052898448426276445e-01
4.127921529579907656e-01
4.816820418927818537e-01
4.976701098494231701e-01
4.275873908773064613e-01
5.727632399648427963e-01
4.547565048560500145e-01
4.440006341319531202e-01
5.816523761022835970e-01
5.027315220795571804e-01
5.042431110050529242e-01
4.039219550322741270e-01
4.606891188304871321e-01
5.046568629331886768e-01
4.944282900542020798e-01
4.253453558776527643e-01
5.669715031981468201e-01
4.800439870450645685e-01
4.232821748591959476e-01
4.426889230962842703e-01
5.033634218852967024e-01
4.899933729320764542e-01
4.989641830325126648e-01
5.040318390820175409e-01
5.042611560784280300e-01
5.062049140688031912e-01
4.293291859794408083e-01
4.984730719588696957e-01
4.904825510457158089e-01
5.071942829526960850e-01
3.795945961028337479e-01
5.432848511263728142e-01
5.033023629803210497e-01
5.062904888764023781e-01
4.379813340492546558e-01
4.902553069405257702e-01
5.030440289992839098e-01
4.889783419203013182e-01
5.057953561190515757e-01
3.783514609094709158e-01
4.616395009215921164e-01
4.649192560464143753e-01
4.224116900004446507e-01
5.035193751100450754e-01
4.701493869069963694e-01
5.535557959228754044e-01
5.000697900541126728e-01
5.118047280702739954e-01
4.286249000579118729e-01
4.807860280852764845e-01
5.036487530451267958e-01
6.331709299702197313e-01
4.106336950790137053e-01
4.876102870330214500e-01
5.046951828990131617e-01
5.035646141041070223e-01
4.376843401696532965e-01
4.515602320898324251e-01
5.037308670580387115e-01
4.038033690303564072e-01
3.789572559762746096e-01
5.841698639560490847e-01
5.982311838306486607e-01
4.902632338926196098e-01
4.040729610715061426e-01
4.991802829317748547e-01
4.007909479551017284e-01
5.051673250272870064e-01
5.054938129615038633e-01
5.031543069053441286e-01
5.924391800072044134e-01
5.738643282093107700e-01
5.050057859625667334e-01
5.030027010943740606e-01
5.023796460591256618e-01
4.179963371716439724e-01
4.232062869705259800e-01
5.049438299611210823e-01
4.848767851945012808e-01
5.044904090464115143e-01
4.295570719987154007e-01
4.934637958649545908e-01
5.071404560003429651e-01
4.406669209711253643e-01
5.052961751352995634e-01
4.996661618351936340e-01
3.872072990052402020e-01
4.509586079511791468e-01
5.061142111662775278e-01
4.925226708874106407e-01
4.234783181454986334e-01
5.015373330097645521e-01
5.051724601071327925e-01
4.107669710647314787e-01
4.409364971797913313e-01
4.933410130906850100e-01
5.085988850332796574e-01
4.994179690256714821e-01
4.643324129283428192e-01
6.016344949603080750e-01
5.049551289994269609e-01
5.027696860488504171e-01
4.939845581538975239e-01
4.029942050110548735e-01
4.287714229431003332e-01
5.011680440511554480e-01
5.522144059650599957e-01
4.903087010607123375e-01
4.215921009890735149e-01
6.104056739713996649e-01
5.730497909244149923e-01
4.992579929530620575e-01
4.626835330855101347e-01
5.018282730598002672e-01
5.066874630283564329e-01
5.087611181661486626e-01
5.078060859814286232e-01
5.069016229826956987e-01
6.006196159869432449e-01
5.059587920550256968e-01
5.008483040146529675e-01
5.050632620695978403e-01
6.366863439325243235e-01
4.141825740225613117e-01
4.872947421390563250e-01
5.046816430985927582e-01
5.034684899728745222e-01
5.049763999413698912e-01
4.423030558973550797e-01
5.808273919392377138e-01
5.068136670161038637e-01
4.153279350139200687e-01
3.543038640636950731e-01
4.910914089996367693e-01
5.706335520371794701e-01
5.015032950323075056e-01
4.631732830312103033e-01
5.761737548746168613e-01
4.880806689616292715e-01
4.596829228103160858e-01
5.031622590031474829e-01
3.999675530940294266e-01
5.109543597791343927e-01
6.346938351634889841e-01
3.701300921384245157e-01
5.604578210040926933e-01
5.147223970852792263e-01
3.726260750554502010e-01
4.317019579466432333e-01
6.058762969914823771e-01
4.440091990400105715e-01
3.965565089602023363e-01
4.997078119777143002e-01
4.126452070195227861e-01
5.048230029642581940e-01
5.089369120541960001e-01
4.410446619149297476e-01
4.400624178815633059e-01
3.937223239336162806e-01
5.853192261420190334e-01
3.886615750379860401e-01
5.079432660713791847e-01
5.069414819590747356e-01
5.040976461023092270e-01
4.993406170979142189e-01
4.015980409458279610e-01
4.312293131370097399e-01
5.708928110543638468e-01
4.932304508984088898e-01
3.894147828686982393e-01
3.509713271632790565e-01
4.419910288415849209e-01
4.070718390867114067e-01
4.333812440745532513e-01
5.024006229359656572e-01
5.939972968772053719e-01
5.062220219988375902e-01
4.592818371020257473e-01
4.108581368345767260e-01
3.492040322162210941e-01
5.079852670896798372e-01
5.074126918334513903e-01
4.884662439581006765e-01
5.940932850353419781e-01
4.826503871008753777e-01
5.097985689062625170e-01
5.634541581384837627e-01
4.991427699569612741e-01
4.997444278560578823e-01
5.032230219803750515e-01
5.090326790232211351e-01
4.601403719279915094e-01
3.924028368201106787e-01
5.072376318275928497e-01
4.556728650350123644e-01
4.526157530490309000e-01
4.908872460946440697e-01
4.397606269922107458e-01
6.226804258767515421e-01
6.368260469753295183e-01
5.043970840051770210e-01
4.500761849340051413e-01
5.019116739276796579e-01
5.110390309710055590e-01
4.926141479518264532e-01
4.764472311362624168e-01
4.799005300737917423e-01
4.333485369570553303e-01
5.767861241474747658e-01
4.877962379250675440e-01
4.577468549832701683e-01
5.084606290329247713e-01
5.062864779029041529e-01
5.054218568839132786e-01
5.054573710076510906e-01
4.557529999874532223e-01
4.124803489539772272e-01
5.198031819891184568e-01
5.025014099664986134e-01
5.047897268086671829e-01
4.425194689538329840e-01
6.015479599591344595e-01
5.705708928871899843e-01
5.046097538433969021e-01
4.853514160495251417e-01
4.482661781366914511e-01
6.112198070622980595e-01
4.965268629603087902e-01
4.440567879937589169e-01
4.092817220371216536e-01
5.024689310230314732e-01
5.046784020960330963e-01
5.038107009604573250e-01
5.021279470529407263e-01
4.016813409980386496e-01
5.074203680269420147e-01
4.403979699127376080e-01
4.452793770469725132e-01
3.889767657965421677e-01
4.097930621355772018e-01
4.940940351225435734e-01
4.449443661142140627e-01
5.020764239598065615e-01
4.644964379258453846e-01
3.799529739189893007e-01
5.093018379993736744e-01
5.033663448411971331e-01
5.019582321401685476e-01
5.023152790963649750e-01
5.042365619447082281e-01
4.987815150525420904e-01
5.037177749909460545e-01
4.461486719083040953e-01
5.827320141252130270e-01
4.275540991220623255e-01
5.037639169022440910e-01
5.004027099348604679e-01
4.821167618501931429e-01
5.030112431850284338e-01
4.780014890711754560e-01
4.866900511551648378e-01
4.923738308716565371e-01
4.199144630692899227e-01
5.051712379790842533e-01
4.191130441613495350e-01
4.697032039985060692e-01
4.799932232126593590e-01
4.380380839575082064e-01
5.678791240788996220e-01
4.819891748484224081e-01
5.842726051341742277e-01
5.634597460739314556e-01
4.893209319561719894e-01
4.295058569405227900e-01
4.340773799922317266e-01
4.719891778659075499e-01
3.923029880970716476e-01
5.109201900195330381e-01
3.955592322163283825e-01
4.172727079130709171e-01
5.050649149343371391e-01
3.700000350363552570e-01
5.116389009635895491e-01
4.829297610558569431e-01
4.892229728866368532e-01
5.609455059748142958e-01
4.900701530277729034e-01
5.140256979502737522e-01
5.881486958824098110e-01
5.068510368000715971e-01
4.961858987808227539e-01
5.092799540143460035e-01
4.803496799431741238e-01
5.045013411436229944e-01
5.020899761002510786e-01
4.823082219809293747e-01
4.969849160406738520e-01
4.319060670677572489e-01
4.999546150211244822e-01
5.061410809867084026e-01
5.152662990149110556e-01
4.490624291356652975e-01
4.411172119434922934e-01
5.071051758714020252e-01
4.206253748852759600e-01
5.798649929929524660e-01
5.016776400152593851e-01
4.013303050305694342e-01
5.132003349717706442e-01
6.070952450390905142e-01
4.647698740009218454e-01
5.049366268794983625e-01
5.196436261758208275e-01
4.960884859319776297e-01
4.929421320557594299e-01
4.404281701426953077e-01
3.918214181903749704e-01
5.132649450097233057e-01
5.804000429343432188e-01
5.814641469623893499e-01
4.466367850545793772e-01
4.938271071296185255e-01
4.233444670680910349e-01
5.037805219180881977e-01
4.075908309314399958e-01
4.657566281966865063e-01
4.687952750828117132e-01
5.129637110512703657e-01
5.105530580040067434e-01
4.282576229888945818e-01
3.827835649717599154e-01
4.416909739375114441e-01
4.187108019832521677e-01
4.336585430428385735e-01
4.938009418547153473e-01
4.488205460365861654e-01
4.344458419363945723e-01
5.734170328360050917e-01
5.051206678617745638e-01
4.942892070394009352e-01
4.590053730644285679e-01
4.860953539609909058e-01
5.052598039619624615e-01
5.009326410945504904e-01
5.060135440435260534e-01
4.222535158041864634e-01
5.023850491270422935e-01
5.147208971902728081e-01
5.862075588665902615e-01
5.043009570799767971e-01
4.731034501455724239e-01
4.825930090155452490e-01
5.739906008820980787e-01
4.028944110032171011e-01
5.111646309960633516e-01
3.826041219290345907e-01
4.563035890460014343e-01
3.752264059148728848e-01
4.406080131884664297e-01
4.511753220576792955e-01
5.030785279814153910e-01
5.070382710546255112e-01
4.283503019250929356e-01
5.099302111193537712e-01
5.014787970576435328e-01
4.885250029619783163e-01
4.667133290786296129e-01
5.182878330815583467e-01
5.862465030513703823e-01
5.087559660896658897e-01
5.101383831351995468e-01
3.722290459554642439e-01
4.859277880750596523e-01
5.622369579505175352e-01
5.007553158793598413e-01
5.127554689534008503e-01
5.894231640268117189e-01
4.502471748273819685e-01
4.762729899957776070e-01
5.086356780957430601e-01
5.945578189566731453e-01
5.746885570697486401e-01
5.081794769503176212e-01
4.239684538915753365e-01
4.012590949423611164e-01
4.919599518179893494e-01
4.511691750958561897e-01
5.066288150846958160e-01
3.497191669885069132e-01
5.742634318303316832e-01
5.026759440079331398e-01
5.005950811319053173e-01
5.087237867992371321e-01
4.956982349976897240e-01
5.912969601340591908e-01
5.075408851262181997e-01
5.974740870296955109e-01
5.116821089759469032e-01
4.892136978451162577e-01
4.628451489843428135e-01
5.155269848182797432e-01
4.175665848888456821e-01
5.117573391180485487e-01
5.824844161979854107e-01
5.018105509225279093e-01
4.224564800970256329e-01
4.535704441368579865e-01
4.221396469511091709e-01
5.066349159460514784e-01
4.369738691020756960e-01
5.741375628858804703e-01
4.421049121301621199e-01
4.999207819346338511e-01
5.078677579294890165e-01
4.347529720980674028e-01
5.173377201426774263e-01
4.183492709416896105e-01
4.686298400629311800e-01
4.422390179242938757e-01
4.775374331511557102e-01
4.598173869308084249e-01
4.929963599424809217e-01
4.968275108840316534e-01
5.107820588164031506e-01
4.920588238164782524e-01
4.320025919005274773e-01
4.879205769393593073e-01
5.136924600228667259e-01
5.801725171040743589e-01
5.016767680644989014e-01
4.694133831653743982e-01
5.086713850032538176e-01
5.034720508847385645e-01
5.002992439549416304e-01
5.052423749584704638e-01
6.124645159579813480e-01
5.060378620401024818e-01
4.999878311064094305e-01
4.315380689222365618e-01
3.516643748153001070e-01
4.833404012024402618e-01
5.008242190815508366e-01
5.914361272007226944e-01
5.023285557981580496e-01
5.112834740430116653e-01
4.400598818901926279e-01
4.982669090386480093e-01
4.915313331875950098e-01
5.866265289951115847e-01
4.943955740891396999e-01
4.344287831336259842e-01
5.707061840221285820e-01
5.113964129704982042e-01
4.783361859153956175e-01
5.159109060186892748e-01
5.031813348177820444e-01
4.950080669950693846e-01
3.721935169305652380e-01
6.394056580029428005e-01
5.968647040426731110e-01
5.013711231295019388e-01
4.608820849098265171e-01
4.741846090182662010e-01
5.667343079112470150e-01
5.050848301034420729e-01
5.049461449962109327e-01
5.059691099449992180e-01
5.050083580426871777e-01
4.092312499415129423e-01
4.395275709684938192e-01
4.635536768473684788e-01
5.895633359905332327e-01
4.387596831656992435e-01
4.926268479321151972e-01
5.098230459261685610e-01
4.505416899919509888e-01
4.528161440975964069e-01
4.299130970612168312e-01
4.591858847998082638e-01
4.004180650226771832e-01
5.082397309597581625e-01
5.124145739246159792e-01
5.051806049887090921e-01
5.052932430990040302e-01
5.109852810855954885e-01
4.656819561496376991e-01
4.978281438816338778e-01
3.661922488827258348e-01
4.948332461062818766e-01
5.731031589675694704e-01
5.148994128685444593e-01
5.087929600849747658e-01
5.687671618070453405e-01
5.079147538635879755e-01
4.971219100989401340e-01
4.181048970203846693e-01
5.976184599567204714e-01
4.127148019615560770e-01
5.221036139409989119e-01
4.807326840236783028e-01
4.083885950967669487e-01
4.900965490378439426e-01
5.162684330716729164e-01
3.860546411015093327e-01
4.933304879814386368e-01
3.980835720431059599e-01
4.308662679977715015e-01
4.850825080648064613e-01
5.035103119444102049e-01
5.048714920412749052e-01
4.904144417960196733e-01
5.525916400365531445e-01
5.013723210431635380e-01
5.031986630056053400e-01
4.262925880029797554e-01
4.720008159056305885e-01
4.994647148996591568e-01
5.551662531215697527e-01
5.006757800001651049e-01
5.100250900723040104e-01
4.062366129364818335e-01
5.155105940066277981e-01
5.049725850112736225e-01
5.672064940445125103e-01
4.284326918423175812e-01
4.854715170804411173e-01
4.286287759896367788e-01
4.652386012021452188e-01
4.799651631619781256e-01
5.894335189368575811e-01
4.259994758758693933e-01
5.705073268618434668e-01
4.974080449901521206e-01
5.043892071116715670e-01
5.004999928642064333e-01
4.964916859753429890e-01
5.076269479468464851e-01
4.798105710651725531e-01
5.120359659194946289e-01
4.907177770510315895e-01
5.039660101756453514e-01
4.275149579625576735e-01
5.096712592057883739e-01
4.374187299981713295e-01
4.775219508446753025e-01
3.778355540707707405e-01
5.671182121150195599e-01
6.056048739701509476e-01
5.032168149482458830e-01
6.007972809020429850e-01
5.086399388965219259e-01
3.875737499911338091e-01
4.184323558583855629e-01
4.730008840560913086e-01
5.119674219749867916e-01
4.273280159104615450e-01
4.576518989633768797e-01
5.005237411241978407e-01
5.101134341675788164e-01
5.123282549902796745e-01
5.043527269735932350e-01
4.789152559824287891e-01
5.022557810880243778e-01
5.110132510308176279e-01
4.501051499973982573e-01
4.797652980778366327e-01
4.496396509930491447e-01
4.315109539311379194e-01
4.456681790761649609e-01
5.026107530575245619e-01
4.894755701534450054e-01
5.860309039708226919e-01
4.921047620009630919e-01
5.064434979576617479e-01
5.616923191118985415e-01
5.019414848648011684e-01
4.836335110012441874e-01
4.345131330192089081e-01
5.097274228464812040e-01
4.583098678849637508e-01
4.767454389948397875e-01
4.120761849917471409e-01
5.781274610199034214e-01
5.121870408765971661e-01
4.568965169601142406e-01
5.077663189731538296e-01
4.189365301281213760e-01
4.955095690675079823e-01
4.759951459709554911e-01
5.076465208549052477e-01
4.945334219373762608e-01
5.826662478502839804e-01
4.700387080665677786e-01
4.124545319937169552e-01
5.677096410654485226e-01
5.071718930266797543e-01
4.935118420980870724e-01
4.511301389429718256e-01
4.772688769735395908e-01
4.982197249773889780e-01
4.949218248948454857e-01
5.098053039982914925e-01
4.140731559600681067e-01
3.945018479134887457e-01
4.388096060138195753e-01
4.876861090306192636e-01
4.099601169582456350e-01
4.734019630122929811e-01
5.774725610390305519e-01
4.879533071070909500e-01
5.077351338695734739e-01
4.038837451953440905e-01
5.083736041560769081e-01
5.771703179925680161e-01
5.019306910689920187e-01
3.997661671601235867e-01
4.414320290088653564e-01
5.076571679674088955e-01
4.880758258514106274e-01
5.017093280330300331e-01
5.009083219338208437e-01
5.007724910974502563e-01
5.780966859310865402e-01
4.772922641132026911e-01
5.062931820284575224e-01
5.030670030973851681e-01
5.054640539456158876e-01
4.016057928092777729e-01
4.363543589133769274e-01
4.976811858359724283e-01
5.428163469769060612e-01
4.830438920762389898e-01
5.040127839893102646e-01
4.342012328561395407e-01
4.015391007997095585e-01
4.894556240178644657e-01
4.240542938932776451e-01
4.328857001382857561e-01
4.003060299437493086e-01
5.163295860402286053e-01
4.915096219629049301e-01
5.068011591210961342e-01
5.006498899310827255e-01
4.861225010827183723e-01
5.708509529940783978e-01
5.098156281746923923e-01
4.779665311798453331e-01
5.767358120065182447e-01
5.683282888494431973e-01
5.097967020701617002e-01
4.007814191281795502e-01
3.777951539959758520e-01
4.172219790052622557e-01
4.263299379963427782e-01
5.010540150105953217e-01
4.240151948761194944e-01
4.694355130195617676e-01
5.600341218523681164e-01
5.150089249946177006e-01
4.849288819823414087e-01
4.428589479066431522e-01
5.060969879850745201e-01
5.041973399929702282e-01
5.074304200243204832e-01
4.272894097957760096e-01
5.174765998963266611e-01
5.039904669392853975e-01
4.908063458278775215e-01
4.776004429440945387e-01
5.055647969711571932e-01
4.717692700214684010e-01
4.480559539515525103e-01
4.436344769783318043e-01
4.913059161044657230e-01
5.129504040814936161e-01
4.785143160261213779e-01
4.807379629928618670e-01
5.189066289458423853e-01
5.086068520322442055e-01
5.044471190776675940e-01
4.280994490254670382e-01
5.055497828871011734e-01
4.456460950896143913e-01
5.070198369212448597e-01
4.876233290415257215e-01
4.372180299833416939e-01
4.014944529626518488e-01
4.987879190593957901e-01
4.280499108135700226e-01
3.977929789107292891e-01
5.805231479462236166e-01
4.302475748118013144e-01
5.114449949469417334e-01
4.468216651584953070e-01
4.197733150795102119e-01
4.280359069816768169e-01
4.332691980525851250e-01
5.113780749961733818e-01
5.097822870593518019e-01
4.009006482083350420e-01
4.902241488453000784e-01
5.052595380693674088e-01
5.910348140168935061e-01
5.146717110183089972e-01
4.214927859138697386e-01
6.519956870470196009e-01
5.368308459874242544e-01
5.739367741625756025e-01
3.931603690143674612e-01
4.949982010293751955e-01
4.194987970404326916e-01
5.729919329751282930e-01
4.813057738356292248e-01
4.984466289170086384e-01
4.161800781730562449e-01
3.961564749479293823e-01
5.090277970302850008e-01
5.071352520026266575e-01
5.098140139598399401e-01
4.979775808751583099e-01
4.937855610623955727e-01
5.891045599710196257e-01
4.737796140834689140e-01
5.116270598955452442e-01
5.132907410152256489e-01
5.071618680376559496e-01
5.071173659525811672e-01
5.665300250984728336e-01
4.485424279700964689e-01
5.210475258063524961e-01
4.709255581256002188e-01
4.147978799883276224e-01
5.053259879350662231e-01
4.959548918996006250e-01
3.805169670376926661e-01
4.961313181556761265e-01
5.072133489884436131e-01
4.678706929553300142e-01
5.155574900563806295e-01
4.929307510610669851e-01
4.524733358994126320e-01
4.483356170821934938e-01
5.097190090455114841e-01
4.716781470924615860e-01
3.831865300890058279e-01
5.015216611791402102e-01
3.915513330139219761e-01
4.723821200896054506e-01
4.241906038951128721e-01
4.013542851898819208e-01
5.039372970350086689e-01
5.134278449695557356e-01
4.156169160269200802e-01
4.122210359200835228e-01
5.072486330755054951e-01
3.401424039620906115e-01
5.068386290222406387e-01
4.034021429251879454e-01
5.586934809107333422e-01
4.901701170019805431e-01
5.005487131420522928e-01
4.977316809818148613e-01
5.727113620378077030e-01
4.448587060905992985e-01
4.837366649881005287e-01
4.930819021537899971e-01
4.340222789905965328e-01
5.003513579722493887e-01
4.777750859502702951e-01
4.906934520695358515e-01
4.085198231041431427e-01
5.041127488948404789e-01
4.641164999920874834e-01
4.896669161971658468e-01
4.299729191698133945e-01
4.733714908361434937e-01
5.056430948898196220e-01
4.597361008636653423e-01
4.426593550015240908e-01
5.024970627855509520e-01
4.917564739007502794e-01
4.330665310844779015e-01
5.045409200247377157e-01
4.181489760521799326e-01
4.871265038382261992e-01
4.479603660292923450e-01
5.015731281600892544e-01
5.629602260887622833e-01
4.774748459458351135e-01
5.095703518018126488e-01
5.102559698279947042e-01
5.086522749625146389e-01
5.853916641790419817e-01
5.045521680731326342e-01
5.627487150486558676e-01
4.366019282024353743e-01
4.532372609246522188e-01
5.619489869568496943e-01
4.811870388220995665e-01
5.154045720119029284e-01
3.838332928717136383e-01
5.643044549506157637e-01
4.944988661445677280e-01
5.791632800828665495e-01
5.779412030242383480e-01
4.736705159302800894e-01
5.093274801038205624e-01
4.873054840136319399e-01
4.603306339122354984e-01
4.983981198165565729e-01
4.919464448466897011e-01
4.826868709642440081e-01
5.005005151033401489e-01
5.057122129946947098e-01
5.935579198412597179e-01
4.998645319137722254e-01
5.053737720008939505e-01
4.181343838572502136e-01
5.007615908980369568e-01
4.022704269737005234e-01
5.113981519825756550e-01
5.709668209310621023e-01
4.325663598719984293e-01
4.126779688522219658e-01
5.922238549683243036e-01
4.322872560005635023e-01
5.052038228604942560e-01
5.113236419856548309e-01
5.969562069512903690e-01
5.027124038897454739e-01
5.513461271766573191e-01
4.867269999813288450e-01
5.776712840888649225e-01
5.071640140376985073e-01
4.776738130021840334e-01
5.008828870486468077e-01
5.113526079803705215e-01
5.069504671264439821e-01
4.902211229782551527e-01
5.128081289585679770e-01
4.619758049957454205e-01
5.113661459181457758e-01
5.615826370194554329e-01
4.613280540797859430e-01
4.916518009267747402e-01
5.061722600366920233e-01
3.727321550250053406e-01
5.833446341566741467e-01
4.467000630684196949e-01
4.533250289969146252e-01
5.096951508894562721e-01
4.280410849023610353e-01
4.996655099093914032e-01
5.084818529430776834e-01
4.145176380407065153e-01
5.824368309695273638e-01
5.655037949327379465e-01
3.744624569080770016e-01
5.030719209462404251e-01
4.801038159057497978e-01
3.817266549449414015e-01
4.184030659962445498e-01
5.783085499424487352e-01
4.984301149379462004e-01
5.739084088709205389e-01
5.014689520467072725e-01
4.969200948253273964e-01
4.707399799954146147e-01
4.982945269439369440e-01
4.841359241399914026e-01
4.438531189225614071e-01
4.893434420228004456e-01
5.722819510847330093e-01
5.047826061490923166e-01
4.943448228295892477e-01
5.049872940871864557e-01
4.322831449098885059e-01
5.074619750957936049e-01
4.233681377954781055e-01
4.908529841341078281e-01
5.142292110249400139e-01
5.076934872195124626e-01
4.223693059757351875e-01
5.094675240106880665e-01
5.031685261055827141e-01
5.000992720015347004e-01
4.984570441301912069e-01
5.083463189657777548e-01
5.646124181803315878e-01
5.568196249660104513e-01
3.686042660847306252e-01
5.055578870233148336e-01
5.078713339753448963e-01
5.011811831500381231e-01
4.868962971959263086e-01
5.076577509753406048e-01
5.069504319690167904e-01
5.037824029568582773e-01
4.093948479276150465e-01
4.984635759610682726e-01
4.509659281466156244e-01
5.106300129555165768e-01
5.063439400400966406e-01
4.872147848363965750e-01
5.962284160777926445e-01
4.693554129917174578e-01
4.993506520986557007e-01
4.795858890283852816e-01
5.077892688568681479e-01
4.165618999395519495e-01
4.796599210239946842e-01
4.956386690028011799e-01
5.613601249642670155e-01
5.669871489517390728e-01
5.096062859520316124e-01
3.999420099426060915e-01
3.972263850737363100e-01
5.060877418145537376e-01
3.760066239628940821e-01
3.984304990153759718e-01
3.689870808739215136e-01
4.187721628695726395e-01
4.105167579837143421e-01
4.213150748983025551e-01
4.981806050054728985e-01
5.161412900779396296e-01
4.059106598142534494e-01
5.530470190569758415e-01
5.147751490585505962e-01
5.134603509213775396e-01
5.015785300638526678e-01
4.775998378172516823e-01
4.483487510588020086e-01
5.119730101432651281e-01
6.066046170890331268e-01
4.978510951623320580e-01
5.122326880227774382e-01
5.039171301759779453e-01
5.013125629629939795e-01
4.994441440794616938e-01
5.791430110111832619e-01
4.705193131230771542e-01
4.938540309667587280e-01
5.894191549159586430e-01
5.958201249595731497e-01
4.905670320149511099e-01
3.649542347993701696e-01
4.856416620314121246e-01
5.073878979310393333e-01
4.426350840367376804e-01
5.143221891485154629e-01
5.095477628055959940e-01
4.791563679464161396e-01
4.006928550079464912e-01
4.945909171365201473e-01
4.873950739856809378e-01
5.032875989563763142e-01
4.111155271530151367e-01
4.088531020097434521e-01
4.811222960706800222e-01
4.618495211470872164e-01
4.799054001923650503e-01
5.082870151381939650e-01
5.022607420105487108e-01
5.630443959962576628e-01
3.962470719125121832e-01
4.982855259440839291e-01
4.431357060093432665e-01
5.078394617885351181e-01
5.117196720093488693e-01
4.200898089911788702e-01
5.039839129894971848e-01
5.130302961915731430e-01
4.161330410279333591e-01
4.060004630591720343e-01
4.890401470474898815e-01
4.310588510707020760e-01
5.060545520391315222e-01
5.086076739244163036e-01
4.235072119627147913e-01
4.753534658811986446e-01
5.058076179120689631e-01
4.888191679492592812e-01
5.048399979714304209e-01
5.066838620696216822e-01
5.120227311272174120e-01
4.895964229945093393e-01
4.929159961175173521e-01
4.802042550873011351e-01
3.568859959486871958e-01
4.659492999780923128e-01
5.958547377958893776e-01
4.398395938333123922e-01
5.090768169611692429e-01
4.950354530010372400e-01
4.798648089636117220e-01
4.728374220430850983e-01
4.872229818720370531e-01
5.097607830539345741e-01
5.040296111255884171e-01
4.604507270269095898e-01
4.872212370391935110e-01
4.542925080750137568e-01
4.819779228419065475e-01
3.739410310517996550e-01
4.568468579091131687e-01
4.159156810492277145e-01
5.124763341154903173e-01
5.051923680584877729e-01
5.014631499070674181e-01
4.349325820803642273e-01
4.636462081689387560e-01
4.256220520474016666e-01
5.778522370383143425e-01
5.054650560487061739e-01
4.961856009904295206e-01
4.795900660101324320e-01
5.047188280150294304e-01
5.132837018463760614e-01
5.645806628745049238e-01
5.058509421069175005e-01
4.282309049740433693e-01
5.126969181001186371e-01
5.026143121067434549e-01
4.384899928700178862e-01
5.093069090507924557e-01
5.558729579206556082e-01
6.054645958356559277e-01
5.071107828989624977e-01
4.976025668438524008e-01
5.037131030112504959e-01
4.972726521082222462e-01
6.079607848078012466e-01
5.626740900333970785e-01
5.793646459933370352e-01
3.746932549402117729e-01
4.651972330175340176e-01
5.058522399049252272e-01
5.027720481157302856e-01
4.832616019994020462e-01
4.285927580203860998e-01
5.044032179284840822e-01
5.017808850388973951e-01
4.964326228946447372e-01
5.019652978517115116e-01
5.023831301368772984e-01
5.863582817837595940e-01
5.043900420423597097e-01
4.779086608905345201e-01
5.034818670246750116e-01
5.065729818306863308e-01
4.964700220152735710e-01
4.565080411266535521e-01
5.024441881105303764e-01
4.793345530051738024e-01
5.772393010556697845e-01
5.606833249330520630e-01
4.886076638940721750e-01
4.837463300209492445e-01
4.197307869326323271e-01
5.011513889767229557e-01
5.033896721433848143e-01
4.819288668222725391e-01
4.715242360252887011e-01
4.938705421518534422e-01
4.997548139654099941e-01
5.882833411451429129e-01
5.647339271381497383e-01
4.394984629470854998e-01
3.819943850394338369e-01
4.449122122023254633e-01
5.097626780625432730e-01
3.962324338499456644e-01
5.038068599533289671e-01
4.073095640633255243e-01
5.039569679647684097e-01
4.337736191228032112e-01
4.544357620179653168e-01
3.942218129523098469e-01
5.823909940663725138e-01
4.796134650241583586e-01
4.353263399098068476e-01
4.933205698616802692e-01
5.831830420065671206e-01
5.714312978088855743e-01
4.690148700028657913e-01
6.008786328602582216e-01
5.089247059077024460e-01
4.120829459279775620e-01
4.996486990712583065e-01
5.662703851703554392e-01
4.687469671480357647e-01
4.830539990216493607e-01
4.277136612217873335e-01
4.220652950461953878e-01
5.144614849705249071e-01
5.065846447832882404e-01
4.575587951112538576e-01
4.214343279600143433e-01
5.134913588408380747e-01
3.546901000663638115e-01
4.236224198248237371e-01
4.633169381413608789e-01
6.415709978900849819e-01
4.192111981101334095e-01
4.527373381424695253e-01
5.089313879143446684e-01
5.113747669383883476e-01
4.626313720364123583e-01
4.888237831182777882e-01
4.406715680379420519e-01
4.017726099118590355e-01
4.897938920184969902e-01
4.533173788804560900e-01
5.673319420311599970e-01
4.426333939190953970e-01
5.066495211794972420e-01
4.842773610725998878e-01
4.939741459675133228e-01
3.701375280506908894e-01
4.904918980319052935e-01
4.947897130623459816e-01
5.899628191255033016e-01
4.986703831236809492e-01
5.102235020603984594e-01
4.443969980347901583e-01
4.578404719941318035e-01
5.014360451605170965e-01
4.902988248504698277e-01
4.195515029132366180e-01
4.687533949036151171e-01
4.679327269550412893e-01
4.801363509614020586e-01
4.917879840359091759e-01
4.350005169399082661e-01
5.074881289619952440e-01
4.137644409202039242e-01
5.007496019825339317e-01
5.840800029691308737e-01
5.045928198378533125e-01
4.654598068445920944e-01
3.514931709505617619e-01
4.191800730768591166e-01
4.829346330370754004e-01
5.053647158201783895e-01
4.841881189495325089e-01
5.033877429086714983e-01
5.020081892143934965e-01
5.056803980842232704e-01
5.082334131002426147e-01
5.621955059468746185e-01
4.799602818675339222e-01
5.108343651518225670e-01
4.822824159637093544e-01
4.244052688591182232e-01
4.450407600961625576e-01
3.865110478363931179e-01
5.060114201623946428e-01
4.016518949065357447e-01
5.033991709351539612e-01
6.520011120010167360e-01
4.014876941218972206e-01
4.645801859442144632e-01
4.174951591994613409e-01
6.726104121189564466e-01
5.427496519405394793e-01
5.134902449790388346e-01
5.150868778582662344e-01
4.881253121420741081e-01
3.982210860121995211e-01
5.012447370681911707e-01
4.967493091244250536e-01
5.804040350485593081e-01
4.870816990733146667e-01
4.379001581110060215e-01
3.870231329929083586e-01
5.022706771269440651e-01
5.033264739904552698e-01
3.809454110451042652e-01
4.778526609297841787e-01
4.179405961185693741e-01
3.621773801278322935e-01
5.034741330891847610e-01
4.384238910861313343e-01
4.776052529923617840e-01
4.989019848871976137e-01
4.574018160346895456e-01
3.915217691101133823e-01
4.326848899945616722e-01
4.234276809729635715e-01
4.668809832073748112e-01
4.354984150268137455e-01
3.975852108560502529e-01
4.094204318244010210e-01
5.592104399111121893e-01
4.872260079719126225e-01
5.025948588736355305e-01
4.981499200221151114e-01
5.035480691585689783e-01
5.601136269979178905e-01
4.975275080651044846e-01
4.084185250103473663e-01
3.890749881975352764e-01
4.858391049783676863e-01
4.633765011094510555e-01
4.823947949334979057e-01
4.818843500688672066e-01
4.706627780105918646e-01
4.920619851909577847e-01
4.744140289258211851e-01
5.691050160676240921e-01
5.501689829397946596e-01
5.962131810374557972e-01
4.530345599632710218e-01
4.995963508263230324e-01
4.953759659547358751e-01
4.003762030042707920e-01
4.832206389401108027e-01
4.981208799872547388e-01
4.973834899719804525e-01
4.895661219488829374e-01
4.961157459765672684e-01
4.397696619853377342e-01
4.520077449269592762e-01
4.887135089375078678e-01
3.936341169755905867e-01
3.991771931760013103e-01
4.654750660993158817e-01
4.690722560044378042e-01
4.705314780585467815e-01
4.315865959506481886e-01
4.696430938784033060e-01
4.418522829655557871e-01
4.090092980768531561e-01
4.906156091019511223e-01
5.564179448410868645e-01
4.791668858379125595e-01
4.952203528955578804e-01
4.496646791230887175e-01
4.869561430532485247e-01
4.308501379564404488e-01
4.935519318096339703e-01
4.795170458965003490e-01
4.879017530474811792e-01
3.890176180284470320e-01
4.665294610895216465e-01
4.917314499616622925e-01
4.866704959422349930e-01
4.288263050839304924e-01
4.002839510794728994e-01
4.753207569010555744e-01
4.917444761376827955e-01
5.384148529265075922e-01
4.884362579323351383e-01
4.911652959417551756e-01
4.459324060007929802e-01
4.299556049518287182e-01
4.957720199599862099e-01
4.925814261659979820e-01
4.481257391162216663e-01
4.920505059417337179e-01
4.290206159930676222e-01
4.189430510159581900e-01
4.905518949963152409e-01
4.775029849261045456e-01
5.565078430809080601e-01
5.766108909156173468e-01
4.789661630056798458e-01
3.994685201905667782e-01
5.862615930382162333e-01
4.892942009028047323e-01
3.537118430249392986e-01
4.780284930020570755e-01
4.921549540013074875e-01
4.764494209084659815e-01
3.719334828201681376e-01
4.803953061345964670e-01
5.013258410617709160e-01
4.287597010843455791e-01
5.593385240063071251e-01
4.454249609261751175e-01
4.848736370913684368e-01
4.705752260051667690e-01
3.840844200458377600e-01
4.903900688514113426e-01
4.898259378969669342e-01
4.055810999125242233e-01
4.410937121137976646e-01
4.911427309270948172e-01
4.694068820681422949e-01
5.446106388699263334e-01
3.576553410384804010e-01
4.840296350885182619e-01
4.759390999097377062e-01
4.779476190451532602e-01
4.169793929904699326e-01
4.883332981262356043e-01
4.915371730457991362e-01
4.804795919917523861e-01
4.899113299325108528e-01
4.395423629321157932e-01
3.932991770561784506e-01
4.968005730770528316e-01
5.421737809665501118e-01
4.716144339181482792e-01
4.896839801222085953e-01
4.282946479506790638e-01
4.482594830915331841e-01
4.716822570189833641e-01
4.885401439387351274e-01
3.948734949808567762e-01
4.915645860601216555e-01
5.562288688961416483e-01
4.864528069738298655e-01
4.636181450914591551e-01
3.957353970035910606e-01
5.903289790730923414e-01
4.918175870552659035e-01
5.672282848972827196e-01
5.767665461171418428e-01
4.794225371442735195e-01
3.722756798379123211e-01
4.458993920125067234e-01
4.060450219549238682e-01
4.585574648808687925e-01
4.792078419122844934e-01
4.003068918827921152e-01
4.492023310158401728e-01
4.683079419191926718e-01
4.252074579708278179e-01
4.523647420573979616e-01
4.696541349403560162e-01
5.413478440605103970e-01
4.702417638618499041e-01
4.730758899822831154e-01
4.629983021877706051e-01
