8.316627098247408867e-01
4.923793140333145857e-01
6.764494681265205145e-01
7.019794129300862551e-01
7.101706699468195438e-01
8.952662260271608829e-01
7.945563651155680418e-01
8.059817641042172909e-01
8.934745748993009329e-01
7.709261060226708651e-01
9.684429119806736708e-01
7.944639960769563913e-01
6.773284620139747858e-01
8.770232000388205051e-01
7.261421869043260813e-01
1.000617910176515579e+00
7.353740909602493048e-01
7.712736651301383972e-01
7.322714410256594419e-01
7.804942880757153034e-01
9.949950110167264938e-01
7.117616799660027027e-01
6.787224470172077417e-01
1.033864123048260808e+00
9.037691769190132618e-01
9.057176769711077213e-01
9.050658848136663437e-01
8.506235941313207150e-01
7.613504219334572554e-01
6.949602139648050070e-01
6.941428279969841242e-01
6.797643529716879129e-01
6.559990991372615099e-01
7.198714800179004669e-01
8.933152828831225634e-01
8.499522481579333544e-01
8.475964269600808620e-01
8.344185499008744955e-01
8.494108670856803656e-01
6.432141610421240330e-01
7.417261991649866104e-01
7.456348079722374678e-01
6.956482999958097935e-01
7.167399560566991568e-01
9.027674850076436996e-01
9.075913280248641968e-01
7.033162589650601149e-01
8.660904569551348686e-01
8.818169040605425835e-01
8.951640718150883913e-01
8.966359179466962814e-01
7.296697299461811781e-01
8.920568400062620640e-01
8.862242700997740030e-01
6.473291569855064154e-01
6.752408549655228853e-01
7.001903650816529989e-01
7.369366320781409740e-01
6.870429960545152426e-01
6.392819008324295282e-01
8.937069079838693142e-01
8.947563399560749531e-01
8.908908148296177387e-01
6.715718780178576708e-01
6.724273799918591976e-01
7.267673269379884005e-01
6.779367949347943068e-01
8.966280960012227297e-01
7.259527291171252728e-01
7.039932801853865385e-01
6.930782611016184092e-01
8.445193869993090630e-01
7.131041099783033133e-01
7.377794301137328148e-01
7.074504201300442219e-01
6.701084340456873178e-01
8.799251271411776543e-01
6.492040520533919334e-01
6.891132770106196404e-01
6.440622771624475718e-01
8.113526811357587576e-01
6.332593390252441168e-01
8.287152950651943684e-01
6.939226221293210983e-01
7.205754790920764208e-01
6.517842859029769897e-01
8.977208698634058237e-01
6.548865640070289373e-01
9.170266441069543362e-01
6.883982920553535223e-01
6.775718750432133675e-01
6.991491299122571945e-01
6.367704218719154596e-01
7.032377431169152260e-01
7.355211640242487192e-01
9.005977639462798834e-01
6.762282350100576878e-01
7.036719180177897215e-01
7.017588850576430559e-01
6.962987319566309452e-01
8.585234601050615311e-01
6.569075931329280138e-01
8.354152399115264416e-01
7.118165518622845411e-01
8.159252470359206200e-01
6.780537350568920374e-01
6.903695480432361364e-01
6.719310549087822437e-01
8.233918540645390749e-01
8.935855540912598372e-01
8.500778931193053722e-01
5.967181180603802204e-01
8.393456609919667244e-01
7.330357909668236971e-01
7.114814810920506716e-01
6.731226849369704723e-01
7.065237381029874086e-01
6.711275628767907619e-01
6.468761339783668518e-01
7.013361460994929075e-01
6.055957018397748470e-01
6.971692491788417101e-01
6.942138858139514923e-01
8.586011850275099277e-01
8.403261899948120117e-01
6.712482681032270193e-01
8.264209490735083818e-01
6.912636840716004372e-01
6.773238619789481163e-01
6.877348830457776785e-01
7.020345970522612333e-01
7.037142631597816944e-01
7.098269269336014986e-01
6.987549979239702225e-01
8.391979250591248274e-01
6.686381690669804811e-01
6.991926019545644522e-01
7.213391850236803293e-01
6.636486779898405075e-01
8.813093309290707111e-01
6.925782179459929466e-01
6.862261381465941668e-01
5.516218310222029686e-01
8.976803410332649946e-01
7.044137918855994940e-01
6.742629238869994879e-01
8.692539168987423182e-01
6.614284028764814138e-01
8.671120579820126295e-01
6.436977789271622896e-01
6.730184801854193211e-01
7.230782730039209127e-01
8.946165340021252632e-01
6.723344009369611740e-01
6.641619000583887100e-01
7.033352870494127274e-01
9.079392808489501476e-01
9.117522230371832848e-01
7.322836949024349451e-01
6.811610939912497997e-01
8.320747350808233023e-01
7.158164549618959427e-01
6.538001929875463247e-01
7.200768180191516876e-01
7.337711120489984751e-01
4.486458750907331705e-01
8.452347540296614170e-01
6.615421851165592670e-01
8.489429408218711615e-01
8.846486229449510574e-01
7.032777520362287760e-01
8.895069148857146502e-01
8.171826719772070646e-01
7.233898330014199018e-01
7.089994598645716906e-01
6.802312689833343029e-01
6.210455978289246559e-01
9.077937500551342964e-01
8.119736688677221537e-01
8.287421928253024817e-01
6.822786619886755943e-01
6.931019909679889679e-01
8.205895270220935345e-01
8.860740920063108206e-01
4.901432311162352562e-01
6.221316810697317123e-01
6.733904969878494740e-01
8.971088291145861149e-01
6.312713478691875935e-01
6.510916820261627436e-01
6.631672380026429892e-01
6.918448319192975760e-01
7.187207338865846395e-01
6.396275178994983435e-01
6.735446001403033733e-01
7.029853840358555317e-01
7.106360201723873615e-01
6.696898879017680883e-01
8.867846638895571232e-01
7.092178219463676214e-01
7.089569049421697855e-01
6.554532879963517189e-01
7.363370959646999836e-01
6.995337409898638725e-01
8.613497479818761349e-01
6.538691262248903513e-01
6.819403390400111675e-01
6.417932850308716297e-01
9.047349591273814440e-01
6.739922449924051762e-01
6.422747650649398565e-01
6.307684441562741995e-01
6.856217118911445141e-01
8.488472509197890759e-01
7.122261729091405869e-01
7.183902629185467958e-01
8.901166131254285574e-01
6.800738291349261999e-01
6.858157550450414419e-01
7.360833850689232349e-01
6.829197579063475132e-01
6.563394221011549234e-01
8.860518950968980789e-01
7.326801638118922710e-01
6.047287180554121733e-01
6.150275859981775284e-01
6.902902140282094479e-01
6.493027149699628353e-01
6.426562529522925615e-01
7.217124029994010925e-01
7.381954328157007694e-01
7.131391791626811028e-01
6.237768630962818861e-01
7.195790361147373915e-01
5.609301920048892498e-01
7.088204380124807358e-01
6.713314140215516090e-01
6.881144461221992970e-01
8.614002577960491180e-01
7.297798499930649996e-01
6.991585709620267153e-01
9.064395062159746885e-01
6.940486719831824303e-01
6.550625020172446966e-01
6.980249981861561537e-01
8.341756840236485004e-01
7.139381919987499714e-01
6.759058409370481968e-01
7.207185791339725256e-01
6.622182989958673716e-01
8.566963328048586845e-01
7.192594399675726891e-01
7.007246008142828941e-01
8.734079629648476839e-01
7.116880039684474468e-01
6.636091619729995728e-01
8.941452871076762676e-01
8.580399509519338608e-01
8.982974148821085691e-01
9.166784868575632572e-01
6.821113389451056719e-01
6.821149210445582867e-01
8.573198118247091770e-01
6.347324349917471409e-01
7.025591391138732433e-01
6.912429300136864185e-01
6.713469908572733402e-01
6.892804210074245930e-01
8.050380628556013107e-01
6.435292689129710197e-01
8.348049391061067581e-01
6.784734281245619059e-01
6.993127169553190470e-01
8.937578720506280661e-01
6.398496699985116720e-01
6.406894300598651171e-01
7.384211230091750622e-01
7.083278379868716002e-01
7.276952718384563923e-01
6.666321300435811281e-01
6.987409258726984262e-01
6.895345640368759632e-01
8.572500599548220634e-01
8.723123020026832819e-01
6.843048390001058578e-01
8.661912239622324705e-01
6.600574089679867029e-01
6.410866160877048969e-01
6.814079568721354008e-01
7.206979249604046345e-01
7.293065770063549280e-01
8.277634119149297476e-01
6.835572279524058104e-01
6.427165658678859472e-01
8.266584170050919056e-01
8.128443870227783918e-01
8.851574419531971216e-01
7.072861781343817711e-01
8.138273628428578377e-01
6.703728961292654276e-01
6.999017589259892702e-01
6.787620962131768465e-01
6.608219658955931664e-01
6.909361518919467926e-01
6.635679849423468113e-01
6.631263091694563627e-01
6.994260519277304411e-01
7.057653979863971472e-01
6.529380709398537874e-01
7.308149491436779499e-01
8.990495770704001188e-01
6.731315688230097294e-01
7.319164557848125696e-01
7.345640840940177441e-01
8.967759779188781977e-01
6.922931710723787546e-01
6.902445149607956409e-01
8.986706759314984083e-01
7.338679721578955650e-01
7.024886631406843662e-01
6.657246090471744537e-01
6.637379480525851250e-01
6.817091819830238819e-01
8.979789330624043941e-01
7.107696260791271925e-01
8.799932200927287340e-01
6.426839169580489397e-01
6.697817610111087561e-01
6.525369309820234776e-01
7.319790571928024292e-01
8.291894439607858658e-01
6.790258388500660658e-01
8.773635551333427429e-01
6.161528099328279495e-01
8.482205418404191732e-01
7.201175028458237648e-01
8.844774640165269375e-01
6.716163619421422482e-01
6.611932329833507538e-01
8.285486130043864250e-01
8.717430809047073126e-01
8.572790380567312241e-01
6.587687791325151920e-01
7.277543651871383190e-01
7.012103900779038668e-01
6.629648299422115088e-01
7.095839988905936480e-01
7.088791050482541323e-01
8.387902739923447371e-01
6.624498120509088039e-01
6.920124199241399765e-01
7.173261959105730057e-01
8.067675249185413122e-01
6.794683120679110289e-01
8.367628511041402817e-01
6.848143250681459904e-01
6.846691290847957134e-01
8.248544491361826658e-01
6.694512970279902220e-01
6.603129799477756023e-01
6.637367499060928822e-01
6.663684491068124771e-01
6.966757648624479771e-01
6.791441559325903654e-01
6.880319891497492790e-01
8.991750730201601982e-01
6.767915689852088690e-01
6.569864810444414616e-01
9.066504039801657200e-01
7.075505319517105818e-01
7.094299239106476307e-01
7.283437750302255154e-01
6.571281070355325937e-01
5.729632298462092876e-01
8.921646920498460531e-01
6.894891299307346344e-01
8.931464208289980888e-01
7.155087101273238659e-01
8.622022040653973818e-01
6.973230161238461733e-01
8.598081809468567371e-01
6.462684401776641607e-01
8.835483230650424957e-01
8.061027301009744406e-01
6.752096822019666433e-01
6.973757809028029442e-01
8.794160929974168539e-01
7.125646341592073441e-01
6.991294207982718945e-01
6.789684358518570662e-01
6.730656060390174389e-01
6.582189209293574095e-01
6.661035278812050819e-01
6.877342800144106150e-01
7.076119089033454657e-01
7.253078559879213572e-01
6.926745360251516104e-01
7.310446298215538263e-01
6.955284310970455408e-01
6.511810040101408958e-01
7.076597891282290220e-01
6.972159759607166052e-01
7.145260930992662907e-01
6.698130499571561813e-01
4.926375930663198233e-01
6.213751758914440870e-01
8.918298389762639999e-01
4.428753231186419725e-01
6.073999321088194847e-01
6.593126042280346155e-01
7.249199389480054379e-01
7.163663681130856276e-01
7.259635338559746742e-01
8.925554568413645029e-01
7.189339818432927132e-01
6.710903290659189224e-01
6.588686842005699873e-01
8.363611218519508839e-01
8.387416331097483635e-01
8.342453329823911190e-01
6.439571280498057604e-01
8.810934280045330524e-01
8.474505189806222916e-01
6.472293979022651911e-01
7.068627781700342894e-01
7.143675619736313820e-01
6.975443921983242035e-01
8.745901789516210556e-01
6.574718470219522715e-01
6.967748480383306742e-01
8.696264349855482578e-01
7.071868251077830791e-01
4.865902329329401255e-01
8.414418939501047134e-01
8.170674948487430811e-01
6.893257650081068277e-01
6.981165618635714054e-01
6.787588719744235277e-01
7.331089528743177652e-01
9.182062901090830564e-01
6.432890421710908413e-01
6.862129410728812218e-01
7.145580379292368889e-01
7.313539301976561546e-01
6.210906438063830137e-01
9.183348321821540594e-01
6.603966990951448679e-01
6.677123340778052807e-01
7.064412178006023169e-01
6.394489069934934378e-01
6.775211750064045191e-01
8.458584579639136791e-01
4.934155310038477182e-01
8.924569070804864168e-01
7.152348079252988100e-01
8.429776381235569715e-01
7.197536190506070852e-01
7.060967190191149712e-01
6.895727850496768951e-01
6.220683180727064610e-01
7.182235468644648790e-01
7.153174590785056353e-01
6.879634601064026356e-01
8.566631001885980368e-01
7.204646279569715261e-01
6.506669120863080025e-01
8.626068299636244774e-01
5.936332021374255419e-01
6.906305600423365831e-01
7.103348870296031237e-01
6.923190171364694834e-01
6.754480740055441856e-01
8.766636508516967297e-01
8.711501588113605976e-01
8.298085320275276899e-01
8.751185939181596041e-01
6.968415849842131138e-01
6.361208560410887003e-01
6.550051581580191851e-01
8.118065798189491034e-01
8.688821000978350639e-01
6.693283109925687313e-01
7.065748448949307203e-01
8.202374111860990524e-01
8.655182619113475084e-01
8.761187118943780661e-01
6.612535070162266493e-01
8.975387150421738625e-01
8.657401478849351406e-01
6.292761259246617556e-01
6.234078039415180683e-01
7.083947937935590744e-01
8.273524758405983448e-01
6.762051798868924379e-01
6.381165450438857079e-01
5.823310650885105133e-01
8.540058159269392490e-01
9.047606540843844414e-01
6.887551259715110064e-01
6.702986659947782755e-01
8.875086910557001829e-01
7.115952689200639725e-01
8.811880839057266712e-01
6.635982210282236338e-01
8.843436418101191521e-01
6.763952709734439850e-01
6.866765371523797512e-01
6.942688620183616877e-01
7.338938049506396055e-01
7.279054119717329741e-01
6.740398209076374769e-01
7.265526780392974615e-01
7.314622139092534781e-01
6.850890889763832092e-01
6.456165290437638760e-01
8.447061961051076651e-01
7.040690130088478327e-01
8.882250839378684759e-01
6.520536539610475302e-01
7.084083310328423977e-01
8.759837048128247261e-01
6.654328650329262018e-01
6.499064669478684664e-01
8.637531287968158722e-01
8.731401909608393908e-01
8.579523088410496712e-01
6.592618180438876152e-01
6.175284539349377155e-01
8.264312190003693104e-01
8.447276537772268057e-01
6.510219159536063671e-01
7.329761290457099676e-01
7.110100660938769579e-01
6.985030088108032942e-01
6.415684458333998919e-01
7.376979710534214973e-01
7.214358488563448191e-01
6.791328210383653641e-01
6.930419958662241697e-01
6.899609370157122612e-01
7.184120679739862680e-01
6.109758960083127022e-01
6.829825288150459528e-01
8.626024350523948669e-01
6.678094659000635147e-01
6.122311949729919434e-01
8.441132740117609501e-01
5.424204149749130011e-01
6.750992070883512497e-01
6.825856571085751057e-01
6.705172541551291943e-01
6.089555709622800350e-01
7.119673001579940319e-01
6.558641940355300903e-01
7.332894371356815100e-01
8.484526658430695534e-01
8.194260818418115377e-01
7.254728409461677074e-01
6.778385860379785299e-01
8.880218181293457747e-01
7.249767531175166368e-01
7.231051549315452576e-01
6.778380400501191616e-01
6.381862550042569637e-01
9.010440029669553041e-01
7.125081229023635387e-01
6.485578811261802912e-01
5.926675649825483561e-01
8.816321389749646187e-01
7.134662140160799026e-01
6.855846999678760767e-01
7.337376070208847523e-01
7.209151610732078552e-01
6.749156289733946323e-01
6.648560611065477133e-01
7.118308551143854856e-01
7.164912959560751915e-01
8.156989850103855133e-01
8.787448911461979151e-01
6.947634988464415073e-01
8.183483888860791922e-01
8.439362060744315386e-01
8.033171030692756176e-01
7.061901751440018415e-01
7.268819469027221203e-01
6.972923029679805040e-01
7.122170038055628538e-01
9.101058139931410551e-01
8.184389309026300907e-01
8.878040970303118229e-01
6.612580849323421717e-01
8.133023080881685019e-01
9.003950678743422031e-01
6.482714640442281961e-01
9.038193069864064455e-01
8.729519189801067114e-01
6.983141819946467876e-01
5.861813060473650694e-01
6.424357029609382153e-01
6.708689271472394466e-01
6.764984650071710348e-01
6.839023220818489790e-01
7.162878019735217094e-01
8.746142159216105938e-01
7.125073301140218973e-01
7.229849610012024641e-01
8.819862620439380407e-01
6.397253018803894520e-01
8.443040209822356701e-01
6.264182210434228182e-01
6.362939658574759960e-01
6.978557098191231489e-01
7.179753340315073729e-01
7.335337928961962461e-01
8.340262318961322308e-01
6.723415900487452745e-01
6.589208610821515322e-01
8.582496338058263063e-01
8.637353039812296629e-01
8.738685699645429850e-01
6.961269658058881760e-01
8.324297340586781502e-01
7.294605791103094816e-01
6.593678451608866453e-01
6.131576660554856062e-01
7.304942389018833637e-01
7.065626890398561954e-01
8.630702879745513201e-01
7.088809139095246792e-01
8.644411510322242975e-01
7.942213511560112238e-01
6.487035879399627447e-01
6.767154838889837265e-01
6.102473221253603697e-01
8.644765787757933140e-01
7.029935549944639206e-01
6.758934620302170515e-01
6.398009911645203829e-01
8.452016310766339302e-01
6.825310690328478813e-01
7.142005020286887884e-01
8.604184270370751619e-01
6.615996558684855700e-01
6.506633230019360781e-01
6.885005650110542774e-01
6.579660158604383469e-01
6.643827911466360092e-01
8.844015027862042189e-01
7.011305270716547966e-01
7.055061049759387970e-01
6.953618489205837250e-01
8.238759459927678108e-01
6.042112989816814661e-01
8.922648271545767784e-01
7.048367848619818687e-01
6.934181270189583302e-01
6.686326349154114723e-01
7.063525258563458920e-01
7.109494009055197239e-01
8.929516198113560677e-01
6.500359771307557821e-01
7.309157571289688349e-01
6.947493168991059065e-01
6.486473339609801769e-01
7.167250269558280706e-01
6.609603499528020620e-01
6.612594791222363710e-01
7.061785468831658363e-01
8.825709018856287003e-01
7.076565369497984648e-01
6.841861929278820753e-01
7.243297079112380743e-01
6.510317169595509768e-01
6.666578811127692461e-01
6.855044160038232803e-01
7.112052859738469124e-01
8.749232119880616665e-01
6.481309030205011368e-01
8.977751301135867834e-01
8.580866858828812838e-01
8.618313418701291084e-01
6.876482670195400715e-01
6.834003690164536238e-01
6.745164981111884117e-01
8.331667189486324787e-01
6.517852309625595808e-01
8.419840950518846512e-01
6.507825159933418036e-01
8.691579690203070641e-01
7.314042630605399609e-01
6.925773599650710821e-01
6.944350469857454300e-01
7.260719181504100561e-01
8.987383178900927305e-01
7.293882560916244984e-01
8.292106080334633589e-01
5.943493011873215437e-01
6.386024209205061197e-01
8.537185969762504101e-01
8.611176828853785992e-01
6.187391008716076612e-01
6.936051130760461092e-01
6.592531171627342701e-01
8.603501629550009966e-01
6.995792798697948456e-01
8.582816841080784798e-01
6.385822058655321598e-01
6.848620669916272163e-01
6.557419300079345703e-01
6.276110240723937750e-01
6.963099830318242311e-01
8.802123579662293196e-01
6.544010550715029240e-01
8.803446218371391296e-01
7.070729420520365238e-01
8.880089868325740099e-01
8.246387338731437922e-01
6.779073500074446201e-01
6.750420720782130957e-01
7.904768909793347120e-01
6.662566349841654301e-01
8.706551829818636179e-01
6.825926890596747398e-01
6.342119621112942696e-01
6.589698561001569033e-01
6.958749068435281515e-01
8.688797280192375183e-01
8.587156350258737803e-01
7.021408770233392715e-01
8.315451748203486204e-01
6.215950178448110819e-01
4.165086799766868353e-01
6.410903581418097019e-01
6.616825349628925323e-01
6.868228479288518429e-01
6.887425510212779045e-01
8.730372849386185408e-01
6.429974820930510759e-01
8.546455858740955591e-01
8.637235029600560665e-01
6.310862309765070677e-01
6.818100910168141127e-01
8.017892970237880945e-01
6.680179149843752384e-01
6.612148720305413008e-01
8.260613509919494390e-01
9.176668180152773857e-01
4.355802079662680626e-01
5.911088660359382629e-01
6.672819470986723900e-01
9.019268860574811697e-01
7.259624020662158728e-01
7.183888570871204138e-01
6.689391979016363621e-01
8.506288728676736355e-01
7.207285589538514614e-01
6.613971069455146790e-01
7.109670848585665226e-01
8.409961808938533068e-01
8.049389678053557873e-01
6.542079588398337364e-01
6.388999510090798140e-01
6.731440529692918062e-01
7.070937680546194315e-01
5.559937080834060907e-01
8.557146599050611258e-01
6.551910971757024527e-01
7.191423189360648394e-01
7.239490901120007038e-01
8.468899109866470098e-01
9.048196738585829735e-01
6.817292580381035805e-01
7.091394287999719381e-01
8.824375490657985210e-01
7.227880200371146202e-01
8.617393570020794868e-01
6.637967270798981190e-01
7.090260731056332588e-01
6.291773880366235971e-01
6.626051091589033604e-01
6.705674650147557259e-01
6.989654679782688618e-01
6.940720549318939447e-01
8.987617159727960825e-01
7.186885329429060221e-01
7.124175271019339561e-01
8.365226171445101500e-01
7.250596000812947750e-01
6.523323468863964081e-01
7.204063949175179005e-01
6.743988140951842070e-01
6.393202040344476700e-01
7.244690828956663609e-01
6.666798880323767662e-01
7.020188120659440756e-01
6.955518310423940420e-01
8.305779080837965012e-01
6.413302388973534107e-01
8.362611460033804178e-01
5.680886839982122183e-01
7.015977969858795404e-01
8.398553451988846064e-01
6.970597589388489723e-01
7.119121979922056198e-01
6.557729379273951054e-01
7.172700688242912292e-01
6.337711859960108995e-01
6.624503859784454107e-01
6.363671391736716032e-01
6.961976850870996714e-01
8.945040770340710878e-01
6.609085109084844589e-01
7.233738380018621683e-01
8.774479890707880259e-01
7.259567480068653822e-01
6.236886179540306330e-01
6.619492471218109131e-01
7.231878580059856176e-01
8.011755929328501225e-01
6.645941939204931259e-01
6.518684520851820707e-01
8.443801980465650558e-01
7.028911719098687172e-01
8.006380139850080013e-01
7.086038170382380486e-01
8.285358399152755737e-01
7.266642788890749216e-01
7.184582029003649950e-01
8.826820990070700645e-01
6.440678930375725031e-01
8.470730180852115154e-01
6.601832711603492498e-01
8.308709310367703438e-01
6.155065419152379036e-01
6.645860329736024141e-01
8.669804239179939032e-01
7.257241669576615095e-01
6.483759579714387655e-01
7.219326419290155172e-01
6.465849790256470442e-01
6.904123499989509583e-01
8.685853469651192427e-01
7.245075218379497528e-01
6.830832159612327814e-01
7.108152199070900679e-01
8.016412060242146254e-01
6.673916468862444162e-01
6.603048960678279400e-01
8.264103331603109837e-01
8.584152248222380877e-01
6.855442740488797426e-01
6.529020220041275024e-01
6.961114990990608931e-01
8.774867739994078875e-01
7.291899300180375576e-01
8.263047079090029001e-01
6.476302400697022676e-01
6.252018879167735577e-01
8.086691240314394236e-01
6.859147930517792702e-01
6.637441779021173716e-01
6.820096350274980068e-01
7.046065430622547865e-01
6.645184149965643883e-01
6.826271519530564547e-01
8.874231879599392414e-01
6.840466568246483803e-01
6.755906429607421160e-01
6.710525271482765675e-01
8.960202869493514299e-01
6.350698769092559814e-01
6.756809169892221689e-01
7.033518720418214798e-01
6.774961361661553383e-01
8.424691490363329649e-01
7.167760629672557116e-01
7.151615468319505453e-01
8.327683359384536743e-01
6.867105329874902964e-01
6.837993629742413759e-01
8.655867259949445724e-01
6.255049291066825390e-01
7.089745339471846819e-01
6.687545238528400660e-01
8.876789710484445095e-01
6.821121259126812220e-01
7.140405019745230675e-01
8.477238169871270657e-01
8.640706099104136229e-01
8.947303381282836199e-01
6.447863408830016851e-01
8.405129180755466223e-01
6.808353678788989782e-01
6.644188291393220425e-01
6.087454410735517740e-01
8.798528329934924841e-01
8.687489940784871578e-01
7.269337149336934090e-01
7.010210200678557158e-01
6.261410668957978487e-01
6.877024671994149685e-01
6.692990940064191818e-01
6.596488810610026121e-01
7.190894251689314842e-01
6.528460870031267405e-01
5.758249820210039616e-01
8.443551091477274895e-01
8.344087880104780197e-01
8.642049550544470549e-01
6.804248469416052103e-01
8.235042102169245481e-01
6.193658928386867046e-01
8.836992559954524040e-01
6.531655061990022659e-01
8.746115250978618860e-01
6.767765479162335396e-01
8.568420060910284519e-01
6.900750519707798958e-01
6.156816810835152864e-01
6.128236770164221525e-01
6.572944030631333590e-01
7.287346119992434978e-01
6.738473640289157629e-01
8.293113820254802704e-01
6.954685659147799015e-01
6.571989429648965597e-01
8.417563901748508215e-01
6.945829668547958136e-01
6.271673198789358139e-01
6.492964681237936020e-01
7.269844550173729658e-01
6.458229559939354658e-01
6.514225350692868233e-01
6.612497412133961916e-01
6.849841750226914883e-01
7.053893040865659714e-01
8.197407391853630543e-01
8.234987510368227959e-01
6.311978190205991268e-01
8.311906820163130760e-01
5.970877849031239748e-01
6.803683398757129908e-01
6.595579409040510654e-01
6.832495320122689009e-01
6.897023480851203203e-01
7.165846528951078653e-01
7.212906100321561098e-01
8.213327119592577219e-01
9.025419179815798998e-01
7.046512898523360491e-01
7.009940659627318382e-01
6.944783770013600588e-01
6.828729370608925819e-01
7.010267288424074650e-01
8.967722130473703146e-01
6.888346150517463684e-01
7.285204459913074970e-01
8.170004868879914284e-01
6.922393220011144876e-01
7.278989641927182674e-01
8.877443098463118076e-01
6.618418679572641850e-01
8.441825390327721834e-01
8.776244861073791981e-01
7.211720419581979513e-01
6.914980420842766762e-01
6.453478168696165085e-01
7.145215109921991825e-01
8.000993430614471436e-01
6.425396981649100780e-01
8.023710770066827536e-01
6.742731088306754827e-01
7.805572380311787128e-01
6.522142130415886641e-01
6.631890928838402033e-01
6.487455600872635841e-01
7.249320780392736197e-01
6.820969788823276758e-01
6.827926361002027988e-01
6.414574261289089918e-01
7.083279031794518232e-01
6.150709490757435560e-01
6.634783120825886726e-01
6.514205650892108679e-01
6.896490359213203192e-01
6.814279868267476559e-01
6.166907518636435270e-01
6.764391700271517038e-01
6.370169201400130987e-01
8.212131799664348364e-01
8.974965240340679884e-01
7.134122559800744057e-01
6.845861850306391716e-01
8.568671080283820629e-01
9.123812881298363209e-01
8.230236028321087360e-01
8.895698608830571175e-01
8.931211261078715324e-01
6.964893520344048738e-01
6.773359000217169523e-01
4.722722950391471386e-01
8.784876549616456032e-01
6.948342069517821074e-01
8.834351568948477507e-01
6.956459968350827694e-01
6.976804591249674559e-01
6.990844388492405415e-01
8.940214319154620171e-01
6.710081929340958595e-01
7.264360338449478149e-01
6.920506509486585855e-01
6.607132609933614731e-01
8.810917621012777090e-01
8.973186637740582228e-01
6.957470059860497713e-01
6.750402199104428291e-01
8.947848719544708729e-01
8.865964449942111969e-01
6.675017110537737608e-01
7.048026090487837791e-01
8.799057421274483204e-01
6.979184059891849756e-01
8.789844410493969917e-01
8.611452549230307341e-01
6.783328580204397440e-01
7.047566920518875122e-01
6.952412237878888845e-01
6.272756438702344894e-01
6.005085220094770193e-01
6.220158741343766451e-01
6.832341160625219345e-01
7.135410299524664879e-01
6.823321280535310507e-01
6.724037819076329470e-01
7.038858300074934959e-01
8.116097310557961464e-01
7.212631129659712315e-01
8.698833531234413385e-01
6.106354240328073502e-01
6.565287071280181408e-01
6.278655338101089001e-01
8.602193968836218119e-01
6.310853871982544661e-01
7.114340888801962137e-01
7.245211000554263592e-01
7.283695829100906849e-01
9.027853000443428755e-01
6.109059120062738657e-01
6.472071041353046894e-01
6.751332168933004141e-01
8.775349222123622894e-01
6.859962798189371824e-01
7.037205651868134737e-01
6.650349490810185671e-01
7.124268589541316032e-01
6.555689179804176092e-01
6.929519940167665482e-01
6.923258670140057802e-01
6.733794289175421000e-01
8.477108620572835207e-01
6.916726450435817242e-01
6.732412269338965416e-01
8.955209171399474144e-01
8.219555269461125135e-01
6.942142220214009285e-01
7.913034849334508181e-01
8.606318128295242786e-01
6.960345089901238680e-01
8.793364369776099920e-01
6.871179181616753340e-01
7.034139861352741718e-01
7.271536421030759811e-01
8.771028451155871153e-01
6.573863090015947819e-01
6.838345001451671124e-01
7.273424880113452673e-01
7.137869568541646004e-01
6.280470769852399826e-01
6.561270740348845720e-01
8.492232142016291618e-01
7.116473310161381960e-01
8.411019551567733288e-01
7.109113498590886593e-01
6.528593502007424831e-01
8.166695612017065287e-01
7.003120910376310349e-01
6.526462351903319359e-01
9.023293980862945318e-01
8.815256250090897083e-01
7.225981741212308407e-01
6.897310691419988871e-01
6.050473519135266542e-01
7.230243489611893892e-01
6.636441699229180813e-01
6.891099549829959869e-01
6.611759909428656101e-01
8.257263849955052137e-01
6.417472981847822666e-01
5.388915049843490124e-01
7.261683279648423195e-01
6.612976340111345053e-01
8.720408219378441572e-01
8.356085570994764566e-01
8.868854229804128408e-01
6.164622071664780378e-01
6.629669410176575184e-01
7.118023410439491272e-01
6.517889490351080894e-01
8.429119349457323551e-01
7.098658930044621229e-01
8.658218509517610073e-01
8.452506300527602434e-01
6.660008970648050308e-01
8.636939220596104860e-01
8.583845810499042273e-01
6.664298539981245995e-01
7.998747620731592178e-01
8.072049380280077457e-01
6.942995679564774036e-01
7.009230100084096193e-01
6.216652751900255680e-01
7.006596741266548634e-01
8.554470089729875326e-01
6.027857810258865356e-01
7.269938678946346045e-01
7.262498249765485525e-01
6.929605391342192888e-01
6.646599189843982458e-01
6.876010149717330933e-01
5.864851451478898525e-01
7.188250869512557983e-01
6.772468879353255033e-01
6.606817007996141911e-01
7.219930430874228477e-01
8.711165389977395535e-01
7.076127051841467619e-01
6.763393960427492857e-01
8.915236659813672304e-01
6.890287389978766441e-01
8.322675970848649740e-01
8.757094298489391804e-01
8.690860301721841097e-01
6.531664701178669930e-01
8.554879790171980858e-01
6.274242198560386896e-01
6.941113269422203302e-01
7.817215831018984318e-01
6.450884479563683271e-01
6.173980159219354391e-01
6.647514500655233860e-01
6.716626139823347330e-01
8.457919140346348286e-01
7.199593191035091877e-01
6.625870389398187399e-01
8.462935341522097588e-01
6.638670861721038818e-01
6.620295941829681396e-01
6.907238978892564774e-01
8.566829438786953688e-01
7.037641878705471754e-01
8.590089231729507446e-01
5.908002620562911034e-01
6.607580089475959539e-01
7.105319101829081774e-01
8.745571358595043421e-01
8.375764929223805666e-01
6.721442630514502525e-01
8.917765880469232798e-01
6.156408740207552910e-01
6.637646481394767761e-01
6.736790938302874565e-01
6.555810109712183475e-01
6.999259681906551123e-01
8.293603940401226282e-01
6.639318601228296757e-01
6.330273030325770378e-01
6.336019230075180531e-01
7.091192789375782013e-01
8.703803860116750002e-01
8.349819460418075323e-01
6.905784029513597488e-01
6.422915440052747726e-01
6.890950920060276985e-01
6.243174420669674873e-01
6.042067278176546097e-01
7.775743370875716209e-01
7.227456718683242798e-01
4.585385448299348354e-01
6.730763760861009359e-01
8.737491569481790066e-01
8.940859579015523195e-01
6.751806898973882198e-01
8.734883479773998260e-01
7.099312010686844587e-01
6.435963469557464123e-01
6.517593278549611568e-01
6.638508688192814589e-01
5.585606221575289965e-01
6.538829619530588388e-01
6.631360829342156649e-01
6.912595420144498348e-01
6.416990568395704031e-01
6.429236440453678370e-01
6.809507880825549364e-01
6.719822271261364222e-01
6.840856468770653009e-01
6.146436079870909452e-01
7.118072591256350279e-01
6.903820498846471310e-01
7.200590840075165033e-01
6.614709629211574793e-01
7.248612949624657631e-01
7.240407029166817665e-01
7.187550449743866920e-01
4.699921319261193275e-01
7.240652239415794611e-01
6.327866809442639351e-01
6.831153291277587414e-01
6.991876370739191771e-01
6.795897339470684528e-01
6.815162969287484884e-01
6.230343268252909184e-01
8.011668140534311533e-01
8.784307229798287153e-01
5.969782180618494749e-01
8.654426790308207273e-01
8.664450838696211576e-01
6.753059790935367346e-01
7.258117061574012041e-01
7.000006430316716433e-01
7.021962490398436785e-01
8.846333529800176620e-01
8.178973901085555553e-01
6.726258238777518272e-01
7.087844929192215204e-01
6.806985281873494387e-01
8.661759109236299992e-01
6.848596539348363876e-01
7.008275080006569624e-01
7.182795570697635412e-01
7.268120679073035717e-01
6.457490660250186920e-01
8.126958759967237711e-01
7.291511029470711946e-01
6.722547658719122410e-01
6.468130990397185087e-01
6.845700598787516356e-01
8.477614820003509521e-01
6.923893040511757135e-01
6.540920960251241922e-01
6.363407520111650229e-01
6.547696979250758886e-01
6.822040991391986609e-01
8.364150030538439751e-01
6.477818610146641731e-01
6.918427487835288048e-01
8.182388260029256344e-01
8.042738800868391991e-01
7.262126561254262924e-01
8.785377859603613615e-01
6.803212789818644524e-01
8.519587279297411442e-01
6.830399599857628345e-01
6.867330591194331646e-01
6.906186870764940977e-01
8.468178159091621637e-01
8.748221569694578648e-01
8.346178280189633369e-01
6.782549899071455002e-01
6.538757609669119120e-01
6.711018211208283901e-01
8.739961558021605015e-01
8.268566650804132223e-01
7.010054159909486771e-01
7.284189949277788401e-01
6.368293790146708488e-01
6.921860128641128540e-01
6.456870629917830229e-01
7.293734829872846603e-01
7.241045690607279539e-01
7.030647171195596457e-01
6.365497948136180639e-01
8.842340148985385895e-01
6.588234000373631716e-01
6.930132790002971888e-01
6.653161330614238977e-01
7.305859760381281376e-01
9.007158479653298855e-01
8.316896650940179825e-01
7.067789349239319563e-01
6.561686180066317320e-01
8.605760999489575624e-01
8.513953441288322210e-01
6.746889629866927862e-01
8.382056630216538906e-01
6.765797350089997053e-01
6.717708108481019735e-01
5.759441920090466738e-01
6.909279909450560808e-01
6.736603151075541973e-01
6.824222509749233723e-01
6.937355569098144770e-01
6.354530809912830591e-01
8.769945818930864334e-01
6.643595888745039701e-01
6.945234439335763454e-01
6.440396120306104422e-01
8.387611070647835732e-01
8.575754731427878141e-01
6.258480381220579147e-01
7.235002319794148207e-01
5.986859051045030355e-01
6.137078257743269205e-01
7.018518690019845963e-01
6.742001869715750217e-01
6.265380110125988722e-01
6.349215880036354065e-01
7.029290180653333664e-01
7.235705561470240355e-01
7.217147001065313816e-01
8.365631988272070885e-01
8.572974340058863163e-01
5.494710640050470829e-01
6.369303259998559952e-01
6.912630670703947544e-01
7.116653160192072392e-01
8.466014941222965717e-01
6.455544999334961176e-01
7.023761409800499678e-01
6.640940948855131865e-01
8.272149900440126657e-01
8.671036099549382925e-01
6.441802999470382929e-01
6.348962851334363222e-01
8.503625199664384127e-01
8.676675581373274326e-01
8.464909740723669529e-01
6.895457648206502199e-01
6.328211708460003138e-01
6.334543069824576378e-01
7.252081718761473894e-01
6.844272089656442404e-01
6.526419289875775576e-01
6.905268030241131783e-01
7.874716578517109156e-01
7.014248920604586601e-01
8.443152091931551695e-01
6.893093809485435486e-01
6.139692971482872963e-01
7.196379599627107382e-01
8.084247491788119078e-01
8.948377228807657957e-01
8.672195721883326769e-01
8.609441739972680807e-01
6.847860270645469427e-01
6.539960030931979418e-01
8.910041628405451775e-01
6.559829679317772388e-01
8.480945259798318148e-01
7.232209681533277035e-01
8.560295770876109600e-01
5.860586778726428747e-01
7.239333239849656820e-01
6.459100937936455011e-01
6.331416091416031122e-01
6.543053989298641682e-01
8.546875179745256901e-01
6.923296630848199129e-01
6.832793951034545898e-01
5.893302059266716242e-01
6.824621369596570730e-01
6.638678100425750017e-01
6.649864309001713991e-01
6.803809178527444601e-01
8.759118749294430017e-01
6.822677429299801588e-01
6.459093589801341295e-01
8.464173551183193922e-01
6.751235139090567827e-01
7.251855239737778902e-01
8.210259950719773769e-01
6.595929509494453669e-01
6.724318831693381071e-01
6.544327579904347658e-01
6.989823179319500923e-01
6.938285510987043381e-01
7.160958459135144949e-01
7.004934749566018581e-01
6.440054608974605799e-01
6.645501379389315844e-01
6.641758638434112072e-01
6.942352352198213339e-01
7.285963308531790972e-01
7.274995439220219851e-01
6.854997279588133097e-01
6.897892339620739222e-01
7.085732230916619301e-01
8.840212379582226276e-01
8.455602400936186314e-01
8.472380151506513357e-01
8.863999999593943357e-01
7.123429051134735346e-01
7.205904889851808548e-01
8.690602979622781277e-01
6.807328860741108656e-01
8.281225839164108038e-01
6.814146039541810751e-01
7.000845500733703375e-01
6.266494758892804384e-01
6.715097350534051657e-01
6.875860828440636396e-01
6.813888940960168839e-01
8.650675599928945303e-01
6.402730999980121851e-01
8.468676549382507801e-01
8.555530388839542866e-01
6.855862881056964397e-01
6.813777880743145943e-01
6.430000949185341597e-01
6.989542040973901749e-01
6.152646751143038273e-01
8.459699589293450117e-01
7.009721379727125168e-01
8.770705198403447866e-01
8.277661900501698256e-01
6.364140850491821766e-01
7.213057710323482752e-01
6.974656898528337479e-01
6.378495609387755394e-01
6.082640490494668484e-01
6.749079390428960323e-01
8.983002118766307831e-01
6.302276279311627150e-01
6.654573520645499229e-01
6.846496749203652143e-01
6.452920550946146250e-01
6.370323630981147289e-01
7.964866091497242451e-01
6.452530918177217245e-01
7.121754761319607496e-01
8.075900489930063486e-01
7.147562738973647356e-01
6.758377880323678255e-01
6.436677898745983839e-01
7.251959771383553743e-01
5.962947471998631954e-01
6.523743660654872656e-01
6.636793948709964752e-01
8.166409290861338377e-01
6.638498450629413128e-01
8.655986150261014700e-01
6.833430060651153326e-01
7.036502249538898468e-01
7.211330370046198368e-01
7.022952300030738115e-01
7.259037920739501715e-01
6.363252149894833565e-01
7.114172650035470724e-01
7.123766450677067041e-01
6.919530909508466721e-01
6.908435530494898558e-01
8.930045280139893293e-01
7.148161269724369049e-01
6.725650059524923563e-01
6.811666581779718399e-01
6.926358239725232124e-01
7.220934198703616858e-01
6.828504870645701885e-01
7.248745590914040804e-01
6.138865489047020674e-01
6.507581970654428005e-01
8.851300368551164865e-01
6.825154190883040428e-01
6.534867230802774429e-01
7.187570550013333559e-01
6.520932288840413094e-01
8.469494581222534180e-01
7.029853030107915401e-01
8.754275480750948191e-01
5.894266339018940926e-01
7.009361579548567533e-01
8.575677110347896814e-01
8.465991369448602200e-01
6.438839999027550220e-01
8.525564440060406923e-01
6.823399320710450411e-01
6.429734600242227316e-01
8.292492730543017387e-01
6.987247639335691929e-01
6.431519221514463425e-01
6.237195930443704128e-01
6.713039460591971874e-01
8.005913170054554939e-01
6.786163090728223324e-01
8.774351580068469048e-01
6.818206119351089001e-01
8.780093600507825613e-01
7.109574689529836178e-01
6.921770120970904827e-01
7.222194189671427011e-01
8.214307769667357206e-01
7.070284271612763405e-01
6.473040669225156307e-01
7.099077079910784960e-01
6.830960479564964771e-01
8.989821330178529024e-01
8.575226149987429380e-01
6.339770129416137934e-01
6.547986161895096302e-01
7.039511620532721281e-01
8.848221299704164267e-01
6.662790430709719658e-01
7.014805430080741644e-01
6.834847838617861271e-01
7.255661629606038332e-01
6.929473681375384331e-01
6.552659720182418823e-01
8.826294918544590473e-01
6.927950249519199133e-01
6.621976839378476143e-01
6.363241230137646198e-01
6.719668048899620771e-01
8.357466098386794329e-01
6.907528659794479609e-01
6.999832137953490019e-01
7.076047030277550220e-01
7.012350109871476889e-01
8.270756769925355911e-01
6.770044590812176466e-01
7.024842011742293835e-01
8.760196091607213020e-01
6.459735219832509756e-01
7.095499280840158463e-01
7.227188060060143471e-01
6.814201308880001307e-01
8.725971889216452837e-01
6.725539912004023790e-01
6.309104468673467636e-01
7.013325840234756470e-01
6.524229589849710464e-01
8.515380208846181631e-01
5.856421731878072023e-01
7.973115209024399519e-01
8.170503438450396061e-01
8.562577178236097097e-01
8.636831811163574457e-01
8.839680128730833530e-01
6.707207711879163980e-01
4.513904741033911705e-01
6.809184439480304718e-01
7.024427361320704222e-01
8.868877089116722345e-01
8.566396380774676800e-01
6.830837149173021317e-01
8.969544318970292807e-01
8.211876319255679846e-01
6.856052000075578690e-01
8.371928809210658073e-01
7.142612980678677559e-01
6.477633030153810978e-01
8.412598178256303072e-01
6.377122120466083288e-01
7.256686841137707233e-01
6.003874640446156263e-01
7.256683679297566414e-01
6.758406341541558504e-01
8.026861841790378094e-01
7.019115660805255175e-01
6.855996937956660986e-01
6.733776358887553215e-01
8.758491829503327608e-01
8.185410930309444666e-01
7.017714160028845072e-01
6.634855710435658693e-01
6.833694230299443007e-01
6.453197868540883064e-01
8.756553467828780413e-01
6.937470638658851385e-01
6.952864280901849270e-01
6.913026978727430105e-01
6.262452991213649511e-01
6.274758069775998592e-01
7.011265640612691641e-01
8.392879450693726540e-01
7.016696550417691469e-01
6.656685420311987400e-01
7.100742899347096682e-01
8.884992010425776243e-01
6.818428020924329758e-01
7.027193838730454445e-01
6.899078059941530228e-01
6.825979589484632015e-01
7.229156559333205223e-01
8.787784460000693798e-01
8.730057298671454191e-01
6.249208960216492414e-01
7.105070741381496191e-01
7.128203769680112600e-01
6.755900520365685225e-01
3.247858090326189995e-01
5.882060960866510868e-01
6.629379729274660349e-01
5.776196150109171867e-01
6.930732899345457554e-01
6.625051749870181084e-01
8.650286761112511158e-01
6.922792310360819101e-01
6.809879099018871784e-01
7.119797270279377699e-01
8.180584500078111887e-01
6.809035909827798605e-01
7.799339620396494865e-01
7.000834639184176922e-01
7.261460910085588694e-01
7.230142739135771990e-01
8.739775049034506083e-01
8.829629800748080015e-01
7.030256211291998625e-01
6.645373448263853788e-01
8.075099498964846134e-01
6.839699668344110250e-01
6.338632358238101006e-01
7.246640059165656567e-01
7.278674328699707985e-01
6.529295600485056639e-01
6.269682450219988823e-01
7.200945229269564152e-01
6.455603688955307007e-01
6.857012908440083265e-01
6.723944831173866987e-01
6.815041331574320793e-01
6.345505570061504841e-01
6.615494310390204191e-01
6.435720559675246477e-01
6.954764409456402063e-01
6.909041909966617823e-01
8.684789359103888273e-01
6.810281798243522644e-01
8.386253979988396168e-01
6.882395390421152115e-01
6.546739179175347090e-01
6.499514360912144184e-01
6.343523671384900808e-01
6.652556990738958120e-01
6.738271741196513176e-01
6.654628380201756954e-01
6.354499931912869215e-01
7.222109050489962101e-01
6.944350951816886663e-01
6.666328820865601301e-01
6.450329360086470842e-01
6.329232829157263041e-01
8.758457221556454897e-01
6.458133300766348839e-01
7.278614719398319721e-01
6.353096258826553822e-01
8.745419299229979515e-01
8.242076928727328777e-01
6.088211410678923130e-01
6.661090890411287546e-01
8.627714610192924738e-01
6.357714999467134476e-01
8.430997550021857023e-01
8.771931058727204800e-01
6.992601160891354084e-01
8.835608200170099735e-01
7.023338039871305227e-01
8.384650570806115866e-01
6.521263530012220144e-01
7.898583549540489912e-01
7.989935409277677536e-01
7.025978320743888617e-01
7.126103241462260485e-01
7.244854969903826714e-01
8.841274490114301443e-01
6.945229319389909506e-01
7.042302109766751528e-01
8.946846728213131428e-01
8.948810009751468897e-01
7.056392759550362825e-01
6.847042900044471025e-01
7.127165568526834249e-01
7.010945000220090151e-01
6.944271938409656286e-01
6.956552891060709953e-01
6.728844710160046816e-01
8.049768600612878799e-01
7.033896609209477901e-01
6.359747310634702444e-01
8.802681041415780783e-01
5.879252720624208450e-01
7.268392341211438179e-01
6.744490100536495447e-01
8.701490701641887426e-01
8.285799489822238684e-01
7.240770158823579550e-01
7.256181780248880386e-01
8.278886592015624046e-01
6.799975328613072634e-01
8.858655379153788090e-01
7.217233870178461075e-01
7.253502351231873035e-01
6.617471468634903431e-01
6.721313348971307278e-01
6.927357811946421862e-01
7.025662630330771208e-01
6.564890260342508554e-01
6.948182201012969017e-01
6.642985248472541571e-01
6.345559109468013048e-01
6.724122508894652128e-01
6.720670519862323999e-01
8.468754501082003117e-01
6.918373717926442623e-01
6.997445221059024334e-01
6.241136149037629366e-01
6.534105469472706318e-01
6.923665080685168505e-01
8.943047928623855114e-01
6.170605919323861599e-01
6.830043811351060867e-01
7.020701540168374777e-01
7.002320711035281420e-01
6.155668119899928570e-01
6.806056250352412462e-01
7.266754088923335075e-01
7.248323857784271240e-01
7.225663459394127131e-01
6.443597029428929090e-01
7.113839329686015844e-01
8.777748050633817911e-01
6.858260019216686487e-01
6.561905790586024523e-01
6.170762281399220228e-01
6.914980148430913687e-01
7.111735669896006584e-01
7.283252337947487831e-01
6.650342990178614855e-01
8.370031150989234447e-01
8.760831227991729975e-01
6.735992820467799902e-01
8.274501201231032610e-01
7.279364401474595070e-01
6.906684958375990391e-01
6.644698169548064470e-01
8.376777661032974720e-01
7.261952150147408247e-01
6.442241710610687733e-01
6.661794239189475775e-01
8.595221410505473614e-01
8.572554758284240961e-01
7.025886219926178455e-01
8.836574249435216188e-01
8.392594051547348499e-01
8.220368439797312021e-01
6.926522359717637300e-01
6.268185388762503862e-01
7.261642711237072945e-01
6.958308129105716944e-01
6.834218159783631563e-01
7.263336679898202419e-01
6.652383399195969105e-01
7.268019670154899359e-01
6.224154999945312738e-01
8.401247691363096237e-01
7.291062199510633945e-01
6.753234558273106813e-01
7.310434079263359308e-01
8.528689939994364977e-01
6.566608999855816364e-01
6.998026259243488312e-01
6.720384960062801838e-01
6.339685160201042891e-01
6.864298870787024498e-01
6.349777691066265106e-01
7.216678909026086330e-01
8.930082251317799091e-01
6.932555809617042542e-01
6.916148029267787933e-01
6.630560450721532106e-01
8.669684519991278648e-01
8.968204720877110958e-01
8.486946590710431337e-01
9.061438171193003654e-01
7.283891818951815367e-01
8.410626000259071589e-01
5.959562610369175673e-01
7.038317529950290918e-01
7.267189000267535448e-01
8.315332289785146713e-01
7.275062468834221363e-01
8.229606319218873978e-01
6.685269097797572613e-01
6.568697409238666296e-01
6.436787350103259087e-01
6.729809399694204330e-01
6.279523030389100313e-01
7.138014000374823809e-01
8.466994508635252714e-01
8.590482508298009634e-01
6.391803750302642584e-01
6.956596660893410444e-01
7.120717610232532024e-01
7.106397699099034071e-01
7.099613060709089041e-01
8.576910200063139200e-01
7.109009299892932177e-01
7.806198808830231428e-01
6.523256080690771341e-01
8.680846500210464001e-01
7.273827581666409969e-01
8.529708338901400566e-01
6.278904050122946501e-01
7.193719891365617514e-01
7.123857729602605104e-01
7.263902940321713686e-01
6.651631300337612629e-01
6.356443988624960184e-01
6.830236008390784264e-01
7.026943871751427650e-01
6.654858889523893595e-01
6.441507970448583364e-01
8.766270049382001162e-01
6.681346860714256763e-01
8.583434061147272587e-01
6.914653389248996973e-01
6.553520320449024439e-01
8.637891670223325491e-01
6.560916630551218987e-01
8.414729018695652485e-01
6.919865750242024660e-01
8.292053740005940199e-01
7.126606621313840151e-01
6.842738960403949022e-01
7.291408679448068142e-01
6.929070521146059036e-01
8.533237550873309374e-01
6.685328739695250988e-01
6.176027001347392797e-01
7.938119240570813417e-01
7.044367189519107342e-01
6.680981630925089121e-01
6.673078320454806089e-01
8.685520121362060308e-01
7.213410690892487764e-01
8.498353969771414995e-01
7.051826750393956900e-01
6.534202639013528824e-01
6.339746178127825260e-01
6.011716029606759548e-01
7.021064800210297108e-01
6.643408311065286398e-01
8.897509139496833086e-01
6.661079900804907084e-01
8.881723179947584867e-01
8.190911749843508005e-01
8.304934080224484205e-01
6.741133218165487051e-01
7.136584639083594084e-01
7.032931889407336712e-01
6.474810789804905653e-01
7.916787650901824236e-01
6.459479450713843107e-01
5.900299421045929193e-01
8.484029569663107395e-01
6.662358848843723536e-01
8.870058869943022728e-01
8.891901529859751463e-01
5.910969430115073919e-01
8.055354380048811436e-01
8.682024460285902023e-01
6.846431961748749018e-01
8.082210000138729811e-01
6.068777730688452721e-01
7.255706340074539185e-01
8.401802249718457460e-01
8.676411770284175873e-01
6.641377960331737995e-01
6.860706468578428030e-01
6.855709578376263380e-01
6.967100698966532946e-01
8.802973569836467505e-01
6.465872561093419790e-01
7.297775850165635347e-01
8.181912510190159082e-01
6.941019520163536072e-01
7.282682608347386122e-01
7.281688931398093700e-01
8.731016409583389759e-01
8.858959220815449953e-01
6.904678090941160917e-01
6.491641381289809942e-01
8.840581309050321579e-01
7.176640590187162161e-01
6.855667820200324059e-01
7.095019558910280466e-01
8.443586099892854691e-01
7.305058760102838278e-01
6.378564308397471905e-01
6.639375670347362757e-01
7.289745078887790442e-01
6.948784920386970043e-01
6.471113939769566059e-01
7.084803429897874594e-01
7.130970840808004141e-01
8.706165160983800888e-01
6.973986311350017786e-01
6.651612110435962677e-01
6.483699679374694824e-01
7.025677240453660488e-01
6.561776481103152037e-01
7.048903489485383034e-01
8.400661959312856197e-01
8.787382149603217840e-01
8.505422468297183514e-01
7.162998791318386793e-01
7.257482411805540323e-01
7.285996340215206146e-01
6.845007459633052349e-01
6.677646928001195192e-01
8.804853500332683325e-01
8.976596379652619362e-01
6.173327909782528877e-01
8.213844851125031710e-01
6.634908751584589481e-01
6.959068148862570524e-01
6.350952850189059973e-01
6.564323459751904011e-01
8.400391300674527884e-01
6.262153519783169031e-01
8.014981260057538748e-01
8.422174470033496618e-01
7.291520689614117146e-01
7.017843071371316910e-01
6.524734019767493010e-01
8.894119490869343281e-01
7.252789891790598631e-01
8.724880649242550135e-01
7.048669438809156418e-01
8.846681700088083744e-01
6.651775219943374395e-01
8.572256839834153652e-01
6.321228230372071266e-01
6.949505619704723358e-01
8.836266531143337488e-01
8.289875888731330633e-01
6.556688570417463779e-01
8.320665289647877216e-01
6.806436320766806602e-01
6.503104530274868011e-01
8.199550379067659378e-01
8.773004261311143637e-01
7.086733791511505842e-01
6.488271551206707954e-01
8.497129669412970543e-01
8.758514358196407557e-01
6.381041218992322683e-01
8.516284408979117870e-01
6.754727519582957029e-01
4.744079590309411287e-01
6.794068380258977413e-01
6.588090700097382069e-01
6.382642129901796579e-01
6.277720560319721699e-01
6.034801187925040722e-01
6.960268109105527401e-01
8.634025980718433857e-01
8.622705810703337193e-01
8.374518649652600288e-01
6.734805579762905836e-01
7.106402141507714987e-01
7.942903800867497921e-01
6.761737249325960875e-01
6.728720890823751688e-01
8.060874370858073235e-01
6.766876610927283764e-01
7.010227900464087725e-01
6.920399260707199574e-01
6.623796911444514990e-01
8.170425139833241701e-01
8.090865700505673885e-01
7.021855460479855537e-01
6.631386899389326572e-01
6.702178139239549637e-01
6.546869932208210230e-01
8.244435030501335859e-01
8.060943060554563999e-01
6.777240030933171511e-01
6.850021430291235447e-01
6.818097599316388369e-01
6.533646609168499708e-01
5.959700979292392731e-01
8.761012980248779058e-01
6.770278920885175467e-01
6.277628559619188309e-01
8.486179511528462172e-01
6.863937589805573225e-01
7.743828347884118557e-01
8.647149589378386736e-01
6.738665208686143160e-01
