9.920815689438069462e-01
9.944011029265673596e-01
9.939161595394538917e-01
9.953950323974435355e-01
9.952659204885698774e-01
9.963073864691522896e-01
9.968147733182965986e-01
9.978262461520567284e-01
1.017592983099988579e+00
1.016031704291075588e+00
1.015957804687444010e+00
1.014474857776774597e+00
1.013396031758100557e+00
1.012282125151823697e+00
1.012736463957678135e+00
1.006582608548896918e+00
1.006206489353401290e+00
1.006552187923701824e+00
1.005443632130579079e+00
1.004914413883009727e+00
1.004780197764818972e+00
1.004657431028113779e+00
1.004659400120843094e+00
1.005061984192878732e+00
1.014383320461737181e+00
1.025713704422694939e+00
1.042927745016472452e+00
1.066747309729730198e+00
1.080793229417557955e+00
1.089051790173679368e+00
1.103249879521249310e+00
1.106044181599769693e+00
1.114613361833497907e+00
1.119967730292165342e+00
1.130429814741960026e+00
1.147614026154925693e+00
1.168603497183695827e+00
1.188802637269484208e+00
1.195478967567453532e+00
1.214156773661509314e+00
1.236149017149416940e+00
1.264496840500607844e+00
1.287072151626429628e+00
1.294694180055940835e+00
1.317064656753214047e+00
1.334086666236405261e+00
1.356911403111230818e+00
1.380700881384829604e+00
1.401994784716056541e+00
1.409809425327002153e+00
1.423076479736512301e+00
1.409683869106209908e+00
1.393347577527646708e+00
1.395945640995004178e+00
1.385831751516963806e+00
1.380192985125464844e+00
1.399179036008146637e+00
1.428902938549593493e+00
1.438888792636650704e+00
1.444925163550899283e+00
1.439022504186670659e+00
1.437592891756872993e+00
1.407350805793472937e+00
1.424181446538628437e+00
1.408511267999364991e+00
1.427745847769692711e+00
1.424793273879477962e+00
1.422352645757366751e+00
1.418777240512484550e+00
1.420828372385629201e+00
1.422123968691400231e+00
1.401645933165072133e+00
1.397450295239799356e+00
1.396779860663581063e+00
1.398131069842441843e+00
1.375735625646453242e+00
1.374704699139075226e+00
1.381376766435802095e+00
1.373966453920406616e+00
1.417851131323274894e+00
1.423497283151793580e+00
1.401267234847630272e+00
1.367965562543796532e+00
1.356057422517025657e+00
1.361161546985131032e+00
1.342848972090640913e+00
1.335204239269423665e+00
1.355205829917448312e+00
1.342716078235570931e+00
1.355075681332736481e+00
1.316581860041987628e+00
1.292226665020890675e+00
1.288494304739464580e+00
1.291334155852505994e+00
1.287902338929270973e+00
1.271061754161842527e+00
1.281246899385008131e+00
1.265442631990875366e+00
1.252511292508202034e+00
1.246374621769025470e+00
1.249033791346656930e+00
1.262591540791246469e+00
1.258733811979068973e+00
1.257051701070421634e+00
1.241948237124881782e+00
1.225603196107518889e+00
1.215377113944412280e+00
1.205202734570274936e+00
1.201511847635699848e+00
1.198881895410313536e+00
1.214661749231263688e+00
1.217116762380578310e+00
1.213257277419742319e+00
1.218957329342984508e+00
1.201584352465384420e+00
1.212273649172249224e+00
1.216507371033244578e+00
1.207563261211989758e+00
1.208878108421038933e+00
1.211698100235549136e+00
1.232659181527373971e+00
1.235324650435054350e+00
1.247068813971427437e+00
1.243770924839041392e+00
1.240471862831144634e+00
1.249125730160898451e+00
1.239536427006985964e+00
1.243114735583542574e+00
1.251828979303914124e+00
1.238360486115694936e+00
1.238575803869804703e+00
1.247706100801714735e+00
1.249734060957276904e+00
1.249813993378513288e+00
1.236491049732064473e+00
1.226728852254792557e+00
1.229989960224860512e+00
1.244378578577841399e+00
1.231554503168085901e+00
1.256578151993938741e+00
1.265828309626340076e+00
1.261927864412928146e+00
1.262016726442353631e+00
1.282400914281216719e+00
1.274679083386713208e+00
1.272140428951072266e+00
1.263432285922418519e+00
1.266230312962631777e+00
1.280514060765839846e+00
1.280217742319260887e+00
1.263519226251629712e+00
1.259990254572067370e+00
1.267447585930738141e+00
1.254897039987536989e+00
1.252495212316153017e+00
1.262435891780714803e+00
1.262547429519313091e+00
1.272175284980325838e+00
1.278069304439104492e+00
1.279347022598456451e+00
1.280027266455704416e+00
1.263899813356441859e+00
1.260915993424401638e+00
1.274110316284407851e+00
1.264719574553671011e+00
1.242431354068286975e+00
1.251252435428380494e+00
1.250150455769057700e+00
1.245809874966841369e+00
1.258232058298586642e+00
1.240590451800127170e+00
1.242160406301665798e+00
1.243168717447499461e+00
1.231035388465390845e+00
1.243818428421004763e+00
1.243680941637610893e+00
1.234677958430768552e+00
1.221098018118558670e+00
1.232865901146709131e+00
1.239542585321906198e+00
1.257718950622241261e+00
1.262530195864825622e+00
1.268583157277839879e+00
1.262376098299925031e+00
1.279869498924419036e+00
1.298555065950287357e+00
1.303006120168167525e+00
1.291147096007406736e+00
1.296765355280593335e+00
1.296752538019392498e+00
1.318609009072035931e+00
1.318772024496073225e+00
1.327031811659046712e+00
1.326997759485651018e+00
1.323368895025404113e+00
1.331452047449501741e+00
1.326598613791483139e+00
1.319674189945626352e+00
1.331366540293734912e+00
1.334563627619753223e+00
1.338637065584965313e+00
1.371199599785903223e+00
1.378982602402517355e+00
1.388713217539801814e+00
1.380909338354802562e+00
1.359356220490552047e+00
1.376396910422751807e+00
1.371979055602177144e+00
1.391667464589013470e+00
1.372012796740745388e+00
1.381133333326733492e+00
1.378963996292024374e+00
1.383640105550360211e+00
1.364073279309898856e+00
1.368970303223526974e+00
1.374604494692565071e+00
1.393176877367823918e+00
1.382556344609630505e+00
1.361454017037073472e+00
1.345328964558975215e+00
1.378977253470950570e+00
1.398603357950257253e+00
1.386280314146576487e+00
1.365359736267260482e+00
1.367812580016965152e+00
1.376455694463742274e+00
1.364717541705408044e+00
1.366016397565934071e+00
1.361329900249264480e+00
1.390197874473963591e+00
1.387199502487434177e+00
1.371268021860659880e+00
1.363721368464476891e+00
1.350222874013007557e+00
1.358298041766623721e+00
1.320839528574888844e+00
1.334062890576587002e+00
1.350195189485883684e+00
1.373460437693564629e+00
1.350892493992320365e+00
1.336917954999476521e+00
1.307083947590752970e+00
1.327740932067142499e+00
1.339025228753110364e+00
1.350328043782169640e+00
1.339617351537995438e+00
1.323713988371945094e+00
1.345455054796093952e+00
1.368928040731261619e+00
1.363131987025236302e+00
1.382516132640047024e+00
1.388934334298325579e+00
1.368376726908028918e+00
1.362870182579673406e+00
1.349979358842559707e+00
1.366917519126715552e+00
1.380764465690968779e+00
1.383925641324105671e+00
1.369407699590316163e+00
1.355929293614268172e+00
1.376089416569974855e+00
1.382639678286970986e+00
1.368726650426244085e+00
1.353827935608219901e+00
1.365335213145947524e+00
1.374955552913635914e+00
1.376894978066847575e+00
1.356411433587838777e+00
1.369761913135058240e+00
1.371577413630746589e+00
1.349965186775758053e+00
1.353013085606416421e+00
1.364033206229068762e+00
1.345574944320974575e+00
1.366062044128518949e+00
1.368124567106728584e+00
1.349407023341897771e+00
1.356306894679254693e+00
1.356897910647420824e+00
1.337798453674116539e+00
1.323931873324855957e+00
1.322209088373600849e+00
1.318706546841178273e+00
1.316441865963063229e+00
1.336655077771939704e+00
1.347015480563061196e+00
1.333300183750927514e+00
1.328078133281127116e+00
1.341658181090759738e+00
1.340160059710021390e+00
1.336050847795038132e+00
1.344680616199150025e+00
1.348281008518247726e+00
1.329482600509534151e+00
1.319716987845649392e+00
1.311122916088703017e+00
1.290113636966263799e+00
1.273152098600592641e+00
1.279558070885102428e+00
1.254949601349455435e+00
1.229717844530867188e+00
1.231454112093260722e+00
1.224814538861228375e+00
1.218213062048421280e+00
1.237597122208344613e+00
1.241941260702874805e+00
1.235606350061323244e+00
1.241638234072936164e+00
1.263546454979791900e+00
1.276179685341315206e+00
1.247049720555516439e+00
1.250792384241613764e+00
1.259122066544107854e+00
1.248539700355591808e+00
1.258690670189347882e+00
1.258672967358311245e+00
1.272487969680929032e+00
1.291805455993928931e+00
1.294158214096083892e+00
1.285477626623096947e+00
1.285531072903333794e+00
1.302548637093873696e+00
1.294251611322323692e+00
1.292315956547090749e+00
1.285236239833597915e+00
1.303901565697449305e+00
1.308254607656791135e+00
1.327482090928915559e+00
1.329175586412840282e+00
1.325279163897716384e+00
1.315673515494081069e+00
1.309309517741810369e+00
1.308979380102645917e+00
1.294612550048809707e+00
1.273995928333050198e+00
1.288154917093561336e+00
1.295608757176152759e+00
1.287580156371068263e+00
1.288027916592241473e+00
1.288008900955612379e+00
1.277732601481209818e+00
1.275192855709961215e+00
1.268711935615259856e+00
1.260966014135670665e+00
1.281041544229319706e+00
1.298132366052987097e+00
1.308146747070386695e+00
1.314473183019132740e+00
1.321109690262713965e+00
1.323115879886116231e+00
1.309047806052904050e+00
1.328855920035126426e+00
1.315135204397533508e+00
1.326159817191677748e+00
1.309200422962878640e+00
1.309273187014742046e+00
1.333380395956297759e+00
1.332061122226121164e+00
1.340678521538814172e+00
1.362767587890373555e+00
1.370040260335549043e+00
1.350174464221849835e+00
1.356251716459591528e+00
1.357221806334602432e+00
1.340422980062398572e+00
1.361112835535545740e+00
1.379286683876168595e+00
1.372145969366325602e+00
1.385400981512683760e+00
1.381287721489358855e+00
1.384232445838860848e+00
1.389770515565757814e+00
1.398357638805647341e+00
1.386604855132279823e+00
1.377934043299829714e+00
1.376910183735130300e+00
1.366669909939218774e+00
1.373431718443541838e+00
1.367592195041095415e+00
1.366332411707280592e+00
1.383945438170316455e+00
1.357428141585317771e+00
1.355144293581026060e+00
1.358046049948637757e+00
1.328990253817025291e+00
1.328765712225274509e+00
1.332985882402070610e+00
1.339907588911495973e+00
1.336195198716957577e+00
1.354179929418830586e+00
1.331289374039923423e+00
1.312495014689920136e+00
1.302561566833269957e+00
1.306620708937247244e+00
1.298452045613851524e+00
1.292966759954143452e+00
1.289919549422785305e+00
1.287449402904818463e+00
1.286049926979249358e+00
1.312209870060338401e+00
1.321093893583867418e+00
1.319164517010043003e+00
1.322456892437959164e+00
1.308084802167862826e+00
1.315120235764759338e+00
1.316394295923557278e+00
1.342470834310272698e+00
1.354948529599602214e+00
1.361252454815211843e+00
1.380030551288506269e+00
1.380523698860636639e+00
1.391666954919651422e+00
1.379806854928991244e+00
1.390998014015487616e+00
1.388159897372138296e+00
1.394778746535317637e+00
1.380079528918199072e+00
1.393413145718134682e+00
1.386111407444135191e+00
1.400159713213891211e+00
1.415928828390856875e+00
1.414330451125461741e+00
1.399331587548415801e+00
1.417451593424116307e+00
1.411068214733429693e+00
1.411263782168528103e+00
1.434501460941637996e+00
1.437814806018907543e+00
1.438462364252284242e+00
1.436702801058377776e+00
1.413052013677642993e+00
1.391405932469696793e+00
1.377161834732961054e+00
1.362231058445824594e+00
1.353258814109390862e+00
1.340471443877226942e+00
1.332131326089822210e+00
1.328665719490779606e+00
1.336498114934683956e+00
1.340888583082384233e+00
1.347179366891430474e+00
1.370809871222595122e+00
1.350423320566911833e+00
1.354402817418534966e+00
1.347959380326874346e+00
1.333755298993806626e+00
1.352619294339687972e+00
1.345997685288428114e+00
1.346168984549760195e+00
1.346500827506357689e+00
1.335597660728986114e+00
1.308645191007577147e+00
1.308924583121561236e+00
1.306032595432057519e+00
1.297847294240214611e+00
1.317143538585388907e+00
1.322418793772112577e+00
1.343512552195622600e+00
1.356428043009569873e+00
1.346684940667878472e+00
1.345025658968032278e+00
1.353837137001776103e+00
1.375673671938689724e+00
1.372667649835206616e+00
1.356314561613739977e+00
1.356270487655761636e+00
1.336491923664115289e+00
1.359098969513473865e+00
1.346791614791167824e+00
1.351318196720087572e+00
1.340732862753930776e+00
1.312266912062240554e+00
1.331279290676891769e+00
1.319550811682257407e+00
1.315972018858568626e+00
1.311654181993611390e+00
1.307063249389966098e+00
1.287862345355073712e+00
1.307326822103289432e+00
1.324508368249425194e+00
1.327058397396763123e+00
1.332935000081385324e+00
1.326135077646451332e+00
1.318992787713816117e+00
1.328338652690480126e+00
1.329767987477795455e+00
1.329901918441216635e+00
1.322659926177938372e+00
1.319209016284208724e+00
1.321164950837870222e+00
1.321152735366401210e+00
1.320052270332934263e+00
1.315879162489348664e+00
1.330952728341812330e+00
1.327354647042567670e+00
1.340621279855234604e+00
1.360250465998835034e+00
1.344156989962188575e+00
1.343370279645435872e+00
1.342056526484098677e+00
1.362745362128480631e+00
1.369015849762527548e+00
1.387301713685625826e+00
1.371669492559872694e+00
1.355535252071910390e+00
1.332690485305148664e+00
1.315359742273652488e+00
1.310923083983815296e+00
1.300034588077927600e+00
1.312977741700573908e+00
1.326338356509564331e+00
1.332379182289697983e+00
1.317925921705525250e+00
1.319391688179426758e+00
1.305344717825688505e+00
1.300366928835874125e+00
1.320195087560535718e+00
1.313059186919298904e+00
1.298525395746270350e+00
1.277387426365688139e+00
1.273216846615411901e+00
1.270984372601211110e+00
1.269794480393661162e+00
1.295408101852597804e+00
1.306426683691704449e+00
1.295963524613081175e+00
1.287671427561823734e+00
1.264779079021813635e+00
1.281910313431837478e+00
1.299281357471745224e+00
1.311114018840533246e+00
1.329506193111026136e+00
1.337886872265757976e+00
1.357479840694129081e+00
1.352768752024178234e+00
1.362376653447809671e+00
1.358853971462051780e+00
1.376950713270653548e+00
1.363569680363071246e+00
1.392774277586027010e+00
1.376599530818116701e+00
1.354726707723872492e+00
1.345461391605303314e+00
1.343319115607885195e+00
1.356468098882064321e+00
1.353263705455609589e+00
1.358700105489658583e+00
1.386694119398325098e+00
1.365520980806712581e+00
1.345924779994847720e+00
1.350335822454458157e+00
1.353521488577540399e+00
1.381163467775334608e+00
1.378135365321780270e+00
1.379915057466932327e+00
1.387403331353253222e+00
1.387938527707653913e+00
1.381195664559869751e+00
1.393277346012698370e+00
1.389222655353319347e+00
1.374234153921070067e+00
1.372348293968224109e+00
1.372273181679346088e+00
1.387661245793340603e+00
1.373196861867275409e+00
1.396039055733203416e+00
1.401397271922244059e+00
1.427734198575643321e+00
1.428512771716863305e+00
1.422502398503353582e+00
1.421903047544375909e+00
1.398726734882490108e+00
1.371296544664328154e+00
1.361290192341562566e+00
1.376772347408390829e+00
1.386379138475553052e+00
1.393346910321541454e+00
1.398596429720526446e+00
1.391203171233895253e+00
1.382258992404425513e+00
1.378703954419704614e+00
1.385661207375550319e+00
1.392475219452377955e+00
1.365613824910738794e+00
1.356735585568191294e+00
1.377292293263563394e+00
1.373496593351413830e+00
1.360744476632108180e+00
1.362098111832716896e+00
1.370418163992185301e+00
1.364903210185117288e+00
1.358767136128467889e+00
1.331908404707198956e+00
1.332272599530976764e+00
1.359699870059237758e+00
1.364205535970060890e+00
1.367783444486623923e+00
1.381956016898891804e+00
1.404416734083655971e+00
1.394745438659112047e+00
1.371114642316289656e+00
1.375063332997239041e+00
1.378407835371805890e+00
1.365448307024034413e+00
1.350181735930837679e+00
1.349444063446484599e+00
1.341466962744194413e+00
1.333197467567347250e+00
1.337166122596448181e+00
1.346398679356164196e+00
1.325766772076714339e+00
1.324781354420790702e+00
1.339605017483596061e+00
1.322627647500519199e+00
1.324988051034988068e+00
1.318000512655779888e+00
1.344312070964351680e+00
1.349670430211655558e+00
1.365412214511599220e+00
1.354930474682494168e+00
1.354991758407610103e+00
1.376686697898079181e+00
1.380178145731197237e+00
1.369789048186020652e+00
1.374600344700395160e+00
1.372797645085814144e+00
1.354778663294345042e+00
1.348072021795331921e+00
1.371424022864785153e+00
1.388420309660771901e+00
1.386713255229668151e+00
1.389004031064192013e+00
1.387730549850457962e+00
1.384841486478738837e+00
1.392525253633159599e+00
1.415079391195706915e+00
1.419262477122148702e+00
1.403679718396914300e+00
1.424576077731673163e+00
1.413523381435199067e+00
1.426540352532790212e+00
1.419724917981748824e+00
1.448361739336623266e+00
1.460581271227882505e+00
1.454901225974207568e+00
1.438128103877064801e+00
1.422078052649747626e+00
1.429178325121146731e+00
1.425961799552606601e+00
1.416598802357279530e+00
1.426134698819154778e+00
1.445831298480828808e+00
1.446300108226599823e+00
1.446235535895514790e+00
1.439514370505786012e+00
1.443719027946383626e+00
1.453414300049921337e+00
1.443130267204206341e+00
1.457398817139116343e+00
1.452249799973445610e+00
1.443709106725381108e+00
1.443582173563165094e+00
1.441550085998163144e+00
1.419333099758328887e+00
1.431901047911941172e+00
1.439822530639798925e+00
1.445731657401570169e+00
1.429544586401414463e+00
1.405436850779767877e+00
1.407428917773231980e+00
1.423942171780989030e+00
1.440784326882573074e+00
1.443256325950579955e+00
1.447004043433677056e+00
1.455190092623083631e+00
1.469169651843258873e+00
1.474801083521017908e+00
1.454477215498473974e+00
1.443654665473912413e+00
1.469001920263428129e+00
1.476539106756102004e+00
1.461176484153687394e+00
1.469252164108758363e+00
1.475483990613153829e+00
1.478279968715757509e+00
1.459858854143337714e+00
1.448469184916782337e+00
1.460452606121611652e+00
1.474382339835808242e+00
1.468845970412573809e+00
1.454729462894965630e+00
1.438846706914435059e+00
1.456561604409758459e+00
1.473447842184611556e+00
1.487298836531117052e+00
1.492449378602851429e+00
1.476651437270993572e+00
1.463622958286667330e+00
1.472760895163155892e+00
1.485856109009583204e+00
1.465822260102709995e+00
1.463991489880418051e+00
1.470921963313669201e+00
1.447938935351270162e+00
1.444492255146068382e+00
1.424368976204005710e+00
1.444064329409719294e+00
1.453557094155538243e+00
1.432516073529547240e+00
1.434620177210178538e+00
1.432419454084059129e+00
1.454095177978456332e+00
1.446370510912003748e+00
1.450843232430472529e+00
1.449106777390505973e+00
1.457399386556494925e+00
1.463908498088842824e+00
1.448447975252444175e+00
1.449717850380903617e+00
1.436172360096004796e+00
1.454120760272880952e+00
1.460068821868648614e+00
1.458491264345909366e+00
1.440555397970722629e+00
1.420783263905536886e+00
1.431015904776904213e+00
1.433845836813493868e+00
1.432399174269611608e+00
1.460405147424933547e+00
1.444723279756046974e+00
1.444762855521988243e+00
1.431483706241222897e+00
1.434852015104594258e+00
1.437411891431887634e+00
1.437538823473763383e+00
1.455661443141551770e+00
1.428008508313087566e+00
1.424742796579284043e+00
1.404290155674940088e+00
1.405151613305186231e+00
1.392981260797864218e+00
1.381781290346181246e+00
1.367379068092492878e+00
1.364868841678812617e+00
1.362832002093238293e+00
1.343229291699769901e+00
1.326724920384973805e+00
1.320234003290164715e+00
1.325872742598805942e+00
1.340715894783172546e+00
1.347082121082135542e+00
1.333228280418284895e+00
1.330940892362318051e+00
1.337100782306698932e+00
1.318455092461045641e+00
1.324007297704069996e+00
1.310446242894260482e+00
1.310612647513339724e+00
1.330363652017900522e+00
1.310822393409088349e+00
1.308762217082456658e+00
1.326164927582380582e+00
1.318028670319936868e+00
1.343347498489162017e+00
1.347902300606598658e+00
1.348629792816059769e+00
1.377266821860661183e+00
1.395745562251647032e+00
1.389779708912152634e+00
1.394365436621212373e+00
1.402062602875492114e+00
1.415839739191694147e+00
1.433880123853984445e+00
1.453146646168075540e+00
1.451565535526611050e+00
1.432551333756028056e+00
1.426443099176745832e+00
1.434968951706417473e+00
1.410129278849438617e+00
1.430438669548516728e+00
1.427873044508277234e+00
1.420592513235544141e+00
1.420648765523555568e+00
1.394104615686640791e+00
1.402494161005052753e+00
1.414847962694837813e+00
1.414144293000312080e+00
1.410425190989968769e+00
1.404448820914701912e+00
1.395655829135236781e+00
1.389684800155700284e+00
1.374154148700963862e+00
1.357408000115714275e+00
1.347332177317351665e+00
1.329109149528789668e+00
1.315717570118268398e+00
1.319730113162267626e+00
1.312586372740582874e+00
1.300673130380105569e+00
1.276958091435271392e+00
1.288871969624312275e+00
1.306548083344628353e+00
1.312833009978967125e+00
1.344570621653884857e+00
1.350213285938416385e+00
1.363920438527520762e+00
1.376967358398978547e+00
1.392826967581537456e+00
1.403422051851314967e+00
1.404479899025993017e+00
1.380180186681968957e+00
1.387156932114220309e+00
1.388154826674651066e+00
1.368744037338855302e+00
1.368760495488848816e+00
1.371909464048295835e+00
1.353524280673197300e+00
1.367440763681546878e+00
1.374995398085854692e+00
1.388952425422482317e+00
1.398113419455216500e+00
1.384119121914402228e+00
1.369265185966346499e+00
1.348190619798868894e+00
1.353338498055408179e+00
1.354873843919875753e+00
1.345778781570122540e+00
1.335365144714130592e+00
1.323009790880194769e+00
1.324696854887634334e+00
1.318747562631094494e+00
1.308588011541382823e+00
1.277216096113700905e+00
1.282285218039984631e+00
1.274048390681660869e+00
1.275581821978321928e+00
1.255735864166528382e+00
1.286414893072721943e+00
1.317973173893650873e+00
1.322657599355263836e+00
1.333010122691491217e+00
1.336822146365386210e+00
1.324694419704630199e+00
1.328931795411226968e+00
1.340959907880473034e+00
1.328681417753746929e+00
1.327635081190838395e+00
1.336894192125149594e+00
1.353925672349699072e+00
1.353071891381119718e+00
1.362142086199749080e+00
1.377898862496756305e+00
1.379850803723931651e+00
1.374128054368409790e+00
1.385175690301073459e+00
1.386393796846104864e+00
1.395866658410216399e+00
1.415024106838639995e+00
1.416893188087704258e+00
1.421563953314362916e+00
1.424845209087187037e+00
1.442961637097607275e+00
1.411500191996437836e+00
1.396852725707390164e+00
1.397900756880007478e+00
1.395526898790196535e+00
1.399051040363663123e+00
1.416998011513771250e+00
1.417334892348583342e+00
1.419995704886005683e+00
1.439313489227260989e+00
1.446325006023400084e+00
1.456922503819255033e+00
1.449440223037506525e+00
1.452778147684477661e+00
1.451755804612996581e+00
1.462075436878853774e+00
1.467200545720010574e+00
1.468739372394530784e+00
1.449604291023130598e+00
1.460296219326546074e+00
1.479382206338045513e+00
1.470365691966549315e+00
1.467643964147902214e+00
1.484635928734467258e+00
1.493963144037562918e+00
1.491736071127141017e+00
1.513355828721292484e+00
1.502981267396068521e+00
1.507149401644722886e+00
1.506363173154264601e+00
1.542836579892434834e+00
1.535593435546133811e+00
1.544912414508377241e+00
1.530496491352704380e+00
1.528716007208273719e+00
1.541292870012350269e+00
1.517168211700912206e+00
1.538113964844592729e+00
1.550949879593576330e+00
1.545496176003989808e+00
1.516934739725729342e+00
1.505673102903268834e+00
1.518182689134473851e+00
1.534709978550371279e+00
1.520274110490827502e+00
1.512291829232335516e+00
1.518846858856917059e+00
1.505325666725126021e+00
1.488805440332447771e+00
1.475497451282166583e+00
1.475314157606185228e+00
1.478875424866960442e+00
1.494072120525079095e+00
1.468217341513995855e+00
1.448922437589323486e+00
1.410127193278134961e+00
1.400693850029557375e+00
1.376212295530723884e+00
1.363306053654008920e+00
1.356895486976300136e+00
1.335273126375334574e+00
1.340864066865840476e+00
1.338270317285527256e+00
1.356617668402708254e+00
1.357615455613804700e+00
1.370874522733223744e+00
1.382542153218218495e+00
1.367195349499573664e+00
1.352302501208113572e+00
1.362221497655030644e+00
1.356287954849031641e+00
1.345153403622765254e+00
1.336705948772694885e+00
1.330542742655977939e+00
1.359048116597144862e+00
1.351385220727285175e+00
1.354694082325243132e+00
1.330874297136673157e+00
1.349215825276062208e+00
1.360701748133610334e+00
1.383597120283006188e+00
1.415145367498178430e+00
1.435332728715975614e+00
1.437134392831051599e+00
1.442554346064333304e+00
1.472709833809946911e+00
1.500545703019605659e+00
1.473548600097445149e+00
1.459789657234864313e+00
1.463218770261527357e+00
1.444544307970553776e+00
1.454061865927924968e+00
1.446749059909711033e+00
1.452515534622645266e+00
1.439460757979325267e+00
1.431740747182139950e+00
1.437684385436706069e+00
1.459390621939609556e+00
1.469111987621355864e+00
1.443089381635767499e+00
1.449168667664626486e+00
1.419005905850069915e+00
1.423146109811772142e+00
1.420280605711582655e+00
1.419012140029699554e+00
1.424906324186206996e+00
1.392289898261801495e+00
1.393990596705736440e+00
1.407374469328188216e+00
1.409013763046944590e+00
1.397200624581604878e+00
1.358711001492925785e+00
1.369816981103722187e+00
1.369062040443235206e+00
1.360814466706362635e+00
1.359777651811181709e+00
1.360925821510457379e+00
1.388090838383338133e+00
1.386213578336961794e+00
1.383047903642194765e+00
1.390194348051840834e+00
1.399241637817958850e+00
1.399998912795706874e+00
1.407140210286113469e+00
1.399174161184094434e+00
1.416015275644387339e+00
1.452284882690658030e+00
1.463880310523933970e+00
1.453119531524658559e+00
1.452150398570113854e+00
1.444614650697969349e+00
1.438757226375433795e+00
1.430535723711634732e+00
1.416233629049256093e+00
1.389379163741201406e+00
1.374844553892773602e+00
1.403365658196941812e+00
1.422470025230159196e+00
1.400276519574813250e+00
1.401970807507720629e+00
1.428419170071817179e+00
1.401166920437953767e+00
1.385043932260124677e+00
1.385182260322102454e+00
1.399887771322252616e+00
1.397010195397227816e+00
1.376044380417478674e+00
1.385663866393337385e+00
1.387328311328618780e+00
1.398145516196462212e+00
1.373830367277378617e+00
1.375661128840909964e+00
1.390390093350843292e+00
1.418874008351939553e+00
1.412335829918320407e+00
1.388106228756494032e+00
1.414305346486829595e+00
1.425470876793301755e+00
1.449726722577600713e+00
1.484409660031045686e+00
1.488084701433640022e+00
1.470997845128230397e+00
1.444457016629273616e+00
1.451808485063512677e+00
1.448242801555796877e+00
1.442368369964400765e+00
1.452338373867989141e+00
1.472754946593155312e+00
1.474187866479898634e+00
1.468118871629874533e+00
1.451735424804016406e+00
1.471494523932852738e+00
1.467241030455827433e+00
1.489140042868785985e+00
1.513278312118811142e+00
1.513373893295695716e+00
1.496428604560828823e+00
1.487531453331353504e+00
1.473585897420823132e+00
1.486005316181220781e+00
1.507070520845723349e+00
1.488628480180728131e+00
1.472553861484664273e+00
1.461176797160346652e+00
1.448793363231604348e+00
1.460316228163605068e+00
1.462028583488274691e+00
1.495456513600267101e+00
1.494098912418927672e+00
1.506751753924804760e+00
1.502208046278308951e+00
1.507072763138179061e+00
1.495976977554732468e+00
1.509714386195793567e+00
1.497644184582023863e+00
1.516429336294028429e+00
1.512626159789138391e+00
1.506433453065000094e+00
1.493263100789349762e+00
1.469199872449133526e+00
1.467066046932636647e+00
1.473450979773627045e+00
1.460273596790887751e+00
1.477172511684084144e+00
1.480133139944461496e+00
1.469968681926137499e+00
1.490601906705412816e+00
1.506552771407628999e+00
1.509503606334674064e+00
1.507408063871802373e+00
1.520141859084515490e+00
1.521578615136548018e+00
1.506473778317115375e+00
1.529524135273957697e+00
1.518320807045831167e+00
1.533771691547546556e+00
1.527509345016871745e+00
1.529405722532040768e+00
1.527717877106573363e+00
1.551051094590539803e+00
1.554557163477725990e+00
1.545546854409462600e+00
1.544990731301935760e+00
1.530011102263471257e+00
1.522458175746492781e+00
1.524782961134789616e+00
1.521407805863205454e+00
1.531630021630468130e+00
1.500528147531513978e+00
1.506276395592620609e+00
1.496111286770547277e+00
1.498604291456021587e+00
1.490331382285561501e+00
1.486631150842682825e+00
1.486759260456264720e+00
1.492216691572955778e+00
1.489451121888110352e+00
1.478867922602446150e+00
1.458699259616264010e+00
1.461933894786416444e+00
1.453761729301829897e+00
1.464342159165822332e+00
1.467421427838574655e+00
1.453143174945071614e+00
1.446929333771484361e+00
1.450988976139309328e+00
1.456921443261389282e+00
1.444431750915670998e+00
1.438657214500008052e+00
1.447535146483702517e+00
1.456200065653402653e+00
1.449983932796113262e+00
1.467872554908320692e+00
1.487233538714672898e+00
1.474654304681263461e+00
1.477524782283379245e+00
1.450337491458274508e+00
1.460830624628636665e+00
1.474840424673662831e+00
1.470062144555061234e+00
1.449625680888870560e+00
1.482110007172394939e+00
1.503963880484548765e+00
1.495735158538132881e+00
1.480253695363793698e+00
1.486939287025854872e+00
1.468904873619637064e+00
1.456334957416744125e+00
1.433983867995933581e+00
1.441148118435300329e+00
1.431459564905005699e+00
1.437624248778615055e+00
1.439677249970377826e+00
1.450215504650244958e+00
1.451876366672945284e+00
1.441775628595943326e+00
1.450569866284936893e+00
1.432827348324608341e+00
1.414737600598648060e+00
1.425256160381262571e+00
1.446067372119457239e+00
1.455927972087473377e+00
1.463781233346583166e+00
1.432101316161320526e+00
1.413483387776752087e+00
1.402434327502150913e+00
1.395846575319557914e+00
1.370144958447641947e+00
1.381114692679443090e+00
1.373088457156838027e+00
1.374784333366001698e+00
1.385350960957388855e+00
1.399131164862360110e+00
1.427181694983694182e+00
1.428167555660277532e+00
1.420858413653651731e+00
1.437988148209141004e+00
1.450478378611265606e+00
1.451869855121238784e+00
1.444506071257687596e+00
1.447582925367689510e+00
1.448646187362818694e+00
1.429870310893185170e+00
1.438252182950983782e+00
1.427718095080261929e+00
1.403728995162276005e+00
1.392305991048284675e+00
1.378336105124200017e+00
1.403497181712491049e+00
1.433481330104349860e+00
1.447137736434265909e+00
1.431210723366092230e+00
1.451473155744655408e+00
1.453106637351258668e+00
1.479029278324343943e+00
1.463050777097571808e+00
1.463416575727245705e+00
1.447011391685203208e+00
1.433632626165174617e+00
1.425123485488565489e+00
1.434935604919201024e+00
1.413229537988397677e+00
1.410695309078829007e+00
1.435236792647922588e+00
1.443529401961155756e+00
1.466709366838894635e+00
1.461480977917386959e+00
1.487116360424648898e+00
1.486477853451602549e+00
1.501093664184601995e+00
1.517556441919289956e+00
1.515397395541216108e+00
1.493436966039315861e+00
1.487106045428749246e+00
1.490207161105423950e+00
1.506480315215122490e+00
1.505445611002558470e+00
1.483738725873823050e+00
1.477027462399750801e+00
1.458291053162738660e+00
1.458686447380770801e+00
1.460498817933703286e+00
1.462206175421483234e+00
1.461591527859117390e+00
1.466664224785775517e+00
1.455528190482962447e+00
1.454131833227194415e+00
1.462741168455560459e+00
1.428707556624881025e+00
1.431198831112187708e+00
1.400566130191813308e+00
1.406846355138822835e+00
1.396845656227052146e+00
1.408356079917584269e+00
1.394323595649404446e+00
1.390853703572779709e+00
1.394937602973374657e+00
1.421095831039779878e+00
1.437149235547849901e+00
1.422298571272851531e+00
1.399130463384971712e+00
1.386521332345198365e+00
1.412911178977121818e+00
1.418892163451855648e+00
1.419480609058449083e+00
1.417964387813609894e+00
1.432338065869317223e+00
1.421641621569589287e+00
1.412300206470947117e+00
1.407461514573678629e+00
1.427146982964050403e+00
1.424164886386461326e+00
1.401717873909853918e+00
1.393665182581914630e+00
1.390618413445204649e+00
1.402373000381072821e+00
1.403880049921973239e+00
1.401281928195829529e+00
1.380890508178907572e+00
1.389870708242160191e+00
1.401775761492809469e+00
1.416386303425164250e+00
1.410542966422869249e+00
1.398135510309957974e+00
1.404915336650414570e+00
1.421388208930801644e+00
1.431101754725830011e+00
1.433962435677853975e+00
1.410717197399796508e+00
1.424539807973841166e+00
1.419420633124716780e+00
1.389015201441844871e+00
1.391535773628452155e+00
1.400381565884814661e+00
1.384224853121419851e+00
1.367532499074302299e+00
1.371400604285381242e+00
1.373591855071252477e+00
1.376762037839825092e+00
1.367550648881848296e+00
1.360759208904101625e+00
1.360587215050040433e+00
1.358427749772297632e+00
1.383936543733237601e+00
1.369835342807175005e+00
1.364873696085140642e+00
1.355057820690693582e+00
1.345746955287591362e+00
1.327331912734876385e+00
1.333839650111595665e+00
1.331157381852131394e+00
1.337416982652043673e+00
1.314308282040484110e+00
1.338493690391346913e+00
1.335866305122840103e+00
1.348833577525182292e+00
1.345007598022850415e+00
1.358134302753506217e+00
1.368390268724201109e+00
1.383913459846458194e+00
1.389886211971769425e+00
1.384937803866071349e+00
1.384883354722796556e+00
1.390140287569495259e+00
1.397689369875971366e+00
1.404322155032638575e+00
1.408129969410877980e+00
1.409068468609308677e+00
1.377479443020956262e+00
1.393478687097450930e+00
1.392691312742195153e+00
1.405207452268517176e+00
1.413989323945959775e+00
1.427762563540524221e+00
1.423201579775012826e+00
1.415909749645438698e+00
1.406983066521560133e+00
1.444854626164850719e+00
1.460297507733513411e+00
1.464631625650206326e+00
1.462021324891504603e+00
1.470842956627842257e+00
1.462306616176669571e+00
1.462152678122389249e+00
1.462085181462165595e+00
1.484812015438571331e+00
1.495049498172532854e+00
1.497212745546283585e+00
1.482977856265417227e+00
1.479112046574520223e+00
1.492997583186137289e+00
1.477491313493415115e+00
1.472615533361252282e+00
1.493962122700119854e+00
1.497472862172764652e+00
1.482397768446679809e+00
1.474437649626205493e+00
1.457650409773143974e+00
1.453599268919677723e+00
1.462677483818686230e+00
1.462165219468947619e+00
1.467295439821011849e+00
1.457668964443926463e+00
1.422698514644276102e+00
1.402335952691527554e+00
1.380701551846114317e+00
1.397823001992021474e+00
1.408048589437912446e+00
1.415352305649100417e+00
1.387868518443587273e+00
1.368799149092580381e+00
1.368583446950224713e+00
1.367924434695394931e+00
1.377116018066617542e+00
1.393031715376027213e+00
1.380976603991747487e+00
1.381073750278082102e+00
1.402493825870470889e+00
1.394144019533038570e+00
1.396074654126722825e+00
1.428433065203603913e+00
1.438301684143172610e+00
1.436498496911841283e+00
1.422647531551592293e+00
1.423818621560309472e+00
1.405104851743933070e+00
1.403015299193969723e+00
1.388324444419198223e+00
1.404622210116305059e+00
1.415857243846667446e+00
1.434751577382766596e+00
1.433571520787775277e+00
1.417272217288536584e+00
1.412535044111518978e+00
1.440116265949157315e+00
1.449126506897644662e+00
1.459055484880504627e+00
1.474070849281758688e+00
1.482253440516553944e+00
1.453851208980134535e+00
1.442354166976978824e+00
1.455277572172898770e+00
1.430269285949730573e+00
1.452412221909856083e+00
1.448811970822376116e+00
1.431858738171054135e+00
1.417710511318905686e+00
1.446887799449327661e+00
1.448283036791806699e+00
1.426528908503396087e+00
1.431101757646382699e+00
1.446895753178947919e+00
1.448234395339003777e+00
1.451756619535967463e+00
1.473056002668628128e+00
1.471924902422640402e+00
1.464508358679331712e+00
1.473213955061308367e+00
1.454460892287271712e+00
1.461404953136349993e+00
1.447440062524754989e+00
1.420275086190866398e+00
1.428824595862972169e+00
1.428645763758196185e+00
1.447737435140641793e+00
1.456575269668389128e+00
1.450136565640661512e+00
1.465482294532946206e+00
1.452519368413521583e+00
1.466896280595689772e+00
1.477128393251843752e+00
1.485236565430854805e+00
1.462183277094350808e+00
1.477214700727546459e+00
1.477438475557322439e+00
1.517294772774697487e+00
1.486510702210700252e+00
1.490528563966066589e+00
1.502846276242404633e+00
1.483505397288555683e+00
1.489844087534152317e+00
1.476470724976270521e+00
1.470806383442292420e+00
1.485996367956819109e+00
1.464333454020705583e+00
1.462082500575805577e+00
1.485382758726585317e+00
1.474708802580912748e+00
1.457357182028821585e+00
1.459465047609762145e+00
1.476260351433060114e+00
1.457643698488926498e+00
1.465034379458145519e+00
1.450700383320690179e+00
1.435361510250327655e+00
1.419440432164343235e+00
1.403797575637661499e+00
1.420137787353600078e+00
1.404477104571874468e+00
1.425950937877269453e+00
1.396500780069610759e+00
1.410956576390550943e+00
1.392325724056732383e+00
1.377692029240511262e+00
1.378991997622452281e+00
1.364448926029244058e+00
1.381411474736957246e+00
1.368016740298045653e+00
1.375801420016841803e+00
1.399717324233801685e+00
1.391662907630517587e+00
1.376764605556241250e+00
1.370934022076979897e+00
1.387012462353058195e+00
1.389143531579288160e+00
1.385841848581941038e+00
1.411801759677712376e+00
1.389550512241629843e+00
1.424756363581766827e+00
1.419686765269787543e+00
1.421482612112052957e+00
1.431798383089982085e+00
1.409966332117278398e+00
1.437534249106637407e+00
1.430192901204219380e+00
1.425637392190618025e+00
1.412167651689904435e+00
1.413423465423944814e+00
1.402329399409842692e+00
1.398147675930773159e+00
1.403103002798490540e+00
1.405910583847327144e+00
1.427223610523152164e+00
1.408651087464120044e+00
1.406268144871839709e+00
1.425832678169234535e+00
1.439085695466575832e+00
1.436042254078047975e+00
1.454805484182936759e+00
1.446785309494977856e+00
1.430000480662875662e+00
1.422699274361034938e+00
1.448357795520551328e+00
1.427887918512636523e+00
1.433536181230246953e+00
1.444390833683549591e+00
1.448547751077709167e+00
1.459276279731603454e+00
1.434263767736121187e+00
1.421706282463977900e+00
1.427922985683069301e+00
1.442582251710685215e+00
1.439018299820129299e+00
1.446451205556242403e+00
1.468173218617322195e+00
1.463528958326913987e+00
1.429982928054222446e+00
1.411689667663512004e+00
1.431621970420103862e+00
1.421984767021806650e+00
1.411763724610677340e+00
1.389099658174728136e+00
1.391325001428762365e+00
1.377205486727073325e+00
1.402082320947550365e+00
1.417404110614111312e+00
1.412168709154545176e+00
1.406753698707588596e+00
1.406371171559427813e+00
1.401501687838630161e+00
1.406038783905603218e+00
1.416681766985942836e+00
1.424569379841314376e+00
1.447495390885684907e+00
1.449591824248012362e+00
1.450192465632777594e+00
1.448815423986636652e+00
1.438772542216592898e+00
1.442643113843659286e+00
1.428048951655338961e+00
1.437231830319529280e+00
1.462918396474831795e+00
1.490951527059244164e+00
1.475930374717064453e+00
1.467298653506135642e+00
1.483588517678394725e+00
1.502101411759019234e+00
1.505719208760090133e+00
1.500003493018478240e+00
1.470490087841147320e+00
1.476995884639663581e+00
1.471659922285086131e+00
1.467402290400616094e+00
1.461131219994927788e+00
1.461949283502028241e+00
1.451398195917769085e+00
1.437347678137440798e+00
1.430065916778044066e+00
1.416118477698294464e+00
1.430987810902847768e+00
1.431711086233162789e+00
1.434846082059484607e+00
1.465319292030815568e+00
1.468516701361304078e+00
1.470320965952254033e+00
1.470338577517297685e+00
1.472692291871889436e+00
1.460451612726879400e+00
1.473915173360141884e+00
1.483342955069308466e+00
1.480802580228991250e+00
1.486932715429374330e+00
1.502259102210384833e+00
1.507049356706756438e+00
1.497656898105882872e+00
1.503734505115814635e+00
1.503291102113356592e+00
1.501954450066164792e+00
1.502305075323049799e+00
1.502332698621141382e+00
1.486994567111660448e+00
1.504726266449813332e+00
1.497250417583783966e+00
1.491479174365867966e+00
1.476303542223203591e+00
1.465473564925958261e+00
1.464750193724867477e+00
1.458232372700543733e+00
1.460463264971324060e+00
1.467081148267913804e+00
1.468989825133680815e+00
1.467145264262013749e+00
1.461852356949228104e+00
1.472962471628948888e+00
1.461973601710600201e+00
1.456483752787590014e+00
1.431016334525108569e+00
1.411090343678479853e+00
1.404744951211494230e+00
1.405200207613574337e+00
1.368616162229773447e+00
1.375962052418657322e+00
1.369764458964237708e+00
1.361565147691667255e+00
1.361889174872837449e+00
1.383922065992458261e+00
1.374638205141871516e+00
1.378409694106551120e+00
1.374316879582446305e+00
1.357318315838490719e+00
1.370980819566255393e+00
1.368485957545800158e+00
1.392799160435286510e+00
1.370162274941220781e+00
1.342140256270906828e+00
1.343047416019964801e+00
1.342961017317399586e+00
1.330416834244438684e+00
1.314782422810556017e+00
1.330229705681555075e+00
1.313570398717200938e+00
1.334646375139594943e+00
1.332749718261137861e+00
1.317637009111056523e+00
1.323313179065581879e+00
1.334679008558293356e+00
1.331383226298828104e+00
1.328974993138781313e+00
1.340008330836039097e+00
1.350677886812266859e+00
1.344675864971849100e+00
1.340249401085507497e+00
1.344568844534241192e+00
1.379181510021270540e+00
1.400007481456685632e+00
1.387862344580448326e+00
1.381398760168557338e+00
1.371775605232986361e+00
1.419291619793050296e+00
1.426149792205130717e+00
1.400923872588208718e+00
1.407641544907483722e+00
1.429042040118128298e+00
1.438612351521178834e+00
1.436522834452644171e+00
1.443638232552776346e+00
1.446391379274562849e+00
1.439437769304156900e+00
1.460809290038687758e+00
1.476225979627179496e+00
1.473015733308867370e+00
1.466303138773458858e+00
1.490697753235728618e+00
1.515224986754563297e+00
1.517399962960436888e+00
1.509417525961558537e+00
1.508645682161126711e+00
1.500237438977736870e+00
1.498393208549888778e+00
1.489329229411455069e+00
1.513284337009483949e+00
1.525715342810665787e+00
1.526911376876578297e+00
1.488402224017254083e+00
1.505044184280842190e+00
1.543832478587063406e+00
1.530820275316185031e+00
1.511163036748810251e+00
1.490310091803982440e+00
1.470076753883348131e+00
1.483462552160215830e+00
1.475956003673898786e+00
1.487349161481707815e+00
1.481678887396984390e+00
1.458074165972786496e+00
1.474553264413247744e+00
1.493704484853523473e+00
1.477913950305553614e+00
1.445015324354633757e+00
1.420383097141305395e+00
1.433026384952332144e+00
1.444949189553438318e+00
1.474192472184150615e+00
1.470477546426818938e+00
1.482808341091938598e+00
1.494245259220889244e+00
1.496809837132513366e+00
1.476723702821488349e+00
1.470708285594786391e+00
1.461626652322791431e+00
1.456314707622378801e+00
1.451000580076462043e+00
1.480465985055292144e+00
1.479019238815828530e+00
1.498442272954775722e+00
1.520116646692197371e+00
1.506260271088296854e+00
1.499566113659087208e+00
1.491031971514444443e+00
1.498530985498642609e+00
1.484555055422768222e+00
1.457097369382051921e+00
1.459500044630369864e+00
1.454469636052465376e+00
1.475753532656872702e+00
1.471203106130575700e+00
1.455426771862303292e+00
1.438099107898360263e+00
1.427513894376658321e+00
1.450397171236390115e+00
1.436854326504659607e+00
1.414216689756949030e+00
1.418885413140442919e+00
1.432090942871664163e+00
1.438342419642268943e+00
1.430467846040652136e+00
1.429940509636325352e+00
1.420498404177147345e+00
1.425840404942208650e+00
1.398833304376244202e+00
1.377690978659891652e+00
1.388562151247401344e+00
1.387649585581095302e+00
1.381013578604305403e+00
1.384948363637815705e+00
1.405966221962300144e+00
1.419082102562056136e+00
1.415285670927950656e+00
1.449320357227258382e+00
1.463831465987260438e+00
1.457683873545447373e+00
1.450800385282076332e+00
1.443295282573157312e+00
1.464574843615185085e+00
1.430228662133801176e+00
1.423911467907314599e+00
1.429443217236523456e+00
1.427344273224881555e+00
1.428980934948248960e+00
1.416929003810982524e+00
1.404403725528534652e+00
1.416654740871098328e+00
1.418370744376109327e+00
1.420984784501939657e+00
1.447758761423654894e+00
1.433606113223645728e+00
1.439002163238285004e+00
1.453644203043139127e+00
1.487784890364177715e+00
1.483887920843661279e+00
1.469389449425430705e+00
1.458301579125350189e+00
1.454267045438443429e+00
1.429121197321760794e+00
1.435358039391143148e+00
1.425726445676757548e+00
1.452194394923424614e+00
1.450552297216009201e+00
1.443597959690087640e+00
1.432539009429214527e+00
1.437627696120454823e+00
1.425949277278725003e+00
1.424077538636217888e+00
1.428905279262402628e+00
1.436891834136486912e+00
1.456584771979069437e+00
1.445287087139665694e+00
1.441110159357137821e+00
1.438752696289750332e+00
1.425293942785757828e+00
1.447456763179779671e+00
1.454022824126202318e+00
1.431410481455058781e+00
1.414182406640646983e+00
1.435035762305682194e+00
1.434952341979647272e+00
1.437828611202482954e+00
1.447889909914579665e+00
1.474400818033710481e+00
1.437755834665874310e+00
1.447334267177444067e+00
1.435704204551296881e+00
1.438767687167137321e+00
1.415019017558701631e+00
1.429294138846536111e+00
1.425888734709846783e+00
1.444022869611440774e+00
1.466720800469354380e+00
1.469241200653407908e+00
1.473515396013568513e+00
1.462784888890916069e+00
1.462732847193250585e+00
1.446808292641267535e+00
1.440620165536037334e+00
1.429083518980971190e+00
1.402333941937870865e+00
1.388256700230935392e+00
1.390219194770203615e+00
1.399127757335316691e+00
1.389447009681850087e+00
1.380871120301235822e+00
1.383374398903194136e+00
1.359858377527000339e+00
1.326323765610180505e+00
1.347349029360138450e+00
1.350137196313105248e+00
1.350038252412112172e+00
1.364918956647107606e+00
1.384801471137912854e+00
1.386857351217571699e+00
1.383497733908964245e+00
1.371243667301005997e+00
1.368920098914926387e+00
1.358642813904512581e+00
1.374957767449492385e+00
1.388401249974434704e+00
1.401759027810223657e+00
1.420652273665986787e+00
1.426820107858660647e+00
1.440528089567074677e+00
1.445889247403828071e+00
1.441470729182511956e+00
1.448351420902564746e+00
1.449316135871438815e+00
1.442930566532797609e+00
1.441025321018537753e+00
1.428197370826900903e+00
1.440889456405118452e+00
1.453326679690528644e+00
1.457493130224501776e+00
1.457626918734969745e+00
1.455683804390464742e+00
1.444199566101205923e+00
1.448968317624691915e+00
1.474486336596119163e+00
1.460174219137961416e+00
1.488899519221924983e+00
1.489589582294423176e+00
1.501477421130125611e+00
1.484214720617728078e+00
1.475417107225303059e+00
1.470565123759362214e+00
1.459385176930083849e+00
1.470692777759604164e+00
1.478059072789420947e+00
1.479617673276730994e+00
1.476055951695619317e+00
1.468932772994004932e+00
1.447749936778407687e+00
1.466838150026601673e+00
1.471604596821010080e+00
1.507655354085511767e+00
1.529293237678083006e+00
1.531219543901671587e+00
1.546928978230003304e+00
1.548861384761650362e+00
1.564348035153749761e+00
1.561418643843873078e+00
1.526670415921763668e+00
1.495811580778467098e+00
1.513696162562065739e+00
1.498306789317514598e+00
1.468742332449121779e+00
1.458804410748890001e+00
1.476188114852095667e+00
1.473847092647410983e+00
1.489343191102396879e+00
1.497826809332618803e+00
1.513559609823708740e+00
1.513406396793825603e+00
1.517897608575967006e+00
1.538054837939766939e+00
1.563406706168907645e+00
1.574451609645456385e+00
1.579155582803572599e+00
1.585866594682470598e+00
1.564386208232707132e+00
1.563783687523196742e+00
1.559337437265125414e+00
1.528278401331901071e+00
1.525574907598447938e+00
1.513799358450938604e+00
1.527076745560757010e+00
1.541529737017269364e+00
1.547937704584448459e+00
1.544037574795912526e+00
1.546027072804636360e+00
1.562667636938567473e+00
1.549032259646808685e+00
1.530653164347671735e+00
1.542396780292207392e+00
1.526842498630375911e+00
1.522923408986583960e+00
1.504468762197608944e+00
1.506712171605904427e+00
1.496672371500255228e+00
1.491919407646139284e+00
1.486282308396704499e+00
1.496602827682899095e+00
1.476805847739375066e+00
1.478859384828624446e+00
1.476511250320289070e+00
1.465441046792814062e+00
1.482162463229466542e+00
1.482417773375040770e+00
1.472953646904012981e+00
1.464901419194020837e+00
1.445640307552778836e+00
1.436806519678007765e+00
1.450413574756646895e+00
1.449007643692502789e+00
1.441687152722923138e+00
1.454040115742617045e+00
1.458713207153193192e+00
1.446953189977904453e+00
1.432598162245911411e+00
1.419526354681633018e+00
1.439334688122529071e+00
1.419564581173181850e+00
1.407156964027614920e+00
1.403872422788609908e+00
1.388715303724459726e+00
1.395056300270686611e+00
1.397980047612964016e+00
1.410122909358930698e+00
1.398726418351276202e+00
1.401592932071451969e+00
1.395308480106037585e+00
1.375501478398983402e+00
1.381399068042676426e+00
1.395166121694453309e+00
1.413896458627010633e+00
1.435665519629642617e+00
1.463409672873472678e+00
1.474526351243915734e+00
1.489287701410539233e+00
1.492097204039860792e+00
1.460318956512259625e+00
1.475172610278866037e+00
1.483039061958186799e+00
1.501767025764745078e+00
1.534453674769671538e+00
1.519539413947315509e+00
1.525044624185021291e+00
1.528604174393391801e+00
1.547058607007669506e+00
1.549324873329748220e+00
1.542579765665543778e+00
1.542055277460925522e+00
1.532746829954256151e+00
1.540321821431039240e+00
1.527544912357682527e+00
1.536763966301548656e+00
1.542253924132685583e+00
1.528431488091693380e+00
1.519556832804011437e+00
1.512669734883736794e+00
1.493416969721030885e+00
1.491363872676446656e+00
1.459102464093658735e+00
1.456906424656499333e+00
1.460238629429033930e+00
1.468867719263386995e+00
1.468850286069814937e+00
1.474457965261769088e+00
1.449046160816028772e+00
1.432510087443085611e+00
1.437540048387991654e+00
1.449164974016098562e+00
1.442573633441464276e+00
1.452665859847191987e+00
1.462634824981878578e+00
1.468258113702977319e+00
1.476547829181393379e+00
1.481339688275433275e+00
1.467670687759604853e+00
1.468014694584534485e+00
1.459147303917146310e+00
1.445110884372796223e+00
1.457184700011324718e+00
1.451340477515909999e+00
1.439108270119399791e+00
1.433174260190049232e+00
1.410964709368945469e+00
1.426060488777759927e+00
1.411409835632307930e+00
1.423476264237971467e+00
1.435156903820999919e+00
1.439720844240161890e+00
1.434724757843173659e+00
1.437299857731805908e+00
1.436640476460835147e+00
1.413518226913189624e+00
1.437155677925691988e+00
1.443617181500775670e+00
1.423836259059235498e+00
1.421876201185348076e+00
1.410477346522602371e+00
1.391733434339078368e+00
1.384601790679197642e+00
1.391288895581545226e+00
1.387388706403215766e+00
1.392360260974544461e+00
1.420999803882533108e+00
1.409900946216213313e+00
1.419361466383359582e+00
1.435065085230064374e+00
1.447135372079331628e+00
1.450116869835657019e+00
1.446011657826585584e+00
1.460604410578265400e+00
1.444711825883941758e+00
1.453906502737754680e+00
1.428480079961983451e+00
1.414362138176675332e+00
1.438799143105823131e+00
1.445695145774335444e+00
1.458655468234290264e+00
1.420392568769862196e+00
1.420944772946475254e+00
1.438446129332683121e+00
1.453860761628980480e+00
1.452352912452459899e+00
1.473464483337171060e+00
1.470431197541264945e+00
1.470944546505108752e+00
1.482143696784599118e+00
1.477662411054943670e+00
