7.693126669619232416e-01
4.577697380445897579e-01
6.367016271688044071e-01
6.559537029825150967e-01
6.597873130813241005e-01
8.364873260725289583e-01
7.701850968878716230e-01
8.134859479032456875e-01
9.056620248593389988e-01
7.833601969759911299e-01
9.782980689778923988e-01
8.036924200132489204e-01
6.154127279296517372e-01
8.169342658948153257e-01
6.170495310798287392e-01
8.335543659050017595e-01
6.158533969428390265e-01
6.418591469991952181e-01
6.140411589294672012e-01
6.553458729758858681e-01
8.309703669510781765e-01
5.973707269877195358e-01
5.467755370773375034e-01
9.292688609566539526e-01
8.221487910486757755e-01
8.220070539973676205e-01
8.210005040746182203e-01
7.933221559505909681e-01
7.299704567994922400e-01
6.432922589592635632e-01
6.435247769113630056e-01
6.340780749451369047e-01
6.790938370395451784e-01
7.423586859367787838e-01
9.263946309220045805e-01
8.760533409658819437e-01
8.783957140985876322e-01
9.676328669302165508e-01
1.052353888982906938e+00
7.921589240431785583e-01
9.194740820676088333e-01
9.194508648943156004e-01
8.657420061063021421e-01
7.519759440328925848e-01
9.323038219008594751e-01
9.387203780934214592e-01
7.254644429776817560e-01
8.940379701089113951e-01
9.043223159387707710e-01
9.212488168850541115e-01
9.254015630576759577e-01
7.511917718220502138e-01
7.142454059794545174e-01
8.750050291419029236e-01
1.057178476825356483e+00
1.132564194034785032e+00
8.339936670381575823e-01
1.025294502964243293e+00
9.059167390223592520e-01
8.296595111023634672e-01
6.151560409925878048e-01
6.924139950424432755e-01
6.832565928343683481e-01
7.578761321492493153e-01
7.341858828440308571e-01
7.599714130628854036e-01
6.958186691626906395e-01
7.248634500429034233e-01
8.268053450156003237e-01
9.120393679477274418e-01
8.948214671108871698e-01
7.880584741942584515e-01
1.063323698937892914e+00
8.100366760045289993e-01
1.125035250792279840e+00
6.850045118480920792e-01
9.266218580305576324e-01
5.063127069734036922e-01
7.345548761077225208e-01
7.541780560277402401e-01
6.736013330519199371e-01
9.365987668279558420e-01
9.131294779945164919e-01
7.046174898277968168e-01
1.021641728002578020e+00
1.100362799130380154e+00
8.833062439225614071e-01
8.815087820403277874e-01
1.028331173118203878e+00
1.121668889187276363e+00
8.956894129514694214e-01
6.753508611582219601e-01
6.724532488733530045e-01
7.015329920686781406e-01
7.614982679951936007e-01
7.150804558768868446e-01
6.648640080820769072e-01
7.156402019318193197e-01
7.050428648944944143e-01
8.532948871143162251e-01
1.050968623021617532e+00
1.031637311913073063e+00
1.033853001892566681e+00
8.019023709930479527e-01
8.730269870720803738e-01
7.055892699863761663e-01
8.384468369185924530e-01
7.047050020191818476e-01
8.386378870345652103e-01
6.936751571483910084e-01
6.559097100980579853e-01
9.390189668629318476e-01
6.934535719919949770e-01
7.434104450512677431e-01
9.390428231563419104e-01
8.600575560703873634e-01
8.589945600833743811e-01
8.624201160855591297e-01
8.779946130234748125e-01
9.174897680059075356e-01
7.956081801094114780e-01
6.192057880107313395e-01
9.220146010629832745e-01
7.065517338924109936e-01
7.183980210684239864e-01
7.091936459764838219e-01
7.028044459875673056e-01
8.725673239678144455e-01
7.029083429370075464e-01
7.372144609689712524e-01
1.082794121000915766e+00
9.148534040432423353e-01
1.096748443087562919e+00
8.898250861093401909e-01
8.621746359858661890e-01
8.620028640143573284e-01
6.485327850095927715e-01
6.593455071561038494e-01
8.401356388349086046e-01
6.371068870648741722e-01
9.102316501084715128e-01
9.129166530910879374e-01
7.107252739369869232e-01
7.505855918861925602e-01
7.375299769919365644e-01
8.903234030585736036e-01
8.396809520199894905e-01
8.901094698812812567e-01
1.013587096007540822e+00
9.210044199135154486e-01
1.145795637043192983e+00
7.002560370601713657e-01
8.442096838261932135e-01
8.922510221600532532e-01
6.697612570133060217e-01
7.088580729905515909e-01
8.440198998432606459e-01
6.974686118774116039e-01
7.571901909541338682e-01
7.064280468039214611e-01
1.039148773998022079e+00
8.017203030176460743e-01
9.119470871519297361e-01
7.903577769175171852e-01
1.021826651878654957e+00
9.184087910689413548e-01
6.593209512066096067e-01
9.348282720893621445e-01
6.998201529495418072e-01
6.876588209997862577e-01
6.969463948626071215e-01
7.376058578956872225e-01
9.308010681997984648e-01
6.967498629819601774e-01
6.968526949640363455e-01
1.074054070049896836e+00
8.832673300057649612e-01
1.111469659954309464e+00
1.094421182991936803e+00
1.103313073050230742e+00
8.437844330910593271e-01
8.983899778686463833e-01
7.186068859882652760e-01
9.198682128917425871e-01
7.486650350037962198e-01
9.101496918592602015e-01
6.874886290170252323e-01
7.266407071147114038e-01
6.766159068793058395e-01
7.269614199176430702e-01
7.060095609631389380e-01
9.083410361781716347e-01
8.852847439702600241e-01
8.839063439518213272e-01
9.103467050008475780e-01
8.633531301748007536e-01
7.421022399794310331e-01
1.103642957052215934e+00
9.376126758288592100e-01
6.969159960281103849e-01
7.353265839628875256e-01
8.618993340060114861e-01
7.252341769635677338e-01
7.488328840117901564e-01
6.785381289664655924e-01
6.784650611225515604e-01
7.465636741835623980e-01
7.911989290732890368e-01
8.866947048809379339e-01
8.251999290660023689e-01
8.613221619743853807e-01
1.105950000230222940e+00
8.102304411586374044e-01
7.454392272047698498e-01
8.960781961213797331e-01
7.425822319928556681e-01
9.375992200803011656e-01
9.191611399874091148e-01
7.401668347883969545e-01
8.600369440391659737e-01
7.140747520606964827e-01
7.452813379932194948e-01
8.231489029712975025e-01
8.590722270309925079e-01
1.124354766914620996e+00
8.607576971407979727e-01
8.843794912099838257e-01
8.462211219593882561e-01
6.704828750807791948e-01
7.441076820250600576e-01
7.157030228991061449e-01
7.459870029706507921e-01
9.052168829366564751e-01
9.392622469458729029e-01
6.144759259186685085e-01
7.145739358384162188e-01
7.256617399398237467e-01
7.119748429395258427e-01
7.200705439317971468e-01
1.087759214919060469e+00
8.352842300664633512e-01
1.127281066961586475e+00
8.487446049693971872e-01
1.032294600037857890e+00
7.422392501030117273e-01
6.539643369615077972e-01
6.886072929482907057e-01
7.355894029606133699e-01
6.827645050361752510e-01
6.751569451298564672e-01
8.893919379916042089e-01
7.110432568006217480e-01
7.218883819878101349e-01
8.773593441583216190e-01
7.035719030536711216e-01
7.763682808727025986e-01
8.816387329716235399e-01
1.122541404794901609e+00
8.813333299476653337e-01
8.568405818659812212e-01
8.699875969905406237e-01
7.489873419981449842e-01
7.154773329384624958e-01
6.934526499826461077e-01
8.977352699730545282e-01
7.429008898325264454e-01
7.149572090711444616e-01
7.568319139536470175e-01
6.918143781367689371e-01
6.915820089634507895e-01
7.136765129398554564e-01
7.088298089802265167e-01
8.183360691182315350e-01
8.538383869454264641e-01
6.799338690470904112e-01
9.756828008685261011e-01
9.493207701016217470e-01
8.156220240052789450e-01
6.703258568886667490e-01
5.890022120438516140e-01
6.692854869179427624e-01
6.335932549554854631e-01
7.333437341731041670e-01
6.501795258373022079e-01
7.523808560799807310e-01
8.055786390323191881e-01
5.955779340583831072e-01
6.547251429874449968e-01
7.718942740466445684e-01
7.726922950241714716e-01
7.699542089831084013e-01
7.485612458549439907e-01
7.905012869741767645e-01
9.876591800712049007e-01
8.968455959111452103e-01
6.792597349267452955e-01
6.238789190538227558e-01
8.260283588897436857e-01
6.492897199932485819e-01
6.647895060013979673e-01
5.620589579921215773e-01
5.686332518234848976e-01
8.020143578760325909e-01
8.406147919595241547e-01
8.791986471042037010e-01
9.954534368589520454e-01
7.565079978667199612e-01
7.049234798178076744e-01
9.332315591163933277e-01
9.955229519400745630e-01
8.052115200553089380e-01
8.175145841669291258e-01
6.058908640407025814e-01
7.514530299231410027e-01
6.072722650133073330e-01
6.203398171346634626e-01
6.130276301410049200e-01
6.040455950424075127e-01
6.220237088855355978e-01
6.067345920018851757e-01
6.586753898300230503e-01
6.238342619035393000e-01
6.419180931989103556e-01
8.247179081663489342e-01
7.400032610166817904e-01
7.510374139528721571e-01
8.008579800371080637e-01
7.920466929208487272e-01
9.879468849394470453e-01
7.701302429195493460e-01
9.542099228128790855e-01
7.949032711330801249e-01
5.955468579195439816e-01
5.953071939293295145e-01
6.401868460234254599e-01
6.845869761891663074e-01
6.144440029747784138e-01
6.434466880746185780e-01
8.054695201572030783e-01
6.420095900539308786e-01
6.314189780969172716e-01
6.837443409021943808e-01
5.890091981273144484e-01
5.807336999569088221e-01
7.472340909298509359e-01
7.953818121459335089e-01
8.675246681086719036e-01
7.946794908493757248e-01
1.078265954973176122e+00
9.431922610383480787e-01
5.076659051701426506e-01
8.750633620657026768e-01
7.295012688264250755e-01
7.619631350971758366e-01
6.747227599844336510e-01
8.960351319983601570e-01
6.832310138270258904e-01
6.629124090541154146e-01
9.233336800243705511e-01
8.748574189376085997e-01
1.127361678052693605e+00
1.035753600997850299e+00
8.270707831252366304e-01
8.326224240008741617e-01
7.341444471385329962e-01
8.437903220765292645e-01
9.267377981450408697e-01
6.631877890322357416e-01
9.030578290112316608e-01
8.946636400651186705e-01
7.151951179839670658e-01
7.248506250325590372e-01
8.551320917904376984e-01
8.551854309625923634e-01
7.508987460751086473e-01
8.746443369891494513e-01
8.432045471854507923e-01
1.086022757925093174e+00
1.073999769054353237e+00
1.023724704049527645e+00
8.629967540036886930e-01
8.659951458685100079e-01
8.289144849404692650e-01
6.927154839504510164e-01
6.823191121220588684e-01
6.908125060144811869e-01
8.793389820493757725e-01
7.213997980579733849e-01
8.520584781654179096e-01
7.282936850097030401e-01
7.098014410585165024e-01
8.592452597804367542e-01
1.038319434970617294e+00
8.166457479819655418e-01
7.111527859233319759e-01
7.790763149969279766e-01
8.873251781333237886e-01
1.013096221955493093e+00
6.630184899549931288e-01
8.944544349797070026e-01
8.839530430268496275e-01
7.222455560695379972e-01
8.444564868696033955e-01
6.908908621408045292e-01
9.017392809037119150e-01
7.526385791134089231e-01
6.918321130797266960e-01
7.724206070415675640e-01
1.106506061973050237e+00
1.119387435959652066e+00
8.066777170170098543e-01
8.633946329355239868e-01
8.908418591599911451e-01
9.269217599648982286e-01
9.158148490823805332e-01
7.121255930978804827e-01
6.765038331504911184e-01
8.654541659634560347e-01
7.572321859188377857e-01
6.967086221557110548e-01
7.254272380378097296e-01
7.058601018507033587e-01
6.455059179570525885e-01
7.741386720445007086e-01
1.122270104940980673e+00
8.547464539296925068e-01
9.767620749771595001e-01
1.119284555083140731e+00
9.108344570267945528e-01
6.798832539934664965e-01
7.329099089838564396e-01
6.824216628447175026e-01
7.560006389394402504e-01
8.553072169888764620e-01
7.449531089514493942e-01
6.821387158706784248e-01
9.375374428927898407e-01
7.548130068462342024e-01
7.199187360238283873e-01
8.935911401640623808e-01
8.441934611182659864e-01
1.032674466958269477e+00
8.705973599571734667e-01
1.097693894058465958e+00
9.123375120107084513e-01
8.184766140766441822e-01
8.447349350899457932e-01
7.211315778549760580e-01
8.832881841808557510e-01
7.233194529544562101e-01
7.593625748995691538e-01
8.963435420300811529e-01
8.592072050087153912e-01
6.709801438264548779e-01
9.132137058768421412e-01
7.273497560527175665e-01
1.027046754956245422e+00
7.013725778087973595e-01
8.676518220454454422e-01
1.049146984005346894e+00
8.460572110489010811e-01
1.107488262001425028e+00
7.245175300631672144e-01
6.856990209780633450e-01
9.367115639615803957e-01
7.267561678308993578e-01
7.635777690447866917e-01
6.454367369879037142e-01
8.769091679714620113e-01
7.077898120041936636e-01
7.456879210658371449e-01
7.838319689035415649e-01
9.100028411485254765e-01
8.350530420430004597e-01
7.619420359842479229e-01
8.210068510379642248e-01
8.463538801297545433e-01
6.885409140959382057e-01
9.359600089956074953e-01
7.381068938411772251e-01
6.865509510971605778e-01
7.613649419508874416e-01
9.178517910186201334e-01
7.292215900961309671e-01
6.561091078910976648e-01
8.723372160457074642e-01
8.828467337880283594e-01
7.752485540695488453e-01
1.099717376055195928e+00
1.100847977912053466e+00
8.783439949620515108e-01
8.788354820571839809e-01
9.099705189000815153e-01
6.684668438974767923e-01
9.313123121391981840e-01
9.273314711172133684e-01
6.849244988989084959e-01
7.025569709949195385e-01
6.847050909418612719e-01
9.507288539316505194e-01
7.629632710013538599e-01
9.112042440101504326e-01
8.457502811215817928e-01
1.087309823138639331e+00
8.363778798375278711e-01
8.818499080371111631e-01
8.700192158576101065e-01
6.878104719799011946e-01
6.853540679439902306e-01
7.055497190449386835e-01
7.158111131284385920e-01
8.597930830437690020e-01
7.240704959258437157e-01
6.768674128688871861e-01
7.068470411468297243e-01
6.773524018935859203e-01
7.132281530648469925e-01
7.252873410470783710e-01
1.075248181121423841e+00
8.587643869686871767e-01
5.910880540031939745e-01
8.698970070108771324e-01
8.338823709636926651e-01
8.953372470568865538e-01
9.276735240127891302e-01
8.683556488249450922e-01
7.444632658734917641e-01
8.944507432170212269e-01
6.853814029600471258e-01
6.849539880640804768e-01
6.833084740210324526e-01
7.030319690238684416e-01
7.042459510266780853e-01
6.657567580696195364e-01
9.023880320601165295e-01
9.153259280137717724e-01
1.019093392184004188e+00
8.455175699200481176e-01
8.678545011207461357e-01
8.955317041836678982e-01
8.693627200555056334e-01
8.651560009457170963e-01
7.113630159292370081e-01
6.867207188624888659e-01
6.366145969368517399e-01
6.750295939855277538e-01
4.810747569426894188e-01
8.954699588939547539e-01
7.138380659744143486e-01
9.272961760871112347e-01
6.524915730115026236e-01
9.270925361197441816e-01
8.581221539061516523e-01
8.230030629783868790e-01
7.938118439633399248e-01
8.260442039463669062e-01
7.378751910291612148e-01
6.840061768889427185e-01
8.232011301442980766e-01
6.725033451803028584e-01
7.622428219765424728e-01
6.360657641198486090e-01
6.775743600446730852e-01
5.798123311251401901e-01
6.466251909732818604e-01
6.609905110672116280e-01
6.783271359745413065e-01
8.480587671510875225e-01
7.536343259271234274e-01
9.486262439750134945e-01
7.721503709908574820e-01
7.288749339058995247e-01
7.851326749660074711e-01
7.630416019819676876e-01
7.202077321708202362e-01
6.280312552116811275e-01
7.979661847930401564e-01
6.614204919897019863e-01
6.837648260407149792e-01
6.856912570074200630e-01
6.628273990936577320e-01
8.004879748914390802e-01
6.869268040172755718e-01
6.740994190331548452e-01
6.168428738601505756e-01
6.436623460613191128e-01
6.340427380055189133e-01
8.445778968743979931e-01
7.089682188816368580e-01
7.388052570167928934e-01
1.012896419037133455e+00
7.725675371475517750e-01
8.036659299395978451e-01
1.023979977937415242e+00
8.641895689070224762e-01
8.113992118742316961e-01
6.391664240509271622e-01
6.126545569859445095e-01
6.284523010253906250e-01
8.384411979932337999e-01
7.758994728792458773e-01
8.292221068404614925e-01
5.716171360109001398e-01
6.652340209111571312e-01
6.807920590508729219e-01
7.739492768887430429e-01
7.749018881004303694e-01
7.637012728955596685e-01
8.227123091928660870e-01
7.849274249747395515e-01
7.293027769774198532e-01
7.848033208865672350e-01
6.797123060096055269e-01
8.279315659310668707e-01
6.828525150194764137e-01
6.578760070260614157e-01
6.735716490074992180e-01
6.562271039001643658e-01
6.635625900235027075e-01
6.859634681604802608e-01
8.353068940341472626e-01
6.553870521020144224e-01
6.290488878730684519e-01
9.675454979296773672e-01
9.681407650932669640e-01
7.392724258825182915e-01
8.935962759424000978e-01
8.214900458697229624e-01
1.003698403947055340e+00
6.978952488861978054e-01
8.107635679189115763e-01
8.365456878673285246e-01
6.386557389050722122e-01
6.479734759777784348e-01
8.146582529880106449e-01
6.898306531365960836e-01
7.889949919190257788e-01
5.419393908232450485e-01
6.280331190209835768e-01
6.551134870387613773e-01
1.015299819177016616e+00
6.776375281624495983e-01
7.837384189479053020e-01
7.952982699498534203e-01
9.949633511714637280e-01
1.002679603174328804e+00
7.569284508936107159e-01
8.103191340342164040e-01
6.582538930233567953e-01
6.496988721191883087e-01
6.725876559503376484e-01
8.103916319087147713e-01
8.528074799105525017e-01
8.316885789390653372e-01
7.778861990664154291e-01
6.243092929944396019e-01
7.603896700311452150e-01
7.221991328988224268e-01
9.632494510151445866e-01
8.071683798916637897e-01
9.755221640225499868e-01
7.854926059953868389e-01
9.519521149341017008e-01
6.007426439318805933e-01
8.198389259632676840e-01
6.729845961090177298e-01
5.707980100996792316e-01
7.873004470020532608e-01
7.973871629219502211e-01
6.596504598855972290e-01
8.307253979146480560e-01
6.855281749740242958e-01
4.797245799563825130e-01
8.090015659108757973e-01
1.002316843019798398e+00
7.857921088580042124e-01
9.829632421024143696e-01
9.320800299756228924e-01
7.965864390134811401e-01
8.397405641153454781e-01
8.331272318027913570e-01
5.490661750081926584e-01
6.490992009639739990e-01
8.213974100071936846e-01
6.335163540206849575e-01
5.487462880555540323e-01
5.980569149833172560e-01
6.525251118000596762e-01
6.342185440007597208e-01
6.693464878480881453e-01
6.897102289367467165e-01
8.032513558864593506e-01
9.626405129674822092e-01
8.191888981964439154e-01
7.656256097834557295e-01
8.248067221138626337e-01
1.018551640911027789e+00
6.944349159020930529e-01
6.544227029662579298e-01
8.003797179553657770e-01
6.126747131347656250e-01
6.893370479810982943e-01
6.299149100668728352e-01
6.471134161110967398e-01
6.743359859101474285e-01
6.379970910493284464e-01
5.659276901278644800e-01
6.278021789621561766e-01
8.448599590919911861e-01
8.394663089420646429e-01
7.863707470241934061e-01
7.751583668868988752e-01
7.731515059713274240e-01
7.830359369982033968e-01
8.217198178172111511e-01
7.746478819753974676e-01
9.710395091678947210e-01
6.081064268946647644e-01
6.250229889992624521e-01
5.808613200206309557e-01
6.248882929794490337e-01
8.063584559131413698e-01
6.350201908499002457e-01
5.981300137937068939e-01
6.635460399556905031e-01
6.528727521654218435e-01
4.585539309773594141e-01
6.351697549689561129e-01
6.445503779686987400e-01
6.350133700761944056e-01
7.180009351577609777e-01
8.959960709325969219e-01
9.791937400586903095e-01
7.056992049328982830e-01
7.835896098986268044e-01
9.987154030241072178e-01
7.997444309294223785e-01
8.259486020542681217e-01
6.366827159654349089e-01
6.184943639673292637e-01
6.826920558232814074e-01
5.698548909276723862e-01
6.527538960799574852e-01
8.291532208677381277e-01
6.364911408163607121e-01
6.572992629371583462e-01
8.331617349758744240e-01
6.323735918849706650e-01
6.461328079458326101e-01
7.533474469091743231e-01
7.844951360020786524e-01
6.963442508131265640e-01
7.518732419703155756e-01
8.064243700355291367e-01
9.095813711173832417e-01
7.743870371486991644e-01
8.313234271481633186e-01
7.832150361500680447e-01
5.948496551718562841e-01
6.522509991191327572e-01
6.503850070293992758e-01
6.845305520109832287e-01
6.343695139512419701e-01
6.259235169272869825e-01
5.819105901755392551e-01
6.638302279170602560e-01
8.185077798552811146e-01
6.344489089678972960e-01
7.608088920824229717e-01
9.477035130839794874e-01
9.687220621854066849e-01
9.691209050361067057e-01
7.708388329483568668e-01
7.516042669303715229e-01
7.390342419967055321e-01
8.444447470828890800e-01
8.278549171518534422e-01
4.605200800579041243e-01
8.315389158669859171e-01
5.859564151614904404e-01
6.279183039441704750e-01
6.574343021493405104e-01
6.275865810457617044e-01
6.559282471425831318e-01
8.207695540040731430e-01
6.623250348493456841e-01
7.138875010423362255e-01
9.832139059435576200e-01
9.176174711901694536e-01
7.223348820116370916e-01
7.730420830193907022e-01
7.757071640808135271e-01
9.808740308508276939e-01
6.695061600767076015e-01
6.818382530473172665e-01
8.098499120678752661e-01
6.709460020065307617e-01
6.281109689734876156e-01
6.248600650578737259e-01
6.435815640725195408e-01
8.176286721136420965e-01
6.726137599907815456e-01
5.647142250090837479e-01
6.788835308980196714e-01
7.671876000240445137e-01
6.836413040291517973e-01
7.532860261853784323e-01
7.411513482220470905e-01
9.496807109098881483e-01
7.304033420514315367e-01
8.057956120464950800e-01
9.823552889283746481e-01
6.409210690762847662e-01
6.769304180052131414e-01
5.818774960935115814e-01
6.855264261830598116e-01
8.176913589704781771e-01
6.467631149571388960e-01
8.237017081119120121e-01
7.385619599372148514e-01
8.116221257951110601e-01
6.095227808691561222e-01
6.391739260870963335e-01
6.788274629507213831e-01
6.165670920163393021e-01
7.947135318536311388e-01
7.171240029856562614e-01
8.208183581009507179e-01
7.623184300027787685e-01
7.509606948588043451e-01
8.053857388440519571e-01
7.738726469688117504e-01
6.481703629251569510e-01
5.768303340300917625e-01
6.271027959883213043e-01
6.730381608940660954e-01
8.270101940724998713e-01
8.568045150022953749e-01
7.844418641179800034e-01
6.311989221721887589e-01
8.208779799751937389e-01
6.264479628298431635e-01
8.282523150555789471e-01
5.584132061339914799e-01
7.259294218383729458e-01
7.623154679313302040e-01
1.003672382095828652e+00
7.319680189248174429e-01
7.751036048866808414e-01
7.507896039169281721e-01
9.706978851463645697e-01
7.509080090094357729e-01
5.654850648716092110e-01
6.256489160005003214e-01
6.829004199244081974e-01
6.637008520774543285e-01
6.455450430512428284e-01
6.294334649574011564e-01
5.649555299896746874e-01
8.392536160536110401e-01
6.308158619794994593e-01
7.576115438714623451e-01
7.643836608622223139e-01
7.880255221389234066e-01
7.868663149420171976e-01
9.652335911523550749e-01
7.768958120141178370e-01
9.109735861420631409e-01
6.578095851000398397e-01
7.882294799201190472e-01
8.161710978019982576e-01
6.088956159073859453e-01
6.017431360669434071e-01
8.218159868847578764e-01
6.030733140651136637e-01
6.904272187966853380e-01
6.820220579393208027e-01
8.012888571247458458e-01
6.298741439823061228e-01
6.580390681046992540e-01
6.841244189999997616e-01
7.200741500128060579e-01
8.246094470378011465e-01
8.227188498713076115e-01
8.250372200272977352e-01
7.959503850433975458e-01
9.918980689253658056e-01
9.516681788954883814e-01
6.860265310388058424e-01
5.934108891524374485e-01
6.886602339800447226e-01
6.276198311243206263e-01
6.282767909578979015e-01
6.730214578565210104e-01
6.632339849602431059e-01
6.709476229734718800e-01
8.363993649836629629e-01
6.463067419826984406e-01
5.994413660373538733e-01
8.461488808970898390e-01
7.598159089684486389e-01
7.287413349840790033e-01
7.620036071166396141e-01
6.982307569123804569e-01
8.203053881879895926e-01
7.109006349928677082e-01
7.511882069520652294e-01
8.454541009850800037e-01
6.548771089874207973e-01
8.453077971935272217e-01
8.284527540672570467e-01
5.801998779643326998e-01
6.874943377915769815e-01
6.287892728578299284e-01
6.835880861617624760e-01
8.118572121020406485e-01
5.921102028805762529e-01
7.650085999630391598e-01
9.400822140742093325e-01
8.235607601236552000e-01
7.973189740441739559e-01
7.524129368830472231e-01
7.742948241066187620e-01
7.426954500842839479e-01
9.966571961995214224e-01
5.545344301499426365e-01
8.339818350505083799e-01
8.376775861252099276e-01
6.004959021229296923e-01
5.657170689664781094e-01
6.456278169061988592e-01
6.473158029839396477e-01
6.175785320810973644e-01
6.543864118866622448e-01
5.891797128133475780e-01
5.892958948388695717e-01
7.900209280196577311e-01
9.076734180562198162e-01
9.481547439936548471e-01
8.152125109918415546e-01
7.622748150024563074e-01
7.499593568500131369e-01
9.832188480067998171e-01
6.171169001609086990e-01
5.630027458537369967e-01
6.004836580250412226e-01
5.902497048955410719e-01
6.289442540146410465e-01
6.088795310351997614e-01
6.445854220073670149e-01
8.271079838741570711e-01
4.240876259282231331e-01
6.089002180378884077e-01
8.438397068530321121e-01
7.007097809109836817e-01
7.268740930594503880e-01
7.193601338658481836e-01
9.569637260865420103e-01
7.186791577842086554e-01
8.149921279400587082e-01
8.203608728945255280e-01
7.313653379678726196e-01
8.296017830725759268e-01
7.564349661115556955e-01
6.330913261044770479e-01
6.429206579923629761e-01
6.443245080299675465e-01
6.169473237823694944e-01
8.012722211424261332e-01
7.673900770023465157e-01
6.424885499291121960e-01
5.991159412078559399e-01
7.781445968430489302e-01
7.286390899680554867e-01
9.590329912025481462e-01
7.499799381475895643e-01
9.225893109105527401e-01
7.938576538581401110e-01
9.792630011215806007e-01
8.078631421085447073e-01
8.168486589565873146e-01
8.014483230654150248e-01
6.178253490943461657e-01
6.203139559365808964e-01
6.647892510518431664e-01
6.862487150356173515e-01
6.543476809747517109e-01
6.837671350222080946e-01
6.170567618682980537e-01
6.193733429536223412e-01
7.397107209544628859e-01
7.845892088953405619e-01
9.688740631099790335e-01
7.079441109672188759e-01
1.002255862113088369e+00
9.810098409652709961e-01
7.522753630764782429e-01
6.763812648132443428e-01
7.461568601429462433e-01
6.865014699287712574e-01
6.700916429981589317e-01
6.167866201139986515e-01
6.234041610732674599e-01
5.967546280007809401e-01
7.754041659645736217e-01
5.578681768383830786e-01
6.262236970942467451e-01
9.903649610932916403e-01
7.196177639998495579e-01
9.576611281372606754e-01
7.397987029980868101e-01
7.247799909673631191e-01
1.008374398108571768e+00
7.445141042117029428e-01
8.233744017779827118e-01
6.539260030258446932e-01
6.443028307985514402e-01
8.245756949763745070e-01
5.989350639283657074e-01
8.066749079152941704e-01
7.731187301687896252e-01
8.231954439543187618e-01
6.326730260625481606e-01
7.738490041811019182e-01
6.829812698997557163e-01
8.076998209580779076e-01
6.574124351609498262e-01
7.301578149199485779e-01
7.904876549728214741e-01
9.657349910121411085e-01
1.009201547829434276e+00
9.775568719487637281e-01
7.602257840335369110e-01
7.161243760492652655e-01
6.255329600535333157e-01
6.422592550516128540e-01
7.968351878225803375e-01
6.598978629335761070e-01
8.017638048622757196e-01
8.243565671145915985e-01
7.693331849295645952e-01
7.418578211218118668e-01
8.164485020097345114e-01
9.762423101346939802e-01
9.026226149871945381e-01
8.143380922265350819e-01
7.609135459642857313e-01
9.732964041177183390e-01
8.188075921498239040e-01
7.896999600343406200e-01
6.762701328843832016e-01
6.264837218914180994e-01
6.706969297956675291e-01
6.689500268548727036e-01
6.330190021544694901e-01
8.267084541730582714e-01
8.010735099669545889e-01
6.248512570746243000e-01
5.907032638788223267e-01
6.451575048267841339e-01
8.231008800212293863e-01
8.897010851651430130e-01
7.304467491339892149e-01
7.074487810023128986e-01
7.502349379938095808e-01
6.871394801419228315e-01
7.282336698845028877e-01
7.810897910967469215e-01
8.257479278836399317e-01
8.176806091796606779e-01
6.257471321150660515e-01
6.600213348865509033e-01
6.068501248955726624e-01
8.332601299043744802e-01
6.076050980482250452e-01
6.714502759277820587e-01
6.527870509307831526e-01
5.974496470298618078e-01
6.753647739533334970e-01
6.352789429947733879e-01
8.457558590453118086e-01
7.506581579800695181e-01
6.982555780559778214e-01
9.591294091660529375e-01
7.384366760961711407e-01
8.469445228110998869e-01
9.929934449028223753e-01
5.126586458645761013e-01
7.201800530310720205e-01
6.781209921464323997e-01
7.196020497940480709e-01
7.401250009424984455e-01
7.657770430669188499e-01
9.132535448297858238e-01
6.803738670423626900e-01
7.638123740907758474e-01
9.137368318624794483e-01
9.317968790419399738e-01
1.102971354033797979e+00
1.129872496007010341e+00
1.098521267995238304e+00
7.976052649319171906e-01
8.713174369186162949e-01
8.326944808941334486e-01
9.318324241321533918e-01
7.626157789491117001e-01
7.068158402107656002e-01
8.613537307828664780e-01
6.831275019794702530e-01
8.597373568918555975e-01
6.722903391346335411e-01
7.629190690349787474e-01
7.170110449660569429e-01
8.965478229802101851e-01
8.184417071752250195e-01
8.679200129117816687e-01
8.320535249076783657e-01
8.560891721863299608e-01
7.974494730588048697e-01
1.107614624081179500e+00
8.658514479175209999e-01
9.130648770369589329e-01
8.867104649543762207e-01
9.350469610653817654e-01
7.428803700022399426e-01
7.023583250120282173e-01
7.140440980438143015e-01
6.853280779905617237e-01
7.558853060472756624e-01
8.337102360092103481e-01
8.778016180731356144e-01
8.659953761380165815e-01
7.966356619726866484e-01
8.819255949929356575e-01
8.534216268453747034e-01
7.582248621620237827e-01
7.412486069370061159e-01
7.186181449797004461e-01
9.057515792082995176e-01
7.569186149630695581e-01
7.273416009265929461e-01
7.069171869661659002e-01
7.584446989931166172e-01
8.724442210514098406e-01
5.096498040948063135e-01
7.406671419739723206e-01
1.069610137026757002e+00
9.071779549121856689e-01
8.940042729955166578e-01
8.000444611534476280e-01
1.065495826071128249e+00
1.075560131110250950e+00
7.629750110208988190e-01
4.862736240029335022e-01
7.089434941299259663e-01
7.262563181575387716e-01
6.935142499860376120e-01
6.878926609642803669e-01
9.129261288326233625e-01
7.179021609481424093e-01
8.921990599483251572e-01
8.520640758797526360e-01
7.298420269507914782e-01
1.126428531017154455e+00
8.970372900366783142e-01
1.057038448983803391e+00
8.964069099165499210e-01
8.374124940019100904e-01
1.115646477090194821e+00
6.789766510482877493e-01
6.784268789924681187e-01
6.984497550874948502e-01
6.600761401932686567e-01
8.934848080389201641e-01
7.088889598380774260e-01
9.136785520240664482e-01
6.566449671518057585e-01
7.286983418744057417e-01
7.607568991370499134e-01
5.997085380367934704e-01
1.074701010948047042e+00
8.854245420079678297e-01
9.129318830091506243e-01
1.036511960905045271e+00
8.463415480218827724e-01
1.034544421825557947e+00
7.338734720833599567e-01
8.863598620519042015e-01
9.408123639877885580e-01
7.596302640158683062e-01
7.157663500402122736e-01
7.204691739752888680e-01
9.262741690035909414e-01
6.589352830778807402e-01
7.202433219645172358e-01
7.198321460746228695e-01
9.445974389091134071e-01
1.118846142897382379e+00
8.249002390075474977e-01
8.476014130283147097e-01
8.336730231530964375e-01
1.101665190886706114e+00
8.223427929915487766e-01
6.855977938976138830e-01
7.148877340368926525e-01
7.352926870808005333e-01
7.184345200657844543e-01
7.623230118770152330e-01
9.371960880234837532e-01
7.642649509944021702e-01
7.107042300049215555e-01
8.910432111006230116e-01
8.972703148610889912e-01
7.654352828394621611e-01
8.134839979466050863e-01
1.057735722977668047e+00
8.736277490388602018e-01
8.045338990632444620e-01
1.035172366071492434e+00
9.415403360035270452e-01
7.588948810007423162e-01
7.454093110281974077e-01
7.270956397987902164e-01
9.203344141133129597e-01
8.803393740672618151e-01
7.283438991289585829e-01
9.183163228444755077e-01
7.631192309781908989e-01
9.409607169218361378e-01
7.260895499493926764e-01
8.103410881012678146e-01
8.491025660187005997e-01
1.110680265119299293e+00
1.090891447849571705e+00
8.594365979079157114e-01
8.880368939135223627e-01
6.947961880359798670e-01
8.966445939149707556e-01
9.188707550056278706e-01
7.082502411212772131e-01
6.152839020360261202e-01
7.241542448755353689e-01
7.265514370519667864e-01
8.376150350086390972e-01
7.861201891209930182e-01
8.114744310732930899e-01
8.102377480827271938e-01
8.949611280113458633e-01
1.019298489904031157e+00
8.337359400466084480e-01
1.089571716031059623e+00
8.281787300948053598e-01
9.102942170575261116e-01
6.856850038748234510e-01
7.172470570076256990e-01
9.363029820378869772e-01
6.816964850295335054e-01
8.289552491623908281e-01
6.742375928442925215e-01
8.285153261385858059e-01
7.218802829738706350e-01
7.032642050180584192e-01
9.014288249891251326e-01
8.250350710004568100e-01
8.348002368584275246e-01
9.915074738673865795e-01
1.072943387087434530e+00
8.936444269493222237e-01
6.834575519897043705e-01
6.733555900864303112e-01
6.948656630702316761e-01
8.739086491987109184e-01
7.330212939996272326e-01
7.446053880266845226e-01
7.540053189732134342e-01
7.109317129943519831e-01
6.836305418983101845e-01
8.060221790801733732e-01
1.081670626997947693e+00
8.921589029487222433e-01
8.192624729126691818e-01
1.109933531843125820e+00
7.120620389468967915e-01
9.390689479187130928e-01
6.337169460020959377e-01
8.779458880890160799e-01
6.825167408678680658e-01
8.765212411526590586e-01
7.583554729353636503e-01
9.150162860751152039e-01
7.564948240760713816e-01
7.547396228183060884e-01
7.041015559807419777e-01
6.544751329347491264e-01
8.219203560147434473e-01
1.118867331184446812e+00
8.628831580281257629e-01
8.212742800824344158e-01
8.523485530167818069e-01
1.103967021917924285e+00
8.894752720370888710e-01
9.067591840866953135e-01
6.529534549918025732e-01
6.785401350352913141e-01
8.724532648921012878e-01
7.127145610284060240e-01
9.422655969392508268e-01
5.795851498842239380e-01
7.018522389698773623e-01
9.020488150417804718e-01
9.085060919169336557e-01
1.023618635023012757e+00
7.822403081227093935e-01
8.199066461529582739e-01
1.065746405161917210e+00
8.934537018649280071e-01
6.537613580003380775e-01
8.368663277942687273e-01
7.235897260252386332e-01
6.641325859818607569e-01
9.315769881941378117e-01
7.012237680610269308e-01
6.472012831363826990e-01
6.246605969499796629e-01
5.559249019715934992e-01
7.982564640697091818e-01
6.423074910417199135e-01
6.502722920849919319e-01
7.985644610598683357e-01
8.181467039976269007e-01
8.932200300041586161e-01
7.270384221337735653e-01
9.781165411695837975e-01
8.163846791721880436e-01
6.983609860762953758e-01
8.147891859989613295e-01
6.389568140730261803e-01
6.120547510217875242e-01
6.477452251128852367e-01
5.959091691765934229e-01
6.805795079562813044e-01
6.346962528768926859e-01
6.826719520613551140e-01
7.597078341059386730e-01
8.025776401627808809e-01
6.564669029321521521e-01
6.810544980689883232e-01
8.137291409075260162e-01
7.476608378347009420e-01
9.544038840103894472e-01
6.932066949084401131e-01
8.015559390187263489e-01
9.744823391083627939e-01
6.744765560142695904e-01
6.497818829957395792e-01
8.409638961311429739e-01
6.225777450017631054e-01
6.787897590547800064e-01
7.623640659730881453e-01
6.330057040322571993e-01
6.145849360618740320e-01
8.073495319113135338e-01
6.337547311559319496e-01
8.325743470340967178e-01
5.738752360921353102e-01
8.145224431063979864e-01
8.042004350572824478e-01
7.940710671246051788e-01
1.013102855999022722e+00
7.069853120483458042e-01
8.032753209117799997e-01
9.014425331261008978e-01
6.694501000456511974e-01
8.041253671981394291e-01
6.478617088869214058e-01
8.111233001109212637e-01
6.634644030127674341e-01
7.878483450040221214e-01
6.453181239776313305e-01
5.949719769414514303e-01
6.513092590030282736e-01
5.975047489628195763e-01
8.297660900279879570e-01
6.431754208169877529e-01
8.025141560938209295e-01
7.699515090789645910e-01
9.453547149896621704e-01
7.706380698364228010e-01
9.231069849338382483e-01
7.492379830218851566e-01
9.314669410232454538e-01
5.933371719438582659e-01
6.547376271337270737e-01
5.854773749597370625e-01
8.080137660726904869e-01
6.104987550061196089e-01
8.083359450101852417e-01
5.812306099105626345e-01
6.809649718925356865e-01
6.020343308337032795e-01
6.101371110416948795e-01
6.463488750159740448e-01
6.535482669714838266e-01
8.035275090951472521e-01
1.013742537004873157e+00
7.643439599778503180e-01
7.196521009318530560e-01
7.918902770616114140e-01
9.902465329505503178e-01
7.149501719977706671e-01
6.642219810746610165e-01
6.447595988865941763e-01
6.848796869162470102e-01
6.557646910659968853e-01
6.820060119498521090e-01
6.512153928633779287e-01
7.456222150940448046e-01
8.449257859028875828e-01
6.457724790088832378e-01
6.551844088826328516e-01
6.715300870127975941e-01
6.185276918113231659e-01
7.309788130223751068e-01
6.364685259759426117e-01
1.022918944014236331e+00
9.175610591191798449e-01
7.089655650779604912e-01
9.172193570993840694e-01
6.996433460153639317e-01
6.481006119865924120e-01
6.040081430692225695e-01
6.084985621273517609e-01
6.725230820011347532e-01
7.434783931821584702e-01
8.476626479532569647e-01
6.881102719344198704e-01
7.859215100761502981e-01
7.641534139402210712e-01
6.739160988945513964e-01
6.993244630284607410e-01
7.623040620237588882e-01
8.054851109627634287e-01
7.190051199868321419e-01
7.415037539321929216e-01
7.404843759723007679e-01
7.506814820226281881e-01
6.450283019803464413e-01
6.444064800161868334e-01
6.542740231379866600e-01
6.374027091078460217e-01
7.551269759424030781e-01
5.362787430640310049e-01
6.886460201349109411e-01
6.638035289943218231e-01
6.458460229914635420e-01
8.198321678210049868e-01
6.087438559625297785e-01
4.084555029403418303e-01
6.515616399701684713e-01
5.636006831191480160e-01
7.738563569728285074e-01
7.309559900313615799e-01
9.903842990752309561e-01
5.011107830796390772e-01
8.185580929275602102e-01
7.730391318909823895e-01
7.811896321363747120e-01
8.214516118168830872e-01
6.547136290464550257e-01
6.440394190140068531e-01
7.916570871602743864e-01
8.010407330002635717e-01
6.556209160480648279e-01
6.699105999432504177e-01
6.804891079664230347e-01
5.382013099733740091e-01
6.278777399566024542e-01
9.603928781580179930e-01
8.207596200518310070e-01
7.480756221339106560e-01
7.674877259414643049e-01
7.516881860792636871e-01
7.298813369125127792e-01
6.319456321652978659e-01
8.316109278239309788e-01
7.726352161262184381e-01
6.366024031303822994e-01
6.613714399281889200e-01
6.366825411096215248e-01
6.335608221124857664e-01
6.424382729455828667e-01
8.283956281375139952e-01
7.356135200243443251e-01
8.085223608650267124e-01
8.139989641495049000e-01
6.460880830418318510e-01
8.089900859631597996e-01
8.236300209537148476e-01
8.034278620034456253e-01
8.212380609475076199e-01
7.503713460173457861e-01
9.896176289767026901e-01
9.016103718895465136e-01
6.782184389885514975e-01
5.953986581880599260e-01
7.888379709329456091e-01
6.005694488994777203e-01
5.923772109672427177e-01
6.804566769860684872e-01
6.474458978045731783e-01
6.257302279118448496e-01
5.551815750077366829e-01
6.530315738637000322e-01
6.875378049444407225e-01
9.740866350475698709e-01
7.289072589483112097e-01
7.832632330246269703e-01
8.035444000270217657e-01
8.040273489896208048e-01
7.097378459293395281e-01
6.941347680985927582e-01
8.155380231328308582e-01
7.636905801482498646e-01
6.056435459759086370e-01
5.708924140781164169e-01
6.600577791687101126e-01
6.332924189046025276e-01
6.236053330358117819e-01
6.506656380370259285e-01
7.996061649173498154e-01
8.438774370588362217e-01
8.655710020102560520e-01
6.442123749293386936e-01
7.447336241602897644e-01
7.946191728115081787e-01
9.829736079555004835e-01
7.319485689513385296e-01
8.235334160272032022e-01
9.308775370009243488e-01
7.322391041088849306e-01
8.580138739198446274e-01
6.348795311059802771e-01
7.897064900025725365e-01
6.570766211953014135e-01
8.123275781981647015e-01
8.475247661117464304e-01
6.535885699559003115e-01
6.449469879735261202e-01
7.954233819618821144e-01
6.199534658808261156e-01
8.097594911232590675e-01
8.184372449759393930e-01
8.189392539206892252e-01
8.244854030199348927e-01
8.057945729233324528e-01
7.848677490837872028e-01
1.014595770044252276e+00
6.986267729662358761e-01
6.105072500649839640e-01
6.483717390801757574e-01
6.278275500517338514e-01
6.033318301197141409e-01
8.107710101176053286e-01
6.621680718380957842e-01
7.936795598361641169e-01
6.885022639762610197e-01
6.648288101423531771e-01
6.708383720833808184e-01
7.556347779463976622e-01
7.433647161815315485e-01
7.750717210583388805e-01
7.931008550804108381e-01
7.731706900522112846e-01
7.832052889280021191e-01
7.834987568203359842e-01
8.159433188848197460e-01
8.061224049888551235e-01
6.078804100397974253e-01
6.095486390404403210e-01
8.300405980553478003e-01
6.089563448913395405e-01
8.009583118837326765e-01
8.193457578308880329e-01
6.302479130681604147e-01
6.622264781035482883e-01
6.137398499995470047e-01
6.440971822012215853e-01
6.274529700167477131e-01
6.384024859871715307e-01
7.518071900121867657e-01
7.948074929881840944e-01
6.875732271000742912e-01
1.012096115155145526e+00
9.474092670716345310e-01
5.220672751311212778e-01
7.736111970152705908e-01
8.492324189282953739e-01
7.842064560391008854e-01
6.447873450815677643e-01
6.721542237792164087e-01
6.868560130242258310e-01
6.400417869444936514e-01
7.546669519506394863e-01
6.441190789919346571e-01
6.273898289073258638e-01
6.443943509366363287e-01
6.354671069420874119e-01
7.620264769066125154e-01
8.242292990908026695e-01
1.014304155949503183e+00
9.702536338008940220e-01
8.008174439892172813e-01
7.957673298660665751e-01
7.733893638942390680e-01
6.587015930563211441e-01
6.597043941728770733e-01
6.607982800342142582e-01
6.503967600874602795e-01
6.244901830796152353e-01
6.625228179618716240e-01
7.990700840018689632e-01
6.175282420590519905e-01
6.612378598656505346e-01
6.614520188886672258e-01
6.532064510975033045e-01
8.249689969234168530e-01
6.943096609320491552e-01
7.298453100956976414e-01
7.941447279881685972e-01
7.628681310452520847e-01
8.941642791032791138e-01
5.108648580498993397e-01
7.425290369428694248e-01
7.897231809329241514e-01
6.430451439227908850e-01
8.323972111102193594e-01
6.489196449983865023e-01
7.965303049422800541e-01
8.298434980679303408e-01
6.412302791140973568e-01
8.338292818516492844e-01
6.444154670462012291e-01
6.426020930521190166e-01
6.694214479066431522e-01
6.519247160758823156e-01
8.974097711034119129e-01
1.011330913053825498e+00
7.794278329238295555e-01
9.225840189028531313e-01
7.927064981777220964e-01
7.159208639059215784e-01
8.174234200268983841e-01
7.312017828226089478e-01
8.231865649577230215e-01
8.104295961093157530e-01
6.338102619629353285e-01
6.317748639266937971e-01
6.411053938791155815e-01
6.420990601181983948e-01
6.436701901257038116e-01
6.752814899664372206e-01
6.031685720663517714e-01
7.486999090760946274e-01
7.586947248782962561e-01
7.901988618541508913e-01
9.875123619567602873e-01
7.366391699761152267e-01
8.163688590284436941e-01
6.933306148275732994e-01
6.831036158837378025e-01
9.037215970456600189e-01
5.256791790015995502e-01
5.972712109796702862e-01
6.150826390367001295e-01
6.409502490423619747e-01
6.330682849511504173e-01
8.052347281482070684e-01
8.341779818292707205e-01
6.514038559980690479e-01
7.973093988839536905e-01
6.786040139850229025e-01
6.595551699865609407e-01
9.664647059980779886e-01
7.684845789335668087e-01
7.374306379351764917e-01
7.480411888100206852e-01
7.777789400424808264e-01
7.446664159651845694e-01
7.087358380667865276e-01
7.323512178845703602e-01
6.591665188316255808e-01
6.494457130320370197e-01
5.791672898922115564e-01
8.395093870349228382e-01
6.141245099715888500e-01
7.415124010294675827e-01
8.033009381033480167e-01
6.613861501682549715e-01
8.410830949433147907e-01
8.049037319142371416e-01
7.823048108257353306e-01
8.204549499787390232e-01
9.269931751769036055e-01
7.586228579748421907e-01
9.992528199218213558e-01
6.837793570011854172e-01
6.301421870011836290e-01
6.489429201465100050e-01
6.466562889982014894e-01
8.022411181591451168e-01
5.988336121663451195e-01
6.636876161210238934e-01
6.833747830241918564e-01
8.072072549257427454e-01
5.718091831076890230e-01
6.186259449459612370e-01
6.351443929597735405e-01
7.704172790981829166e-01
8.063039358239620924e-01
7.624192710500210524e-01
7.701553299557417631e-01
7.049254199955612421e-01
8.180495260749012232e-01
8.124436240177601576e-01
6.432325709611177444e-01
7.746847679372876883e-01
7.922220260370522738e-01
6.737568350508809090e-01
6.145101010333746672e-01
5.509347969200462103e-01
5.956118188332766294e-01
6.318234158679842949e-01
6.799174281768500805e-01
6.107795070856809616e-01
8.102686991915106773e-01
8.044541091658174992e-01
7.700361800380051136e-01
9.670488988049328327e-01
8.022017539478838444e-01
8.039332649204879999e-01
7.392066689208149910e-01
7.829788709059357643e-01
7.505879520904272795e-01
7.296674340032041073e-01
8.216401690151542425e-01
6.234787248540669680e-01
6.343179089017212391e-01
6.699349530972540379e-01
6.342943350318819284e-01
6.396235350985080004e-01
7.529905380215495825e-01
6.793161057867109776e-01
7.694076260086148977e-01
4.148748938459903002e-01
5.947195140179246664e-01
6.469502970576286316e-01
7.855970079544931650e-01
7.807535489555448294e-01
8.964945860207080841e-01
7.903588600456714630e-01
7.356241140514612198e-01
7.928164619952440262e-01
7.844073299784213305e-01
9.368415859062224627e-01
6.839031970594078302e-01
6.061771749518811703e-01
8.231320308987051249e-01
3.904188259039074183e-01
7.985058368649333715e-01
6.072777148801833391e-01
7.838717119302600622e-01
8.046285198070108891e-01
6.869861010927706957e-01
5.876180280465632677e-01
6.221071570180356503e-01
7.846759310923516750e-01
7.215404310263693333e-01
8.126861390192061663e-01
7.353213820606470108e-01
8.012907700613141060e-01
9.977107159793376923e-01
7.447509630583226681e-01
7.734831511043012142e-01
7.473868471570312977e-01
6.444430910050868988e-01
6.719594460446387529e-01
6.296125450171530247e-01
8.038383598905056715e-01
7.926847289782017469e-01
8.498223240021616220e-01
7.351729739457368851e-01
7.999844171572476625e-01
6.600703799631446600e-01
9.546971898525953293e-01
8.092673169448971748e-01
9.721270471345633268e-01
7.416690769605338573e-01
7.058841590769588947e-01
6.276213971432298422e-01
6.745030949823558331e-01
6.141292420215904713e-01
8.466073670424520969e-01
6.723182320129126310e-01
8.036128960084170103e-01
6.300545099657028913e-01
6.883571748621761799e-01
6.266520689241588116e-01
7.166840930003672838e-01
7.186133929062634706e-01
7.287404811941087246e-01
7.720129138324409723e-01
1.003924824064597487e+00
7.535504729021340609e-01
7.723121088929474354e-01
8.909673898015171289e-01
6.519842022098600864e-01
8.180516790598630905e-01
6.118221969809383154e-01
8.006439681630581617e-01
6.404944099485874176e-01
5.928107921499758959e-01
6.565386659931391478e-01
6.403850240167230368e-01
6.673223481047898531e-01
6.126687598880380392e-01
6.297161499969661236e-01
8.049897688906639814e-01
7.135357500519603491e-01
7.634655749425292015e-01
7.971733200829476118e-01
7.755916840396821499e-01
9.505145289003849030e-01
7.843485441990196705e-01
7.203114069998264313e-01
8.455706341192126274e-01
7.596869789995253086e-01
6.525866528972983360e-01
6.168077629990875721e-01
6.000705130863934755e-01
6.006787440273910761e-01
8.034203741699457169e-01
5.932105961255729198e-01
6.648589011747390032e-01
6.118042110465466976e-01
6.320262718945741653e-01
5.957815831061452627e-01
6.478201069403439760e-01
6.681928478647023439e-01
9.110830840654671192e-01
7.724059531465172768e-01
1.014025776181370020e+00
8.053017670754343271e-01
7.643321580253541470e-01
7.743593349587172270e-01
7.862882812041789293e-01
8.106134668923914433e-01
8.457883989904075861e-01
5.818860370200127363e-01
6.362735121510922909e-01
6.107838959433138371e-01
6.008833108935505152e-01
6.271907209884375334e-01
6.625111338216811419e-01
5.820289389230310917e-01
6.172143490985035896e-01
6.118888419587165117e-01
6.463153529912233353e-01
9.204075180459767580e-01
8.067128490656614304e-01
9.853064718190580606e-01
9.009897650685161352e-01
8.592398830223828554e-01
8.406474241055548191e-01
7.640443248674273491e-01
9.210893600247800350e-01
6.768677521031349897e-01
8.304229490458965302e-01
8.946278579533100128e-01
9.211970369797199965e-01
6.886176811531186104e-01
7.257945011369884014e-01
7.458752281963825226e-01
7.847668649628758430e-01
8.441776300314813852e-01
8.575911340303719044e-01
8.947044669184833765e-01
7.860959840472787619e-01
8.241424709558486938e-01
7.601555890869349241e-01
6.957792029716074467e-01
8.784141920041292906e-01
7.574345229659229517e-01
7.049709879793226719e-01
7.154828761704266071e-01
8.988137908745557070e-01
9.380441349931061268e-01
7.151312241330742836e-01
8.235700889490544796e-01
8.706753540318459272e-01
1.076176806120201945e+00
1.099748185835778713e+00
9.075448520015925169e-01
8.012229700107127428e-01
1.017960646189749241e+00
6.615540860220789909e-01
6.632202481850981712e-01
7.427040971815586090e-01
6.222883118316531181e-01
7.237719609402120113e-01
8.852551500312983990e-01
9.310326711274683475e-01
7.143834941089153290e-01
7.574078969191759825e-01
8.962481201160699129e-01
1.036691894987598062e+00
8.778151010628789663e-01
9.084365968592464924e-01
8.433088338933885098e-01
8.904828759841620922e-01
8.178089100401848555e-01
8.255454150494188070e-01
8.929791250266134739e-01
6.909444411285221577e-01
5.815782260615378618e-01
8.703841799870133400e-01
9.047992150299251080e-01
6.813173259142786264e-01
7.512292149476706982e-01
8.849299401044845581e-01
9.388926650863140821e-01
8.546270010992884636e-01
8.536149619612842798e-01
8.074107440188527107e-01
8.681735771242529154e-01
8.303751379717141390e-01
9.041826189495623112e-01
6.531407581642270088e-01
6.964866218622773886e-01
9.014396951533854008e-01
6.807145541533827782e-01
7.209530840627849102e-01
7.593224109150469303e-01
7.327043130062520504e-01
7.230075309053063393e-01
7.447284332010895014e-01
1.047591748880222440e+00
1.063211207045242190e+00
9.017155808396637440e-01
7.674547398928552866e-01
1.070361983031034470e+00
6.057094261050224304e-01
1.037198404083028436e+00
6.950235140975564718e-01
7.036431138403713703e-01
7.185416740830987692e-01
9.172401018440723419e-01
6.925727999769151211e-01
7.013740050606429577e-01
8.704165690578520298e-01
6.811979028861969709e-01
7.205513890367001295e-01
7.205489210318773985e-01
6.619295289274305105e-01
7.505943309515714645e-01
8.284651129506528378e-01
1.118055794155225158e+00
8.565676179714500904e-01
8.171629400458186865e-01
1.119377088034525514e+00
8.954649150837212801e-01
7.024792819283902645e-01
7.255020188167691231e-01
8.241246188990771770e-01
7.423416671808809042e-01
6.831305969972163439e-01
7.429326821584254503e-01
7.010445371270179749e-01
7.105274428613483906e-01
6.909061910118907690e-01
7.393759312108159065e-01
7.189418480265885592e-01
9.263170179910957813e-01
8.183182030916213989e-01
8.754593620542436838e-01
8.401742118876427412e-01
8.417865268420428038e-01
8.779822350479662418e-01
8.399292309768497944e-01
8.754007669631391764e-01
6.931359500158578157e-01
7.294238009490072727e-01
7.296093150507658720e-01
7.206258568912744522e-01
8.443705069366842508e-01
7.401697060558944941e-01
7.193612270057201385e-01
7.497215811163187027e-01
7.257615050766617060e-01
6.913044760003685951e-01
6.803364530205726624e-01
