1.179665998186730635e-03
9.439367838588995927e-04
3.868017527189682604e-03
6.355271680318260938e-03
7.219265331843277567e-03
2.335043113104230163e-03
1.025386594582102613e-03
7.717647662667214727e-03
1.106448087776393252e-03
5.363020651776770169e-03
1.830382769000014247e-03
6.054035837688157701e-03
4.378758577353487891e-03
1.971748036198462360e-03
5.787358812789510434e-03
2.320767599395208436e-03
3.679362897039208796e-03
5.945075150273326087e-03
3.668209347370119180e-03
6.744762140959011457e-03
2.212412779677432832e-03
2.621017784863661267e-03
1.283528981873581064e-03
1.288858833992436673e-03
8.514683729355433141e-04
8.207760878345159768e-04
8.621852279500275733e-04
6.966801875494177052e-03
5.235901389507242702e-03
6.602088166104977743e-03
5.806633339853162386e-03
6.289649858377646327e-03
3.233136465949789339e-03
5.754819420791102910e-03
2.748288444876104478e-03
6.980481126246413249e-04
2.090290194027291486e-03
2.949543508451525457e-03
1.947592292854425332e-03
1.614704331732076063e-03
1.503674630199801831e-03
1.914456707985379234e-03
1.119781531617854804e-03
8.735473420383036217e-04
1.443213631167173045e-03
3.251661395328107797e-03
1.946192810067600906e-03
2.087729802518897664e-03
1.121034481292434428e-03
1.540820729178227601e-03
1.682668350544899759e-03
2.872460583304219887e-03
1.566430856714749655e-03
2.369178529691768741e-03
2.119252428336175411e-03
1.482814898685778622e-03
1.156461667242484692e-03
1.578290177062683514e-03
1.154250661931790958e-03
1.083776909899164314e-03
2.641231935424493468e-03
1.806868443896166672e-03
2.110294992048809392e-03
1.710963557945803949e-03
1.109258781097786917e-02
1.466734294335770520e-03
2.165029017517587379e-03
9.376879909017093659e-03
1.459261117609726103e-03
2.150508211117803554e-03
7.532126376743842819e-04
1.556286030915406344e-03
4.539109549938379062e-03
1.767931015860990185e-03
3.435717893201265579e-03
1.156582552658217983e-03
1.025919166215036446e-03
9.148226908474865618e-04
2.338201157729580520e-03
1.477073075929615864e-03
1.750770280427883623e-03
1.447852678655123975e-03
9.397145891412732235e-04
8.871009718667968247e-04
7.360571437164241003e-04
6.428852763376593366e-03
8.886699087661804539e-03
2.344941603142961916e-03
1.335160301961039455e-03
9.994699504069426074e-04
1.256382847269321874e-03
1.332821474464587069e-03
7.615966385884307419e-04
3.340459071255297285e-03
1.035047459484372736e-03
8.788512940566901768e-04
1.299268515058193702e-03
1.716554761013333206e-03
2.252783760191291815e-03
1.062023776977339719e-03
3.958801728591507078e-03
9.484758326167993473e-04
1.793987470797385377e-03
7.562916303663443605e-03
6.350203738029486060e-03
1.356597640531948847e-03
7.483891008149260241e-03
5.906011188613503361e-03
1.744772345385003486e-03
7.016639962391278077e-04
5.032685979622981108e-03
1.396069484979091824e-03
9.956499517287098738e-04
3.248114274861255146e-03
1.102934393916092529e-03
1.101381361639282123e-03
6.502584107715809851e-03
7.167093055364035219e-04
1.358716214775247981e-03
5.171150271255937209e-03
3.984228385238188820e-03
1.400567190309778918e-03
7.837035414699540124e-04
3.208137211083112589e-03
1.768057404671140526e-03
6.538353625652894296e-03
1.734918261225535784e-03
1.766801998726780665e-03
2.130221496124339378e-03
1.301334667263862998e-03
1.617742286992684096e-03
1.437832772870676961e-03
2.968151461188772103e-03
1.232726418201925958e-03
1.801368471756865366e-03
1.560567434095486671e-03
1.007637796832245615e-03
2.183671085448307160e-03
1.121134709265279297e-03
7.979853589643218876e-04
1.442523829943294453e-03
6.985385597648650609e-04
2.930144828273659272e-03
1.430130434885624633e-03
2.487365594188778537e-03
7.346250330706561660e-04
1.809154995218729359e-03
1.056782737261006185e-03
2.344023267436307241e-03
8.636450781718594096e-04
4.509999539396520284e-03
2.363852498034951441e-03
3.050715566603307526e-03
1.678317204531618988e-03
1.590460610187952387e-03
9.523149198162932311e-04
1.344608448383799015e-03
1.153724431776836576e-03
7.985875480635397719e-04
8.196942084467822090e-03
3.999275839503839761e-03
1.013918105715116503e-03
9.497298493512693974e-04
1.109348347942527672e-03
1.632428062071368015e-03
2.185726322508871420e-03
1.482246272446685435e-03
2.791140006759248657e-03
3.969464161621263920e-03
1.320379866880987563e-03
1.262949587234010523e-03
5.677130356053924909e-03
3.297124290547156448e-03
1.039033903709106650e-03
9.891653009332680713e-04
3.185754043682057814e-03
1.796050194571786190e-03
1.582956690245187559e-03
1.452289068760234106e-03
3.948502425845248388e-03
6.186739216972606675e-03
2.955499385852646595e-03
1.748054536301585794e-03
7.108290302176955948e-03
2.973830508035361832e-03
1.061146113981460345e-03
1.271577992330714425e-03
8.180579935821519558e-04
5.073057440955999753e-03
5.956390301586285234e-03
9.470828688379274085e-04
1.025368414400561201e-03
1.396583169286780626e-03
1.272896704856806959e-03
7.233607500925763947e-03
9.016294583249662327e-04
6.978201691787624429e-03
1.130847509337121236e-03
3.174589848050992074e-03
9.088144308128790535e-04
9.906303529954600586e-04
1.756409119807183930e-03
1.159142751479578376e-03
1.659335787554812877e-03
2.299996887715155189e-03
1.404917613891357555e-03
1.757635148729342223e-03
1.043344554693387228e-03
1.349322126398358381e-03
1.764889350973632273e-03
7.031543097284896626e-03
1.033526534974961789e-03
1.460406177321880951e-03
1.304827342987977153e-03
1.637440048859839341e-03
2.597045158945467114e-03
1.492728856941655463e-03
1.976237655644037371e-03
2.515180685770350769e-03
5.198601427818120950e-03
8.368572814429505293e-04
4.979390700144002875e-03
1.448701629189258142e-03
1.558084874284866020e-03
6.147760943863571879e-03
1.777964694073926087e-03
5.139550856524882812e-03
1.226106916182894985e-03
1.220324589126869528e-03
1.230274690854273262e-03
2.514713428955719487e-03
9.803123120898967879e-04
7.695566292585409932e-03
7.596183918892098971e-03
8.311097934645321136e-03
9.348698798887397979e-03
1.441100235641708249e-03
2.227653951162122167e-03
1.282084777393117936e-03
1.170263198746229489e-03
2.799492911081681232e-03
7.568045562639478000e-04
4.337091154994545360e-03
7.053543500208571404e-03
9.086286665882664388e-04
9.357330513287555980e-04
1.964322287456067746e-03
7.909305889056174321e-04
1.756693301252238359e-03
5.388682656308016287e-03
1.015567966196549406e-03
1.882065995775399460e-03
1.851013851335299876e-03
1.046001039411234871e-03
7.456371983564514389e-04
2.800333310801405781e-03
8.605370836292505071e-03
1.111762691152427471e-03
1.437885200891079237e-03
1.162026369706539285e-03
1.703967363211259705e-03
3.665754838248498626e-03
1.103806384246499564e-03
1.743497855116768946e-03
5.696137071688781202e-03
1.658195321474431171e-03
3.726976875356488583e-03
1.893115160844350978e-03
9.939463570362708830e-04
2.598262115221280488e-03
7.575827956728327026e-03
2.092416139023254868e-03
1.025456807643205463e-03
1.752015060712182673e-03
5.047743698773451797e-03
1.186694673060993297e-03
1.292772235567701388e-03
1.536359263355355914e-03
1.714355501498352483e-03
1.249136592382594666e-03
3.182517657287271644e-03
1.516664449970709164e-03
1.555058666439432507e-03
3.034428002609108714e-03
1.766133934043950067e-03
1.191499144029602858e-03
1.275225110267913346e-03
2.814195928146963170e-03
1.319013018056609116e-03
1.370507179639971927e-03
9.976886903711075505e-04
9.659558993576229918e-04
1.644242719132687830e-03
9.367498247260022930e-04
1.972064575144379973e-03
2.447440953938220028e-03
2.085836334879596476e-03
8.500679192042831425e-04
2.929416780992203859e-03
8.718680619287831005e-04
1.413281376983965701e-03
1.183080573310671922e-03
2.205876983291608570e-03
1.010430055891800615e-03
2.172362940320915481e-03
8.246631629975054688e-04
9.668456817265817923e-04
2.761200270585621296e-03
1.262426649510684255e-03
1.555482961567344587e-03
9.309235025475665537e-04
1.595998036334220736e-03
1.423146860876776465e-03
6.631423691189515784e-04
1.168055294993813973e-03
1.196492598022385039e-03
1.486014833092720805e-03
9.386519585357574764e-04
1.398355811409599230e-03
9.818237284510715392e-04
4.955607541519885251e-03
5.554397081283786106e-03
1.961491247001229468e-03
8.657407154099822739e-04
1.561170741741803140e-03
8.234619877602893014e-04
4.400028450825150921e-03
4.279499759639493646e-03
4.094995997211999320e-03
9.663950831557165718e-04
8.883288043384618415e-03
9.489765410035578457e-04
6.318492800725552042e-03
7.261042068413697554e-04
2.531968098892182530e-03
5.543479302148409185e-03
2.180845419101409659e-03
2.098297987129733259e-03
7.866351136495714630e-04
9.623907928947730926e-04
2.915038328126156025e-03
8.331429597591760369e-04
1.200343318775379557e-03
9.249555085902137633e-04
1.184651920486075706e-03
1.758760181394442706e-03
8.995234499735119561e-04
1.742529483171875596e-03
3.906347095006269463e-03
1.171784603849508307e-03
2.103724752439189907e-03
1.184303728286233886e-03
1.008521426020518629e-03
4.601087791867298528e-03
1.429502777700462652e-03
1.986783394055105165e-03
4.250398812310634405e-03
1.112348133994442261e-03
4.132188304626827416e-03
9.880135946656117170e-04
3.590839474372435614e-03
8.787448772819793624e-04
1.030138998061324446e-03
4.247107082697883229e-03
7.402307311532297686e-03
1.187391715169144055e-03
9.427792224243013424e-04
1.070563715460610748e-03
1.484435156231084805e-03
5.465200156338763902e-03
8.123011158273870432e-04
7.740362467031505029e-04
6.249967427674696374e-03
3.010432685035205162e-03
5.222192162819454600e-03
1.620915531097297116e-03
8.559309444784165633e-04
1.160895817126896207e-03
5.571109772680946440e-03
7.115334665474181038e-03
1.184917993255042842e-03
2.611634602539658189e-03
6.176701302078924094e-03
1.626768134694959620e-03
9.817868415120971012e-04
1.860389425857422513e-03
2.841574229309760773e-03
1.144488332864445788e-03
3.118979893900435466e-03
4.285612086143096404e-03
7.167939377073426210e-04
1.617091587823083366e-03
6.919015371853538127e-03
1.883208426442355967e-03
1.311819995551115814e-03
7.438805335362574239e-04
1.607762290984931022e-03
2.829948605772422340e-03
9.580356930409747451e-04
9.291168529953499310e-04
1.346433753196214994e-03
7.284942924170438074e-04
1.069402855504087172e-03
8.852950035680831392e-04
1.767753669739524636e-03
6.055383429442366336e-03
1.562118914121877512e-03
4.705652643492303118e-03
1.331503241457556146e-03
9.322243226366089958e-04
1.653424693450248738e-03
4.697056276440066819e-03
1.451917057923456881e-03
6.479876259006588177e-04
1.618988318715045048e-03
1.387053344571358062e-03
1.410780300361764257e-03
3.748680651857327559e-03
7.339972558928607553e-03
2.248141799721678144e-03
1.690498612243450079e-03
4.960814437383352649e-03
8.585982818474717070e-04
1.148013518540528469e-03
1.389200818460801243e-03
9.251038715388572873e-04
1.335710883642830717e-03
8.319462296759133450e-04
9.294674233702103191e-04
3.805916715020884848e-03
4.232069434274880575e-03
4.134387445424709921e-03
1.088082171123912765e-03
4.486479783035414969e-03
1.041597565182048523e-03
6.496626425738198304e-03
8.029198064067705979e-04
9.336264913997453395e-04
1.223583517968890744e-03
1.284165850078262646e-03
1.723331507667791524e-03
3.762667365828974674e-03
7.630411639193194172e-04
1.480521807774363725e-03
7.407035402774805226e-04
1.397506372049229541e-02
8.990693109609754555e-03
3.494730392650761876e-03
2.211194809233971593e-03
1.172145438082258925e-03
9.422335653086632732e-04
2.354829954471814209e-03
1.713942278057635710e-03
5.605565279035301662e-03
9.219579471315332564e-03
3.545112745923768502e-03
9.534523176013499825e-04
2.897702898803714879e-03
1.782907232736845446e-03
4.302689357153631489e-03
1.458599891678086713e-03
2.248362577429982145e-03
7.620131643433699373e-04
1.842056848737095697e-03
6.024723331653529350e-03
5.451767212635547782e-03
4.726598484556620780e-03
8.327282670077775688e-04
6.673529564354203220e-03
1.233990319887939835e-02
1.680348233812868283e-03
1.424610857447669490e-03
2.291468622850646123e-03
8.195234379501487552e-04
1.453089838518811967e-03
1.382035048947548913e-03
1.302219875062113341e-03
1.243091651238907840e-03
5.450000248039351194e-03
9.981316543543744795e-04
4.331876760111770530e-03
9.730639706853038686e-04
4.063474585093022722e-03
1.848862540405213795e-03
5.062530060057123318e-03
2.291891728124211859e-03
9.548539621025422478e-04
4.603328272519304279e-03
3.773228966842020072e-03
3.439173896420216498e-03
2.651713602744076859e-03
1.048711311481619925e-03
2.341978185761976316e-03
2.619535280899398019e-03
2.074940012850509229e-03
1.054777778511319011e-03
8.373459008640019669e-04
1.495835758750500627e-03
1.321910114288992692e-03
3.333036437053313837e-03
2.053451345510413657e-03
8.599145965462755194e-04
1.178431524656876721e-03
4.696440373062786902e-03
8.702965444558301419e-04
3.435482021944409516e-03
9.730754554549274652e-04
5.210907944044506496e-03
4.532644940329497163e-03
1.142485738418527220e-03
2.111479965807280378e-03
1.176536695715094203e-03
1.244129946620879624e-03
1.414768540066002177e-03
1.581082763020414143e-03
1.890912323429325224e-03
8.031409523222333719e-04
7.907490530152751001e-04
9.775678917688549602e-03
1.544621877381320953e-03
8.922876344713074866e-04
1.936445821814651450e-03
1.124100768367701552e-03
1.139225539996998075e-03
1.293412056168873449e-03
4.728178928197592119e-03
1.818203859206258665e-03
1.195911187905559624e-03
1.712597879427700748e-03
8.723964207656498618e-03
1.694467557099326805e-03
1.117658242424540834e-03
2.127861596447360240e-03
2.367305054271776413e-03
3.651662666526732208e-03
1.909297571871475209e-03
1.072045773310218580e-03
1.078022182531687776e-03
8.024206078842114785e-04
7.631939189926788400e-04
1.843986808917601021e-03
7.613274327516094059e-04
8.453043046312255825e-04
3.993510100847894734e-03
7.844126839669639684e-04
1.182903918440012967e-03
8.645337568235572862e-04
6.756582817089287415e-04
1.174046166000974022e-03
1.815661562008859036e-03
1.200362728165693931e-03
1.118458168964648171e-03
5.585222548486184352e-03
5.668416400171918945e-03
1.229265079959370724e-03
7.352130163877514763e-04
1.029381359272877943e-03
9.753803238845334261e-04
7.618091349637889616e-04
8.300649898789560794e-04
6.548730166929797245e-03
1.674481271012454682e-03
9.170284646635220313e-04
9.153726194781043558e-04
8.442193725847839912e-04
1.329408021165832130e-03
3.632802058838728240e-03
5.963067385292729859e-03
1.430342152436021950e-03
1.488968655416394787e-03
8.695386532062737012e-03
6.727826089890657536e-03
3.727672872942104469e-03
1.144913794001086241e-03
1.206279912941169916e-03
2.007906254686933709e-03
2.953249453408572645e-03
7.536547773269674198e-03
2.941260714608407399e-03
1.142228220725722979e-03
2.406896082919762151e-03
1.249022285047803526e-03
6.426301022505001050e-03
4.955934994788807266e-03
1.197735817471696530e-02
8.020021837729624610e-04
5.002790775371558640e-03
1.996611946995551553e-03
1.787182053573669379e-03
1.498377961993295308e-03
1.325828904114760088e-03
2.892811515709896135e-03
5.084776648874483711e-03
4.276920189975259509e-03
6.706910653532443612e-04
6.757022509149505224e-03
1.941696073018798173e-03
4.364988566139126232e-03
1.125254490211177434e-03
1.960929046594405561e-03
1.015300290112695816e-03
1.840303131761132334e-03
1.132896313692276788e-03
3.379528845483392632e-03
6.097116727591274203e-03
1.523890318013212302e-03
9.758456647223390538e-04
1.671303485007068863e-03
2.586167646174004388e-03
2.559845474139687410e-03
1.669781415986430154e-03
8.067656866043257814e-04
1.195817990629649986e-03
1.532556638497399723e-03
8.475354567808657995e-04
5.297982656541413808e-03
1.823003501352937370e-03
7.450333819105689048e-04
1.485611708559603315e-03
9.964264109822700433e-04
3.880425965225916835e-03
1.022057589311390529e-03
1.306461793045830908e-03
7.691038654195806552e-04
2.278294867212597025e-03
8.140358993978576846e-03
1.167563055152495352e-03
1.253402727880475543e-03
9.111753599278827080e-04
8.851368633770544808e-03
1.445753279829678668e-03
2.781735403979975364e-03
3.403790251987150618e-03
5.080909084223652131e-03
1.555810634616901699e-03
1.433175164542338596e-03
2.071530573511246986e-03
1.099888241292388451e-03
1.377922902467880982e-03
4.161662936249164134e-03
1.967549255363671042e-03
8.735736898337589235e-03
1.435915392753156017e-03
9.344386718030254276e-04
8.670449982732233909e-04
1.946937811330679653e-03
1.362886118985277579e-03
6.813426845060642154e-03
9.458344538642479401e-04
5.235084069764118185e-03
9.256520795087543399e-03
1.319323108902262058e-03
9.028233313182153479e-04
2.449130111292466012e-03
1.265915199720291356e-03
9.521532604982919533e-04
5.879945241612285003e-03
1.579867058837696207e-03
5.042028835761570675e-03
1.095627329828138602e-03
1.006692363284031333e-03
1.329196923731228164e-03
2.319777561011295442e-03
4.464379708198566721e-03
6.547265927655642869e-04
1.488430179980766840e-03
1.363218389263896966e-03
9.601174757270341783e-04
7.823156162963961933e-04
2.028603303221613967e-03
7.480826695120432017e-03
9.053663449013692535e-03
9.554888021977936494e-04
2.016443075883818468e-03
1.104234082327855198e-03
1.209833593692509653e-03
1.001321056824284106e-03
1.545472565699875823e-03
5.043241989447976199e-03
9.298876405362309448e-04
8.235169218269750447e-04
9.249367371668313839e-04
4.726012698740860232e-03
8.315219313277825985e-03
1.076631623652265016e-03
5.438837778372809968e-03
9.204219636900401805e-03
1.836297340440463770e-03
1.199143614104762872e-03
9.289599337694452643e-04
1.036160380854314394e-03
8.766557520791889123e-04
1.269382460016525846e-03
1.847276648449090340e-03
2.740377725292140153e-03
1.618276597572845029e-03
7.981438095343900080e-04
1.575449687656412965e-03
6.330516928886490736e-03
6.486586154770025703e-03
5.816566902343126878e-03
4.804449578769767054e-03
1.250396873345366484e-03
2.465241823708643355e-03
3.674240732799181636e-03
9.177865899192911214e-04
1.112649511005200454e-03
1.008691086879268898e-03
1.824235263936219457e-03
1.058558098618232095e-03
2.122667451882586428e-03
3.551816821855684377e-03
1.108030851741009619e-03
5.026612195977974047e-03
1.021452319037312794e-03
2.639477825705614875e-03
1.453570902559074302e-03
9.739541429273336709e-04
2.426419032912551562e-03
8.052754152504128758e-04
1.681927957450425094e-03
3.499720185679317409e-03
1.346122807656015361e-03
1.735187212422613368e-03
5.590752666059651925e-03
1.071154943093497770e-03
6.100671948197568424e-03
1.493656056852357998e-03
5.221181596293117400e-03
3.774052949147527029e-03
1.913061282799154508e-03
1.678965684964338649e-03
1.328845150662959261e-03
1.193559583214273820e-03
4.170376090139349921e-03
1.326275614344802484e-03
1.645932295641058850e-03
8.746542069895881129e-04
9.858335827696233355e-04
1.477184908416614810e-03
1.035338872481265850e-03
9.048666913813514139e-04
8.734872279120691483e-04
5.350375170826949037e-03
1.021498610117874866e-03
1.502711970161904479e-03
3.885098368385909041e-03
5.226677509209296142e-03
8.930004186541767777e-04
9.466258741137028448e-04
1.340345471130892493e-03
2.161932245387986930e-03
1.333750113695609868e-03
9.126559553700192701e-03
8.694634321110067052e-04
1.402262993231917975e-03
2.541298767796811367e-03
7.274437138605561841e-03
2.288276400113555247e-03
1.930753998044789071e-03
1.726269204634955576e-03
1.674885690431853272e-03
6.173420044681491789e-03
1.014920116466780115e-03
9.353701946441283274e-04
5.039746363410252741e-03
7.977015710083205403e-04
1.401862162730255082e-03
9.098003272668390594e-04
5.610685967655515416e-03
4.979542462670408925e-03
3.968203197670274254e-03
9.781176985971676632e-04
1.615773280220896349e-02
1.926540763957413629e-03
8.352573463533665083e-04
4.607179040525780089e-03
3.837567505193962680e-03
1.116070011904292478e-03
1.188394570874390464e-03
3.708588910824037362e-03
1.116773321641661380e-03
8.869814311069825884e-04
5.206137857074601832e-03
8.206731529006923431e-03
1.327830253656500648e-03
9.614521647142046335e-04
8.347181533442995247e-04
1.313166517659182173e-03
1.751101998585808577e-03
1.368349542141857923e-03
4.869397524038622527e-03
8.551779314430139065e-04
5.579115599713900878e-03
1.160677078036970048e-03
1.044872871923526727e-03
9.511164314445754928e-04
8.420241598999688359e-04
1.379038104964674070e-03
1.298702315006868783e-03
3.102326242452231771e-03
7.379421821535930154e-03
1.528606585064158207e-03
1.067099586377347024e-03
1.549699821315209287e-03
1.186628182731171892e-03
1.839941663895937893e-03
7.767060760134346202e-03
1.050259436278678984e-03
1.449676436815034884e-03
9.162610890776988048e-04
1.312045756178093414e-03
2.737349151591483756e-03
1.045573605999918594e-03
4.553186641242260545e-03
1.174510755081602416e-03
4.911003679241429318e-03
1.443098350346834089e-03
5.559297664623936985e-03
1.005220399547917783e-03
4.328975482901290667e-03
1.826396674856442092e-03
4.859807132315767560e-03
1.252864541775881770e-03
9.181493456847537654e-04
2.224409342352458123e-03
9.844163618260761556e-04
1.232731952414814263e-03
1.056861637103039897e-03
2.941753651948033829e-03
6.555686784866642837e-03
1.154979777392804198e-03
1.287930410671002260e-03
1.726435260592655650e-03
4.165788104828012720e-03
2.136054235562678382e-03
1.975442275483368752e-03
7.659361120704290260e-03
4.760042338528867184e-03
1.245999777711638817e-03
5.690691280505362319e-03
9.623378480464519222e-04
1.429861290142809020e-03
1.479879766185106596e-03
8.857478253585128599e-04
1.929654374834245721e-03
2.059187184143978794e-03
9.448527181188211754e-04
3.097047995877089469e-03
1.557172110723243621e-03
8.832639981554292041e-04
2.635001398614568099e-03
6.007092871521289498e-03
5.141388887628701651e-03
1.175202064952108987e-03
7.551772740711930375e-04
1.055211969904383063e-03
9.984467937968145770e-04
1.826906497247355807e-03
2.110949123517473144e-03
1.125939014230150107e-03
1.895969484360456427e-03
1.205570792539151920e-03
3.463320398995317021e-03
1.014383641681886441e-03
1.592639384746437044e-03
1.281655570498207303e-03
1.719059333240394475e-03
7.777912298030623291e-04
1.710558824765667264e-03
3.576080790640617790e-03
7.170561340768720959e-04
2.874559955520186467e-03
2.470680923014602955e-03
4.440720451106212711e-03
7.562333479925304434e-04
1.015635395979408310e-03
4.534521589329371452e-03
9.909144821824366310e-04
3.327128462625465223e-03
8.631691072838764463e-04
1.152720111100860373e-03
4.488018857130195681e-03
1.714766436231522639e-03
5.578307528072081085e-03
1.065312173770793097e-02
5.646352058342271434e-03
4.579523844122062454e-03
2.418934373985007647e-03
1.595307122880448890e-03
1.269574359104412749e-03
1.642307863900383707e-03
1.124969093207033640e-03
1.680461448132912353e-03
1.733054980191298935e-03
1.238869308366031359e-03
1.536539191709443853e-03
5.330678686748554877e-03
4.178556544934936522e-03
8.402203094255908649e-04
8.814252405905043585e-04
2.543297247666553851e-03
1.086097580171665978e-03
1.238104305856319292e-03
1.009987937807137236e-03
1.319163678017417100e-03
9.802523163592966483e-04
5.189492768911396769e-03
9.213200725421597740e-04
7.001587836523499213e-04
8.166761405626110637e-03
1.491496252042673549e-03
4.276320473882449028e-03
4.478826059594666863e-03
1.008652343288759037e-03
1.471502275852083329e-03
8.333768059321618659e-04
1.149959664665938918e-03
2.415098538389539185e-03
1.026446047536176687e-03
7.971947822652524504e-04
1.268697599711852714e-03
1.104677797844273810e-03
5.253884484830530222e-03
1.746639700747756613e-03
1.043591502216950498e-03
1.321440315349236855e-03
1.883745496526859162e-03
1.107488061989174650e-03
1.589848606805455101e-03
1.645746021542721397e-03
8.595148003299170553e-04
3.092539633297192517e-03
2.271104742775013289e-03
2.118719188267346402e-03
4.690822915993365233e-03
6.186053062916892567e-03
9.791126936606474492e-04
4.101688719584838799e-03
1.126898705681929520e-02
1.533050704693888740e-03
1.468793155665153432e-03
2.262923750982117656e-03
8.826979875442800706e-04
5.892025383122135099e-03
8.211216825731394633e-04
1.400761618917806478e-03
1.110312889257847064e-03
4.647673962184794248e-03
1.321240485095011253e-03
1.190298360678904068e-03
1.256201608054279863e-03
2.161190418036174586e-03
2.941189470896747246e-03
1.225596320073754847e-03
7.005569690440854348e-03
1.425419849677455600e-03
1.192943341998710730e-03
1.627135317854014199e-03
4.949219289230217395e-03
1.582636806050951141e-03
4.641331041658171112e-03
1.181718596545842026e-03
1.379018770836676041e-03
2.956817367524622320e-03
6.004873621524553159e-03
1.388901815549794692e-03
2.044264988971497207e-03
7.912425032314405332e-03
1.311776718816080184e-03
2.264650497551283590e-03
5.258925348631936052e-03
3.210150759383343256e-03
6.423928992433148438e-03
4.650277764837072551e-03
1.479629044820391639e-03
1.425111755058506343e-03
3.609356076367125927e-03
9.396870193916180081e-04
1.396781144671595601e-03
7.699600571902036165e-04
1.672376693109548212e-03
8.550258149135056334e-04
8.482050910890795176e-04
1.242783386989253268e-03
1.595774514653338066e-03
1.192193163657058420e-03
1.025578215726650165e-03
1.170053400095739417e-03
1.964231881340431935e-03
1.043495900519446308e-03
5.105430198896340581e-03
1.528430905880768294e-03
9.253417960291819046e-04
8.325935159237705940e-03
5.707664861420048454e-03
5.613388436570942996e-03
7.449097123362844472e-04
9.568368249036317014e-04
4.852216594479264768e-03
6.196982386400979106e-03
4.555411603055183577e-03
1.652420783866805814e-03
5.003427950485561312e-03
1.521594682301935899e-03
1.913160301072114192e-03
5.829296279162348056e-03
6.347153517852354224e-03
1.450461358278469504e-03
1.550704825682161937e-03
9.888971696036593251e-04
1.657009950710617305e-03
4.562257253012155615e-03
1.195144741275826726e-03
1.573457335776700175e-03
9.398104239023442321e-04
1.741953018432628548e-03
5.983304440042182433e-03
1.033337711621823158e-03
1.091492560529237071e-03
3.385109630041527491e-03
6.228779034497525756e-03
1.048522227793126458e-03
1.403807235270099815e-03
8.845868801718970512e-03
1.485789402030112923e-03
1.046353660968998801e-03
7.488151208167006167e-04
3.601368482138572313e-03
4.942622697607324152e-03
8.794819284429691983e-04
7.561829934575305329e-04
5.469628220690688630e-03
4.016916739038015396e-03
1.310217818697504560e-03
3.368727889023528585e-03
1.191447527768642149e-03
4.424482931339505064e-03
1.647418195489195897e-03
5.223072983719568088e-03
6.489505235661795213e-03
8.912004743059652500e-04
2.058080627452957105e-03
5.032525238908200881e-03
9.882831781631011992e-04
1.452871949289506271e-03
5.060166357952526617e-03
1.555614812130404895e-03
1.184632246978346544e-03
1.352592357874090288e-03
4.594141271936516210e-03
1.035675821846410811e-03
4.407936002845833263e-03
9.037254558983214524e-04
1.694554336631860433e-03
1.134630387141594664e-02
1.020747215201612624e-03
4.532400756069063057e-03
1.208946273160470611e-03
4.160305039119541366e-03
1.015566617364865474e-03
1.102364481886893444e-03
8.724003531493449001e-04
8.000610164080149437e-04
1.130529829541645787e-03
9.361122458231655461e-04
9.864084646745182108e-03
8.745394053956882883e-04
7.505652977424681800e-03
5.374780549680664710e-03
1.563924249291652815e-03
6.174606323504338787e-03
1.342453542253552136e-03
3.358749098005236588e-03
1.236081821396263275e-03
1.139819933658862928e-03
1.195009089636240402e-03
1.907649792775154094e-03
1.399167428079809870e-03
4.721096714408364210e-03
3.470336029108437529e-03
5.658623955021762839e-03
9.816974541341832918e-04
2.033770371066416158e-03
1.010585941780363589e-03
9.463533017426186680e-04
4.795674451209002223e-03
1.060960960010261505e-03
1.490880614802914637e-02
1.342256558039566601e-03
1.926403264993829323e-03
1.433779705185932694e-03
1.383334899536343369e-03
2.592141109512298598e-03
5.761082938445282256e-03
7.225838867288711387e-03
1.164541778051635763e-03
9.941530045273296902e-04
5.354113855012767806e-03
1.726258567145910359e-03
2.342390982594600053e-03
2.477496595337257829e-03
1.618092016924455121e-03
1.799946048955342135e-03
1.698206360354036172e-03
5.118053287640172977e-03
8.725340048080559765e-04
4.910826999669409831e-03
9.783020992553354087e-04
2.049986083593146897e-03
6.666609735371952124e-04
1.118949753506992420e-03
2.309979723445635628e-03
1.275684592496804676e-03
9.534048347966314878e-04
1.602422332685282799e-03
9.339139504093217463e-04
1.280475990229493124e-03
8.270989732849041293e-04
6.897281813294282729e-04
1.179387485571014877e-03
1.047481564748371612e-03
1.942451260965181959e-03
1.003770872578693078e-03
1.368136484566422626e-03
9.141494586592763087e-04
1.227232015844784661e-03
3.040321745211885598e-03
1.179775212891412276e-03
1.193120424045551265e-03
7.360783859986444336e-04
1.768154831962155931e-03
8.362422658063842565e-03
1.580520147613288535e-03
1.106772807581346638e-03
3.969336759650797519e-03
1.068302936344334673e-03
1.106550838824793895e-03
4.968744320556613137e-03
6.897474716287875160e-03
1.448077879163802610e-03
9.247426417824723167e-04
6.831058662832524206e-03
1.887083317024890400e-03
9.883483830464602233e-04
4.475208052437607692e-03
1.305245646631748163e-03
9.377781841045006389e-04
1.951126661102547781e-03
6.799669529776339490e-03
7.626036714032636069e-03
2.613338954274584038e-03
1.068297431680538491e-03
8.265669459800895069e-03
1.233939495694278896e-03
2.677234920361459911e-03
5.450027203269015852e-03
1.433727998191226816e-03
1.373758419832523444e-03
7.385693477775730252e-04
1.003669916145424499e-03
2.161770063539401095e-03
8.887327839406037721e-04
4.112384003427148500e-03
3.847693670598202956e-03
4.647291306987275453e-03
7.621250880114698555e-04
4.879585670084120655e-03
8.368827956362397819e-03
6.290739459952761695e-03
1.588553839983082800e-03
8.793228572950944873e-04
6.786249399034848841e-03
1.266801274539560698e-03
4.426561564706233895e-03
1.238540407113335228e-03
8.973562873482641934e-04
1.127066214740261949e-03
1.241249297763207145e-03
3.012044086882037335e-03
1.373185759999046192e-03
1.014298334861563674e-03
7.651661743052597456e-03
1.527747097055192531e-03
5.525816674452251227e-03
9.317371157110490056e-04
9.953170021450956362e-04
1.402625815747475654e-03
1.080915327314410602e-03
9.974682784628678342e-03
1.402497172248281772e-03
1.362463982206602465e-03
1.826112682133540369e-03
9.396054253178576883e-04
9.513453670247563236e-04
4.716407198669773926e-03
5.651761991381841141e-03
7.817680927964947317e-04
1.746049610744074190e-03
2.190265658412777258e-03
1.040991705288753233e-02
8.568274833712221728e-04
9.653879865218770520e-04
2.815362371281400662e-03
2.823087668939693300e-03
1.693773702486934488e-03
4.264939080557064201e-03
1.162301906474471572e-03
8.531733152646605103e-03
6.996493658359242453e-03
1.957236520350986910e-03
7.748555453131254593e-04
1.102308267671695549e-03
5.045876507520924079e-03
2.343599114987246317e-03
1.160549323899483492e-03
5.092753897231771729e-03
1.329534170710524547e-03
1.431984965390582223e-03
3.278338822203736951e-03
1.026264434383705694e-03
1.282285019461744694e-03
6.917980688417213649e-03
8.279717016052220990e-04
4.349955709983191997e-03
1.005956786026013499e-03
9.003487176848507098e-04
2.688040125199486242e-03
8.358017263803646599e-04
1.052174903285384112e-03
1.402818586948783967e-03
4.408633744120787901e-03
1.335707359282776703e-03
2.269406030100522189e-03
2.962968439661132873e-03
9.759331353466438406e-04
1.282672126208489081e-03
1.271326176502588293e-03
9.004768336509482839e-04
1.039604468405849443e-03
8.585779864251937140e-04
1.364952035331683982e-03
8.819092350097482635e-04
2.827390509586395588e-03
1.092155436411449331e-03
3.022552330132891908e-03
6.450402449392995952e-03
2.332475235111872765e-03
1.795147596410911735e-03
1.221266614100808331e-03
3.372137352974599080e-03
1.046743309562734973e-03
7.547732991731267126e-03
3.980338885848175995e-03
4.074491833992311372e-03
9.134727918219753091e-04
1.727289487574910475e-03
1.373259019582459941e-03
3.933848075763616073e-03
4.156833434234456087e-03
1.513161221804965083e-03
9.331010124864440444e-04
6.060495440053660990e-03
2.563951544963590391e-03
7.651732215494245343e-03
4.468642867531498128e-03
9.393656400223014680e-03
1.018992865462693513e-03
7.910420317593381536e-04
4.670994368181579336e-03
7.111330802244692894e-04
3.385327856493067483e-03
2.188022498511575306e-03
1.236706047891259928e-03
6.461740428487083160e-03
1.505966634505531308e-03
1.014362457890648130e-03
6.143029523007817114e-03
1.155062811542790753e-03
9.618858525592917375e-03
4.105388980890462350e-03
1.417806053269083343e-03
7.474192495349529569e-04
8.824355078871322974e-04
7.465232019770256210e-03
9.990057352739533433e-04
9.966227486714377380e-04
1.364654190336238391e-03
4.738728134918753464e-03
3.620099552707055791e-03
8.154102435828439188e-04
7.294072719991158893e-04
1.260204750478694825e-03
1.378519153094421613e-03
4.475865574187629613e-03
1.311159180930237698e-03
7.798558097995071615e-04
1.384558672747650916e-03
7.795966285941255576e-04
5.757545792246184652e-03
1.477262888316401360e-03
8.193546696648617601e-04
8.231987415654598919e-04
7.463949308164385173e-04
1.747802901798708661e-02
5.678881141412111394e-03
1.712869387400470971e-03
1.174017342072854490e-03
1.061192407076148696e-03
8.560017849559926808e-04
9.153491941363919469e-04
4.531732860004316146e-03
8.852127338022557426e-04
1.232024433241017680e-03
9.823866449350405084e-04
1.222365977183823222e-03
1.196981651417077137e-03
7.878509419984516685e-04
1.572090683767778671e-03
1.628841418412354473e-03
1.488979729243597016e-03
1.459565409300077679e-03
7.324922788729737108e-04
1.261009344819254965e-03
1.038934453262055314e-03
2.025946234747166841e-03
1.677593450239063273e-03
1.308338203388030412e-03
1.128459924426562268e-03
5.962919707985651560e-03
4.805912987666710427e-03
1.150100523451698473e-03
4.801397165154591175e-03
1.437682563581967358e-03
4.273237529196796669e-03
1.072273586327185911e-03
8.658782420004264724e-04
1.390127309225139534e-03
5.611755192826748881e-03
2.352878359609479001e-03
9.804433313759935986e-04
8.676027518472622692e-04
1.362496628370410759e-03
3.776884834597604018e-03
1.143835849600710261e-03
1.164592796172869271e-03
1.078431214574716423e-03
8.509717363220984081e-04
6.425082811722547180e-03
3.065720554398495938e-03
7.690813179004472172e-03
2.916656793767646340e-03
1.799010655836417918e-03
5.833924529950571154e-03
1.305182908003020645e-03
1.277963413808786298e-03
1.624854776705973855e-03
1.071470735858460685e-03
4.294651918594768851e-03
7.021050177380291045e-04
8.212955274387602131e-03
1.452240007581461108e-03
1.817110664492741249e-03
1.176202282500780688e-03
8.314073445484381104e-04
4.186696608129128819e-03
8.027238742253345717e-04
4.928363206110164367e-03
9.058468985190563320e-04
1.243461096120922161e-03
1.103314824721926372e-03
7.649687082592149332e-04
1.114516234002685142e-03
8.383931451083039476e-04
1.175891864513803082e-03
9.869523450534494965e-04
7.976607857143660227e-04
1.084841054839075789e-03
4.729865029670264273e-03
1.220806598165090221e-03
1.136067969439299172e-03
1.162513236010141336e-03
1.464759071436942455e-03
7.058883474341633851e-03
1.110383568377647234e-02
1.364745773937090303e-03
1.453284872891965739e-03
1.878704552289842252e-03
1.009620448046081058e-03
7.670746002057570248e-03
1.077243034663562249e-03
1.557961660075697728e-03
1.314455574405541541e-03
3.422033568145437486e-03
1.200973268997036596e-03
9.020482264358998040e-03
1.238209043443036159e-03
1.130466759699930894e-03
1.398761851413928177e-03
1.128013285325993667e-02
7.529189079976008172e-04
2.465066770647961810e-03
8.292796249459630752e-04
1.336902360786857910e-03
1.102659960221309340e-03
1.258561085903146413e-03
5.629672596296142299e-03
4.971612953566698079e-03
5.118146496897560058e-03
1.039859571412541164e-03
2.105799679623510459e-03
5.185516871818250662e-03
4.119189654202301369e-03
1.251094201031987835e-03
4.906789716979465324e-03
4.218498255544014981e-03
1.464360211370206331e-03
5.006024609932054927e-03
1.402773284761807187e-03
2.034064526489194613e-03
4.937077603125380153e-03
8.764356672966234010e-03
4.202729500394740934e-03
2.231034714780817663e-03
1.360592279441769949e-03
1.233928403517355402e-03
9.681027702124170471e-04
1.224633786448733322e-03
1.292968587257379252e-03
1.099024860999449999e-03
4.585031992906014181e-03
1.498507444922103768e-03
9.894558681752874986e-04
9.429193574801908104e-04
4.672457205813963614e-03
9.764054171075229596e-04
1.614480081538430473e-03
1.046866267436634282e-03
6.460350269884837689e-03
2.005517611923927392e-03
1.541308788673934451e-03
4.649572986912189378e-03
1.765580803810274085e-03
8.679505783229215978e-04
8.181301956477055309e-04
4.311568064539909872e-03
2.406938167148384069e-03
4.454655772323704195e-03
8.308558361189762737e-04
1.722888022433926788e-03
3.513539181362632362e-03
8.112193946467195597e-04
6.847837695945028233e-04
2.217798589039760102e-03
5.985405190574173695e-03
7.745013216832572107e-04
1.252601130037396971e-03
9.861469976807637691e-04
8.881008442855421519e-04
1.431914053426338283e-03
9.298136909988835835e-04
3.631782419860723077e-03
1.743017220959692517e-03
9.683347535036551440e-04
1.743913013160450524e-03
1.503457058019501674e-03
8.394636039851251230e-03
1.122169488056376464e-03
2.120615918283965534e-03
8.523056744796855691e-04
3.790552481979636741e-03
7.727051516749986739e-04
8.621064495079291262e-03
8.855500260405542922e-04
8.584586954758516991e-04
1.271935346122785894e-03
1.257082657745861327e-03
4.407906399773587128e-03
1.011024503677938023e-03
5.170471175000861293e-03
1.309392887231478324e-03
1.295031972088379934e-03
1.382895222571452892e-03
1.278891579370189076e-03
9.407154750969805908e-04
9.060038664588626178e-04
4.654316908412559073e-03
4.107612863922290546e-03
1.051278812801799715e-03
5.074960480475711189e-03
9.620541112628304935e-04
5.249678753948631635e-03
5.466247611169830489e-03
1.212557745298582356e-03
1.580586996754987069e-03
1.443517621639513583e-03
3.502689047725424110e-03
2.418696978483821005e-03
1.522728868576106107e-03
9.040703145266325855e-04
7.935589102087166466e-04
1.031341915464767216e-03
1.458316938374600111e-03
6.832113033252575074e-03
1.006538640474564190e-03
7.953653975544620327e-04
4.009324726671844100e-03
1.558990344123506715e-03
3.922042642836033252e-03
7.898844483700849040e-04
2.262590541815594648e-03
2.759720485913461172e-03
1.107021901516149192e-03
5.601911857470355353e-03
1.061845952798554527e-03
1.188399278394498132e-03
1.522915841991249629e-03
2.178599169121018652e-03
1.289523298234505119e-03
8.163553166822899287e-04
1.120413266116179231e-03
2.683388134167954617e-03
1.029650113695306218e-03
4.105369010627210255e-03
2.165993219139423793e-03
1.509208564118527012e-03
4.478664028261153222e-03
9.431463855938606190e-04
8.198337495064875365e-04
4.255851463060013676e-03
9.539096937860074487e-04
9.399378817822865752e-04
3.018155479614115146e-03
1.514668643364725474e-03
4.389558848423747925e-03
9.626481836097582328e-04
9.903764243619872336e-04
8.170003987799417033e-04
3.538091963816001554e-03
4.743162933488307906e-03
8.721012523292189520e-04
1.503123269618980443e-03
5.218503752828528020e-03
1.363754731911451809e-03
4.704808432410906988e-03
9.548884210188985462e-04
9.228359504733725299e-04
9.376139035914706453e-04
3.903281341986440667e-03
1.058220910381005514e-03
1.581332553255636363e-03
7.919921264810296860e-03
1.092049379917537201e-03
7.675938055953920522e-04
6.793316234833119728e-03
4.024269691022178304e-03
1.049909500052516884e-03
3.632248057472635839e-03
1.022091510334784343e-03
1.325529210462181523e-03
2.282855922038644087e-03
1.033591134552952484e-03
1.053071314303997107e-02
9.413883306493683791e-04
7.027302651420868664e-03
1.060077963918224300e-03
9.553610684824741977e-04
2.589637773475726712e-03
1.577206814226418978e-03
3.764326055290562623e-03
2.034094500723939488e-03
9.594261121960799945e-04
8.221731071395989299e-03
7.849911784934745238e-04
1.618539487221260518e-03
7.397220426815808748e-03
1.678498295287658530e-03
7.344640921981759538e-04
4.601503360661775462e-03
7.727099505422407345e-04
1.264438667141358974e-03
8.454890903791463823e-04
4.807998540037516401e-03
5.541142924996374404e-03
9.332311257645767820e-04
4.547416942240580136e-03
1.226244504745084519e-03
3.719642738219029743e-03
2.903498008186246402e-03
1.515049131954443549e-03
1.027720038024638538e-03
1.956813712075958483e-03
8.887248226849808188e-04
1.415884608060994417e-03
3.334938487819035999e-03
6.925471181418693970e-04
1.428449701377935152e-03
4.604385257651846808e-03
3.814681499344675739e-03
1.512397096376726872e-03
1.122158911657157587e-03
4.607945663433007759e-03
1.563442128282483117e-03
9.196773483815095509e-04
6.275479820362824153e-03
1.270273713728804505e-03
1.627411243973702400e-03
3.910958257878289872e-03
1.764892021053725713e-03
1.198814543111243781e-03
4.526633815746785618e-03
1.063252634757285570e-03
8.488411881460931332e-04
1.175620951883943246e-03
5.542604192329971848e-03
1.471260343594552825e-03
1.675589135488072916e-03
5.499018478729714339e-03
1.469574457437350986e-03
9.881555355443500787e-04
1.003413128899522441e-03
5.103605155774139021e-03
9.794390464377717310e-04
4.376229635909937264e-03
1.060170107965422012e-03
3.038309580097827735e-03
8.777130548073162550e-04
1.352694675818794795e-03
6.761859874237988047e-04
9.964384888795549920e-04
3.548386930842298802e-03
1.223070336104456262e-03
1.075537626243420076e-03
1.068225745754810239e-03
1.178199315000667260e-03
1.914309886984702589e-03
1.125941197053631319e-03
4.918591844761985125e-03
1.055436740176952156e-03
2.129346282850826805e-03
7.427929289667502440e-04
5.687406892810641275e-03
4.853057851075833103e-03
4.413593439656666485e-03
3.887130855549859616e-03
6.270568379743235790e-03
7.105639424550037886e-03
1.168176634458445787e-03
1.501164806615970992e-03
9.027109958431993667e-03
4.331772080797758467e-03
9.689905514871052002e-04
1.528623576873790278e-03
2.779870932091056505e-03
9.366935176257773629e-04
6.808714699628662511e-04
1.266930970746565042e-03
6.264142810994693597e-03
4.180888681871205992e-03
3.182651243497718833e-03
1.838516647157597151e-03
1.087295084884750546e-03
1.002667851213317552e-03
1.575562756152128511e-03
2.377158555340250223e-03
1.010229395378798136e-03
5.711844967979257288e-03
1.879565508375645976e-03
2.266912337182422441e-03
4.718164936749614895e-03
1.211804161648657920e-03
3.704890375134542533e-03
1.557979756826907269e-03
5.645145259070952042e-03
7.885877993157845364e-03
1.934457794011337902e-03
1.765478415197574034e-03
9.226452464712232458e-04
1.342548197265930419e-03
9.645336193695009481e-04
5.762316052032324595e-03
1.052324665575996758e-03
2.277364675265958205e-03
1.514248923402597598e-03
9.152625927729998679e-04
2.564012202931144173e-03
1.706234936194702106e-03
1.881443104122888701e-03
6.824096010260870043e-04
9.225776510032892425e-03
1.884541239370930840e-03
7.615254856032408707e-04
4.726505028974275005e-03
1.622040613928676499e-03
8.974479737883069366e-04
2.362789978886705323e-03
8.608610885902268257e-04
1.085198525234528288e-03
4.413463495045329664e-03
1.148061492558706716e-02
3.389231322282558207e-03
1.349179033313781684e-03
1.737773816791137078e-03
1.429067990665422103e-03
1.179635955789621465e-02
1.325367787852810156e-03
2.348752027665804935e-03
2.630012868497011002e-03
2.918027125929579385e-03
2.243613666168213245e-03
2.133374997919900307e-03
1.007831021513079994e-03
1.381162989559483849e-03
2.266065704521878169e-03
1.414549580807046309e-03
1.117053408178744940e-03
1.222224369508509781e-03
4.479596924288510064e-03
5.663734775880833669e-03
1.471544331971006868e-03
1.508789696848114982e-03
8.474018317971994917e-04
1.059970723257850451e-03
4.233490922867374009e-03
3.492815628582725176e-03
6.656782313755858944e-03
9.167379627308306451e-04
3.129175316736624874e-03
9.389212319899300921e-04
9.692103142686675932e-04
4.735091516280199447e-03
1.107785703101299424e-03
1.179859173690284710e-03
8.380383109546142052e-04
1.172030992540462916e-03
7.211577991575172280e-04
8.627288873511036174e-04
3.581453474228721463e-03
4.886932879707102384e-03
8.479623989881802330e-04
9.964390184292503186e-04
5.547197279365157115e-03
6.398760339738153273e-03
8.186117202461913687e-04
4.321681454718104276e-03
5.531032159206472620e-03
7.192227360347431403e-03
1.165925284640540469e-03
7.541775918187182447e-04
1.007617929543089567e-03
6.894645973925198762e-04
1.123085824473955482e-03
1.158257093339298740e-03
5.366460930224571831e-03
1.560054169760324025e-03
8.139823419070307776e-04
5.331660589181616908e-03
1.971598050400649553e-03
1.151077925205829834e-02
1.219073674810970762e-03
8.787988941091034577e-04
1.513344760364072721e-03
1.160405485341110387e-03
8.890414818350198282e-04
1.624883137003615627e-03
1.460789128998316901e-03
8.021832899281443590e-04
8.270167597567282041e-04
1.034267782256441436e-03
1.591776900146940968e-03
1.131216327864825776e-03
1.020362280836214228e-03
1.617154187583834521e-03
1.251440123664782555e-03
1.285610274259629511e-03
8.986115470134854039e-03
4.391468144913877707e-03
1.458541327902543924e-03
1.897127587828899243e-03
6.219351445409056559e-03
9.865915924332948998e-04
1.062869762754020241e-03
3.402699507946907106e-03
1.501863945208895728e-03
1.571478732104985426e-03
2.014668143940644834e-03
4.740291129999322714e-03
8.351100572777247913e-04
1.515989197559950742e-03
1.471975331528620895e-03
2.841650141170542522e-03
8.368462117771000106e-04
1.826901050009575606e-03
1.338514066163035187e-03
1.741722567816181245e-03
1.652941320712246909e-03
1.457697808631453450e-03
8.707338033591042288e-04
9.979651815365947476e-04
1.207074949252620556e-03
1.377660122973941312e-03
1.067907695263923141e-03
5.500920322117061612e-03
1.272505025891679372e-03
1.008490635287798403e-03
1.679255176799954175e-03
9.087006060098099577e-04
4.092412965596901181e-03
8.571262797927545500e-04
1.356064077158759124e-03
3.543209538359805809e-03
1.053327412094391116e-03
1.487607231195087762e-03
9.618103427396705292e-04
1.084156269278961941e-03
1.181630575077997729e-03
8.380556660100648564e-03
9.484168831548557728e-04
8.781251186424954584e-04
1.470890227527704231e-03
4.528081964745675481e-03
4.818574494310225512e-03
9.379026462903323471e-04
4.141106544526464150e-03
3.925783529017548915e-03
1.017338013533899922e-03
6.391419302971699558e-03
1.403648292591412215e-03
4.469885944140126154e-03
3.110696932038225712e-03
1.406416880885681849e-03
1.323625935181590735e-03
7.591210785938401744e-04
5.838660242972993145e-03
1.424273056022405020e-03
1.254985195757253634e-03
2.027816202376585535e-03
1.898755923475773950e-03
6.451560638284723100e-03
8.897481195094907296e-04
1.727429742129581039e-03
1.340583067385479367e-03
2.932127487292569661e-03
7.651743295778667096e-04
1.617748147487301467e-03
1.063507048209123536e-03
1.320274538585570210e-03
5.977777972641134391e-03
1.120277354185355255e-02
1.350836360888680058e-03
7.743658544312894505e-04
1.650277354353895526e-03
6.529772972647081893e-04
4.664848268399908286e-03
5.107102851888900216e-03
4.664896650749868028e-03
3.854865054785956875e-03
1.395845329809290930e-03
7.245651244933316989e-04
6.527831359402085781e-03
1.566143037833240105e-03
3.863250835299752908e-03
1.297148662631562388e-03
4.465963891790015843e-03
3.162301947625303488e-03
8.592626690303027974e-04
1.023959230707329826e-03
5.057871245165701350e-03
4.185700726070413526e-03
8.060948294622893862e-03
1.948671985653625035e-03
3.991450777496597171e-03
8.609484108562533676e-04
1.845144912315557903e-03
3.727727438497739111e-03
1.779473612310096455e-03
1.466521249686659730e-03
6.048593225506668572e-03
1.601952556124818091e-03
5.490039965772942898e-03
9.767348684044940832e-04
1.157413618437804371e-03
8.262527715804629524e-03
6.698511270040903576e-04
1.428369049560915347e-03
1.251559808255486806e-03
1.291979489399180210e-03
1.484073211776287945e-03
1.155268117189195290e-03
1.165261181240903480e-03
5.435864942768810389e-03
7.200547123317055853e-04
7.234947779809259953e-03
3.467638283841907327e-03
1.094705771580367160e-03
1.216396295009767713e-03
7.750855566036080491e-04
6.571726534363923726e-03
9.372950971657102552e-04
1.253282172988695944e-03
1.197195277387292896e-03
5.243829048148008348e-03
1.173935221612454382e-03
2.192073761464608059e-03
8.303403154504526359e-03
7.708294636563634136e-04
1.298406127579217586e-03
1.661920568638169645e-03
5.878405627164570019e-03
4.502436205898698550e-03
1.815665789284066434e-03
3.806403538667050071e-03
1.074884574570468022e-02
9.407544905720251942e-04
1.704570994339682727e-03
1.130755644273486122e-03
8.117392257096881511e-04
1.532057473598092898e-03
1.231717373756018551e-03
5.077773273691672459e-03
4.887700746039970283e-03
2.436777262091384833e-03
1.420260656620736311e-03
1.509418394928526514e-03
7.736693017056615884e-04
8.882711217526905508e-04
1.009626771014678071e-02
4.171624349260116132e-03
9.786736020363964294e-04
1.757784052217831270e-03
9.740684119736530257e-04
1.693382634024236328e-03
1.830135565485642131e-03
3.533648188857416161e-03
1.682926854065570823e-03
2.931674091556925668e-03
1.521275797491457304e-03
1.955970333033187417e-03
8.502280033439364205e-04
9.982734617834756498e-04
8.583270830670554959e-04
1.835774905182814640e-03
1.349845861745105520e-03
6.899848519572609855e-03
2.986018616863695980e-03
2.119528971387601296e-03
1.268305280024953265e-03
3.623627961140502615e-03
8.478829500770057809e-04
5.418567763130151087e-03
1.432807129197977538e-03
1.377461418311664351e-03
1.228800506699624477e-03
1.382807035971373453e-03
1.511227039017265300e-03
1.051709627370202077e-03
1.473883073251105319e-03
7.145007605740433818e-04
9.422199398259053582e-04
9.904739885404512806e-04
4.400178013361441542e-03
1.474569305727324760e-03
1.241683935127145793e-03
1.041180214563122751e-03
1.945224565999609549e-03
3.924446319737189687e-03
1.156751197820903238e-03
1.005681103969542634e-03
1.469490827159882634e-03
1.253516839184874027e-03
1.336466859960643407e-03
1.640293193348722799e-03
1.048767228426363473e-03
1.038101130245897008e-03
9.623486984986570495e-04
1.069448502079034351e-03
1.626165387645795834e-03
1.920973791597602003e-03
9.123923446986559457e-04
1.404685900092107536e-03
8.837449130727540163e-04
5.803837272835524197e-03
1.803601152601157134e-03
1.256612191545693202e-03
1.510583222892221194e-03
1.131817344280720058e-03
1.057645784433432993e-03
7.223971767777381207e-04
2.168581717407319469e-03
8.235567824899593572e-04
8.372842021403693186e-03
9.002029453970232650e-04
1.046789623700438527e-03
7.283983355672673339e-04
1.566396960446971584e-03
7.272976577966790103e-04
3.450289437192486253e-03
7.313962748690907472e-04
1.965525872330159147e-03
4.788480104651937630e-03
