9.770376063174768255e-01
9.787974975836551961e-01
9.794582081460392331e-01
9.825882656099714785e-01
9.807703045153967070e-01
9.835797245419608537e-01
9.835384433742592192e-01
9.860401959064082344e-01
9.861400936229787195e-01
9.897892805607159117e-01
1.009649410928963542e+00
1.008657972244907164e+00
1.008971128042923660e+00
1.008110297698354252e+00
1.008304323428731442e+00
9.998246092343719971e-01
9.997507960003246819e-01
1.000294005167716493e+00
9.999969421432061134e-01
9.993241525420842875e-01
9.983624780517761366e-01
9.985502455239756436e-01
9.985409782023891845e-01
9.982655231888903913e-01
1.000019199362018218e+00
1.021402877029951028e+00
1.039311381517263877e+00
1.062822654405740863e+00
1.078483647100119347e+00
1.090233263900399763e+00
1.106202730480324359e+00
1.105344558707805458e+00
1.114387371639052882e+00
1.124572623831606499e+00
1.133424570175014745e+00
1.146102199259091847e+00
1.166314538492053465e+00
1.186492863155601762e+00
1.193208027224474277e+00
1.211264411046075962e+00
1.238991214212669556e+00
1.267613474181944477e+00
1.290294984029389136e+00
1.297196668687944143e+00
1.319560577808944757e+00
1.337844978465869028e+00
1.339544065164704367e+00
1.338842264905221402e+00
1.348836052045904399e+00
1.358471140105883546e+00
1.347901471102739945e+00
1.337799340476760968e+00
1.328633924235463226e+00
1.329483179383826652e+00
1.318323270998939645e+00
1.322685192809706978e+00
1.344241622076626896e+00
1.345472315099718985e+00
1.342808202247913085e+00
1.350197360975017080e+00
1.356347215038502974e+00
1.357623586272904248e+00
1.355373952816251393e+00
1.360541770599553946e+00
1.324073678706604751e+00
1.306132678406977110e+00
1.296233465610744817e+00
1.298391757328240415e+00
1.299521138866826409e+00
1.292034880840128519e+00
1.276438634264253302e+00
1.297739863807786387e+00
1.321714280972763556e+00
1.314827567708790834e+00
1.316012360459478225e+00
1.330220306132911423e+00
1.330378613231218754e+00
1.345218680016943225e+00
1.347528317513338347e+00
1.383900175112881659e+00
1.369091071015730243e+00
1.363833718558216557e+00
1.355286913685670447e+00
1.356773917353639503e+00
1.342053904674153086e+00
1.312431602590850011e+00
1.290020292319293826e+00
1.291069464069045436e+00
1.304765232569095490e+00
1.329740680379309703e+00
1.322434994048799828e+00
1.318384056434700691e+00
1.325138131298670974e+00
1.337110833766298246e+00
1.339033213339117401e+00
1.354074155867265539e+00
1.332450733549112698e+00
1.330169276298836412e+00
1.335887153776621483e+00
1.338063433639828714e+00
1.322445664661857867e+00
1.322253029614720576e+00
1.291034714040097064e+00
1.287476598240234082e+00
1.274893303515982179e+00
1.276330061773694791e+00
1.279244528183299590e+00
1.290666888446055705e+00
1.290769927400746475e+00
1.295836394408523828e+00
1.324437732096847675e+00
1.332689105614388136e+00
1.320297604385215040e+00
1.309760577364882161e+00
1.324637380650507623e+00
1.337724829232637358e+00
1.333223996319880422e+00
1.310430667657068282e+00
1.312808104862739356e+00
1.307301388406251208e+00
1.298397390627023418e+00
1.307176656172749363e+00
1.306406477879118233e+00
1.309137949670271084e+00
1.296906876196935343e+00
1.309592218483077719e+00
1.299653496630162719e+00
1.319640198638977413e+00
1.315162786073779122e+00
1.309253864674253753e+00
1.302420386174270028e+00
1.316070752570857927e+00
1.321183206157033885e+00
1.335079039231062081e+00
1.341807843933569444e+00
1.343550820625101228e+00
1.352057044666528762e+00
1.366759162193772026e+00
1.373737833766252026e+00
1.351429918988619638e+00
1.335653336730090457e+00
1.345843076687929907e+00
1.338378535391126167e+00
1.343673453578730026e+00
1.337476346148825046e+00
1.345150469761283496e+00
1.339786775202914892e+00
1.332171554760436027e+00
1.345829199105187834e+00
1.357437713465628804e+00
1.359256760278691800e+00
1.394556509320615811e+00
1.381929866485949177e+00
1.375202109181520527e+00
1.367681608497734347e+00
1.383834067853541683e+00
1.344482568250022547e+00
1.338279074735054586e+00
1.315731758425442655e+00
1.300692628583713040e+00
1.284823194520559930e+00
1.291018319657714963e+00
1.280112835919803516e+00
1.270033478977032004e+00
1.287891801126703095e+00
1.292642383770923775e+00
1.290937869837335716e+00
1.318093883616965112e+00
1.313549089697749084e+00
1.306097471047067859e+00
1.309731926077743136e+00
1.321779306948013044e+00
1.323868166909662580e+00
1.307131274645258801e+00
1.310965120806974360e+00
1.290293490502542051e+00
1.270022711900331336e+00
1.270342661169556964e+00
1.298673490238533068e+00
1.298443589676089527e+00
1.302649673742409142e+00
1.331810189609656803e+00
1.326008329624191795e+00
1.340763662503297260e+00
1.343495327903118985e+00
1.346523826223899878e+00
1.350805653650545279e+00
1.349848607574235304e+00
1.347195852571136943e+00
1.350463501078438489e+00
1.366893807906265579e+00
1.364323067375430965e+00
1.339485961978586381e+00
1.341141531600240633e+00
1.371144599916355178e+00
1.359377943145537282e+00
1.355552993028492859e+00
1.344902313527016169e+00
1.343128378543029910e+00
1.341689815655438878e+00
1.365890270744268387e+00
1.387331842364621926e+00
1.381466450143201685e+00
1.365498518342528778e+00
1.365349966972691620e+00
1.350505069309656969e+00
1.350430533999883442e+00
1.348509934768447494e+00
1.339987767926814399e+00
1.343863061671307202e+00
1.336439224165181017e+00
1.316096665494270290e+00
1.316654804483746055e+00
1.317877507618830935e+00
1.314838374857465020e+00
1.320137586233039118e+00
1.323545882073477786e+00
1.324791354196298787e+00
1.304605967143703138e+00
1.296167234494089326e+00
1.303959518878875734e+00
1.294498775546770952e+00
1.295993339155172563e+00
1.292666460738158829e+00
1.293137433573761097e+00
1.286103844584691291e+00
1.277456889117691619e+00
1.288781428196161150e+00
1.306040805165272101e+00
1.309380673560148090e+00
1.302886769751071094e+00
1.291705496642280071e+00
1.304857734300462591e+00
1.310655693790671483e+00
1.320469949454461167e+00
1.328579840016236968e+00
1.339794374883672257e+00
1.353282794102633968e+00
1.356914169834384287e+00
1.347605737235767487e+00
1.362808371340134439e+00
1.361482654945882942e+00
1.377210528339838813e+00
1.380437645306119787e+00
1.368945307993363780e+00
1.382970337751768142e+00
1.398260992715158135e+00
1.423782287211353470e+00
1.454952995761669143e+00
1.466167676150747390e+00
1.470873589416524352e+00
1.459935296762450596e+00
1.445284709669415024e+00
1.433540638051304938e+00
1.425128607182573948e+00
1.434950802690042826e+00
1.442439058040462241e+00
1.443279449324875952e+00
1.451203641411558998e+00
1.446251834147976201e+00
1.442492470969974461e+00
1.437121915400526140e+00
1.419947580308384083e+00
1.422774818318685686e+00
1.418107516520837441e+00
1.401431289789514478e+00
1.393952631569175260e+00
1.393470365728771476e+00
1.402484860850000681e+00
1.413242812087441180e+00
1.406095276881254241e+00
1.384693747420772336e+00
1.363443640827500802e+00
1.362256035894357398e+00
1.349884311184469166e+00
1.345627766020869531e+00
1.340058430992719041e+00
1.350067818584538726e+00
1.336259698103908100e+00
1.353739896694480915e+00
1.348780384268895238e+00
1.350658030932078146e+00
1.342472423649485602e+00
1.322507682359535419e+00
1.324089414710016177e+00
1.330844282019326474e+00
1.324582128312062013e+00
1.323810438755367080e+00
1.324452305392945339e+00
1.325348103084336149e+00
1.313738020227447123e+00
1.325542813014666699e+00
1.323142829164180911e+00
1.327663510966031524e+00
1.330637624611846315e+00
1.309819030462612499e+00
1.316379091651245670e+00
1.320646786557011287e+00
1.311030219178198619e+00
1.321346718314654778e+00
1.327140978808060590e+00
1.337421818495337700e+00
1.351168765739139799e+00
1.333109799203865631e+00
1.324632241388295828e+00
1.326279277629499820e+00
1.313814491412621077e+00
1.327463213036631284e+00
1.316816917964793721e+00
1.312767192492599655e+00
1.312647882160637547e+00
1.325651164725402120e+00
1.325657437481212675e+00
1.340328497578929356e+00
1.362488610450823145e+00
1.374876403018984172e+00
1.382912989535960868e+00
1.388161005977183837e+00
1.378657006719762768e+00
1.361835515689295617e+00
1.363462402702710907e+00
1.370379253657059149e+00
1.373643506935131819e+00
1.373936212273960233e+00
1.358929789032539581e+00
1.349049508211382253e+00
1.344836083538495819e+00
1.325381840236724118e+00
1.349436903183048431e+00
1.354852274760443009e+00
1.365757669815321984e+00
1.381741673205912013e+00
1.371061743390814991e+00
1.384318014890079551e+00
1.399656578542957774e+00
1.373398202527271739e+00
1.374614077418213620e+00
1.389416640990815743e+00
1.366594902769579400e+00
1.333976756148182341e+00
1.327170480664553009e+00
1.320235333297801184e+00
1.329833145966034413e+00
1.332201288884188539e+00
1.340280468955517890e+00
1.361040801342183526e+00
1.369092982184280771e+00
1.379173815564079586e+00
1.377131744452752438e+00
1.387533237434554589e+00
1.383155668754255663e+00
1.368104531775585553e+00
1.383027422750990221e+00
1.375176477865005076e+00
1.356152301588891662e+00
1.339620494828890562e+00
1.318384547182560373e+00
1.331021077524680907e+00
1.349111717518518549e+00
1.326566124584411366e+00
1.350109120851541222e+00
1.347064985221692712e+00
1.347144618282261730e+00
1.357902013673874864e+00
1.401450918138424040e+00
1.407593167060381179e+00
1.389919969330397187e+00
1.361788544601311823e+00
1.363399768742127094e+00
1.374959809204277850e+00
1.367120698112554988e+00
1.366203915290541637e+00
1.357112612080879632e+00
1.347757514967899972e+00
1.330626353339259049e+00
1.338938230840067245e+00
1.339706030461693453e+00
1.333829669255867323e+00
1.342444817937426427e+00
1.362435458548277412e+00
1.374311002228884915e+00
1.390456634966867666e+00
1.385286121194750031e+00
1.380386129575029264e+00
1.404323576598089263e+00
1.392396270158820393e+00
1.391508279383044666e+00
1.372973122898080822e+00
1.373584208578863874e+00
1.352372699417858204e+00
1.338851331132769662e+00
1.340458546605805434e+00
1.357971804580550446e+00
1.363535917446832224e+00
1.347694075562037686e+00
1.332226426392061791e+00
1.312702143629857598e+00
1.311826439814254508e+00
1.328931982736438533e+00
1.359685005206569652e+00
1.362322732542813108e+00
1.391540432201224586e+00
1.378945854372296109e+00
1.374166175049121197e+00
1.353913658323637303e+00
1.359097677715627617e+00
1.363586092990304088e+00
1.376315966761524789e+00
1.363633289528924486e+00
1.358321841266822094e+00
1.379650823262593029e+00
1.384847482376327932e+00
1.398092440134426573e+00
1.397416041827371780e+00
1.377090273995559500e+00
1.385008530864139997e+00
1.387070475520679969e+00
1.390626525687349790e+00
1.394262035505234643e+00
1.404279501777325079e+00
1.423833070105421150e+00
1.452522367667364867e+00
1.443747366428679291e+00
1.423311705030125829e+00
1.405791012254021366e+00
1.393369509237935233e+00
1.381392932262677675e+00
1.378385365783606265e+00
1.367167319131402436e+00
1.382062673246940099e+00
1.381280138950550906e+00
1.382167715354708060e+00
1.362272316359670388e+00
1.366718380735297833e+00
1.365891539590131876e+00
1.360359005136557942e+00
1.347464225557976958e+00
1.337763796089745272e+00
1.334797636465285153e+00
1.369477310098622169e+00
1.359285410772292702e+00
1.376652309282843545e+00
1.370444710897148921e+00
1.372951180332264043e+00
1.360854372696845838e+00
1.393054099170690119e+00
1.372442453420244624e+00
1.381103108464875939e+00
1.387836256054546524e+00
1.382055375537121877e+00
1.378210055257531597e+00
1.376566322611272319e+00
1.378790448537017710e+00
1.379959846160690784e+00
1.374235079084172195e+00
1.377644037640037178e+00
1.377038597552045607e+00
1.374722451977998361e+00
1.394631347572042657e+00
1.392189451848061754e+00
1.387279002931889549e+00
1.391594344462958821e+00
1.409098148841289921e+00
1.407533213442793585e+00
1.397270445881422463e+00
1.415372271521696979e+00
1.406369866158908355e+00
1.406713008878682114e+00
1.400921976586605888e+00
1.414890526261087800e+00
1.381498101426234193e+00
1.389644693506158379e+00
1.382613872875473326e+00
1.397725702486365407e+00
1.409982663111093659e+00
1.425232351012239329e+00
1.418080554926539394e+00
1.426869296734060599e+00
1.440949504095638600e+00
1.459286970373812942e+00
1.463873867197617251e+00
1.458252055808905157e+00
1.457654519505876767e+00
1.442928013464915615e+00
1.452109458447486068e+00
1.446413107722575475e+00
1.457662555719288822e+00
1.457850732404300187e+00
1.453989015132665097e+00
1.440744693164948353e+00
1.421767437946011015e+00
1.412088226357732568e+00
1.410896039032407456e+00
1.398961762665174025e+00
1.403934340203044195e+00
1.399770449158327601e+00
1.389008806128437579e+00
1.390538239261031039e+00
1.394796943669348366e+00
1.403823667617959625e+00
1.423945936841400250e+00
1.422461008957338180e+00
1.438178417457414149e+00
1.436192685016655313e+00
1.444814444429520117e+00
1.423968834908919678e+00
1.417605301670206819e+00
1.423201197658501505e+00
1.410675946098370215e+00
1.405866658601834462e+00
1.416330604917513281e+00
1.412996699252412336e+00
1.398281607305981611e+00
1.405309478528053990e+00
1.416634713034321980e+00
1.428712279718779676e+00
1.435962064505293512e+00
1.438724595895103375e+00
1.452725073384641075e+00
1.430178099117583423e+00
1.438316585089611133e+00
1.437368015932594556e+00
1.446638894176916823e+00
1.433310409580008882e+00
1.414390020331112163e+00
1.385948961255923484e+00
1.396292082722775163e+00
1.365214391139676353e+00
1.350923053070659963e+00
1.333667377049324365e+00
1.334767100686285568e+00
1.342392750443567984e+00
1.352064557112752530e+00
1.357491971317273727e+00
1.356719246648555366e+00
1.354028702984928278e+00
1.350860281929344042e+00
1.366317818003576656e+00
1.364497161779616219e+00
1.364029014869930778e+00
1.377911465315906803e+00
1.373912923965251887e+00
1.370158276478672388e+00
1.372118088178904793e+00
1.375716130404203819e+00
1.371562648684736763e+00
1.372560373833513703e+00
1.375107422521991918e+00
1.360475290792999115e+00
1.369195160314167437e+00
1.370394037854707037e+00
1.380055574522244921e+00
1.401063451007316329e+00
1.416829659035798716e+00
1.399756366593329249e+00
1.411300690842450356e+00
1.415280285287349837e+00
1.388570971002620391e+00
1.412826341938917318e+00
1.405487145981240138e+00
1.403565747240305139e+00
1.382096236441082038e+00
1.371413884017979479e+00
1.385479887746657202e+00
1.380760853087366069e+00
1.373752720225628554e+00
1.382412052660631829e+00
1.387152721741975014e+00
1.383347857214388466e+00
1.376408242625166700e+00
1.366838318482895387e+00
1.377936467411968513e+00
1.364771812448588806e+00
1.368906341373821389e+00
1.354451077233354894e+00
1.368499790361877411e+00
1.361718256789306469e+00
1.361640337538656320e+00
1.347410689852747145e+00
1.360598683997811253e+00
1.364597620712587389e+00
1.364813630663139543e+00
1.383058768331571153e+00
1.356697042826627841e+00
1.364306074546410175e+00
1.372865225091194130e+00
1.396277738081796116e+00
1.397551356729479055e+00
1.386663745895220679e+00
1.385616389785337965e+00
1.393963899966472297e+00
1.405569296717790406e+00
1.413752060655855125e+00
1.402553613669680121e+00
1.408922133051724090e+00
1.401272200137016810e+00
1.422991779638111076e+00
1.432579476440235311e+00
1.437686515124130704e+00
1.451123663523814722e+00
1.444326297611546295e+00
1.429349149736164559e+00
1.418224537848716382e+00
1.426897046010491277e+00
1.442508663511272937e+00
1.450402497127086576e+00
1.446920021086591790e+00
1.463058778551844297e+00
1.458170260528961482e+00
1.444781507544344645e+00
1.446930421258530552e+00
1.456243697901448142e+00
1.474455750259468845e+00
1.474440583078118872e+00
1.483383623577122945e+00
1.485383633162125960e+00
1.442913683394685842e+00
1.419269668131190931e+00
1.434567831657577397e+00
1.431574220083512206e+00
1.435915287175961286e+00
1.432698490418804704e+00
1.427981218569092103e+00
1.438228998735506803e+00
1.425898695102572944e+00
1.411081017324771425e+00
1.430268829533584363e+00
1.436094862670487249e+00
1.436269201213801860e+00
1.419433831751385933e+00
1.410047138675764478e+00
1.409738930997616491e+00
1.388198534560336261e+00
1.410855744033184145e+00
1.407034110164998797e+00
1.389412749470961606e+00
1.374962444514867599e+00
1.361779192973314512e+00
1.356657231192989865e+00
1.360491088391223125e+00
1.339907238370886544e+00
1.350068516822971798e+00
1.365664328480151291e+00
1.359526031429903581e+00
1.377377519591099109e+00
1.393434425976764590e+00
1.380357389300205462e+00
1.383354754071147497e+00
1.378327771894844789e+00
1.400343724270107559e+00
1.416726809161364065e+00
1.409132872377196977e+00
1.427632515555276038e+00
1.413519896330516001e+00
1.400639934762769823e+00
1.393582228108760201e+00
1.401748024768656675e+00
1.401700147195290569e+00
1.398837619828060097e+00
1.403760429506867524e+00
1.423942911036801151e+00
1.412160046212791897e+00
1.425065711990902928e+00
1.440778700648332800e+00
1.435776780793804885e+00
1.429231371216134860e+00
1.463408926021385392e+00
1.456325835267318736e+00
1.461503065530755041e+00
1.462065593311041134e+00
1.460194547410339938e+00
1.435745560142378086e+00
1.424568107751780888e+00
1.409706530983221962e+00
1.383995119088601289e+00
1.371807186529083289e+00
1.360676131347621887e+00
1.350509980831239742e+00
1.388035426170975306e+00
1.403985948873905043e+00
1.412740763068037753e+00
1.409129441685292194e+00
1.407186689653550316e+00
1.386857875439891030e+00
1.383432762572996078e+00
1.378776549882656521e+00
1.402354617476025522e+00
1.411697602629674586e+00
1.401510405223736599e+00
1.387501239365573902e+00
1.409208206911744865e+00
1.378580056903540019e+00
1.383929298989446055e+00
1.365065849613319893e+00
1.348276472963413797e+00
1.339790711219404074e+00
1.359429475711947388e+00
1.377412013879802943e+00
1.380008776065987597e+00
1.394843564358760446e+00
1.392943630142743139e+00
1.416839154849327986e+00
1.403400838328711986e+00
1.372926457344278095e+00
1.373825390878475217e+00
1.359531704075652714e+00
1.361215880226559261e+00
1.351607568975770501e+00
1.369490030837750005e+00
1.376530441931194781e+00
1.367899984357081822e+00
1.349375381056649781e+00
1.325459808120413197e+00
1.325011755165689253e+00
1.334572483001242649e+00
1.323367411519231540e+00
1.339796976286727226e+00
1.340068265291652239e+00
1.357918747503672696e+00
1.365710209041090639e+00
1.373117824729266134e+00
1.383266423109855703e+00
1.382104294413310841e+00
1.392977035629876958e+00
1.379684084086803431e+00
1.391554357495044192e+00
1.377869817868722535e+00
1.392192781943948798e+00
1.400843663699638197e+00
1.408319543627612358e+00
1.405258280886175992e+00
1.404350009744538719e+00
1.419928270632551115e+00
1.421673682106311842e+00
1.424366703161412229e+00
1.419324920554206892e+00
1.431345763557311246e+00
1.438101146585474499e+00
1.452037712370676470e+00
1.455762730913956249e+00
1.466311978787794734e+00
1.456706503875979886e+00
1.445450613917942384e+00
1.448172040415349748e+00
1.443598770211422577e+00
1.442349244234311989e+00
1.426717786380669262e+00
1.428592977122582264e+00
1.431836157212641236e+00
1.459723588477410239e+00
1.463993120496941636e+00
1.473175179055305595e+00
1.467017535155589858e+00
1.473240754473837066e+00
1.465110200970930698e+00
1.494090032802127599e+00
1.499255456845469459e+00
1.507903009471438960e+00
1.487489052699109138e+00
1.497707689783154050e+00
1.507708391572189388e+00
1.504004810106536638e+00
1.506519049757349737e+00
1.474863439464818793e+00
1.491369344099076732e+00
1.468997375393623628e+00
1.457793084636131553e+00
1.433541170201058090e+00
1.419835598779483288e+00
1.429912360681791617e+00
1.436051385486684318e+00
1.422892161185310256e+00
1.410222106954167609e+00
1.388210971060856780e+00
1.394359277808858488e+00
1.393857118034861120e+00
1.395137543565297955e+00
1.401654955886982190e+00
1.391463686903510411e+00
1.375608678515386929e+00
1.349553588189285724e+00
1.337171623746796101e+00
1.338853895457924770e+00
1.366763265461151455e+00
1.365266957145414350e+00
1.353759597219342359e+00
1.342282158804412706e+00
1.335508060105607964e+00
1.335720269365514135e+00
1.322264586421182164e+00
1.334151937635698060e+00
1.367598133526765514e+00
1.382609835138236987e+00
1.381043101522402283e+00
1.381130977325454534e+00
1.377244207093380579e+00
1.386941553983941144e+00
1.410150087178862810e+00
1.423203640188398289e+00
1.412014289211043883e+00
1.400698208672212841e+00
1.398840164423270860e+00
1.404766589678496880e+00
1.417167579740945982e+00
1.435393229635911094e+00
1.448156726319900001e+00
1.443610165585516025e+00
1.437397266015403519e+00
1.411895001408154382e+00
1.390495384827533432e+00
1.398588769162084411e+00
1.403102594360146282e+00
1.390463056793316499e+00
1.420333166736489572e+00
1.398317014704811401e+00
1.392194397250860582e+00
1.370867012107880756e+00
1.388105983883806571e+00
1.399693648174414884e+00
1.395770872888490777e+00
1.389478725466386289e+00
1.398239613362407541e+00
1.385674864733312361e+00
1.398528355516327926e+00
1.407191775473235040e+00
1.412570618624749308e+00
1.400454366804380291e+00
1.395960410621894576e+00
1.395160151112321723e+00
1.381502105944933056e+00
1.383980793057988379e+00
1.392754311418382906e+00
1.393098361932529228e+00
1.407116757845447319e+00
1.425159900788480316e+00
1.438281603222528737e+00
1.443298012307507872e+00
1.460215560600318874e+00
1.448031113039235596e+00
1.450258540793834650e+00
1.443737960447722957e+00
1.464719036909330807e+00
1.453867184189571837e+00
1.452093503918230777e+00
1.476083490387343211e+00
1.493645671373588613e+00
1.486572436448281076e+00
1.485471277928732237e+00
1.480171131459470990e+00
1.469938664553628316e+00
1.479938589522333148e+00
1.491464439382999219e+00
1.492884514936601681e+00
1.470373024798910855e+00
1.480623008263493690e+00
1.470063152871655898e+00
1.465930610854010663e+00
1.459676949736954832e+00
1.456910351372652235e+00
1.481545466008098000e+00
1.460308647428281814e+00
1.471187502647104850e+00
1.453090361161342159e+00
1.451946257981540311e+00
1.466631209314330331e+00
1.490587242104154830e+00
1.470958191500799872e+00
1.488194211467141148e+00
1.490116934546653837e+00
1.472641572218584383e+00
1.465698074762991299e+00
1.474148715363640560e+00
1.466744645201421893e+00
1.468793617424051012e+00
1.463936425749714054e+00
1.445499399848569455e+00
1.431761318929463789e+00
1.423422799116754733e+00
1.448086570479059754e+00
1.423698932749851709e+00
1.434450272565965134e+00
1.458336637522106072e+00
1.461120663077678072e+00
1.467935030719161649e+00
1.437010263604549865e+00
1.436647818711214830e+00
1.432897117495500305e+00
1.445260258523983321e+00
1.425669901491445124e+00
1.436682828802537060e+00
1.436607659716268248e+00
1.444472005992481600e+00
1.434840896797058063e+00
1.436691973787133314e+00
1.437959022257278896e+00
1.440522029607102406e+00
1.444197111037589076e+00
1.469903679876459313e+00
1.467897574732616617e+00
1.459343173286917983e+00
1.473443652670166859e+00
1.472520816507928210e+00
1.483080684730531562e+00
1.477560113779279094e+00
1.498676068761447100e+00
1.499425782828514686e+00
1.463099417528157309e+00
1.453704242187320972e+00
1.466281335014741671e+00
1.477631595257723474e+00
1.485327410223081124e+00
1.477533441586888596e+00
1.487750629663396440e+00
1.511449483355429058e+00
1.500865606232064664e+00
1.474178396768557553e+00
1.465335692226084285e+00
1.472048879845236247e+00
1.457729694936414910e+00
1.457902855686080024e+00
1.450203027396869571e+00
1.448284574464699270e+00
1.419580254554845933e+00
1.418356047470302972e+00
1.414595031044583395e+00
1.398913131402076848e+00
1.410504601554987802e+00
1.403279159595984149e+00
1.402897087588651726e+00
1.402831114733684714e+00
1.401598423135394178e+00
1.417726477313920874e+00
1.412867829174845102e+00
1.396353836254240255e+00
1.400742324421538676e+00
1.413591108334170121e+00
1.427146059513939580e+00
1.417711749680878652e+00
1.417714999691192412e+00
1.422393285981580657e+00
1.439725955243802424e+00
1.452418592424274069e+00
1.437154131341627838e+00
1.450833880007782906e+00
1.440718663047013237e+00
1.457487275258322335e+00
1.460428322164197823e+00
1.466868623496896173e+00
1.475200031626906050e+00
1.473319042361590725e+00
1.490912383342297032e+00
1.490647756603538987e+00
1.484018318843029594e+00
1.465091516802876637e+00
1.464243024881772159e+00
1.445070214592826474e+00
1.427893269593003112e+00
1.444494712971696071e+00
1.460112698426838218e+00
1.449797638874509076e+00
1.449814108055933026e+00
1.422609623304800897e+00
1.425243721078412351e+00
1.408314482749960295e+00
1.405906842491394082e+00
1.393592978122641490e+00
1.390903517057535899e+00
1.425467149343440765e+00
1.437059795839383369e+00
1.430278953375512252e+00
1.413953316176544517e+00
1.393674341606667921e+00
1.379461648996211709e+00
1.358937307779566117e+00
1.374955942001315101e+00
1.372949977109016118e+00
1.368162504503781518e+00
1.372646585064255742e+00
1.387175692074820832e+00
1.380924354992377534e+00
1.394592550759113925e+00
1.410906748519334730e+00
1.407821733047324830e+00
1.383457491513246485e+00
1.384949278023987151e+00
1.361458315119092877e+00
1.375575917675237569e+00
1.373363419717861911e+00
1.390904604583371285e+00
1.413088153447817685e+00
1.409616901132308753e+00
1.414839808347033490e+00
1.382710235456623860e+00
1.380691114801357644e+00
1.382200522126071807e+00
1.371500726613861021e+00
1.382676316325282428e+00
1.384835761986547897e+00
1.388547627688324848e+00
1.383519222623410538e+00
1.370498127574692138e+00
1.370704700183961622e+00
1.387164336663843089e+00
1.375692688919197382e+00
1.380785995318434267e+00
1.384541164792474355e+00
1.388792573631042471e+00
1.413174121807392325e+00
1.427168034985004885e+00
1.412744546353896125e+00
1.431461907416951007e+00
1.433924453505657226e+00
1.424012655446389219e+00
1.402595114449889602e+00
1.378425534099222194e+00
1.385727892821415175e+00
1.368068948305085408e+00
1.377928311621215096e+00
1.376127445654966364e+00
1.385376599563462374e+00
1.395608305733057719e+00
1.395379641215093391e+00
1.415981971621181668e+00
1.421332286817037049e+00
1.417590963400859883e+00
1.441068386493788767e+00
1.453743692070280424e+00
1.439799697981027027e+00
1.441189635463649976e+00
1.446321806838124946e+00
1.451105159029665082e+00
1.436600623039917757e+00
1.419576916737918637e+00
1.419669970140374105e+00
1.427929982112990492e+00
1.415755120517908194e+00
1.416443727240553008e+00
1.419802456759328146e+00
1.449573229453219092e+00
1.449559456926437839e+00
1.445352799774541008e+00
1.453159805642525670e+00
1.453630598832909016e+00
1.430176223482243270e+00
1.422088854535288105e+00
1.427813318470702475e+00
1.415052667921366192e+00
1.414028462700930300e+00
1.427741472339240092e+00
1.427851202668332764e+00
1.424445636047401376e+00
1.418889564315611418e+00
1.409360787556627193e+00
1.420700002782164129e+00
1.416519573150911926e+00
1.426489611633995791e+00
1.434709957222659371e+00
1.426350824904918158e+00
1.423809786241800657e+00
1.434757106330642573e+00
1.450716628501257377e+00
1.459032343317183011e+00
1.479613410284144281e+00
1.471861561695428922e+00
1.466972122029621906e+00
1.453811910384133377e+00
1.444481842936589100e+00
1.441494070835961372e+00
1.461114073084699205e+00
1.485043349034559146e+00
1.484962684259854671e+00
1.493656981038377296e+00
1.492269786179685864e+00
1.482049919659202963e+00
1.490584330570146943e+00
1.472232669239291525e+00
1.475302322540760436e+00
1.490328270664499577e+00
1.494489448712837953e+00
1.483032036896089867e+00
1.452565586845476320e+00
1.470919866333106008e+00
1.457207898877706631e+00
1.457470181403152099e+00
1.438527621088689257e+00
1.431016391773377139e+00
1.417755894617368950e+00
1.399159946542711586e+00
1.397425215247088071e+00
1.403977172285982400e+00
1.420505357661496548e+00
1.433523635478314961e+00
1.448922671797050477e+00
1.445601106034847927e+00
1.414694504279746967e+00
1.423348074600923718e+00
1.449675779638490258e+00
1.450687771949557003e+00
1.435800390405713500e+00
1.419246946553641697e+00
1.423519541352371798e+00
1.416856453728858600e+00
1.413445195084168882e+00
1.398947223496505465e+00
1.395068551083205044e+00
1.415819064600870369e+00
1.399475037915128173e+00
1.399739151783973679e+00
1.399362228041073353e+00
1.412305123932650952e+00
1.409896865799884047e+00
1.421883908750282144e+00
1.429960441204795041e+00
1.421099172745001304e+00
1.417659320234047948e+00
1.430150912668651797e+00
1.425674967658075332e+00
1.412184881024252103e+00
1.412576908220429361e+00
1.429145568733191318e+00
1.400963779157735178e+00
1.381998707707894791e+00
1.369690846603907941e+00
1.380968878088234764e+00
1.392148400573439027e+00
1.386410284738764709e+00
1.387143866277815718e+00
1.390804433988698241e+00
1.390981671030578681e+00
1.397802943862660907e+00
1.381856412194972128e+00
1.398602118487057178e+00
1.420507902751782403e+00
1.419451892492894718e+00
1.419002144344778893e+00
1.423866528438737067e+00
1.428333111142693346e+00
1.437366378115522592e+00
1.428683586268349348e+00
1.436267412752862294e+00
1.427890289933468226e+00
1.403666028905081076e+00
1.395307473899626949e+00
1.390794856695746429e+00
1.373533674698834028e+00
1.389496048099426062e+00
1.373381513812773402e+00
1.382564311129421908e+00
1.384127837058384047e+00
1.372288988625644635e+00
1.385561874505341962e+00
1.392985872985545770e+00
1.380103589162365196e+00
1.399876099992173106e+00
1.421752980853121073e+00
1.414319351217244058e+00
1.378849379880215942e+00
1.366267392265303471e+00
1.367659144793209824e+00
1.361862365443246015e+00
1.361548256173204408e+00
1.342213127123287997e+00
1.330515396019225971e+00
1.325253088365669019e+00
1.300571098633282796e+00
1.302244024961135782e+00
1.327587596387708402e+00
1.339068524114466197e+00
1.352885967176737703e+00
1.372525734704300504e+00
1.379390259862244728e+00
1.398520873282774524e+00
1.400608567025346751e+00
1.387735001741330132e+00
1.429084817943617081e+00
1.444924569505020351e+00
1.442178671246541644e+00
1.468019924421561040e+00
1.468902798278001409e+00
1.440008387872513618e+00
1.458946449135248846e+00
1.477722836663920791e+00
1.493184177159603720e+00
1.492122518662698072e+00
1.513081048955243979e+00
1.492126930926842565e+00
1.515246267877956354e+00
1.500873018640573209e+00
1.496856399724239006e+00
1.516411785347080654e+00
1.515163693360870756e+00
1.519388595405549713e+00
1.522422098632970400e+00
1.484899705420948290e+00
1.497285650016431546e+00
1.488543054682172961e+00
1.475070887811209097e+00
1.453962233123478498e+00
1.486299748167009716e+00
1.454867980715009557e+00
1.456542223220497867e+00
1.465917966644544768e+00
1.461711439919369360e+00
1.436151156047300814e+00
1.460740501476430309e+00
1.445558144424439861e+00
1.450897136150621325e+00
1.432078189297789850e+00
1.423863766661294550e+00
1.419762296375984389e+00
1.453336885535207790e+00
1.449167155253672234e+00
1.484185392456276453e+00
1.485685439369864858e+00
1.482379582400418672e+00
1.477262005530029398e+00
1.456957117729630324e+00
1.434844583950452668e+00
1.452821406828645356e+00
1.448659586726553261e+00
1.453101509343614151e+00
1.454312637147424869e+00
1.463349738116575427e+00
1.430498178920861507e+00
1.440633545506154523e+00
1.420462695975806655e+00
1.410745813422714656e+00
1.398203274273784658e+00
1.417902130369460112e+00
1.421843274730838935e+00
1.441577038599897831e+00
1.441941713096914990e+00
1.466883670125150418e+00
1.463219233073349113e+00
1.431516936446203037e+00
1.411260446317572192e+00
1.406083924366909210e+00
1.386225462342791870e+00
1.398840369855133492e+00
1.384606038315833398e+00
1.374295623675701572e+00
1.395813705279241201e+00
1.399029563485951977e+00
1.386640643617075064e+00
1.365158119834614991e+00
1.369020669336331597e+00
1.387312445952985751e+00
1.410119981899756736e+00
1.417444299058506108e+00
1.423638345143933837e+00
1.426857486248243045e+00
1.412697738099091938e+00
1.410075200551924590e+00
1.402725399341193224e+00
1.389933664802860180e+00
1.394669049288046470e+00
1.386282033323198881e+00
1.374782520546004250e+00
1.372360715150674704e+00
1.395427536759013654e+00
1.398750991651364961e+00
1.406738965925791174e+00
1.403140515869615301e+00
1.409844249743836375e+00
1.411906175629177973e+00
1.438447752922667133e+00
1.433649110258474968e+00
1.439376570101110531e+00
1.471833736349424715e+00
1.500591064988973322e+00
1.474600187097735438e+00
1.467348863827733663e+00
1.451157600566393979e+00
1.466517048248362709e+00
1.443528973004796878e+00
1.432355484732731776e+00
1.446583058009313083e+00
1.452725836373756962e+00
1.440251965479947938e+00
1.454888730419132692e+00
1.451751806435417125e+00
1.464410636220778938e+00
1.451320757575664588e+00
1.472234665858457747e+00
1.468253162558591951e+00
1.459277398082443833e+00
1.429730124621834575e+00
1.453901385164933169e+00
1.437681100615014529e+00
1.445785576665156835e+00
1.415505769105295908e+00
1.394558083621376454e+00
1.395879051779579827e+00
1.361237047750408768e+00
1.341386779841065024e+00
1.348328746598232541e+00
1.354501681359253640e+00
1.356873091328116621e+00
1.338280374198577150e+00
1.344351330450717974e+00
1.359413503065537210e+00
1.369678007377080231e+00
1.368331857327989676e+00
1.393167339070551680e+00
1.396633198281330035e+00
1.399447299156568958e+00
1.408220618874761243e+00
1.418590261659670615e+00
1.417249425854531619e+00
1.425994268327467340e+00
1.421952206469745628e+00
1.431050880684087812e+00
1.408240881068486106e+00
1.432441479583381749e+00
1.421971777418586047e+00
1.434196785395002172e+00
1.455491895457644125e+00
1.447337809140288201e+00
1.458096045112447392e+00
1.476758174670983026e+00
1.472326258751926797e+00
1.460831866978266280e+00
1.445785285829256583e+00
1.473013073266030926e+00
1.475556120590046261e+00
1.457626948619876295e+00
1.444146894741191067e+00
1.449768421991429079e+00
1.444005249027038085e+00
1.427304920825003487e+00
1.405441410670794200e+00
1.390853021032721015e+00
1.389935891758250275e+00
1.382761065498924413e+00
1.386350364757080067e+00
1.387039777694587750e+00
1.391115414341153711e+00
1.383084319832433851e+00
1.364311678476843870e+00
1.369337506536967508e+00
1.373458556823914156e+00
1.380760580987345554e+00
1.393591541226911312e+00
1.390352714146865010e+00
1.395318406525038357e+00
1.393721966380765620e+00
1.407285383778875909e+00
1.409686778825334219e+00
1.377318044102616934e+00
1.371210592110769344e+00
1.368776064339784826e+00
1.372400800488155159e+00
1.361378090911524952e+00
1.359015157228277815e+00
1.355166767666851735e+00
1.366191983275414801e+00
1.362822181960897883e+00
1.365646345109698290e+00
1.377635874584928422e+00
1.358508119344705944e+00
1.386555854292486956e+00
1.393819415753635660e+00
1.407732147380182486e+00
1.405483227709826810e+00
1.402534086080872378e+00
1.411851071724818718e+00
1.391502942326353631e+00
1.370192763625835974e+00
1.387670053690960525e+00
1.380915621613534094e+00
1.395403116191919368e+00
1.397270518987245858e+00
1.408369200709736146e+00
1.433240465554017851e+00
1.434548879408664712e+00
1.443126180511496992e+00
1.441793468157784197e+00
1.442621171804026492e+00
1.434232091971850531e+00
1.444107348302700933e+00
1.429217166994483756e+00
1.442662815927006514e+00
1.425785569890999360e+00
1.412681592579700496e+00
1.421663747636443542e+00
1.417280520451144499e+00
1.420839609165934103e+00
1.421227601235427684e+00
1.440889628985492221e+00
1.460655472282212708e+00
1.439132085979242248e+00
1.448435197576777966e+00
1.460757171855004755e+00
1.454021310742612316e+00
1.431801280405541998e+00
1.419352904480932098e+00
1.413161199640442955e+00
1.427969929570818142e+00
1.420812074040065820e+00
1.420273447124769994e+00
1.417869718328193196e+00
1.403677585667829408e+00
1.403411332460981598e+00
1.398409158396792362e+00
1.386592371701771853e+00
1.403576339438141529e+00
1.409120634333054678e+00
1.409426875764803411e+00
1.413156276740407113e+00
1.395915265016450135e+00
1.374263759469582791e+00
1.374107538507889803e+00
1.386657168233553561e+00
1.377009471639746963e+00
1.374884472506825217e+00
1.370619263162984325e+00
1.389609033890440548e+00
1.392922226000065544e+00
1.383902091209175733e+00
1.386354561539132169e+00
1.390006918787374701e+00
1.382165742506140438e+00
1.370784252151433291e+00
1.387654996377638561e+00
1.389562146712653989e+00
1.403209617671888232e+00
1.419173376167219836e+00
1.431195364923117497e+00
1.421443796236167012e+00
1.424021002504766598e+00
1.422277301717242315e+00
1.417732174912988530e+00
1.418667885759711034e+00
1.420418664643539053e+00
1.419376179321115261e+00
1.447859953709399461e+00
1.463646126972560468e+00
1.458136367158468394e+00
1.442477633586222163e+00
1.435540680877669839e+00
1.451877070413730708e+00
1.450319458839932629e+00
1.441944186378032011e+00
1.446923881129075218e+00
1.456522350031945301e+00
1.465737766218700333e+00
1.472985370236771896e+00
1.476371607723054202e+00
1.462135971784258137e+00
1.471929631480126233e+00
1.463571800445542692e+00
1.481739695460117856e+00
1.466516925302211227e+00
1.479235437857614022e+00
1.493361922857513902e+00
1.473624323106888623e+00
1.460803353011411954e+00
1.477029263651520763e+00
1.502002565522824629e+00
1.526833265158269670e+00
1.484086106458346599e+00
1.450729449026266549e+00
1.428590939993043207e+00
1.439988204154818430e+00
1.448551013597794368e+00
1.449855661492851056e+00
1.438914004136734981e+00
1.466578717722122338e+00
1.473057610327447531e+00
1.479851042866131339e+00
1.480492305241621898e+00
1.475461865474554379e+00
1.462650199452722566e+00
1.449843130054918383e+00
1.445084495801403079e+00
1.423714000762104970e+00
1.389701229377826808e+00
1.404246076546459054e+00
1.413590863105900652e+00
1.428992789621747139e+00
1.451059793725497871e+00
1.452625169610359146e+00
1.450562537739002567e+00
1.432849213242581188e+00
1.426325464150737465e+00
1.443458188853862678e+00
1.449031606034321351e+00
1.476482934996145691e+00
1.489203187800640427e+00
1.488680251666303134e+00
1.481103984056048706e+00
1.491637151481131296e+00
1.472322327808729403e+00
1.487377758620738177e+00
1.492577910905800387e+00
1.489137882530463086e+00
1.486365687631999721e+00
1.480496992419597202e+00
1.465055005429214185e+00
1.452694169449700867e+00
1.455598134302739544e+00
1.481548945808423445e+00
1.470296975893403912e+00
1.466313036721958341e+00
1.436750526911307446e+00
1.420035536839923340e+00
1.410803152025466245e+00
1.412431863830850842e+00
1.405890329546181094e+00
1.413947978064110433e+00
1.419364261730789556e+00
1.429701465992279097e+00
1.434590198368834280e+00
1.432406232182458439e+00
1.422506813789417235e+00
1.413736199653054193e+00
1.391384822174892566e+00
1.395211681372547696e+00
1.371919163411818410e+00
1.364203396768947307e+00
1.358848383817280681e+00
1.356209299869499674e+00
1.365115234480285267e+00
1.394377549769498792e+00
1.393460206858136097e+00
1.400155373483267685e+00
1.387973812736179591e+00
1.375395006016408628e+00
1.358959778951400965e+00
1.357248923435910193e+00
1.369607025899707731e+00
1.358858848151800469e+00
1.361896812574392213e+00
1.346821474548162367e+00
1.334207846949705623e+00
1.347659273219629084e+00
1.344472734478750819e+00
1.319460027358601018e+00
1.324464711167650854e+00
1.342972107402192972e+00
1.361453811053414231e+00
1.360088832853292073e+00
1.342834024040057583e+00
1.353551054919101215e+00
1.338078355518580898e+00
1.333133392809828344e+00
1.329729450325184636e+00
1.342902392142960810e+00
1.347365589835693545e+00
1.372129015599431456e+00
1.390640321153558068e+00
1.390166335231610484e+00
1.408500063919462475e+00
1.432124788604379306e+00
1.428649411418549509e+00
1.408767701200893230e+00
1.400007347319446538e+00
1.384966026398454231e+00
1.396548242428794273e+00
1.394290230022583899e+00
1.379284183055503155e+00
1.371163149686189575e+00
1.372198595717672553e+00
1.350361153824123139e+00
1.346653886793159449e+00
1.338466667375426411e+00
1.336722036979233197e+00
1.356244132371788425e+00
1.377924090788947176e+00
1.382546161983082778e+00
1.385521248534288041e+00
1.380201310052486585e+00
1.351137532330358937e+00
1.342927307037244278e+00
1.323472712535517681e+00
1.316771417750309370e+00
1.307834452730707753e+00
1.307352243261987290e+00
1.300739380831570369e+00
1.311495075786283993e+00
1.317057883919167116e+00
1.327779507394471814e+00
1.338236184730092537e+00
1.331480028719000730e+00
1.344672602970367281e+00
1.333588122722806357e+00
1.340353799685590097e+00
1.352648407337944558e+00
1.364120372869217723e+00
1.338097993000633812e+00
1.339729901986471461e+00
1.364428662417104476e+00
1.367777058200743578e+00
1.341092349213973911e+00
1.334345051292334494e+00
1.345016470604253112e+00
1.348560798549006234e+00
1.361101942810949650e+00
1.356481308849942335e+00
1.353538084225482940e+00
1.358891946349186863e+00
1.372042881661231783e+00
1.355439395121234902e+00
1.347365951518390004e+00
1.335580077129279397e+00
1.355621777301192266e+00
1.366613629977870170e+00
1.367583572868005026e+00
1.388383018018295667e+00
1.399468997126057435e+00
1.396183556381887625e+00
1.400068141838333835e+00
1.388390828046602188e+00
1.386874474732672446e+00
1.409265488862784466e+00
1.412196470924577119e+00
1.403829557912930293e+00
1.392399357328000464e+00
1.392943855362223982e+00
1.397674597131647101e+00
1.390298994994837001e+00
1.399144142546274727e+00
1.403673292375073434e+00
1.404903663194355667e+00
1.423121155673688687e+00
1.404078179443716712e+00
1.401671504958617032e+00
1.404575416046677905e+00
1.426033577290703791e+00
1.432041991286252092e+00
1.416885990105901882e+00
1.401455491279677057e+00
1.388552621989949332e+00
1.383752904196638100e+00
1.371319851206216356e+00
1.386455626164840194e+00
1.376096118385731648e+00
1.371839692753591633e+00
1.371399228859325081e+00
1.382140141106529052e+00
1.395037309772324097e+00
1.393713916628303462e+00
1.387250116829729762e+00
1.387089162207396198e+00
1.404746127140471978e+00
1.423410838657141797e+00
1.420261217351443284e+00
1.429059671076651661e+00
1.424564031991863766e+00
1.438448519425176819e+00
1.464854563666301956e+00
1.465556461397260923e+00
1.464939876369735439e+00
1.472430607739821262e+00
1.478489715750857636e+00
1.482791687883565190e+00
1.494749289627174571e+00
1.516978380645179980e+00
1.514762866242916450e+00
1.514113077712503364e+00
1.516465918341486807e+00
1.529718908816252831e+00
1.535411505227713747e+00
1.531555063747011225e+00
1.526554151605881593e+00
1.510742548304493171e+00
1.495694379856672196e+00
1.497869752253852216e+00
1.499405602064062260e+00
1.479897293586967200e+00
1.471790494267395610e+00
1.489785540433240074e+00
1.481975797554709207e+00
1.486664044872223922e+00
1.479898823214929271e+00
1.455429311261779990e+00
1.460002669333644310e+00
1.472393113374500073e+00
1.453290542976891864e+00
1.462909241441105568e+00
1.448194364736161033e+00
1.447211889438302146e+00
1.429948688073491514e+00
1.426852093270768229e+00
1.407694165820479570e+00
1.415942511899793033e+00
1.411298020227792493e+00
1.416738878914782562e+00
1.418847077042270977e+00
1.423339541621623017e+00
1.426894332910094043e+00
1.434978647115549899e+00
1.444336339439172834e+00
1.432105950848558518e+00
1.443135338145101088e+00
1.439845045400010237e+00
1.410276727275595388e+00
1.399732181738680747e+00
1.386929228134909708e+00
1.377574814116861113e+00
1.388848502023890985e+00
1.371797160742777466e+00
1.379705306670244491e+00
1.371936578177429755e+00
1.366945144437984316e+00
1.370538347173394511e+00
1.366516939805537456e+00
1.384575716861721428e+00
1.382454458079593440e+00
1.398862718410303518e+00
1.403485455284704475e+00
1.408190650614302486e+00
1.395229517613422399e+00
1.393954421505398500e+00
1.398835555678350939e+00
1.386256947626166580e+00
1.393001738628909303e+00
1.383896293050877579e+00
1.399759743462583250e+00
1.396548585026489597e+00
1.394281173291755938e+00
1.421346543306219123e+00
1.425450998474342423e+00
1.434686373674701754e+00
1.438304615363710903e+00
1.450837049410612645e+00
1.454936613552965330e+00
1.442507633214946461e+00
1.453947096601599487e+00
1.440168908285057281e+00
1.457037761491416950e+00
1.491670275354217035e+00
1.482300170927863370e+00
1.490040610209881322e+00
1.484468639361657960e+00
1.463089257715387559e+00
1.454689209883480716e+00
1.482535161486157715e+00
1.495006054710239507e+00
1.486961079772026739e+00
1.510024820469006768e+00
1.492929447239466079e+00
1.490440532787169703e+00
1.488245967501090172e+00
1.481259669135118529e+00
1.465520336027264170e+00
1.446133682457271474e+00
1.443450475306509606e+00
1.445947856197792092e+00
1.446101910257821865e+00
1.416278630369534275e+00
1.415542405156570371e+00
1.409186095992357668e+00
1.402620047753366572e+00
1.417496048287024690e+00
1.405526602372528799e+00
1.378001602109803603e+00
1.380607360355320168e+00
1.379635461177464828e+00
1.397953554022902223e+00
1.422919977230865385e+00
1.442121325624022621e+00
1.440297521845159245e+00
1.429042535676256609e+00
1.398012018043246929e+00
1.369051467759391905e+00
1.381246132856539521e+00
1.394085798105993090e+00
1.387531848563842152e+00
1.402472975818314094e+00
1.410903115995893797e+00
1.411687231046502289e+00
1.408027012955996415e+00
1.393699574163818955e+00
1.391827322600602601e+00
1.394040227444800273e+00
1.400511014905130747e+00
1.402855681757023687e+00
1.411168086986598125e+00
1.421422970057822477e+00
1.429923092878202739e+00
1.414989835415861874e+00
1.396811000359107879e+00
1.380692770651283263e+00
1.371430889780125062e+00
1.360528912862750461e+00
1.348803729508380789e+00
1.333757869909952598e+00
1.328564285939195289e+00
1.328491747967257997e+00
1.347733605812355240e+00
1.334623790133234955e+00
1.328443754982644887e+00
1.318777282573653231e+00
1.319646025370075693e+00
1.328020723806419445e+00
1.331261717460400451e+00
1.324383148138983168e+00
1.329008634259979171e+00
1.336821263763947609e+00
1.332053996836729981e+00
1.337933760326123211e+00
1.348606610493165103e+00
1.339486258851763312e+00
1.317051282826441350e+00
1.314454032717180976e+00
1.337895621119529643e+00
1.348911189146786649e+00
1.348921198148348877e+00
1.359652355759561004e+00
1.341580614535213600e+00
1.329638365594772553e+00
1.329719025399089372e+00
1.342913913856113028e+00
1.354983913598985623e+00
1.345757471009583650e+00
1.346910853469426295e+00
1.370078534501741219e+00
1.392140483241950388e+00
1.374091126175144506e+00
1.371838569052549195e+00
1.389188752472948041e+00
1.417331893662655773e+00
1.436419451143099213e+00
1.413004714335819756e+00
1.429735892053678459e+00
1.417121729106256778e+00
1.397658770349291979e+00
1.390503801859682476e+00
1.389129374154063346e+00
1.386265165626031637e+00
1.387323082222056136e+00
1.391359219017630267e+00
1.396454076386830501e+00
1.381287109524414136e+00
1.375330576126026827e+00
1.382141324638527236e+00
1.365608108461693337e+00
1.348527040075464756e+00
1.352418361493038290e+00
1.370683661199246339e+00
1.372204181843584170e+00
1.368261365140917674e+00
1.357959301729812829e+00
1.382945819828068412e+00
1.379535217580310835e+00
1.356942140420442033e+00
1.335944348041911089e+00
1.334215433811426488e+00
1.332383823298072700e+00
1.338694031651913363e+00
1.351209231973401703e+00
1.381808515159062001e+00
1.365289728235810074e+00
1.359463973714890361e+00
1.354290247790079338e+00
1.358793699911272412e+00
1.341440090962149556e+00
1.336481023939178225e+00
1.346826605192562143e+00
1.357713503831888158e+00
1.356937982632757667e+00
1.372481602502421127e+00
1.391063173895226823e+00
1.386682988122400539e+00
1.369248358972031454e+00
1.366650261988600734e+00
1.368102930243497051e+00
1.382722486676414286e+00
1.390780896789332033e+00
1.383928728167522992e+00
1.384565039624136906e+00
1.402213804066481329e+00
1.397699871656607140e+00
1.393086112817373268e+00
1.385913074265963330e+00
1.383614278557884214e+00
1.373655437844178762e+00
1.386714117244803646e+00
1.406451715262080349e+00
1.418392273488448430e+00
1.396565837495898688e+00
1.411859285704340827e+00
1.420761445502903175e+00
1.406898392184503077e+00
1.402853174656446766e+00
1.392685868317298237e+00
1.395495275866686313e+00
1.401636269630265330e+00
1.410590720227387074e+00
1.422584998282919955e+00
1.437152603444412868e+00
1.414128727824022880e+00
1.405577008094650804e+00
1.387101289125320935e+00
1.383568242274658688e+00
1.412000658567639899e+00
1.414094172274860783e+00
1.427965381441643533e+00
1.434571002806224849e+00
1.432800964143856826e+00
1.432602445162632465e+00
1.429751073607764544e+00
1.444165336120259102e+00
1.436580956784151208e+00
1.442694431564984781e+00
1.448451343492895615e+00
1.456759934125615219e+00
1.473560733035794712e+00
1.469942113999086253e+00
1.501730380105080087e+00
1.511956434511151137e+00
1.520975169315833542e+00
1.509861070920799131e+00
1.528392056449991321e+00
1.503436503338186681e+00
1.504499120158967918e+00
1.529038962617146780e+00
1.520911469120735715e+00
1.520221792412790540e+00
1.523967364849376782e+00
1.488564112752098767e+00
1.464489404438208631e+00
1.443155914245825455e+00
1.455766576521441591e+00
1.455820650136940175e+00
1.453391177950933200e+00
1.462594955419118437e+00
1.468209437765410907e+00
1.490734530111048617e+00
1.498971017672376060e+00
1.519762648257131366e+00
1.495368397985812781e+00
1.464623314699375012e+00
1.461656007638952204e+00
1.448918915246678596e+00
1.452981490290088606e+00
1.438320868584761714e+00
1.439126702603267249e+00
1.426283000290924363e+00
1.443945503687070531e+00
1.414614972149919048e+00
1.419012190547189523e+00
1.408105337573754445e+00
1.408334794518752542e+00
1.425554772303460505e+00
1.422708841894953613e+00
1.439937403788440706e+00
1.439069730541191028e+00
1.436373256392106113e+00
1.418930428265666732e+00
1.413906748334900154e+00
1.399411911566730282e+00
1.385422964944894364e+00
1.365628071557367873e+00
1.344021482262787837e+00
1.334227201735232349e+00
1.362696960936765400e+00
1.369674042831571015e+00
1.387912318202378925e+00
1.378999094915531742e+00
1.362277263981940711e+00
1.378094913786446885e+00
1.392169272949131287e+00
1.398601846485620026e+00
1.399651246471103727e+00
1.445329882764210705e+00
1.416729363487466697e+00
1.431368314582245782e+00
1.411539847601902986e+00
1.402264196240909699e+00
1.399590938887441238e+00
1.386436774935858596e+00
1.383920800767100667e+00
1.381978851163816691e+00
1.406431399782987812e+00
1.416034400940318960e+00
1.419101044139265300e+00
1.435553360107888698e+00
1.462771295555228335e+00
1.470701696111291090e+00
1.485961951996237707e+00
1.469392872430734576e+00
1.480080837998592358e+00
1.485043006689356515e+00
1.485218981399557991e+00
1.497811253888802208e+00
1.493699824031231138e+00
1.471714734221387655e+00
