1.004494257941475066e+00
1.003726245580847332e+00
1.001150807163084799e+00
9.995052743709750276e-01
9.996744792858993645e-01
1.000723555666567011e+00
9.997407769774705466e-01
1.001917314479199517e+00
1.002435655770168355e+00
1.002381734135393332e+00
9.994870471341171791e-01
9.979140429392169276e-01
9.968054202913134709e-01
9.940817407419426655e-01
9.956152595008009865e-01
9.969881600524252985e-01
9.971746808938797280e-01
9.989034506477141306e-01
9.987856241456708473e-01
9.989542062026462999e-01
9.995574226309368315e-01
9.986871063084757916e-01
9.981252986066529997e-01
9.969835727683272752e-01
9.975508525388260272e-01
9.975495549005676255e-01
1.018323296554479729e+00
1.028966213209626890e+00
1.043124422526055861e+00
1.050500068411578836e+00
1.055544224255761110e+00
1.063121002599087594e+00
1.068048984967974846e+00
1.078252058232899602e+00
1.078185722274941805e+00
1.091798022573328808e+00
1.095313923163313552e+00
1.100753514511056963e+00
1.121152230013207518e+00
1.129397440446659351e+00
1.143759843904953222e+00
1.151815909556635154e+00
1.156290378560592469e+00
1.171205334750053728e+00
1.172261668035605942e+00
1.191506722979002619e+00
1.200866156422781161e+00
1.207368295800193225e+00
1.211581672442694879e+00
1.214129259873109268e+00
1.210194825201945878e+00
1.195755732704096186e+00
1.203824484023883867e+00
1.195958986839786631e+00
1.200798204318076268e+00
1.201424596513568588e+00
1.184784589422506196e+00
1.193205847284832810e+00
1.204210793258295942e+00
1.212319247190527083e+00
1.214460752011095712e+00
1.211875063530051477e+00
1.227984486744270631e+00
1.216619438004157283e+00
1.204584939889871587e+00
1.207099324408587693e+00
1.212547956004361938e+00
1.221610949020280668e+00
1.221833351281847335e+00
1.228972525501047297e+00
1.225544210867153261e+00
1.232419601856476810e+00
1.228145638122095429e+00
1.240680718958326434e+00
1.236621130993842632e+00
1.257077730616747990e+00
1.274084483781018795e+00
1.273059030275460968e+00
1.290871821857828561e+00
1.277575011825604179e+00
1.269739839711649054e+00
1.279878496006773281e+00
1.257132441607715867e+00
1.248768472699073984e+00
1.263604257644627138e+00
1.263800796385560421e+00
1.280359288483277291e+00
1.280531515710685575e+00
1.280089842000777800e+00
1.281780290051499405e+00
1.268911701805155445e+00
1.260002313229156012e+00
1.258249895036784638e+00
1.261591693362249300e+00
1.274387704503379570e+00
1.252744136153047361e+00
1.234649572691921993e+00
1.239136849362514115e+00
1.250180053033501437e+00
1.262134695292042696e+00
1.250294835673378291e+00
1.232818062230488509e+00
1.221449157743278668e+00
1.201303057038860311e+00
1.212599374972826549e+00
1.226030913586377835e+00
1.235245315080704787e+00
1.252265305532255457e+00
1.246035385344432145e+00
1.239222042925725686e+00
1.240762731811885455e+00
1.236288675617092769e+00
1.235332221310113887e+00
1.241244635253972994e+00
1.261070954549954104e+00
1.273156649787510419e+00
1.273586983649285465e+00
1.261983765217149278e+00
1.272641473954682079e+00
1.252447856242263846e+00
1.267405542436932375e+00
1.292463686854841809e+00
1.307283093400680718e+00
1.297552855337675171e+00
1.306138849062227658e+00
1.331552746327740566e+00
1.335667929996416037e+00
1.335493180612788766e+00
1.351659766057119905e+00
1.347542876974294757e+00
1.337962416295176871e+00
1.333854708933709610e+00
1.332612509537657308e+00
1.334779104629579827e+00
1.326741071517041570e+00
1.313008739615364906e+00
1.316407276662637793e+00
1.315890534160845116e+00
1.317934995936584475e+00
1.323332836075611585e+00
1.327404313341683739e+00
1.336849154453002564e+00
1.351208929069496856e+00
1.329790611211676854e+00
1.348091761659214294e+00
1.350115062963576751e+00
1.332376802161084450e+00
1.320196984523175132e+00
1.332766881619114718e+00
1.313908472617963952e+00
1.294882552330268721e+00
1.286410945154834895e+00
1.298923305569858799e+00
1.296287510631254580e+00
1.293886525985427083e+00
1.315171221483566244e+00
1.320406514681230714e+00
1.317375068065856247e+00
1.311920005189569638e+00
1.331275373988708433e+00
1.336554591170092454e+00
1.338157284846911432e+00
1.337051236576481061e+00
1.325120214933472873e+00
1.324277058878350344e+00
1.307692888754335536e+00
1.330992488336291135e+00
1.341035627560678289e+00
1.351391097479375025e+00
1.339845243458057666e+00
1.334943210825902060e+00
1.350007950694656289e+00
1.362017770782750103e+00
1.340476895621739439e+00
1.358402103641638714e+00
1.363811896218027453e+00
1.377511296346166647e+00
1.379000805292527554e+00
1.362048998041984094e+00
1.378452145445089538e+00
1.378880616055359054e+00
1.390418990958844692e+00
1.402461232531435620e+00
1.430298380028752092e+00
1.431767433529150146e+00
1.442898358166339046e+00
1.448975129724963118e+00
1.435409042921141243e+00
1.448155382287164228e+00
1.436898456215096598e+00
1.433923810169306368e+00
1.409124020069181693e+00
1.394607027514433106e+00
1.380212032792925925e+00
1.381634468585037245e+00
1.376762712125412902e+00
1.362447402106924832e+00
1.362122580470929378e+00
1.378951483589655913e+00
1.367599503790060789e+00
1.372285633138019989e+00
1.360316901273427970e+00
1.335800556353529567e+00
1.351811039738476161e+00
1.332851803163298321e+00
1.313473016100002999e+00
1.300630288796376766e+00
1.299413086570589959e+00
1.268645690734279130e+00
1.256489069805760916e+00
1.261760757678319189e+00
1.269760286745906797e+00
1.297716474224874794e+00
1.306004916700005625e+00
1.298376131837800651e+00
1.313982320657353986e+00
1.323059773687278007e+00
1.326059497044205449e+00
1.317795438649230544e+00
1.312766391159335910e+00
1.323271782377582584e+00
1.330040185073955827e+00
1.323253045768461478e+00
1.311663248509697510e+00
1.310648903850231140e+00
1.309114039395213203e+00
1.304606614425404709e+00
1.315403570542457157e+00
1.301267793285179719e+00
1.299086239097858364e+00
1.317389675690540329e+00
1.319836196176130017e+00
1.321433866532795598e+00
1.328616020036693657e+00
1.318783316631038538e+00
1.314136398422570906e+00
1.316110497858612005e+00
1.293239055330744680e+00
1.298059005181677827e+00
1.309500441744773536e+00
1.306552726632568939e+00
1.302218621401739052e+00
1.306758785692639924e+00
1.317823403493787460e+00
1.327522983071468099e+00
1.324062644923644338e+00
1.315135150279840959e+00
1.320465550128413046e+00
1.317195998663305279e+00
1.313577288219761163e+00
1.308088774100850671e+00
1.341069142351670518e+00
1.349379974683581285e+00
1.361862425380660158e+00
1.374376884980683222e+00
1.365029245740261743e+00
1.383660302668785258e+00
1.380521774340493391e+00
1.370384860051548470e+00
1.378202316307146402e+00
1.379881576319538894e+00
1.348159551576358695e+00
1.353918087817112870e+00
1.336532603528559182e+00
1.332179727628292287e+00
1.342726819955471385e+00
1.333103589878371631e+00
1.321438236764777452e+00
1.316763972930714566e+00
1.329945577346154373e+00
1.330206369832416469e+00
1.347584975864438928e+00
1.347143263838338711e+00
1.359323377107731101e+00
1.365527643570418226e+00
1.351223187656163782e+00
1.327939881021084734e+00
1.307398788951591895e+00
1.311181355693478379e+00
1.312353814800496066e+00
1.313933748396766354e+00
1.285535121174667950e+00
1.270946007514177190e+00
1.286803810531654824e+00
1.297071764114488657e+00
1.296253728081417922e+00
1.312745177370006955e+00
1.316744891729101807e+00
1.327284990802943598e+00
1.320686021463812976e+00
1.308081597704241705e+00
1.313228916107445965e+00
1.338308573803308921e+00
1.345001161347597618e+00
1.345200444370024506e+00
1.336492879834501046e+00
1.329182885454675889e+00
1.326807801525751396e+00
1.324471807106915699e+00
1.325564419854951659e+00
1.354526608619768480e+00
1.352918167702099606e+00
1.366688860457039745e+00
1.356006940111829095e+00
1.338729101350133011e+00
1.320506298288130598e+00
1.340008567107539461e+00
1.347067497299400118e+00
1.351031723166347787e+00
1.341717589160600577e+00
1.318847289266997569e+00
1.316204081464933839e+00
1.318081160847867306e+00
1.300848490513866196e+00
1.300497306775260098e+00
1.318367533184797047e+00
1.311897731857579963e+00
1.293709980808397386e+00
1.299840436425916845e+00
1.282103347180664654e+00
1.300638697028059454e+00
1.297439719483470810e+00
1.302308315373315484e+00
1.308587640057103041e+00
1.313993138324186516e+00
1.306958086742859626e+00
1.301806417859982412e+00
1.305259419954652333e+00
1.311995506225927421e+00
1.331845186388464164e+00
1.339674311565192566e+00
1.341437213138863216e+00
1.349650253075821649e+00
1.349280393593759175e+00
1.346310073618604664e+00
1.373436273971858412e+00
1.383574715481113326e+00
1.382488428522398838e+00
1.401967885709229034e+00
1.402011771786743299e+00
1.387128754147752385e+00
1.379314328718745930e+00
1.391255535744547966e+00
1.373415277348836838e+00
1.384925054094914509e+00
1.390776812113397432e+00
1.394117843337026263e+00
1.391410686744215086e+00
1.376028472356867427e+00
1.367192532098691071e+00
1.354442336583028039e+00
1.348676821652331936e+00
1.334117321629886499e+00
1.324365805999636381e+00
1.310435508150105122e+00
1.325576992340545379e+00
1.319297953394963807e+00
1.317241149960415969e+00
1.302320245623148187e+00
1.297590801242104241e+00
1.307558257075124963e+00
1.295961355117930092e+00
1.298929393847904068e+00
1.292777170996435743e+00
1.299874055335692224e+00
1.300559902715761496e+00
1.328231745883007298e+00
1.315255904176010793e+00
1.328819204619706262e+00
1.329584545049709909e+00
1.314060833827207508e+00
1.315445717758196853e+00
1.319900767304918121e+00
1.324515858987363792e+00
1.338959159553096079e+00
1.342138964431615955e+00
1.364706738112039464e+00
1.374557364910399038e+00
1.379744563465408858e+00
1.404270459591662190e+00
1.406784433220663599e+00
1.392685962603340988e+00
1.387218450092319921e+00
1.399381462575012502e+00
1.415980395455501251e+00
1.408772417519555953e+00
1.426950877563298192e+00
1.421778198988686626e+00
1.411523973009319421e+00
1.423413476409665979e+00
1.420025497940223813e+00
1.407489517305746007e+00
1.407088469970010802e+00
1.399235050582713580e+00
1.375751335259168595e+00
1.371076511464748737e+00
1.382001148103431332e+00
1.378472160739949270e+00
1.400473195247222025e+00
1.404302059134968417e+00
1.407317789715083256e+00
1.405265435095585991e+00
1.406613755591093584e+00
1.412919116359935057e+00
1.399743184785435135e+00
1.379818768194111867e+00
1.397442090003104598e+00
1.393970877824435739e+00
1.401429459142488065e+00
1.401335788749914935e+00
1.392691877086851493e+00
1.378191379650966386e+00
1.378101161476211978e+00
1.388302256610022267e+00
1.387845185065708975e+00
1.380630934989373282e+00
1.373845613416784239e+00
1.379850979265328403e+00
1.392970009253380548e+00
1.409383371920749584e+00
1.421819943235579142e+00
1.416433902925071431e+00
1.433273788491834511e+00
1.431858415950904684e+00
1.431474030451591828e+00
1.421332896641246180e+00
1.411474541978067432e+00
1.429273719990767022e+00
1.428661165819548717e+00
1.444198260319805138e+00
1.455842586659119808e+00
1.458323759801168018e+00
1.466688382240203481e+00
1.455010656773682243e+00
1.464957093377436292e+00
1.456969991474354575e+00
1.452973357858459824e+00
1.455338001310479301e+00
1.455643663897661089e+00
1.455903384240331722e+00
1.473700796011293113e+00
1.498667372638941897e+00
1.482877941723306003e+00
1.479358523289710625e+00
1.460948576406469579e+00
1.462832679378088807e+00
1.446927853546101872e+00
1.442154303592299458e+00
1.438546580704237243e+00
1.421059282486989872e+00
1.424341759758701809e+00
1.425912324342635928e+00
1.412548140905504734e+00
1.393505006055795414e+00
1.376606670511656860e+00
1.369221453277714273e+00
1.360214826696071411e+00
1.355747320118815935e+00
1.384755443193721902e+00
1.368197899982447341e+00
1.370839885890973386e+00
1.375664093135262167e+00
1.366921373931686556e+00
1.357507970696416599e+00
1.342376556779805608e+00
1.335704433042454786e+00
1.329634239758147762e+00
1.332156151373038222e+00
1.328207373796643109e+00
1.334762405981162692e+00
1.337499352548293663e+00
1.342024500185929003e+00
1.333850030518326957e+00
1.339649468499684914e+00
1.349413493650241769e+00
1.365423040520302278e+00
1.363808427195123185e+00
1.381290814417552415e+00
1.398961850183317424e+00
1.407632126821690699e+00
1.431615840907513926e+00
1.430253172691326125e+00
1.433367442822099935e+00
1.409346741172520900e+00
1.425819419018098166e+00
1.423146254467822613e+00
1.438315493172420467e+00
1.452663640047363369e+00
1.464456210300975503e+00
1.475291840994222836e+00
1.458645250501939383e+00
1.455145500784561063e+00
1.473575011010324287e+00
1.476420969930947624e+00
1.478765810681361481e+00
1.473544667592326274e+00
1.477510488785521936e+00
1.484929118594593200e+00
1.467019881276833138e+00
1.467323428128311402e+00
1.452387319927073817e+00
1.464651373806467261e+00
1.435257393959351591e+00
1.437202290400723337e+00
1.401633376611039816e+00
1.377628683353139261e+00
1.379298443555690978e+00
1.376434558730330160e+00
1.371915029342463788e+00
1.370922906713532008e+00
1.385945821407201350e+00
1.381019825218561259e+00
1.358605414500152486e+00
1.340176807085917465e+00
1.323263600435964804e+00
1.350551861418036070e+00
1.338716528372127401e+00
1.323362345865362943e+00
1.312783613063619681e+00
1.329037985900916485e+00
1.333797872320828137e+00
1.329675373826357365e+00
1.313759043492958245e+00
1.312026289686993197e+00
1.300381436301820903e+00
1.302411825647308952e+00
1.294524567624021572e+00
1.302581921111771068e+00
1.310072075318756024e+00
1.341706605801921359e+00
1.333218399395011522e+00
1.336709218489251727e+00
1.356942813494147915e+00
1.352609369758684732e+00
1.357087807075626040e+00
1.329167274371060525e+00
1.326582562704457402e+00
1.335182323566528328e+00
1.347845907912674557e+00
1.363106070457882124e+00
1.342766808654097588e+00
1.333016077145434464e+00
1.342512153837228217e+00
1.355627016728753409e+00
1.344116082990792771e+00
1.350067046657749126e+00
1.369736802864899516e+00
1.380929666031182501e+00
1.387134651389913209e+00
1.400832484542834377e+00
1.407079435949905477e+00
1.426118170428744669e+00
1.412652871958695266e+00
1.420689630550959537e+00
1.435193680911759140e+00
1.437012139460605020e+00
1.426542641409424661e+00
1.416262344609116042e+00
1.420309816744441234e+00
1.406402268617695572e+00
1.422804474603254210e+00
1.415835607820008724e+00
1.418304326415317895e+00
1.414024686168023459e+00
1.420315307359666379e+00
1.423427571688963500e+00
1.426211235162157198e+00
1.425479538684182090e+00
1.437195186513701817e+00
1.438704437334151987e+00
1.434048331045606473e+00
1.414886916332197764e+00
1.392739577812885488e+00
1.385007511238524947e+00
1.380006810611577928e+00
1.374386138677102798e+00
1.374219504278477499e+00
1.398520512613173006e+00
1.383362818673229189e+00
1.363496719468095808e+00
1.364986644075989242e+00
1.369608366650778786e+00
1.369239610141419261e+00
1.370411330893735791e+00
1.381709607703653031e+00
1.373676324516106106e+00
1.370713382330194241e+00
1.384140470616112228e+00
1.390959411559119063e+00
1.378793778817068549e+00
1.377709605441958640e+00
1.383609794407339999e+00
1.374643431285237805e+00
1.369614424271395237e+00
1.380681878612217695e+00
1.377380000556529538e+00
1.385525654018206598e+00
1.397639010733822129e+00
1.404272830329359456e+00
1.402820084091201513e+00
1.413205632644105592e+00
1.414230964015984249e+00
1.414396455553930121e+00
1.412181978151900719e+00
1.398953619515916236e+00
1.400655694424411735e+00
1.418563348581345140e+00
1.427731255899640228e+00
1.429794393189243396e+00
1.425375667030490900e+00
1.440433893543449084e+00
1.445425680947360236e+00
1.429301960965729146e+00
1.427367534632950186e+00
1.442688704160229429e+00
1.436076954721944077e+00
1.435076591062526941e+00
1.434410331014770223e+00
1.437320780702615819e+00
1.427789988090353512e+00
1.431327354123067330e+00
1.423668912772312778e+00
1.416100078865009992e+00
1.420604759142473528e+00
1.420653666903097578e+00
1.402086577481718610e+00
1.394608460788667070e+00
1.386076474865291397e+00
1.386538485574049018e+00
1.402888891003022609e+00
1.422748093072179643e+00
1.408496048150295721e+00
1.399139389993629301e+00
1.393576381567358746e+00
1.396406407182240628e+00
1.382298220052738946e+00
1.397510156309617280e+00
1.411937812757371180e+00
1.415887445949160606e+00
1.392326170912331351e+00
1.406718001596200640e+00
1.407594077624890083e+00
1.414565064367327762e+00
1.395218187797550913e+00
1.404375486269221041e+00
1.400123898606900008e+00
1.402299804809414185e+00
1.415293406728375114e+00
1.396625093879244828e+00
1.400767913593908398e+00
1.431512347214579428e+00
1.420934959613092241e+00
1.434086094268677281e+00
1.430158531403005417e+00
1.441382896062779029e+00
1.456205154766116117e+00
1.454312403294719447e+00
1.467565595908314258e+00
1.509275182187155284e+00
1.488744404563068890e+00
1.513646521912075160e+00
1.486636986527616333e+00
1.468354666497862615e+00
1.459814379981406951e+00
1.465821538051367501e+00
1.441806749436321367e+00
1.442995138966962410e+00
1.454686271874158665e+00
1.452172246901997310e+00
1.458025706036665259e+00
1.446324516194980037e+00
1.459491812045698556e+00
1.456352574424987001e+00
1.481531119803668028e+00
1.480517264520898602e+00
1.478616105638643097e+00
1.498887001538752761e+00
1.503181545514149731e+00
1.517686096548124475e+00
1.507781272312219700e+00
1.469617959284107656e+00
1.457830365719050114e+00
1.443696900258272686e+00
1.418591067006829798e+00
1.442570212323880829e+00
1.442803580977523925e+00
1.448309354394196280e+00
1.437502888968159365e+00
1.437579632612992153e+00
1.445566600201158014e+00
1.448449121526345529e+00
1.435976808333354393e+00
1.426617032805778340e+00
1.436557520070284921e+00
1.411007039903224403e+00
1.435669815444393871e+00
1.407127099811054327e+00
1.420984025803187611e+00
1.411421822714218122e+00
1.417622905662552668e+00
1.396744407890242234e+00
1.392983314918004423e+00
1.379655025178800676e+00
1.387311835159822815e+00
1.379460708141579284e+00
1.392311648279280334e+00
1.391052796159147231e+00
1.407645073318219531e+00
1.412956038862459796e+00
1.390617371141043446e+00
1.365123643920083785e+00
1.358007707022430788e+00
1.363144811250051713e+00
1.364713591035488172e+00
1.354567280780210936e+00
1.389446012900999339e+00
1.403858980742348717e+00
1.396210527825861636e+00
1.402066565670018639e+00
1.399984089172726209e+00
1.396175065041864283e+00
1.424897090750820494e+00
1.417336170623543667e+00
1.429715129820890551e+00
1.425852510315823274e+00
1.433029014203558882e+00
1.414061790671760299e+00
1.420530458381785266e+00
1.421421417668499387e+00
1.425435205572143982e+00
1.433148219379251076e+00
1.444159035780406164e+00
1.425474676379827610e+00
1.426995541381719690e+00
1.414303579727897997e+00
1.425684311179638453e+00
1.445580633935206194e+00
1.457893908486559420e+00
1.474524949349159897e+00
1.493776039597165761e+00
1.490299564036152047e+00
1.500630324420214823e+00
1.513326083685275991e+00
1.504503263419344483e+00
1.526232124217870467e+00
1.496827833933370933e+00
1.486851410047067557e+00
1.487522518099438473e+00
1.486057937277756036e+00
1.483175776344578534e+00
1.486151128739504612e+00
1.489619351553631121e+00
1.483755327193398310e+00
1.489024114568259449e+00
1.489035603550540099e+00
1.477211166014106514e+00
1.509201458296528298e+00
1.515260533448091973e+00
1.501345587498420286e+00
1.520700032518974565e+00
1.520865304882655700e+00
1.496991940956007072e+00
1.513433178662464851e+00
1.495980086560408262e+00
1.480989753564817324e+00
1.468938446988264923e+00
1.455677660292436615e+00
1.448197757418986598e+00
1.444604898584477715e+00
1.460483299979970395e+00
1.489157180139641490e+00
1.506044487766581064e+00
1.503840725506173870e+00
1.486637248413557266e+00
1.483293303679259934e+00
1.479480064656820471e+00
1.502429193054073631e+00
1.500648732928191897e+00
1.479674630139458769e+00
1.470171213160348378e+00
1.480908749990052398e+00
1.469291267926599254e+00
1.464953258707792916e+00
1.460157800012486851e+00
1.457408503393386123e+00
1.458145757986244462e+00
1.476594932592178111e+00
1.459157106532077863e+00
1.461803210855062929e+00
1.464500086605025286e+00
1.457755047793691361e+00
1.455730023114291782e+00
1.448932373149418806e+00
1.434435823225325146e+00
1.411740110125250469e+00
1.411881995556593994e+00
1.404013863417610919e+00
1.403606380119372554e+00
1.421813185689149828e+00
1.416038951330562901e+00
1.433859097966331486e+00
1.425053285699507510e+00
1.419569460474548572e+00
1.433167419579103541e+00
1.449481253017764315e+00
1.449518283323979029e+00
1.428298420917091915e+00
1.408437261198276280e+00
1.433513121981792260e+00
1.456298897171551809e+00
1.466311238702364461e+00
1.462783602153999718e+00
1.479166401738547743e+00
1.481076900923518735e+00
1.485525093463875290e+00
1.479321649314162768e+00
1.482938626617527289e+00
1.493018462074814590e+00
1.507022328244204346e+00
1.510964847668565092e+00
1.486384976849456363e+00
1.485514158454463773e+00
1.475941644146423481e+00
1.479009904204137138e+00
1.498911912733133622e+00
1.483369303908151915e+00
1.482043132069166047e+00
1.499489236146722915e+00
1.496571950005262774e+00
1.502312067427565845e+00
1.486114385238846758e+00
1.487902805965482411e+00
1.514962610553524103e+00
1.502701321971418480e+00
1.498235070836825944e+00
1.513746016569597730e+00
1.513765458542936759e+00
1.490402192830041717e+00
1.494124677217034680e+00
1.481947804892792098e+00
1.485558500629751810e+00
1.499145570216240397e+00
1.500737834470640353e+00
1.530352588684398274e+00
1.523255026902925913e+00
1.530554635367614047e+00
1.539166472826700272e+00
1.542658411704106225e+00
1.508930256368420819e+00
1.512113590130144791e+00
1.524631980694142186e+00
1.505866218294422243e+00
1.479863289765817047e+00
1.474060413769923139e+00
1.460004709245812826e+00
1.460065668951493922e+00
1.469429658173388109e+00
1.455991588743866139e+00
1.455706025445894891e+00
1.441126840848293789e+00
1.416539595224686199e+00
1.404120824894122821e+00
1.427072639595529324e+00
1.422022754143948964e+00
1.422911813371133150e+00
1.426427092916374706e+00
1.408855489594664556e+00
1.432475603007478338e+00
1.400492005081336311e+00
1.390004004164266282e+00
1.390208341867418484e+00
1.374824495382318768e+00
1.386906321874021630e+00
1.410177195337584788e+00
1.409776969420873050e+00
1.398841139102108944e+00
1.389990115289184702e+00
1.398783991846712427e+00
1.391029697030161216e+00
1.405912906613903779e+00
1.410724866239755793e+00
1.409449981866643276e+00
1.405779734416606752e+00
1.407680229114914638e+00
1.405251712589933311e+00
1.411726190383966628e+00
1.425886710465789742e+00
1.406914306310030893e+00
1.408366127136861046e+00
1.423789654006056615e+00
1.437591504851244872e+00
1.437251930921991105e+00
1.388647150076122383e+00
1.376190419261010822e+00
1.398352644214446938e+00
1.393699937715056292e+00
1.390008151238927514e+00
1.393867825674054206e+00
1.387605227436295774e+00
1.382117611855561368e+00
1.381268496992578587e+00
1.383985286408389026e+00
1.381318546579957784e+00
1.400827788268294904e+00
1.376327570522410948e+00
1.386933998737450047e+00
1.382137165951292657e+00
1.386247810715730555e+00
1.380003310920356885e+00
1.392847239118352176e+00
1.392453842710865919e+00
1.391240871432552817e+00
1.411120096331394125e+00
1.384755655357222448e+00
1.360344024071924007e+00
1.341894023097871091e+00
1.348693412955349169e+00
1.381226149172902984e+00
1.401636770944558741e+00
1.378983299331828505e+00
1.407210506229476854e+00
1.400996988445619706e+00
1.399505623016685352e+00
1.424541347518611945e+00
1.429970474710678729e+00
1.438637936830285069e+00
1.459475795133477805e+00
1.463212627604970839e+00
1.435521062680312987e+00
1.460893774850724025e+00
1.455204588054637815e+00
1.472780419062463597e+00
1.489556822714203754e+00
1.498603315576528816e+00
1.491677632006553456e+00
1.485355240712360692e+00
1.496502117696459910e+00
1.483645468894630781e+00
1.513659516323631937e+00
1.527918747232632768e+00
1.532989479841001756e+00
1.534107459473958102e+00
1.521936075241123065e+00
1.522077948121764335e+00
1.554819843844061467e+00
1.535663785437256346e+00
1.542253768903421918e+00
1.529018724808672625e+00
1.506366866243902480e+00
1.493313702298925127e+00
1.483518405382691308e+00
1.468779666688079244e+00
1.488830230720527892e+00
1.519043839814623542e+00
1.504739876804619403e+00
1.496294820558368821e+00
1.489967451580261892e+00
1.481300917266319406e+00
1.473253282328401692e+00
1.487640232261782991e+00
1.474200477974502155e+00
1.470195568007448106e+00
1.498184273081302864e+00
1.523437042805094954e+00
1.542760828631586811e+00
1.519084579720719530e+00
1.519099326398304584e+00
1.507532142675156006e+00
1.496930934491596865e+00
1.489875189170984493e+00
1.487783226085820809e+00
1.503663904725900391e+00
1.499225229584808305e+00
1.498042548006694785e+00
1.486230623513759230e+00
1.488114125586624148e+00
1.494382521737746217e+00
1.478283690857968402e+00
1.454464236345093475e+00
1.468364195109878034e+00
1.465529249222157215e+00
1.454039241289612816e+00
1.451740564972118896e+00
1.455398797971113822e+00
1.422031500913030433e+00
1.429331103103452794e+00
1.433259513403574603e+00
1.420158087762137811e+00
1.395704011544867562e+00
