1.003987150961171082e+00
1.001903724636402648e+00
9.997801392142967591e-01
1.000273413439568770e+00
1.001807710643302984e+00
1.001410518720078136e+00
1.000888478784222047e+00
1.001333014976693692e+00
9.999638711680358671e-01
1.000049234579372559e+00
1.000887788492877295e+00
9.998277086448905671e-01
1.000873841848435530e+00
1.000217365788214297e+00
9.998111218149902113e-01
1.000715678006175891e+00
1.000699947773647347e+00
1.001479759518982826e+00
1.000703092442139175e+00
1.000820121162657061e+00
1.001059151133852465e+00
1.000274579638665617e+00
1.000260940834749812e+00
1.000789653611780405e+00
1.001877953468802707e+00
1.015014780333174826e+00
1.031324607274528349e+00
1.052912765380233706e+00
1.067578761516658536e+00
1.077794736306532997e+00
1.093142477931180689e+00
1.095765489772718260e+00
1.105024406800927173e+00
1.116910175517824344e+00
1.127696211489584543e+00
1.142885607654597457e+00
1.164412421017297694e+00
1.184156714660329124e+00
1.189496838137178658e+00
1.208302359181784524e+00
1.235176896111483513e+00
1.255797926622862049e+00
1.277452052024905971e+00
1.285981220301020578e+00
1.309303991551658886e+00
1.326225765734480699e+00
1.348715139629971471e+00
1.377579301092511477e+00
1.394156745639774098e+00
1.411360085107042917e+00
1.407170505481053047e+00
1.393124189978194538e+00
1.382355917086106833e+00
1.370991944232270665e+00
1.355925234020320502e+00
1.354477995215115582e+00
1.371835072963527580e+00
1.382953526131142974e+00
1.366605259555467633e+00
1.371771254999384348e+00
1.367478109847225287e+00
1.364150452189461182e+00
1.355175659811241662e+00
1.363763462878954336e+00
1.371911293498246476e+00
1.358419625994229163e+00
1.357924560812726833e+00
1.352638848818588979e+00
1.361204712214385104e+00
1.339833491582181901e+00
1.331967107569363096e+00
1.316381378665564927e+00
1.280944274706179442e+00
1.297850338002041415e+00
1.297689646468342062e+00
1.285845674792333249e+00
1.301459911601776653e+00
1.301054818939953783e+00
1.303647609036174604e+00
1.316051158909475216e+00
1.314992518448431680e+00
1.315151867941356745e+00
1.316379108900313621e+00
1.317604212384122064e+00
1.307003688926483331e+00
1.307936624452561647e+00
1.294262810533381103e+00
1.284363932004725539e+00
1.278238169729531970e+00
1.260670571934638273e+00
1.255412368503464382e+00
1.256882425129722591e+00
1.275103610131996579e+00
1.286374489981599867e+00
1.299921385847561561e+00
1.289532078580150731e+00
1.290219657858355129e+00
1.299055527103466945e+00
1.284273620556955819e+00
1.284893206615814520e+00
1.299564869815934776e+00
1.289236171259560582e+00
1.274125782222827796e+00
1.284965947698413880e+00
1.275080373192803540e+00
1.286011384451531514e+00
1.285176618162280571e+00
1.270835408108369702e+00
1.281921499308424917e+00
1.286527838686636560e+00
1.276858689298041138e+00
1.282391581949602566e+00
1.300296220250157786e+00
1.298100660651730021e+00
1.305432181002400993e+00
1.305819255566473380e+00
1.286666362598622548e+00
1.267657033759269414e+00
1.241042960688597763e+00
1.241277617339755057e+00
1.246717701328015737e+00
1.248880172452465187e+00
1.275219857001398172e+00
1.266206911286775316e+00
1.266284480865040196e+00
1.265609218934715452e+00
1.272049424095722747e+00
1.277750860516285947e+00
1.262575790009816012e+00
1.255535896465263868e+00
1.244964483087184437e+00
1.237371009170128655e+00
1.248645444002860039e+00
1.257695472292092331e+00
1.251136258168978443e+00
1.253933090490354285e+00
1.253307791697948481e+00
1.258180088107639039e+00
1.259367129492777071e+00
1.245448294698593195e+00
1.254906957373933096e+00
1.260157345682419328e+00
1.264886863506779369e+00
1.274012491971173278e+00
1.276361108925084142e+00
1.299248226048497878e+00
1.303741339556794943e+00
1.282023657997650501e+00
1.290568506382484326e+00
1.278419741363258311e+00
1.267478289450833184e+00
1.266659664788059247e+00
1.294280548385359442e+00
1.292788788343777640e+00
1.302697289720194718e+00
1.303116789997930791e+00
1.306420613964334621e+00
1.292193359293298593e+00
1.278884649235797477e+00
1.301491614628438764e+00
1.297241873007724866e+00
1.281651914914346824e+00
1.281706094978072974e+00
1.294050415593511305e+00
1.310310613002774849e+00
1.310310031593021840e+00
1.301702834057368641e+00
1.295457244900942939e+00
1.288972268735824045e+00
1.288182885538047717e+00
1.284320358293262521e+00
1.289757514944327221e+00
1.286438913729653022e+00
1.300532986205448882e+00
1.297310820952252364e+00
1.316712648490439896e+00
1.298235430536519797e+00
1.268454246845230005e+00
1.284374327765996027e+00
1.280513846218222840e+00
1.269050110134056109e+00
1.271569108263527648e+00
1.288304419996168848e+00
1.291723849143396219e+00
1.293466203726979291e+00
1.308827412506233800e+00
1.319664952677527925e+00
1.301271346935705120e+00
1.295967859303578162e+00
1.293041427076043526e+00
1.295370298298172074e+00
1.308718936567403013e+00
1.318939969862367612e+00
1.339945814310313343e+00
1.340956504462630816e+00
1.338126953063332403e+00
1.322538243825664761e+00
1.323841020550311276e+00
1.320604626044523444e+00
1.340331175881757764e+00
1.318889048942244235e+00
1.323950351605450049e+00
1.331096885152069920e+00
1.327676480507133050e+00
1.365816301533411936e+00
1.387199026747642616e+00
1.372243892896574780e+00
1.367927578647645248e+00
1.374740951602920758e+00
1.367737657440467380e+00
1.354367766219697566e+00
1.370913443293101386e+00
1.376980726641924280e+00
1.368978212292100372e+00
1.378344969637460338e+00
1.377302744532408640e+00
1.397434154846977972e+00
1.378437665538875256e+00
1.382171851034765808e+00
1.377063434064019987e+00
1.385085373358738714e+00
1.411492614191352635e+00
1.440057609865045052e+00
1.422904998987837955e+00
1.411722734703620974e+00
1.421147494383495635e+00
1.462800865866540123e+00
1.484586437727261288e+00
1.494650231760447978e+00
1.481557922243057712e+00
1.453385784268328651e+00
1.470219761150041160e+00
1.458598825597334114e+00
1.462516853218066348e+00
1.437453648009165308e+00
1.457076122774306093e+00
1.429821250911963437e+00
1.422095384249032479e+00
1.442264001620452429e+00
1.432833240910424299e+00
1.410270472551165888e+00
1.395956384157055030e+00
1.418318564976950968e+00
1.391205789812462790e+00
1.397417465664147818e+00
1.377650467911526899e+00
1.357844660199736486e+00
1.334761507843067019e+00
1.329950655159469752e+00
1.314282768882351293e+00
1.308351941560835119e+00
1.297902985353784011e+00
1.272157096675462062e+00
1.257090778835092681e+00
1.235917800226930430e+00
1.228983680522403255e+00
1.233701701606395362e+00
1.249212883141686659e+00
1.232081517593613063e+00
1.254915433549038228e+00
1.243843191161090322e+00
1.260026729909806908e+00
1.265346641144784012e+00
1.246291398665629213e+00
1.244906219544936077e+00
1.245767496624685444e+00
1.249220675113895229e+00
1.240891670294901328e+00
1.237952112938385030e+00
1.225505482543521873e+00
1.239113320517694516e+00
1.251478886956388203e+00
1.259345303032802121e+00
1.252025057820387755e+00
1.260972752462386826e+00
1.273912021808832229e+00
1.261557202869053596e+00
1.272088570131615359e+00
1.296080275285540928e+00
1.326588041033438525e+00
1.345049005753299110e+00
1.313169792271671410e+00
1.294159253517001451e+00
1.311323308728794323e+00
1.309406379467526138e+00
1.303569480693658411e+00
1.312753640607487116e+00
1.311106955905570803e+00
1.327305607487806682e+00
1.339235169384992430e+00
1.372446523526596796e+00
1.382024979539519194e+00
1.393287935011003231e+00
1.430316401544726501e+00
1.449509172702209359e+00
1.446496626415871400e+00
1.445869954266984836e+00
1.464378426583228476e+00
1.488299086291478446e+00
1.494855132050408431e+00
1.491607495054559696e+00
1.507508073946355776e+00
1.492303285679200453e+00
1.461871086128598174e+00
1.431182662532578531e+00
1.430165350164052551e+00
1.458174958935371635e+00
1.453047576688188069e+00
1.457224166684509381e+00
1.436943020337240862e+00
1.435404383406120088e+00
1.431051822431191223e+00
1.440995282268854982e+00
1.435901544157285326e+00
1.402564649933109919e+00
1.391607045338774107e+00
1.355292582504068921e+00
1.333911726312466239e+00
1.303544658660359401e+00
1.291716048815461093e+00
1.285244290737776351e+00
1.272346943567931765e+00
1.242067130794533458e+00
1.228984319387598001e+00
1.240627530815603841e+00
1.242234988638869941e+00
1.229587626014094548e+00
1.245662386798435772e+00
1.255103859047248749e+00
1.269865178906868675e+00
1.267110391626615096e+00
1.254234673791798649e+00
1.281186157764388822e+00
1.296934747889758599e+00
1.307677797435000899e+00
1.311957248563599521e+00
1.294497044041985845e+00
1.281480966968880253e+00
1.254076056095358327e+00
1.255764806164953562e+00
1.257157382122654043e+00
1.269493292305679422e+00
1.286063566747433162e+00
1.282903091977147358e+00
1.289744459660078890e+00
1.284951028007201401e+00
1.295973305934629671e+00
1.296570260135748720e+00
1.304166047477942181e+00
1.297654614641296389e+00
1.290545346221953160e+00
1.291508613251047155e+00
1.285181205652992320e+00
1.290973044392845326e+00
1.274565950768486333e+00
1.292893212433514405e+00
1.278540624816934645e+00
1.276002959790941471e+00
1.266301980099686197e+00
1.262311290662261998e+00
1.256896499189867900e+00
1.262436724368575902e+00
1.272251002853791668e+00
1.310443568967117223e+00
1.347758628626693600e+00
1.332930748684342026e+00
1.331456364423806216e+00
1.315610006337429194e+00
1.344699871578820316e+00
1.352848575147341803e+00
1.340448231111597721e+00
1.329956543463683749e+00
1.343081889959008457e+00
1.330638303460221605e+00
1.328883237458316380e+00
1.326969875368766205e+00
1.326544472050775969e+00
1.304827904412282358e+00
1.299602033338616014e+00
1.325009157353660871e+00
1.330326763732291528e+00
1.361715127612227905e+00
1.377156110026898528e+00
1.375795683267276637e+00
1.366804567818526994e+00
1.404546924323163637e+00
1.420213191603212577e+00
1.413053374755993241e+00
1.384407890930194451e+00
1.354909727516253826e+00
1.353699603058879264e+00
1.372335107480820993e+00
1.375151743559197337e+00
1.367415490077363183e+00
1.348867018236691084e+00
1.370645344005549271e+00
1.396369107501110873e+00
1.386174236124050552e+00
1.393424910082493362e+00
1.397069440595281264e+00
1.403114648038409573e+00
1.401610188840752391e+00
1.430081721238938508e+00
1.433237295395531907e+00
1.438897246928233953e+00
1.429825867065338096e+00
1.409878860645117804e+00
1.391851045986087332e+00
1.389153791862971721e+00
1.411653971065830238e+00
1.381539155022769139e+00
1.380241280178343466e+00
1.369049562269711862e+00
1.381008973896396430e+00
1.384263514556143715e+00
1.383951462777844643e+00
1.382284014385773530e+00
1.373365206406811367e+00
1.363084398122048846e+00
1.371513829964418951e+00
1.353217415325794981e+00
1.329237296264338397e+00
1.355741334159330513e+00
1.372152162753859095e+00
1.372749058072792572e+00
1.375641358530508063e+00
1.377584621741879900e+00
1.382114879820903530e+00
1.384935591898827534e+00
1.374460896948689337e+00
1.360610908280022624e+00
1.371290593874709529e+00
1.350164532466961331e+00
1.342018252139945522e+00
1.329770532544857664e+00
1.334890599404146672e+00
1.349007876105079884e+00
1.361920543536099704e+00
1.378098652813934955e+00
1.397071133407623345e+00
1.423088800660718745e+00
1.410145872844185355e+00
1.411397594284092838e+00
1.417929360089088098e+00
1.441423724799845152e+00
1.466700711912861665e+00
1.462198848474769886e+00
1.445583147228531873e+00
1.420123110021567214e+00
1.430477781439502438e+00
1.416886571828845032e+00
1.407464473047801867e+00
1.377281697441139707e+00
1.387224236843613623e+00
1.387873263671860258e+00
1.406936701913049204e+00
1.407659280166063454e+00
1.412307973712817688e+00
1.399141447812970895e+00
1.406207281683948596e+00
1.388604062466355593e+00
1.373435881032869732e+00
1.375838703430088072e+00
1.360697951543588857e+00
1.351444076874298128e+00
1.314736213382483809e+00
1.320118122005422334e+00
1.318636525808262849e+00
1.308208692102062809e+00
1.276598706019638874e+00
1.259417168768681039e+00
1.256784072418237308e+00
1.258789558804772390e+00
1.280393985386609312e+00
1.259994279549163210e+00
1.261963915744266806e+00
1.256139122679910347e+00
1.275032572416318732e+00
1.240372568222345873e+00
1.220346250209011663e+00
1.225667267072342970e+00
1.234098286033853187e+00
1.240008856435327100e+00
1.239206846315379140e+00
1.231409783902696953e+00
1.235196536567419789e+00
1.244231227375426130e+00
1.240605571144236086e+00
1.235959279978084746e+00
1.228154941142412859e+00
1.246437863627357201e+00
1.241001261663837285e+00
1.243325751187699391e+00
1.241071937025067795e+00
1.256888846975380503e+00
1.254414708387763033e+00
1.255620760892837362e+00
1.238430420916941888e+00
1.226098186927268241e+00
1.233522019526297475e+00
1.245105198042372407e+00
1.258764020124956362e+00
1.259831026126126519e+00
1.266044888737017038e+00
1.286641910317111170e+00
1.256819165574760033e+00
1.240422508958116676e+00
1.233200405258031207e+00
1.236512779887579461e+00
1.253855685842843348e+00
1.254740106148289236e+00
1.240814073025522823e+00
1.256344672917323324e+00
1.269095384866794962e+00
1.270738268111816449e+00
1.266950060231723185e+00
1.262658464296409822e+00
1.274677550107578217e+00
1.280005591175958912e+00
1.270622678121584137e+00
1.288613087857280792e+00
1.292226910488071256e+00
1.296772870589015358e+00
1.291453710707342717e+00
1.277904206091564410e+00
1.268887191883042442e+00
1.270784164570821551e+00
1.267906297318526887e+00
1.295242515409891881e+00
1.294848934934800466e+00
1.298708406295833617e+00
1.304668497097881907e+00
1.311875869930044347e+00
1.312301637034083424e+00
1.292799842733203253e+00
1.286424909267391170e+00
1.292738594389647888e+00
1.273219099446436742e+00
1.280118393296951540e+00
1.282399242635014369e+00
1.272046449147173686e+00
1.278569878287320716e+00
1.267944876860703562e+00
1.263246744482869222e+00
1.272186784556984973e+00
1.257866081375175193e+00
1.272752354512110440e+00
1.283736542583420848e+00
1.298097935377307222e+00
1.323846620587905587e+00
1.321683907373525813e+00
1.302221516517834798e+00
1.298290946361794873e+00
1.300563743960310381e+00
1.286235829771458228e+00
1.285156222881834287e+00
1.274216701960527054e+00
1.272273978149810025e+00
1.272205140890074526e+00
1.282675294573189184e+00
1.285258461292151599e+00
1.278284935144007983e+00
1.282351972778162486e+00
1.265525127171907016e+00
1.275326151893571902e+00
1.303652088695701483e+00
1.303921935877637939e+00
1.317215920873928026e+00
1.325225260294892626e+00
1.310539750203775222e+00
1.327913556041764309e+00
1.324785945206485183e+00
1.311464789528339114e+00
1.294641326591728703e+00
1.285110416501435093e+00
1.296046385010080071e+00
1.285551961640746255e+00
1.299193687448799706e+00
1.290987791675526353e+00
1.292315055660445466e+00
1.305953397312915376e+00
1.311840478464904702e+00
1.320331633832436902e+00
1.342324005776758034e+00
1.349579565191602937e+00
1.355007600523779665e+00
1.359392543893482852e+00
1.379069265380328257e+00
1.395719418845263737e+00
1.386692562825123209e+00
1.388550422257924799e+00
1.402918148079359328e+00
1.382965984828483430e+00
1.388401675086325060e+00
1.408636936049751931e+00
1.399112706637275494e+00
1.401126892813455704e+00
1.416499286612354247e+00
1.439651138818315967e+00
1.439954844275838530e+00
1.439684903505505931e+00
1.458351925605785748e+00
1.443803133226742030e+00
1.431633285180805570e+00
1.446169901604096086e+00
1.443982809294371616e+00
1.456291818515093484e+00
1.455760116874101229e+00
1.469953300330893553e+00
1.478965266846303361e+00
1.496993054128220146e+00
1.495555184724891351e+00
1.479442985804812594e+00
1.488152666937578639e+00
1.477294124603861114e+00
1.444744977046406254e+00
1.441518849154539206e+00
1.476049735667323004e+00
1.477195037118991694e+00
1.455230150603542993e+00
1.465463822527191429e+00
1.452758657954020372e+00
1.447391886831939978e+00
1.433293414677764499e+00
1.436636839308792934e+00
1.425588590589659033e+00
1.424998207556465557e+00
1.429090171289707278e+00
1.438271686116489034e+00
1.448529879065559189e+00
1.429121264190801543e+00
1.421103184054267388e+00
1.407440340067154683e+00
1.382856571763500630e+00
1.372532926087909999e+00
1.373277566896070834e+00
1.378241092194010697e+00
1.376219842719776487e+00
1.362832185524917916e+00
1.372589845963358313e+00
1.393491323827063644e+00
1.385785565396851826e+00
1.364037037104316896e+00
1.365566231371019734e+00
1.386254779398753634e+00
1.382574359121031549e+00
1.379355548500434292e+00
1.389089895513659911e+00
1.397493457727921440e+00
1.385724733106262763e+00
1.403834892590778205e+00
1.412728649151794968e+00
1.407583942234733820e+00
1.404036726387201117e+00
1.397259167187497653e+00
1.418756838214936034e+00
1.421173848603351164e+00
1.428881238296705325e+00
1.434600289886665658e+00
1.447909411316237627e+00
1.453008731462669401e+00
1.454997815980145104e+00
1.461974961078917667e+00
1.469466382484581946e+00
1.476120373805185126e+00
1.467949311715402327e+00
1.462769970076602810e+00
1.479881542093995028e+00
1.478755731593666356e+00
1.467472896391000425e+00
1.466475665518213400e+00
1.471597778514661448e+00
1.459033314594243347e+00
1.440765662328521879e+00
1.445580599181725878e+00
1.447628504978068609e+00
1.437775367902033974e+00
1.462104586108388782e+00
1.454329070097568843e+00
1.450475534100040154e+00
1.439522725571698025e+00
1.444453092581829967e+00
1.465330059288466602e+00
1.465953209973878790e+00
1.465235047213939934e+00
1.449291093376315676e+00
1.445343116784550297e+00
1.436393767321541448e+00
1.426613204456838480e+00
1.397654860522153708e+00
1.390626594431621621e+00
1.403821823031967897e+00
1.399912714824777193e+00
1.415116945775138246e+00
1.421429608529397814e+00
1.412652347023289900e+00
1.435329532737979363e+00
1.443517836885767291e+00
1.451356894787946494e+00
1.456451553387026587e+00
1.447042680961245331e+00
1.446475550319438419e+00
1.429626735895564105e+00
1.432893853701014075e+00
1.427782093543799480e+00
1.429783037622377684e+00
1.431118764513013231e+00
1.415738238401844873e+00
1.390567385837346626e+00
1.376673174079684703e+00
1.367025047587967279e+00
1.352681828481970383e+00
1.354082821747022214e+00
1.362607182861946598e+00
1.372512624974780771e+00
1.382415745355750625e+00
1.357747741954107745e+00
1.335495167730529342e+00
1.308726232703317116e+00
1.302875562533235998e+00
1.312286601647433715e+00
1.306427229686944580e+00
1.304351478886583759e+00
1.308472244944458796e+00
1.305372741088486555e+00
1.321129256203029012e+00
1.338823695132926650e+00
1.349465511008972829e+00
1.378232622067810054e+00
1.382979745273753558e+00
1.388598889039242001e+00
1.377394709234841308e+00
1.357614347828328238e+00
1.379328403017742177e+00
1.372818275742858862e+00
1.380947440810953886e+00
1.398234925435928977e+00
1.406775160835948224e+00
1.413335570623331705e+00
1.425102680678224099e+00
1.436439494595034949e+00
1.472106989855587633e+00
1.508662664981251122e+00
1.503454103389505470e+00
1.513388783939277449e+00
1.512225853377826779e+00
1.485983060709042736e+00
1.492003324353421201e+00
1.483956576241884040e+00
1.492270358186378099e+00
1.465854411677704805e+00
1.462272896037410508e+00
1.446514240166723475e+00
1.413238910175287577e+00
1.409189626948948559e+00
1.419646074683108994e+00
1.413057545412712113e+00
1.445685861987535459e+00
1.443407526320053869e+00
1.440375106793612803e+00
1.450942847347987730e+00
1.463569437557865172e+00
1.456671175429527620e+00
1.455108127711752797e+00
1.462387272721886955e+00
1.445202996176185417e+00
1.403689549986274265e+00
1.393544024077288945e+00
1.414147346442722553e+00
1.396536451981571503e+00
1.399291979435465239e+00
1.421772236745249884e+00
1.426045642228520371e+00
1.449380739839816634e+00
1.466600931175460865e+00
1.462011710023792155e+00
1.451204640396178247e+00
1.442200032704621382e+00
1.439590680123445932e+00
1.430364122544249605e+00
1.419658409674787736e+00
1.422695104108486763e+00
1.412873897884342922e+00
1.424991671145417360e+00
1.428925077025605006e+00
1.431924026766955294e+00
1.404451599131819384e+00
1.407739099635786140e+00
1.397432982887633068e+00
1.379416140090770293e+00
1.385163742472296677e+00
1.410922712479824037e+00
1.405971306847997315e+00
1.397320075145636498e+00
1.391118354922859179e+00
1.372426397870111447e+00
1.372529102020191738e+00
1.375626663548276785e+00
1.376112569604644786e+00
1.362074273433283578e+00
1.367295928485097400e+00
1.376117237810392524e+00
1.369077934406847552e+00
1.378075999585219202e+00
1.404949236867878648e+00
1.390854131108909542e+00
1.408908766043273086e+00
1.413722689313854808e+00
1.421770019537216934e+00
1.417580644155087555e+00
1.426087933166328092e+00
1.433799606737347743e+00
1.440523391982144519e+00
1.433766603379382554e+00
1.421674350957967459e+00
1.425260120329053359e+00
1.421609776348187415e+00
1.413781187881155033e+00
1.423152384614752908e+00
1.432788126226500758e+00
1.434576259105729168e+00
1.418342125676136600e+00
1.399270898150150932e+00
1.392907275804205591e+00
1.367175005211368699e+00
1.385991203458813548e+00
1.386152751883520828e+00
1.415734944373935988e+00
1.419355231569166875e+00
1.398500120254232204e+00
1.413309583060451624e+00
1.402968785488721615e+00
1.396244094007132119e+00
1.379274658386058894e+00
1.388846000102152978e+00
1.379474801804916329e+00
1.361400617172385363e+00
1.367147994412215795e+00
1.373840116814860846e+00
1.390045867743310959e+00
1.386659857754152902e+00
1.387451365602291764e+00
1.394658851518597809e+00
1.390325090287354737e+00
1.403844626297465092e+00
1.403623401628182998e+00
1.411357637260101328e+00
1.407533059733775849e+00
1.399738337776270658e+00
1.402068150059841978e+00
1.396179001816030052e+00
1.390778261952926531e+00
1.386591802035474608e+00
1.358958608912180788e+00
1.352943498389245880e+00
1.354513035271814658e+00
1.380023343074536557e+00
1.370817149697893145e+00
1.370142983195333786e+00
1.366587419232023315e+00
1.360299741104153526e+00
1.363555512162040406e+00
1.353328370824213422e+00
1.351918112661735671e+00
1.346122214506473069e+00
1.338430166120279541e+00
1.342001380793882870e+00
1.337903235541110902e+00
1.327268673208584548e+00
1.309671677266707635e+00
1.326502581543502535e+00
1.322201242979310631e+00
1.337888344697570009e+00
1.342208782932970745e+00
1.362119968173441498e+00
1.356929756062490888e+00
1.361746660507666906e+00
1.343871156716379245e+00
1.372678662985515219e+00
1.374294803630379036e+00
1.375289603186551357e+00
1.348425102300541578e+00
1.349958297652024575e+00
1.369438624341689392e+00
1.389649567627220250e+00
1.371063506587851366e+00
1.378852826126709896e+00
1.376380650690836482e+00
1.366391223294052493e+00
1.368357194448221126e+00
1.378540276263216846e+00
1.371489250964434969e+00
1.361173722720512513e+00
1.360014236535257437e+00
1.372946360085530726e+00
1.372808835155901797e+00
1.370912925068803467e+00
1.362385041896116755e+00
1.370437564327222635e+00
1.380120361755860170e+00
1.376918399000318427e+00
1.378972600679224447e+00
1.385540753811053127e+00
1.387047559769371663e+00
1.399863171257311967e+00
1.402432997684430083e+00
1.407245402161965586e+00
1.403265014971687208e+00
1.387986594314827515e+00
1.379112974435411365e+00
1.382437565906508015e+00
1.380745265882347139e+00
1.386274539703967745e+00
1.378076181149166857e+00
1.399046873653567502e+00
1.390636811101682024e+00
1.401298892623437320e+00
1.405590216532752734e+00
1.408172533855554853e+00
1.399346241225230214e+00
1.395846398641322539e+00
1.409585367746708728e+00
1.412061302267093366e+00
1.387102146230640765e+00
1.377066909401972961e+00
1.382676125971443293e+00
1.371582626201354405e+00
1.374081805947870327e+00
1.384421935234666501e+00
1.374787642840957336e+00
1.385226380610008912e+00
1.393660909649289570e+00
1.406736544067570982e+00
1.402243891211237825e+00
1.393960038831035808e+00
1.397379104500293456e+00
1.408856676999482582e+00
1.424017926413950974e+00
1.450905152850708646e+00
1.449975289359709540e+00
1.444169095100861666e+00
1.426898701319785134e+00
1.428710819305514024e+00
1.434194387039632090e+00
1.476490289482768503e+00
1.478611118972210425e+00
1.488584592814187868e+00
1.473527554484571178e+00
1.514835346585652331e+00
1.495903151772255413e+00
1.488644830121122142e+00
1.488518707644093331e+00
1.472631048504606577e+00
1.462667165590431972e+00
1.462218201317854405e+00
1.465917298853801398e+00
1.464825852806899587e+00
1.462844718539342059e+00
1.462687499613780640e+00
1.467964449344010269e+00
1.502316271185301089e+00
1.506127331812124659e+00
1.507200393532835081e+00
1.484404676557797176e+00
1.473597872267879527e+00
1.472819361482218481e+00
1.484694549216199366e+00
1.492451786663866020e+00
1.497844486942988551e+00
1.453804810188769725e+00
1.454352775533256370e+00
1.446761149896243825e+00
1.451119937794902004e+00
1.423104284224246951e+00
1.428269443522778515e+00
1.436484492749360076e+00
1.435361791449518254e+00
1.433614674994128313e+00
1.440143606505982943e+00
1.451433785327284065e+00
1.443027330065841829e+00
1.426781192905886453e+00
1.419144949902723774e+00
1.420033953866963961e+00
1.404119280136146841e+00
1.384343866703947379e+00
1.388207247962862878e+00
1.384657178556656376e+00
1.387870814401055863e+00
1.390087421007732971e+00
1.391252434410548799e+00
1.389256979760371546e+00
1.385090657097487465e+00
1.380347215049188447e+00
1.390825709731236426e+00
1.370104079307721268e+00
1.353780849471338810e+00
1.378250010664552327e+00
1.363608508264468444e+00
1.373196251885715036e+00
1.377719017768158638e+00
1.392320655537122809e+00
1.420864531651557572e+00
1.408674550264973346e+00
1.421625635969470336e+00
1.416341621907984960e+00
1.410120327284993369e+00
1.425698785420368653e+00
1.405882353503724147e+00
1.428231033194331090e+00
1.435117854799050185e+00
1.436619581004780377e+00
1.426807455182458995e+00
1.427709873435071275e+00
1.434789937930096126e+00
1.433242912429491644e+00
1.427462061815156558e+00
1.422386311025939598e+00
1.414315366635939153e+00
1.390844802479896947e+00
1.418074135198187147e+00
1.438641716681509308e+00
1.422483498161377202e+00
1.433272630640658685e+00
1.435596061522113276e+00
1.428219625209123489e+00
1.435706671559521030e+00
1.428609742665699178e+00
1.431518705082428733e+00
1.413396754783245113e+00
1.409718965083485598e+00
1.410439231117260439e+00
1.397541112002623098e+00
1.443081520804261997e+00
1.420305808459181973e+00
1.402213055983103196e+00
1.397565183392284638e+00
1.391818620957264274e+00
1.399747729332184720e+00
1.392960022371052764e+00
1.382701272470990395e+00
1.392454299486432623e+00
1.394925708970474298e+00
1.414551052713919788e+00
1.424756687537729549e+00
1.407555705352911080e+00
1.406721082868190642e+00
1.407578609291606053e+00
1.419540021537812002e+00
1.423459447545935008e+00
1.431317123371968592e+00
1.412168009496963750e+00
1.416004635250027288e+00
1.418522823480139028e+00
1.412102212365711873e+00
1.410865259105381186e+00
1.431266175133043994e+00
1.434025459665724034e+00
1.409992720335857097e+00
1.425068356886694643e+00
1.423909370161358767e+00
1.423638577981970910e+00
1.409215565648781476e+00
1.415880483385306920e+00
1.396409880505474987e+00
1.408845032144158349e+00
1.394271646499867456e+00
1.398249350842351912e+00
1.395075594470639002e+00
1.406213979223969179e+00
1.404017436713954847e+00
1.395377116070460000e+00
1.399453953994953759e+00
1.396677689756300023e+00
1.395643253930081373e+00
1.389479494928871128e+00
1.407167736147667547e+00
1.401904641911783989e+00
1.399868009400040858e+00
1.416116402134266705e+00
1.423318250870228896e+00
1.411999216209860242e+00
1.413363714498750312e+00
1.410091094354834151e+00
1.411795600450306276e+00
1.418682304473984246e+00
1.406935397745792793e+00
1.414709993453463710e+00
1.418760518434868168e+00
1.440578784531719725e+00
1.438976404365304163e+00
1.453815345892590871e+00
1.457465368473509937e+00
1.459940605796950175e+00
1.462037264827041660e+00
1.472955939748425314e+00
1.463088978836163179e+00
1.443680825417060998e+00
1.436200649406412566e+00
1.418480148776698258e+00
1.420613406351248553e+00
1.405767627298785127e+00
1.394688039450689310e+00
1.405440525058808232e+00
1.380217523589000628e+00
1.380640295973258658e+00
1.385843937831826800e+00
1.372906023647366247e+00
1.359825691999815289e+00
1.358950855637724331e+00
1.364626408470698493e+00
1.366391174398690067e+00
1.377654326633511284e+00
1.357065655540654836e+00
1.359580991777480374e+00
1.355883531558859767e+00
1.350069012597167495e+00
1.339900423384134953e+00
1.342116386310459930e+00
1.330174136557625175e+00
1.320996721106165062e+00
1.325723400124820373e+00
1.329946310042517066e+00
1.341754160224156278e+00
1.356106924984397777e+00
1.334899333008326749e+00
1.323930221998760759e+00
1.338881799533729877e+00
1.318404692958075941e+00
1.328118955329711248e+00
1.320943631505333560e+00
1.334279682911442055e+00
1.363087437319121520e+00
1.375152466762565640e+00
1.376261327277385593e+00
1.389200167436288158e+00
1.390979026125362061e+00
1.374126211252857388e+00
1.377687095553459695e+00
1.378276870627943573e+00
1.376788778713948336e+00
1.388274101673067085e+00
1.412377136524644472e+00
1.402075313186566641e+00
1.412976473904263841e+00
1.429993108257727297e+00
1.448429856802695426e+00
1.449737111458710315e+00
1.431863969633789591e+00
1.428191117009273592e+00
1.451393569162424457e+00
1.446562426937677781e+00
1.430118628997204544e+00
1.436350491455150813e+00
1.467364377446614965e+00
1.459503246421101741e+00
1.434786462771596272e+00
1.408920779854822225e+00
1.418077410611672695e+00
1.400704118347527727e+00
1.372008214705607854e+00
1.401824887370080930e+00
1.402961857363701492e+00
1.413438563753091293e+00
1.397632136306806272e+00
1.412542954637016734e+00
1.403514884279115416e+00
1.415401780213976224e+00
1.420856093736685422e+00
1.428703327240451015e+00
1.411347562687724322e+00
1.394052172168392723e+00
1.371686914241649458e+00
1.398355520184726863e+00
1.405084446736115877e+00
1.401325934245847282e+00
1.423610863028081042e+00
1.440428023190709839e+00
1.421881854390118383e+00
1.380396728473171741e+00
1.379739235784247287e+00
1.395910558917359046e+00
1.397658764141620935e+00
1.408190472383183955e+00
1.421751628645331333e+00
1.433439951906759990e+00
1.422489488789202117e+00
1.433765122032393924e+00
1.412638722616504694e+00
1.406061767579229960e+00
1.406492318144862752e+00
1.423533430354569917e+00
1.401549138141561235e+00
1.389298511568609618e+00
1.407785736493589512e+00
1.401740420541784049e+00
1.415157191261706027e+00
1.449532927304703955e+00
1.435603626326970694e+00
1.416424367835122933e+00
1.427397895335932754e+00
1.437800655421369811e+00
1.439093783502565227e+00
1.463424551716631328e+00
1.480150493404194911e+00
1.490215731351421047e+00
1.489569960398579473e+00
1.516184293041826336e+00
1.500748757209149131e+00
1.506087052895390244e+00
1.513890574377379172e+00
1.506204763595828666e+00
1.509421972024523662e+00
1.508305863255164025e+00
1.536076059912031777e+00
1.533099334205589193e+00
1.534092122045684459e+00
1.543924555583645386e+00
1.555028435644776108e+00
1.513934153154408824e+00
1.533828733348335804e+00
1.515236235392790842e+00
1.501782178108916899e+00
1.512898400504434582e+00
1.541111002148218390e+00
1.529957731563585721e+00
1.520931855651536546e+00
1.527228906279885390e+00
1.520217788214463628e+00
1.498158919315043525e+00
1.485380491142191284e+00
1.471960227868485793e+00
1.454298604504629555e+00
1.451479539504338279e+00
1.464452419710268405e+00
1.471264343456965662e+00
1.449216532722709561e+00
1.443440452445552635e+00
1.464220109541624737e+00
1.458371174998708719e+00
1.452738271062412601e+00
1.424115832325940856e+00
1.415535213131418724e+00
1.434926998066381465e+00
1.445407448056422073e+00
1.428549098389233274e+00
1.436029710450683616e+00
1.447746117908083496e+00
1.425050442027189446e+00
1.416824016372840944e+00
1.397242824435619868e+00
1.378388180158478304e+00
1.375606304871076713e+00
1.367510429065501576e+00
1.380565580531333270e+00
1.398584927557141366e+00
1.419310257549911913e+00
1.415107388990553217e+00
1.412419478095556569e+00
1.385732174256948612e+00
1.380511479363290661e+00
1.386703923356507495e+00
1.378536066189264053e+00
1.361888212695544720e+00
1.350234309483319350e+00
1.366920061805410702e+00
1.367533059227941328e+00
1.350596429693802447e+00
1.332216362462461223e+00
1.341267538833635031e+00
1.357443198954575880e+00
1.363325806666691564e+00
1.353487833270154983e+00
1.368049202634808337e+00
1.366807074329536409e+00
1.372101435652512302e+00
1.381524016200315508e+00
1.379873026307477657e+00
1.410490214540779830e+00
1.415436070741362462e+00
1.419757676624097131e+00
1.415444090326935411e+00
1.420753414339224863e+00
1.413012136988320844e+00
1.431992832560461171e+00
1.417836222147933256e+00
1.420427671764609157e+00
1.447356852520008674e+00
1.455848208613080175e+00
1.431430437676996625e+00
1.398766480202694451e+00
1.412115052250370262e+00
1.410430753096208356e+00
1.416617590991678277e+00
1.408477744504113005e+00
1.394560859301498645e+00
1.391073451781148274e+00
1.378706180473374232e+00
1.387584381685455615e+00
1.368613618735420534e+00
1.404052400841269144e+00
1.400603068762992232e+00
1.390057387775901709e+00
1.385075221296221626e+00
1.393342999062292087e+00
1.369299668176480633e+00
1.357518113124426717e+00
1.347927255366029531e+00
1.356092801730788500e+00
1.354289469636741350e+00
1.364119282543688083e+00
1.388192798872849076e+00
1.375523505429206983e+00
1.359068687966908717e+00
1.377800250804376958e+00
1.397593630300751677e+00
1.383057915738259425e+00
1.387261398935474732e+00
1.380965785088707154e+00
1.388515756053524175e+00
1.403523412076619570e+00
1.412566585000593511e+00
1.428272282636863233e+00
1.417722406497549104e+00
1.445108270690572461e+00
1.408391933718243116e+00
1.414095827498462299e+00
1.419047019106718821e+00
1.419789560949348939e+00
1.423480930649913656e+00
1.443333666839758944e+00
1.452178112506328223e+00
1.467754227180721349e+00
1.450722428627799987e+00
1.454529644305498026e+00
1.435036425504485624e+00
1.419178061459853923e+00
1.417830247546970401e+00
1.452453670093932336e+00
1.471141981120851483e+00
1.474804553052690759e+00
1.483994013125997435e+00
1.502228757007305626e+00
1.502031747100438519e+00
1.483355941365260611e+00
1.478933452491776990e+00
1.482742052394000698e+00
1.487893112853039712e+00
1.488440355831886164e+00
1.490828698174930134e+00
1.508699916792102913e+00
1.513953140598978786e+00
1.493713653082805903e+00
1.479622383458540691e+00
1.474199283977621011e+00
1.477065173068133452e+00
1.475298050037073594e+00
1.473715026074995604e+00
1.478013212675333143e+00
1.461123154115160361e+00
1.479664977085514810e+00
1.463537053068443949e+00
1.470800863878425124e+00
1.452092130253683111e+00
1.444831384143261621e+00
1.448504039230182228e+00
1.434671111574898905e+00
1.412365702625431485e+00
1.434383711303060416e+00
1.441554345737434684e+00
1.455045639662981838e+00
1.436745279537244624e+00
1.442189092096663350e+00
1.464511625039495613e+00
1.448350945485141539e+00
1.433207132896709313e+00
1.431840276143140134e+00
1.438013290769158514e+00
1.424188953479690101e+00
1.413439887207462942e+00
1.391763305588838096e+00
1.396987107409945139e+00
1.390071272700207805e+00
1.405952825888165725e+00
1.399907047047587616e+00
1.405796954334498139e+00
1.418389975084905386e+00
1.414700717858810908e+00
1.407739557681874087e+00
1.408006186111976366e+00
1.396044661739175519e+00
1.398132027040674075e+00
1.406051077443371655e+00
1.369514358895183692e+00
1.357487000167914459e+00
1.329224771825730400e+00
1.341135619837745097e+00
1.328205598715576308e+00
1.303899820043006086e+00
1.286967733590063112e+00
1.298426054186087475e+00
1.293816862357319186e+00
1.291201696373746488e+00
1.289947784241228135e+00
1.301739856079336066e+00
1.320109556934966122e+00
1.311055975717354105e+00
1.314664415683279186e+00
1.299779741403830347e+00
1.319412530947593476e+00
1.314527942125228055e+00
1.311280594217988815e+00
1.312104926896782375e+00
1.306709059044160126e+00
1.305350439403158092e+00
1.304429990398743522e+00
1.323897583208749174e+00
1.319783881389678726e+00
1.316869252826639691e+00
1.335470622231847093e+00
1.357553561627386829e+00
1.356370004394868989e+00
1.361737487127672841e+00
1.365781095249137378e+00
1.388924845961511334e+00
1.382899467538583060e+00
1.376065045627112626e+00
1.402922453627096999e+00
1.401757269680975693e+00
1.405359527802841679e+00
1.406462073010330771e+00
1.396179016470916023e+00
1.391677409039420832e+00
1.406321242356786794e+00
1.401790446821713498e+00
1.411450550338743115e+00
1.424205006294686049e+00
1.421478685529228736e+00
1.423505115239288354e+00
1.416518998150118724e+00
1.431603572887031994e+00
1.430374654849625227e+00
1.431049971022140044e+00
1.456224467347464024e+00
1.451898402103961150e+00
1.440455424792280503e+00
1.436345716254212368e+00
1.442859307358131948e+00
1.441517422546088723e+00
1.433019854346682553e+00
1.426966248431054352e+00
1.433829834890364419e+00
1.437919268702131381e+00
1.454493361286612441e+00
1.449186421904648858e+00
1.431073768858492912e+00
1.432917924191998260e+00
1.421392997949612269e+00
1.407775490236456761e+00
1.406919802206716419e+00
1.399758612734376628e+00
1.384039284915222767e+00
1.389654740365864116e+00
1.413201391639280491e+00
1.411865947381364172e+00
1.411982054172929546e+00
1.397864456903690655e+00
1.398055334582629206e+00
1.401110863808561424e+00
1.398533479629004539e+00
1.387534571197689859e+00
1.365726580254330802e+00
1.371714502785689183e+00
1.382185730485300468e+00
1.381551545405104608e+00
1.406222299440422319e+00
1.404128313582079679e+00
1.375011215306784162e+00
1.383916374607201627e+00
1.382231127703284823e+00
1.393227560262359610e+00
1.418740962869195377e+00
1.413252350602520968e+00
1.449030218441574647e+00
1.448234149800978754e+00
1.430386690830533603e+00
1.452325639942080526e+00
1.441546751146703942e+00
1.439219782201213826e+00
1.452461253816273778e+00
1.443009740365460036e+00
1.443736491919937803e+00
1.459098165170481298e+00
1.450306755278141901e+00
1.450438377214392949e+00
1.473101312499833115e+00
1.475580142511814685e+00
1.459320779792961487e+00
1.439629965644086962e+00
1.445933194028548918e+00
1.416521683032610834e+00
1.405035289021034473e+00
1.429653231435466187e+00
1.439223120255590738e+00
1.428481722081935912e+00
1.411709562531769047e+00
1.404792411672978858e+00
1.427833501767759472e+00
1.404823018622846531e+00
1.386474893556606913e+00
1.401195429842224893e+00
1.375669895510423180e+00
1.383530723113527650e+00
1.381341941043868315e+00
1.372829747212268803e+00
1.360636726958404097e+00
1.371475370132418270e+00
1.369790811502200389e+00
1.358618795834632520e+00
1.371696507169534396e+00
1.368123989268729579e+00
1.380298311165906178e+00
1.378815059842077861e+00
1.385188985117695948e+00
1.372458701932814940e+00
1.401944902977140917e+00
1.425753780334130250e+00
1.422915320728501465e+00
1.428354444829520675e+00
1.433187873237482091e+00
1.453618358961495494e+00
1.437837476758292654e+00
1.453986009395211054e+00
1.440075094427315516e+00
1.468313683358340116e+00
1.467851034350783790e+00
1.482870583493862027e+00
1.459042882050713974e+00
1.444763357970575424e+00
1.443152138024268671e+00
1.458928999581226682e+00
1.463613970334614933e+00
1.465910287837422388e+00
1.465977551869029449e+00
1.457164849096208137e+00
1.451790188281204985e+00
1.446031746091352987e+00
1.461431425810148399e+00
1.450613370056411666e+00
1.470199035698829704e+00
1.440333783877756346e+00
1.421240116383557961e+00
1.401646806431976922e+00
1.389530694961788493e+00
1.381494431560102321e+00
1.350845229715758489e+00
1.336871934639289217e+00
1.307894308150436613e+00
1.314801312024419744e+00
1.313892908378880398e+00
1.306070155741702266e+00
1.305720312743594791e+00
1.307824533066728190e+00
1.305522717258597254e+00
1.319494415924249875e+00
1.336163287894125640e+00
1.342441042587688482e+00
1.349951066218542550e+00
1.348056178795258520e+00
1.345522871701980483e+00
1.351919388185256699e+00
1.364104853610425216e+00
1.360663360980613579e+00
1.383677976912777607e+00
1.388604130061985353e+00
1.401788496352415203e+00
1.426917876649030026e+00
1.424511824366525126e+00
1.414645939950339937e+00
1.443963665762605819e+00
1.480028284983359477e+00
1.504306029127269628e+00
1.500011577232580606e+00
1.488405849032613748e+00
1.483544850601240750e+00
1.472964700510431824e+00
1.467803322422183365e+00
1.483043736778867139e+00
1.485656867340104492e+00
1.473861629867265544e+00
1.457250676232942910e+00
1.454550319386991974e+00
1.434500412158838722e+00
1.438084002634622216e+00
1.436861606065969577e+00
1.433534222970907601e+00
1.437350152332242281e+00
1.441482885969895156e+00
1.443530126012181336e+00
1.419593291150139658e+00
1.420627419503262656e+00
1.401740815208672997e+00
1.403450875916011586e+00
1.389924980163970147e+00
1.365471349518591282e+00
1.363311817051245489e+00
1.348196168194491174e+00
1.360994333538177559e+00
1.384923435537072534e+00
1.374877339515251595e+00
1.395038139611072703e+00
1.391317935153402408e+00
1.384037516941965418e+00
1.388324724198400695e+00
1.410492533941255067e+00
1.415734385601686185e+00
1.403345659281863167e+00
1.409521312933364356e+00
1.429974190042643922e+00
1.445794266444281329e+00
1.468062245360188367e+00
1.475917657843971886e+00
1.461416307591786312e+00
1.440688221792558288e+00
1.462120414698204085e+00
1.465674187523652972e+00
1.474736114976885171e+00
1.491835997687675608e+00
1.523297773984957360e+00
1.539733900841751657e+00
1.529789115237166319e+00
1.528131770420852131e+00
1.538999530071228694e+00
1.532262970605548391e+00
1.546163834262988424e+00
1.531990593815296897e+00
1.531920201929430903e+00
1.552832297661034922e+00
1.542078545707353809e+00
1.503014557797356376e+00
1.481213768633592665e+00
1.480108737610075886e+00
1.484284966131173888e+00
1.464181049574545757e+00
1.438198511456707962e+00
1.434506999575813735e+00
1.417096579144927704e+00
1.426825772150144500e+00
1.441356519331093988e+00
1.437583587710102417e+00
1.443117457499250689e+00
1.449833568781960791e+00
1.449563732869150190e+00
1.419351938429923798e+00
1.392658881992261177e+00
1.398753345653491298e+00
1.412924000330244345e+00
1.403358304377899879e+00
1.400771592154842038e+00
1.381562374705242124e+00
1.391627624679589559e+00
1.399129558431706499e+00
1.395051491945842770e+00
1.408080337622253042e+00
1.439352219490520390e+00
1.468354458243856797e+00
1.472311342375548282e+00
1.473177629170582481e+00
1.477016163861592180e+00
1.492591992487332320e+00
1.463774506780388673e+00
1.456068144545041632e+00
1.458967372132037976e+00
1.438863525283688105e+00
1.420370543874280855e+00
1.409360001735416423e+00
1.392902239507461948e+00
1.387449447299749616e+00
1.396083044635537673e+00
1.424293193044467332e+00
1.406999886487900531e+00
1.411143068205301443e+00
1.402947346822650543e+00
1.407738557478148689e+00
1.411728713031715543e+00
1.400752700093290448e+00
1.402397513429162856e+00
1.400425752177264949e+00
1.393609594034718402e+00
1.396055664519334272e+00
1.393336562796015476e+00
1.391670555915865082e+00
1.380707763246198150e+00
1.392528774777490375e+00
1.383716381491797209e+00
1.393791674279895254e+00
1.406991263712038753e+00
1.415400436760811731e+00
1.428823142165233095e+00
1.430555301115478128e+00
1.433415671209968600e+00
1.444333319651909253e+00
1.447428019911271235e+00
1.444853548687570433e+00
1.457282037988200996e+00
1.457742485074913663e+00
1.458522219477452309e+00
1.468338574529585161e+00
1.450695570332756867e+00
1.438571143836781419e+00
1.458557925509714748e+00
1.452487802583427579e+00
1.462727838925898860e+00
1.471631729817757472e+00
1.460001577677996654e+00
1.454709918728020357e+00
1.443195153863824354e+00
1.440151215309978028e+00
1.419436975420922620e+00
1.445890628873832684e+00
1.459089359234486460e+00
1.439678316490047294e+00
1.403949713636562180e+00
1.405945608243242662e+00
1.403133471956785616e+00
1.383938874132309094e+00
1.388945120002566203e+00
1.384328646901292981e+00
1.390274945692844710e+00
1.377087395983994877e+00
1.382455021597424727e+00
1.391246987296258952e+00
1.374338359311209956e+00
1.386768402348496076e+00
1.409187023755294366e+00
1.418138671956113095e+00
1.415215280245453178e+00
1.401295870841085867e+00
1.404043423232179011e+00
1.418683275661232646e+00
1.418863136934213287e+00
1.426090129299212084e+00
1.431001543074539084e+00
1.434113999068713952e+00
1.425736429214048195e+00
1.410660435381964506e+00
1.431986336560828743e+00
1.455923532746361770e+00
1.449808308928242306e+00
1.464006607577909014e+00
1.458355642924447082e+00
1.457729940170531924e+00
1.451822144260349390e+00
1.464278609452549951e+00
1.464578659254031301e+00
1.460319978737515845e+00
1.453501770889939149e+00
1.478523811739891780e+00
1.461327149704540140e+00
1.448035465172312630e+00
1.455612653261811662e+00
1.475139582601754151e+00
1.480376299990011857e+00
1.462620547899858403e+00
1.443412645583874276e+00
1.432583893099140804e+00
1.408169119856802487e+00
1.417203492461449610e+00
1.436347976108504954e+00
1.438532433465121718e+00
1.442649823560195665e+00
1.439319148096331435e+00
1.425532589326332422e+00
1.439064427790593514e+00
1.429380431679994290e+00
1.469673742261150551e+00
1.444910843424572100e+00
1.459716809929574088e+00
1.469776119256224645e+00
1.451455492065617525e+00
1.447139429158928792e+00
1.438774215863339645e+00
1.438735317430479332e+00
1.459860608771777368e+00
1.471013008087849183e+00
1.462022105829100749e+00
1.462551969232188886e+00
1.447377854385103468e+00
1.462354703248189391e+00
1.442220108603190942e+00
1.449320943483061175e+00
1.469093628928913819e+00
1.453663832115214660e+00
1.444648608423277247e+00
1.435889880679136699e+00
1.433189274980696037e+00
1.434362216865370021e+00
1.433010136044154503e+00
1.424143778465364996e+00
1.432641481157758800e+00
1.414089137347040115e+00
1.427614012561750689e+00
1.407202328929048285e+00
1.385391358983868226e+00
1.386814931473772328e+00
1.426748822454058763e+00
1.419109975888936503e+00
1.415439800075071419e+00
1.408626475545603274e+00
1.419995629304922735e+00
1.405015433420828685e+00
1.392317056515466556e+00
1.396691668178683843e+00
1.398729895125335077e+00
1.435378878822964888e+00
1.438591191224052768e+00
1.448953490077478090e+00
1.445440447129789474e+00
1.453785837873063924e+00
1.445173435275203477e+00
1.453703323920053192e+00
1.463222081296100763e+00
1.469077993868202148e+00
1.460519711376643270e+00
1.461025943116220027e+00
1.461948374706050213e+00
1.449529511688957495e+00
1.488258986636808556e+00
1.502306815573902110e+00
1.504869946912569700e+00
1.463169872369223468e+00
1.459286785541418885e+00
1.449625358603773950e+00
1.434996993582672742e+00
1.419843985913747719e+00
1.427283510831242275e+00
1.428939208607196587e+00
1.428777184779711940e+00
1.414592237564854749e+00
1.418015800952477701e+00
1.418695574038489227e+00
1.421470870129154740e+00
1.439734307333312424e+00
1.438343881133636870e+00
1.437378739589211030e+00
1.412732545738922374e+00
1.406599435597724268e+00
1.433864538115545262e+00
1.432140245029200232e+00
1.423443084734005160e+00
1.423473020609422601e+00
1.442266135622195522e+00
1.429776123211372596e+00
1.425337334958091118e+00
1.431538974440575540e+00
1.431922325745324631e+00
1.442890846365059154e+00
1.457596796146129137e+00
1.479172637587808037e+00
1.482535061300355173e+00
1.496898327782224980e+00
1.505289910365853912e+00
1.516000167875642290e+00
1.534724689290719590e+00
1.523915304114703551e+00
1.507169367137586979e+00
1.484881909873982275e+00
1.467504477938373686e+00
1.468891671995594450e+00
1.499259524629256379e+00
1.511376058667452282e+00
1.503616190287508259e+00
1.490750758388335262e+00
1.501027083271745832e+00
1.523302800187452011e+00
1.506643828926829576e+00
1.516308744923188456e+00
1.497826556456586911e+00
1.479917941319928820e+00
1.498329180591365217e+00
1.514671645211037587e+00
1.516359796759841005e+00
1.510471895480109961e+00
1.511867765083504400e+00
1.507455277670744165e+00
1.484572390692598054e+00
1.474818328263562295e+00
1.461437921582662280e+00
1.458064229314450566e+00
1.440638310179634951e+00
1.444777591076725543e+00
1.456465302831868813e+00
1.468767251121090744e+00
1.470743466593927185e+00
1.423006230381600012e+00
1.431157513578646734e+00
1.435289493797493154e+00
1.432099975999388208e+00
1.416422077814832647e+00
1.393080766941421134e+00
1.402238664511509469e+00
1.388747535317409687e+00
1.396770556349992365e+00
1.406277053797975407e+00
1.386042672867439540e+00
1.388901958541139736e+00
1.384995958960502316e+00
1.377933844270518016e+00
1.375140693161633676e+00
1.358036450044261878e+00
1.362629836359255719e+00
1.351935042970097589e+00
1.349043608739796563e+00
1.341129068988257123e+00
1.352647174227272764e+00
1.364643898342943418e+00
1.350532045521283253e+00
1.334522864259412245e+00
1.326714219559221863e+00
1.354693125619618188e+00
1.336912516572500875e+00
1.336245525774711895e+00
1.328048318784599058e+00
1.347041750953352324e+00
1.352402448429891546e+00
1.359996376412293984e+00
1.346421973808371142e+00
1.329816747649366748e+00
1.326453686233925344e+00
1.335290871661986678e+00
1.331262833111243715e+00
1.321913044788537661e+00
1.339366173817740258e+00
1.335890267955545774e+00
1.353040594718702749e+00
1.349596430224194288e+00
1.341727036538944873e+00
1.364309985282061710e+00
1.386231769102221900e+00
1.375728287653936732e+00
1.357977250701920546e+00
1.383879958688303047e+00
1.393999041142946149e+00
1.372565256155011459e+00
1.356413991725696322e+00
1.384364940526510379e+00
1.390275172998474806e+00
1.394127254049643660e+00
1.391790516469048500e+00
1.400369535628001039e+00
1.400100194995031355e+00
1.407981706801993305e+00
1.433105418794904384e+00
1.435924876127032457e+00
1.417777612838052148e+00
1.409476988263943076e+00
1.409786645613015477e+00
1.378340742220842685e+00
1.363172866697507368e+00
1.371325671676339786e+00
1.340122543990650339e+00
1.355570720782541150e+00
1.330887295819340288e+00
1.320360905699543341e+00
1.336865102897987656e+00
1.333632580167064985e+00
1.329861872460750494e+00
1.323454777580978625e+00
1.344116649583772416e+00
1.351397507643432583e+00
1.346968298858001178e+00
1.332199888676387944e+00
1.333727891370685148e+00
1.334418756975027431e+00
1.330251789453578581e+00
1.330991470168108703e+00
1.327861983154859482e+00
1.318394058160513582e+00
1.317728710042149087e+00
1.328872662118008030e+00
1.331863929707181260e+00
1.347972306866888070e+00
1.365495788360906904e+00
1.381325351183335437e+00
1.376333101800884418e+00
1.407961319028266267e+00
1.425788240754836123e+00
1.427441671366000975e+00
1.414893518834800856e+00
