9.781299968031340660e-04
9.439367838588995927e-04
9.596530398648813430e-04
9.467238229946611447e-04
9.783021263014119416e-04
9.908017686852839661e-04
9.794036110865099540e-04
9.563528210955685388e-04
9.941310167250493914e-04
9.574737730668345321e-04
9.253430261830098823e-04
9.855291901441334736e-04
9.888521302098211407e-04
9.900193494688108459e-04
9.909142644952081448e-04
9.631627954148359308e-04
9.994757690092918954e-04
9.605109238808236553e-04
9.318963003629023934e-04
9.774734759677673399e-04
9.193067639012452623e-04
9.201427680340720913e-04
9.947969422256304657e-04
9.539073287659246810e-04
8.514683729355433141e-04
8.207760878345159768e-04
8.621852279500275733e-04
9.700704012234191405e-04
9.879823580154377047e-04
9.940711370184278708e-04
9.910009880762093038e-04
9.495531697832637359e-04
9.820991124667309731e-04
9.770935185080260703e-04
9.703851110424453535e-04
9.419287402432161959e-04
9.396996576276317155e-04
9.950561259402025162e-04
9.410917429456892554e-04
9.899881782399696812e-04
9.793796521625876619e-04
9.425314535083684784e-04
9.702085120165704910e-04
9.860870137114940374e-04
9.454414338930804173e-04
9.185704289164786781e-04
9.515091130083750239e-04
9.239179501029130218e-04
9.187912738146677364e-04
9.974479503327576303e-04
9.461525813206451757e-04
9.759298566723486733e-04
9.148878911288789917e-04
9.500194208303018931e-04
9.823430215635598536e-04
9.656111895868369063e-04
9.979033447958451583e-04
9.446541936897112548e-04
8.621733474770954236e-04
9.921223904004387688e-04
9.752676316097978141e-04
9.723949739769788356e-04
9.676286074295092519e-04
9.574772119791645627e-04
8.925407552830928390e-04
9.467193460698882955e-04
9.129547943172728729e-04
9.515319104621556808e-04
9.562653201708969358e-04
9.937743924733539493e-04
9.858298195520641492e-04
9.949525960539576126e-04
9.476449403349624387e-04
9.302714471799117908e-04
9.990533365449307760e-04
9.377630010474567041e-04
9.901505670378595633e-04
9.436699049838199321e-04
9.368768474497024329e-04
9.822035617135255886e-04
9.846083732955486501e-04
9.713516564901803233e-04
9.276159595387617213e-04
9.251743866573396797e-04
9.304033789575000398e-04
9.546912362702596752e-04
9.268602887906778401e-04
9.913660902627660469e-04
9.879707729909020970e-04
9.979653272898889472e-04
9.485350431909781626e-04
9.880687084180014932e-04
9.422875263735160491e-04
9.809072379164567642e-04
9.523514357049747475e-04
9.425424633491757487e-04
9.546921816652826839e-04
9.667662360244044274e-04
8.915545156300960436e-04
9.793639229011910381e-04
9.345174661631442704e-04
9.328664210579436884e-04
9.664179226291503937e-04
9.098498398592923643e-04
9.562819080360592276e-04
9.241689079747076327e-04
9.794480669779186046e-04
8.208923735391743508e-04
9.967153051689229149e-04
9.455232427538039089e-04
9.544494895096933143e-04
9.612952326840325549e-04
8.981157052416065441e-04
9.678650783318578634e-04
9.346654140735453052e-04
9.939919218424748092e-04
8.773334686898138449e-04
9.186531431985780647e-04
9.862798023426613391e-04
9.908408970987297136e-04
9.105789195577414707e-04
9.577794417281661633e-04
9.067949374319622885e-04
8.944007065790387156e-04
9.559933643200533258e-04
9.505643296488524739e-04
9.631753318713543247e-04
9.557837945725774186e-04
9.798729838157889394e-04
9.210209319776997000e-04
9.565355865466942465e-04
9.303674732897075335e-04
9.787653810837324258e-04
9.255025055795885330e-04
9.246902327616697862e-04
9.796750217595468022e-04
9.871607851591067320e-04
9.563653726060719010e-04
9.613517662628338293e-04
9.452514600517739453e-04
9.829462746167927974e-04
9.650605226712332318e-04
9.738259798975993633e-04
9.451207597994963541e-04
9.808509658658125848e-04
9.916309073564502467e-04
9.742380209352819289e-04
9.150739847467112293e-04
9.922094415539990664e-04
9.940289075976997853e-04
9.976336623142973131e-04
9.940249345685649336e-04
9.433686399165944160e-04
9.669450577626016469e-04
9.324942130547380975e-04
9.759643246622531996e-04
9.288351445811039589e-04
9.864571171784330180e-04
9.643247130822641539e-04
9.433451642482784455e-04
9.603819095390736743e-04
9.599428704240234181e-04
9.933301178549520938e-04
9.938194179573249520e-04
9.828967050471517676e-04
9.325626145179197928e-04
9.787687949529867704e-04
9.777024787222259213e-04
9.006254589241821347e-04
9.595065060890045237e-04
9.354192244614829800e-04
9.833986276520216303e-04
9.516267505356446055e-04
9.759767471368737801e-04
9.947681643512672287e-04
9.038891533297672368e-04
9.916220782010059468e-04
9.292122620616679457e-04
9.853650936998297784e-04
9.520800706228253014e-04
9.382840905495320148e-04
9.363547350423787703e-04
9.756247439335879318e-04
9.078360783057658158e-04
9.505422877748711738e-04
9.163240248601954357e-04
9.906887998825750913e-04
9.980924613163498233e-04
9.598856929279998666e-04
9.730799887144789533e-04
9.918668096529010322e-04
9.175110627043363840e-04
9.583505449969015148e-04
9.969646024625964439e-04
9.539618206837216334e-04
9.634003015413286890e-04
9.542798594583184676e-04
9.135860314257175825e-04
9.236577892575596272e-04
9.967921402964385631e-04
9.843771261728499842e-04
9.843450394094504976e-04
9.263830233879275780e-04
9.384834381128368550e-04
8.963917040718427827e-04
9.196876618194502412e-04
9.735416492010315510e-04
9.613327148375972820e-04
9.120838678272055527e-04
9.801494817842405782e-04
8.488702616020164663e-04
9.534463956738236127e-04
9.672906958190336749e-04
9.314607985803864459e-04
9.823128549103169599e-04
9.814951284676542466e-04
9.405963392610532017e-04
9.831224276439160577e-04
9.631036484727055307e-04
8.911982858057159547e-04
9.541993981878223174e-04
9.611998566261229383e-04
9.779179693714598609e-04
9.752714807403269895e-04
9.965504987222823484e-04
9.604027291131345167e-04
9.817428181946349485e-04
9.152204363324560697e-04
9.453928391336846072e-04
9.889593564574223651e-04
9.664628859102500705e-04
9.681600347011652544e-04
9.321910360174361782e-04
9.578114766283679941e-04
9.171663435619751680e-04
9.620683512270583474e-04
9.994058020679954385e-04
9.807892160078742708e-04
9.317568370484266126e-04
9.530257354241856646e-04
9.346546746346947199e-04
9.591592059127095277e-04
9.385279053914569918e-04
9.216865014552425754e-04
9.311315984129454708e-04
8.997478988470249172e-04
9.479702790929799743e-04
9.288845101747901555e-04
9.507373699047084277e-04
9.730444467046378554e-04
9.284710882160445442e-04
9.971685490933221256e-04
9.509101055501572794e-04
9.603674042265395588e-04
9.502325030058605612e-04
9.741314210330144843e-04
9.337426862342957257e-04
9.737014747993531479e-04
9.658369145770781062e-04
9.658252281737599596e-04
9.097550572266763528e-04
9.191227890173057826e-04
9.984456083652231469e-04
9.895463472640443452e-04
9.837691654608704886e-04
8.051858667371061687e-04
9.606097141951665122e-04
9.576690960405449511e-04
9.752185965015897941e-04
9.977322894078692866e-04
9.730237568828980967e-04
9.870012068868303044e-04
9.879929155250293058e-04
9.392441723689504878e-04
9.796420027996502380e-04
9.691937534210080113e-04
9.795649393567712297e-04
9.114156356185691178e-04
9.656476787563847896e-04
9.852545264813460102e-04
9.669015340871250485e-04
9.616731652428549010e-04
8.477401342469282827e-04
9.554749649260188549e-04
9.763428342806233697e-04
9.562735950623094290e-04
9.710700585026410840e-04
9.628550854249881379e-04
8.184768939416627205e-04
9.739650579562696966e-04
9.761538129436745119e-04
9.504104321536893012e-04
9.436735050725962842e-04
9.208785336337796086e-04
9.653938913657933961e-04
9.632425034257493341e-04
9.244667479008373797e-04
9.961070844378520917e-04
9.503489604785640352e-04
9.461099888469747801e-04
9.528080343551488009e-04
9.933398432819295128e-04
9.808438784016499344e-04
9.596213296404134015e-04
9.801204119343099198e-04
9.664798623394605954e-04
9.156199488600503221e-04
9.812872211054902115e-04
9.501990317316871435e-04
9.522873887688481807e-04
9.530193223852615435e-04
9.550842044149371584e-04
9.356908277496812790e-04
9.415480855424654232e-04
9.964200329102253575e-04
9.964841267861743960e-04
9.655781372714029344e-04
9.679444490459616435e-04
9.889636075880382966e-04
9.414384334764234379e-04
9.967470359198815199e-04
9.473397493125378576e-04
9.862429587660598383e-04
9.593925933639262365e-04
9.907552481722887733e-04
9.464703960433525553e-04
9.428337977459938469e-04
9.017835574467335984e-04
9.602918305644161240e-04
9.273488355614793125e-04
9.528186755804665935e-04
8.627790781422758947e-04
9.551227189793598613e-04
9.329884370943128304e-04
9.389365615414288317e-04
9.619551278523543695e-04
9.924960830858674428e-04
9.437149477005840354e-04
9.957326064068804800e-04
9.380825791469038499e-04
9.891765869259536159e-04
9.546722956948727181e-04
9.675540152543418704e-04
8.800181642139735718e-04
9.156286919790379087e-04
9.850380738608177818e-04
9.928657679865960858e-04
9.715100622273930252e-04
9.558586069136378038e-04
9.249312347950303537e-04
9.554397732297880167e-04
9.559014155087055620e-04
9.567670031852406687e-04
9.733310433550148048e-04
9.425445088504935546e-04
9.937356506692740336e-04
9.415875301847294754e-04
9.769653337533892867e-04
9.740167652516834931e-04
9.822905208235596566e-04
9.968317517259721577e-04
9.734433503394263575e-04
9.916928020486412247e-04
9.759379938974256955e-04
9.742428012933146333e-04
9.315143172736842529e-04
9.565208963156055953e-04
8.883860522286668275e-04
9.545224351798198802e-04
9.017558087576064193e-04
9.511044425610046954e-04
9.748667219832574810e-04
9.205386076007958905e-04
9.200669047996358051e-04
9.785925519321236193e-04
8.605207552016698978e-04
9.710835538156547663e-04
9.235658638355010667e-04
9.874257500527047326e-04
8.332330505651626895e-04
9.126592572203492048e-04
9.074916135418777466e-04
9.132432571213631523e-04
9.798466374567960449e-04
9.927769555582032120e-04
9.041573364886354002e-04
9.195236313523084308e-04
9.797719982790470405e-04
9.763857098448254675e-04
9.899423272026672532e-04
9.080805241184925500e-04
9.769015193637770999e-04
9.509570838099977831e-04
9.446505607776286553e-04
9.684581454100447398e-04
9.778715287936095429e-04
9.775424671806930838e-04
9.520892069408218306e-04
9.361444283683337253e-04
9.929211287740434197e-04
9.250504838607195726e-04
8.528698145308480664e-04
9.703546286480166589e-04
9.346354170506380142e-04
9.551281554303552935e-04
9.853237231322918652e-04
9.113453344527739980e-04
8.858694491969193105e-04
9.849289243076674461e-04
9.242346840359395594e-04
9.974426214653647066e-04
9.656716119105777409e-04
9.831616998544432523e-04
9.519550324083961594e-04
8.968468574561800320e-04
9.567213575191774611e-04
9.507476960721929909e-04
9.922696431344062411e-04
8.774156587895671567e-04
9.724509157621792242e-04
9.467024531285750302e-04
9.346871692932337463e-04
9.614162824075573937e-04
9.590889074219554776e-04
9.789415167132265588e-04
9.917894143313382010e-04
9.422348684128854573e-04
9.226371741622726259e-04
9.419708634530539384e-04
9.646485079961253329e-04
9.756313364224087270e-04
8.844118505478693179e-04
9.765861012510420464e-04
9.277537803506208380e-04
9.763450950010658155e-04
9.706954862712301397e-04
9.619970558806272996e-04
8.844749500346084934e-04
9.856443527214658971e-04
9.584828255088180711e-04
8.574631741875847523e-04
9.134446487938382249e-04
9.800430646323950255e-04
9.530866882075584483e-04
9.686529564886609206e-04
9.573361292766493190e-04
9.666237459060539414e-04
9.206077106315705598e-04
9.011388775530711215e-04
9.604627220117613936e-04
9.043521554804918481e-04
9.790526515887755608e-04
9.162651357002005170e-04
9.753426137493736168e-04
9.706512156849455989e-04
9.476036563691646276e-04
9.997578540318966239e-04
8.289739072913607405e-04
9.877707812454296875e-04
9.645631821438661662e-04
9.726950879111442762e-04
9.943037273267231382e-04
9.193605033051464002e-04
9.440441667434228915e-04
9.930826361635813979e-04
8.567016360008964477e-04
9.977972333668188448e-04
9.476927930167237729e-04
9.402731083430536461e-04
9.579902340559162850e-04
9.752580458001720376e-04
9.827682145000609087e-04
9.327365232879254514e-04
9.524545222894606348e-04
9.538277009303960550e-04
9.396199683048152805e-04
9.763166596483342959e-04
9.925022298051973651e-04
9.753071361095985454e-04
9.559522373826516602e-04
9.813892594710842045e-04
9.638685011017376816e-04
9.922551870273747538e-04
9.188450064531408128e-04
9.988371776910574297e-04
9.379629682611235987e-04
9.601337654451235762e-04
9.687961640421058123e-04
9.617667756461770277e-04
9.726917612304260535e-04
9.756630850390569454e-04
9.802496584946369506e-04
9.478730952977356414e-04
9.462111856210520281e-04
9.790018312712063433e-04
9.424787192618313669e-04
9.536799284972944865e-04
9.750989224406460916e-04
9.826904384482640625e-04
9.557536279599989368e-04
9.517313066161706440e-04
9.264973233149091094e-04
9.574191774110365344e-04
8.234961798158510699e-04
9.560029050148799445e-04
9.561620331499586737e-04
9.852591080570308191e-04
9.435201828015914562e-04
9.287164955290352344e-04
9.422251189354986962e-04
9.797986629737768290e-04
9.298135280503368920e-04
9.391666242431359829e-04
9.085281845009483999e-04
9.026326595244706270e-04
9.002042282673460407e-04
9.916805184329087908e-04
9.575225030777476847e-04
9.956807882481150899e-04
9.308911570141756298e-04
9.775149173402125462e-04
9.943187932041068922e-04
9.442225519392737857e-04
9.706055351398573759e-04
9.303595163391966197e-04
9.363922682033199883e-04
9.480381501791170862e-04
9.869031783600146039e-04
9.451385655614084587e-04
9.576043932998137527e-04
9.389942526390161141e-04
9.629628064740490415e-04
9.609726200856371758e-04
9.705786498517995865e-04
9.658028472580843090e-04
9.669106020190026528e-04
9.644242650637682105e-04
9.850882530529679691e-04
9.927496038439969587e-04
9.868671065974196892e-04
9.386904002792197631e-04
9.871382396495088224e-04
9.272212315644912063e-04
9.574131279398580925e-04
9.811420876797516486e-04
9.877269406264941980e-04
9.349909396407685321e-04
9.928975662644224688e-04
9.991375991493880743e-04
9.397678437334078911e-04
9.380316284290147501e-04
9.374300543300214403e-04
9.880235026595773559e-04
9.896600869050843196e-04
9.237563473336831603e-04
9.724793947260090918e-04
9.111486296008457133e-04
9.934652993042658500e-04
8.188164401546257345e-04
9.324676369035944006e-04
9.636071618497369599e-04
9.454930817293083749e-04
9.285889382572544903e-04
9.662169327920468306e-04
9.148483423196942989e-04
9.931999160881479962e-04
9.724367536824712758e-04
9.540617663724191644e-04
9.842244014989140997e-04
9.657835705992936235e-04
9.804713528795531725e-04
9.932977641056172941e-04
9.670262318131858962e-04
9.470280954522850058e-04
9.550553430599274807e-04
8.309316974694059372e-04
9.067642556113481760e-04
9.031928702507328400e-04
9.979242528092603648e-04
9.322774957796529189e-04
9.459131905429281643e-04
9.947921628006616088e-04
9.869901453455961083e-04
9.965686212116541421e-04
8.944659535025591308e-04
9.990973364393856884e-04
9.991006341772356268e-04
9.222991392706763854e-04
9.679221982622556461e-04
9.037470266228726269e-04
9.639685823537681242e-04
9.766777873541276564e-04
9.838207301616998159e-04
9.105402608604817004e-04
9.695784877176041698e-04
9.719992634201428785e-04
9.879585261777226388e-04
9.585293532272234690e-04
9.584704855832595861e-04
9.537998002940080043e-04
9.638993471278076673e-04
9.876322083221720192e-04
9.421209981098770418e-04
9.470804920491651853e-04
9.467439021908609711e-04
9.862221891194207848e-04
9.454908274826938049e-04
9.359397847239855515e-04
9.385509581032847699e-04
9.658115268777670145e-04
9.631280853676883399e-04
9.873450608621698373e-04
9.599379463020812995e-04
9.650320884377139655e-04
9.984716333729000415e-04
9.545933907343652188e-04
9.131737542540982857e-04
8.456741993555972779e-04
9.573916811991099599e-04
9.716238233360317486e-04
9.011286723266148007e-04
9.660476096307463179e-04
9.413652467515708873e-04
9.825814313791595561e-04
9.631516601159978690e-04
9.139812120611186816e-04
9.262945071632636748e-04
9.452018285828688807e-04
9.793762528072802193e-04
9.626110054636230874e-04
9.945114784776761061e-04
9.879399475042328037e-04
9.913676323459871473e-04
9.130816636833578859e-04
9.879757850352508756e-04
9.792923838102076707e-04
9.806063333114881878e-04
9.807113030826384095e-04
9.580710384212782127e-04
9.348868929734191740e-04
9.636209445122559435e-04
8.661648362109868439e-04
9.597028051317918517e-04
9.782894984325283486e-04
9.428843052059814262e-04
9.551144240108160044e-04
9.835223519885456442e-04
9.723954927836101717e-04
9.649465612080778939e-04
9.898860947246421269e-04
9.467851006124413478e-04
9.955956774688836698e-04
9.867756766479629862e-04
9.352473506741021143e-04
9.572421568312907596e-04
9.652157024176783373e-04
9.589589684458887930e-04
9.691103303663399938e-04
9.990635126427805605e-04
9.554393735980456050e-04
9.126408128533514044e-04
9.730212390442882905e-04
9.340116395857036256e-04
9.060302907855431569e-04
9.710472598991815507e-04
9.889937436847314953e-04
9.638747554409227971e-04
9.731243098678310629e-04
9.473263723779492933e-04
9.904091240929087294e-04
8.614644829434059056e-04
9.678228537680700402e-04
9.072743133766133020e-04
9.684541382570822097e-04
9.845450385176665684e-04
9.612670772335042300e-04
9.619197901649005145e-04
9.984708877591591536e-04
9.206763833890000640e-04
9.286310131066673017e-04
8.810521870511509425e-04
8.977541556289961918e-04
9.328082340265751683e-04
9.918096323076617052e-04
8.639901937769667219e-04
9.831381934558320202e-04
9.491349548635245360e-04
9.747264683807951727e-04
9.389031933200081602e-04
9.555571380465083600e-04
9.234572390618223450e-04
9.675748407397958325e-04
9.310970377180016614e-04
9.171750810936483977e-04
9.597864565071102328e-04
9.463678138182640134e-04
9.185977656267587700e-04
9.615514312448597513e-04
9.705021118972472589e-04
9.668709699316849811e-04
9.533433964525447803e-04
9.126863144545076896e-04
9.845269368200714952e-04
9.515909791801434228e-04
9.785460951794013127e-04
9.621722630988881241e-04
9.921687263766331907e-04
9.501668486703055902e-04
9.314364258702339389e-04
9.005681095327333890e-04
9.216601425813867286e-04
9.739363804522903388e-04
9.830207433105073601e-04
9.608170061014889834e-04
9.496432285467781972e-04
9.953860249188851116e-04
9.559680703146582496e-04
9.954876825989961847e-04
9.645529167620982324e-04
9.881108823496234303e-04
9.590444621310370392e-04
9.697791331372677438e-04
9.731384049101130538e-04
9.544014572655242857e-04
9.580991024011188510e-04
9.803553565419719732e-04
9.518984116734143918e-04
9.911010288400660603e-04
9.528994134126185902e-04
9.762593515956092269e-04
9.634999586285839966e-04
9.922816495074409087e-04
9.594850650914341344e-04
8.550828735247219129e-04
9.560213985764563858e-04
9.878435985331561649e-04
9.141148532094254707e-04
9.262603241463280906e-04
9.386267119976949820e-04
9.741723300844466835e-04
9.922183724861025154e-04
9.792896206879831561e-04
9.433272381698228288e-04
9.480438262838777755e-04
9.101714460364907118e-04
9.825373369208184084e-04
9.524612006332101736e-04
9.391091896251047184e-04
8.611672779030582351e-04
9.341323819661476830e-04
9.655662073501339749e-04
9.742247962399432169e-04
9.929975122645795169e-04
9.350973116414580504e-04
9.805824005790933582e-04
9.477714658286479294e-04
9.552611993030475906e-04
9.097880964337896892e-04
9.749127681638760203e-04
9.488247878838240680e-04
9.436989158862494134e-04
9.662311795569521102e-04
9.052230195834143475e-04
9.875334998905270500e-04
9.606683059024967181e-04
9.648446014760920977e-04
9.652635555528928102e-04
9.559783310465633319e-04
9.929144554614013560e-04
9.119437498895612742e-04
9.616555850755227055e-04
9.977260177469972260e-04
9.577205398009033159e-04
9.942482521574074611e-04
9.599978888690296813e-04
9.508796670299195404e-04
9.540043363450047406e-04
9.889087180383348847e-04
9.651245835214199154e-04
9.464859715372428558e-04
9.562758451411480657e-04
9.309844503026028662e-04
9.527322187601408327e-04
9.736086232686347753e-04
9.856612007036406452e-04
9.361351356094543786e-04
9.980186454435744942e-04
9.283953149952352355e-04
9.931843030147424582e-04
9.866247670860120791e-04
9.806968125371164514e-04
9.713699747969513050e-04
9.615515095559983580e-04
9.042880195808856861e-04
9.983782684425458222e-04
9.347986641307970456e-04
9.169312825188702300e-04
9.648106588279975557e-04
9.475725281159304769e-04
9.636709585002948891e-04
9.440785841595068957e-04
9.015560782721045901e-04
9.860037073762127798e-04
9.460793461302681711e-04
9.314716502119109107e-04
8.775907253095643944e-04
9.805020012094572968e-04
9.113178259028509136e-04
9.869288128955767871e-04
9.980631390841591087e-04
9.804296970103935221e-04
9.515322955993893092e-04
9.475876702547415256e-04
8.314328936628781865e-04
9.834587133669165249e-04
8.928839859378149202e-04
9.362834980515893305e-04
9.636242037085801168e-04
9.726840440843029668e-04
9.699102466101211474e-04
9.708223455160750436e-04
9.810499297316446505e-04
9.685055853966941571e-04
8.998511140338893337e-04
8.692116296276985532e-04
9.491331527459194364e-04
9.582442728742952311e-04
9.156650254351512410e-04
9.652279237629278388e-04
9.719501219808680771e-04
9.549419949792649440e-04
9.925179685727906001e-04
9.757627094881363454e-04
9.851179773839962000e-04
9.926278710961067547e-04
9.072049327738352731e-04
9.223180475037247913e-04
9.341330683697042893e-04
9.720474811880168127e-04
8.957999725925855361e-04
9.705839702840970062e-04
9.922433241248231929e-04
9.708000117110213286e-04
9.836007415421634502e-04
8.767050534720607392e-04
9.785749976874463969e-04
9.874660485221647965e-04
9.049388832222766618e-04
9.823291420794273178e-04
9.922189816038420526e-04
9.749662736457041486e-04
9.817217690590430805e-04
9.809151677271719504e-04
9.741515221775449420e-04
9.627313006964060161e-04
9.284612799921389574e-04
9.473257554711904350e-04
9.523047205285010757e-04
9.387727099628912549e-04
9.677948774481061551e-04
9.594250650459567632e-04
9.952447784121662682e-04
9.251801805637126924e-04
9.856079744789930479e-04
8.992779044999274062e-04
9.595612790116272214e-04
9.585925179134937484e-04
9.807152196037280563e-04
9.164674843641924373e-04
9.999564897336717800e-04
9.533350737384831261e-04
9.565904572335705595e-04
9.976185948777924542e-04
9.366868590691465992e-04
8.175623318061495896e-04
9.176583465722298058e-04
9.966531089584335437e-04
9.108181552363559755e-04
9.925631264844914092e-04
9.238531056942785036e-04
9.283516803766002226e-04
9.453815765125159155e-04
9.870289537139353368e-04
9.598698592359850099e-04
9.252635977423595776e-04
9.528606630636207546e-04
9.025170206411265361e-04
9.537155718768457364e-04
9.935930352130185623e-04
9.150478718534760204e-04
9.725683572512120552e-04
9.713000994602407441e-04
9.807457508743809994e-04
9.446165161674971011e-04
9.685347563004976590e-04
9.734357567951277927e-04
9.769340220861383057e-04
9.838068131442084807e-04
9.306481390920258315e-04
9.641132526766342309e-04
9.264901482410680495e-04
9.619635267450854076e-04
9.087899420343384643e-04
9.526284874291484359e-04
9.816201400907899853e-04
9.174912183576715589e-04
9.683768443428912446e-04
9.689259236707032210e-04
9.810717321800423163e-04
9.839434904698658203e-04
9.785041710329790612e-04
9.577747918710400894e-04
9.779687867328139446e-04
9.313571171198151014e-04
9.330344002181526842e-04
8.402709153318427141e-04
9.967819530399125820e-04
9.120641227138126094e-04
9.556813650841625542e-04
9.743334985877911405e-04
9.505650602537907843e-04
9.469830687287540075e-04
9.577660193085695862e-04
9.658857566314993023e-04
9.467309340765100523e-04
9.429861968855033846e-04
9.527507154193604012e-04
9.462404248542209163e-04
9.655540187782325279e-04
9.584007651656311451e-04
9.498025809682838138e-04
9.806040189355616065e-04
9.744479685684357718e-04
9.565528772378414490e-04
9.856096481453008058e-04
9.672847555346175122e-04
9.485759879177670193e-04
9.845236205449543494e-04
9.574926899007939370e-04
9.624591706378656355e-04
9.377990845274312894e-04
9.835984557491706318e-04
9.903248191442243480e-04
9.361308169939317868e-04
8.954343261298827218e-04
8.199276226410588545e-04
9.670994558314690518e-04
9.802497765866505491e-04
9.575034513561644228e-04
9.739109935606566314e-04
9.993887174508445364e-04
9.868108788518509603e-04
9.745567597830180877e-04
9.414402871801959500e-04
9.317105917837737675e-04
9.423083793998098456e-04
9.002443106925863726e-04
9.053922924691731010e-04
9.466490263446775610e-04
9.686214713535426990e-04
8.466441284646313145e-04
9.829672680372509869e-04
9.950939857980157632e-04
9.653931673394687161e-04
9.269285488794586341e-04
9.557547505228958500e-04
9.599379961672142641e-04
9.739201779002122205e-04
9.594258220672519143e-04
9.327449042744349536e-04
9.558939789810241535e-04
9.625610692201837454e-04
9.737280176582819398e-04
9.661788428459007570e-04
9.374923029599764980e-04
9.751952485224738574e-04
9.505757167771471290e-04
9.987991375020762157e-04
9.954069729881873108e-04
9.608447584908141881e-04
9.843738270842443839e-04
9.378302131905957763e-04
9.644413238283343912e-04
9.611257140949413386e-04
9.855618073517796469e-04
9.647168611813990982e-04
9.698668990455853751e-04
9.215339090265510687e-04
8.888415849099643449e-04
9.340012825095514015e-04
9.929823686061960229e-04
9.685465575997330217e-04
9.168308541577757480e-04
9.476968446302421996e-04
9.924729068747650557e-04
9.681577883742917192e-04
9.309382737402205647e-04
9.592785785615865922e-04
9.274436874868043730e-04
9.651225697457617523e-04
9.804088936759363087e-04
8.503961355873293493e-04
9.363819197110909414e-04
9.826515061785404560e-04
9.868650543681670509e-04
9.568860205307174252e-04
9.693183959388239823e-04
9.919331429785833640e-04
9.637133906902562363e-04
9.996387559025056956e-04
9.966737186985243080e-04
9.371622863742324434e-04
9.756228053340168039e-04
9.875792005742233936e-04
9.861725618900006769e-04
9.123121268969073454e-04
9.770713336700932207e-04
9.900000014674745739e-04
9.379209278527726604e-04
9.727515718937247572e-04
9.483407228009128626e-04
9.264460025030240870e-04
9.792514906392529601e-04
9.733115850031083798e-04
9.750047260418361538e-04
9.211420386730995646e-04
9.962489151096552958e-04
9.596484092954652616e-04
9.969876396185995814e-04
9.776576186935586731e-04
9.836713989044795249e-04
9.841422005870752946e-04
8.150399328935698353e-04
9.580088626873279256e-04
9.687890907562258418e-04
9.420791991177348505e-04
9.780900969464710690e-04
9.114506627312322614e-04
9.951342817708568132e-04
9.379232950199171449e-04
9.682875919038505530e-04
8.329703665027708833e-04
8.304332306272712910e-04
9.485997731487669617e-04
9.944493380391985268e-04
9.367226361815109755e-04
9.983459489790007246e-04
9.334913650731900461e-04
9.716647416043523765e-04
9.775592735181675569e-04
9.454665820587037023e-04
9.732969045087826654e-04
9.664282739484149213e-04
9.974090550916951941e-04
9.784457073516714728e-04
9.231275496583473067e-04
9.632704871665216531e-04
9.872973651576925393e-04
9.088429124015661754e-04
9.807568944063030890e-04
9.795791784683934456e-04
9.726364142465917031e-04
9.460060354072116632e-04
9.743232733809430212e-04
9.899922095592315983e-04
9.672001346012682648e-04
9.753332331197477837e-04
9.497728372765438729e-04
9.916027223940970803e-04
9.551259637454796074e-04
9.529790649655315009e-04
9.432735712750232784e-04
9.673033222133375865e-04
9.544260338628696204e-04
9.308347938145065991e-04
9.616864212236342141e-04
9.804357527144031640e-04
9.332394237651812441e-04
9.578849131186016651e-04
9.922034321821920390e-04
9.234893318541848592e-04
9.401293751425109655e-04
9.372065156066125254e-04
9.875059765759989540e-04
9.145246597973206212e-04
9.950743464797384349e-04
9.710603336686606706e-04
9.493893393436430564e-04
9.654127519637500758e-04
9.468650608868922841e-04
9.804810210833061687e-04
9.517465827018454930e-04
9.781189683352622781e-04
9.725019335178892565e-04
9.013055953027666401e-04
9.605053879289546454e-04
9.134681621704910824e-04
9.680202248125525715e-04
9.854363264232440280e-04
9.459595493308245494e-04
9.954375494621429434e-04
9.006989085660602927e-04
9.345939083071298694e-04
9.804858528942867867e-04
9.610467346123666111e-04
8.436347185783731354e-04
9.160780618937987545e-04
9.693009068178419334e-04
9.724388808993881042e-04
9.185284299639091474e-04
9.832945793392718764e-04
9.583632940533856441e-04
9.743465150956316873e-04
9.447385791537819865e-04
9.673297928287769758e-04
9.880208094680158811e-04
9.838435306643977113e-04
9.899549217446262928e-04
9.610140210093270343e-04
9.777723845230804935e-04
9.467181366034046249e-04
9.201436585444835959e-04
9.000485203419328166e-04
9.164748399174265378e-04
9.713457572747937396e-04
9.801905772035947404e-04
9.879923928133675908e-04
9.670613844615290897e-04
9.530003725144632490e-04
9.831797865480947085e-04
9.478884125271420328e-04
9.768170447620493687e-04
9.371382723140115212e-04
9.459273327943158120e-04
9.570761587313877982e-04
9.405864680066285512e-04
9.500161864963575613e-04
9.542737111457865211e-04
9.810722324327390050e-04
9.822509137035221813e-04
9.939857357880688919e-04
9.981992925726253761e-04
9.634913534346432277e-04
9.596575211888943874e-04
9.932657960725350520e-04
9.269953170539588358e-04
9.519553654974938044e-04
9.302226715643291833e-04
9.495404655235754367e-04
9.907130933977923749e-04
9.646559665398461237e-04
9.726180116269605340e-04
9.771981543998155013e-04
9.779337005506305840e-04
9.881998041732773831e-04
9.261092724104023335e-04
9.786803313847609962e-04
9.073596490987153674e-04
9.746308341038966132e-04
9.788512001824461236e-04
9.977209659641581713e-04
9.347049895659149564e-04
9.953032968589988708e-04
9.730763224028958491e-04
9.278175112242478817e-04
9.432951892444132449e-04
9.626634488945617083e-04
9.948138091562281227e-04
9.527770138961016381e-04
9.148752047438290938e-04
9.602485244138234816e-04
9.802957630640474467e-04
9.737380446303399309e-04
8.872442825046223747e-04
9.635525361377805537e-04
9.862492047455577709e-04
9.223626936260077890e-04
8.566643534692859954e-04
9.513205702838027850e-04
9.321404897682738187e-04
9.911161288128206553e-04
9.389833957388818821e-04
9.506018655313013899e-04
9.970143301844664168e-04
9.603040207918447403e-04
9.274854936205722883e-04
9.953749159943843343e-04
9.501871298177052118e-04
9.610600033210188247e-04
9.130306753976649920e-04
9.543873232164274811e-04
9.598921928274230329e-04
9.032018422879490921e-04
9.753344660833243975e-04
9.536524605987825674e-04
9.981219321824759926e-04
9.404508515398004882e-04
9.197764525937160559e-04
9.433456974186875269e-04
9.330142321446721057e-04
9.536949957452988715e-04
9.929460348070051276e-04
9.644250716847112097e-04
9.449143758973883433e-04
9.903101426564967467e-04
9.161037669369939814e-04
9.971225170130426467e-04
9.480898075565621442e-04
9.430355021607317789e-04
8.879250333617173807e-04
9.408110597684862233e-04
9.724897780819937929e-04
9.930954877935816143e-04
9.586514756913648051e-04
9.768395055890558270e-04
9.436016852590272232e-04
9.428857854252681954e-04
9.710565833556557541e-04
9.853303611917318787e-04
9.540440659331394027e-04
9.379119140138453357e-04
8.932919854305896093e-04
9.793267675572657743e-04
9.533961833728486074e-04
9.531297458482438853e-04
9.816355331621706790e-04
9.497825214271956185e-04
9.989742278933317222e-04
9.057748894757015673e-04
9.571806694311404788e-04
9.666743474176191361e-04
9.845653493887956357e-04
9.724860597578974687e-04
9.848119914059717903e-04
9.705664472419731287e-04
9.557149821531638967e-04
9.675347934900910534e-04
8.799315619629311880e-04
9.221530888632844527e-04
9.208248493252454330e-04
9.556741017662478792e-04
9.511020994078759217e-04
9.428603172657144685e-04
9.406748515816109593e-04
9.937523272670143598e-04
9.387015504305592150e-04
9.959388516240740268e-04
9.463771739013311429e-04
9.236750344067906713e-04
9.539947859481853320e-04
9.077372493732344507e-04
9.836349205003958995e-04
9.861816306027159154e-04
9.668424804446559395e-04
9.452479073966884660e-04
9.413434143369847282e-04
9.582935614641659942e-04
8.407609932612760371e-04
9.488334109693782664e-04
9.726555934332568572e-04
9.523516014379786740e-04
9.910610201856291050e-04
9.872811108579480476e-04
9.287199059640898228e-04
9.507095875711679299e-04
9.760379127422101750e-04
9.805728680867531726e-04
9.046940068494650549e-04
9.830216981278883364e-04
9.530719598809425219e-04
9.666736368620214856e-04
9.447212503232911042e-04
9.563036739309459158e-04
9.767993867525336278e-04
9.741670198098993389e-04
9.194182966931443079e-04
9.531546138554443425e-04
9.796663617688595744e-04
9.131357386350422677e-04
9.789910715307169158e-04
9.138384680182937581e-04
9.769823671272016233e-04
9.931885118755791331e-04
9.889179457833784451e-04
9.873634495610311961e-04
9.877426659129812277e-04
9.483227580832584176e-04
9.349816960212754303e-04
9.499585144983253328e-04
9.472474333167560856e-04
9.803235586434272657e-04
9.893843239289724575e-04
9.258085438138668457e-04
9.718033062037339511e-04
9.487049821652720474e-04
9.514741505135828302e-04
9.228910622022960591e-04
9.391518662387260885e-04
9.483076139734620364e-04
9.000589544532564684e-04
9.703879073512709048e-04
9.271378671012292213e-04
9.755064871290421895e-04
9.289313651581091813e-04
9.755549899767941222e-04
9.884343714061571886e-04
9.505977761193870395e-04
9.720413288759066368e-04
9.708978528560213445e-04
9.503563509448332723e-04
9.398925295956262567e-04
9.548106373621814257e-04
9.449273110190759732e-04
9.201448982318338743e-04
9.613348182365435111e-04
9.855708246879995964e-04
9.950329134741011262e-04
9.103049892568335858e-04
9.606671253281120473e-04
9.627443539460669780e-04
9.855869378120440515e-04
9.836495447664789574e-04
9.886932512793422927e-04
9.913929573064062493e-04
9.928130501064148360e-04
9.946712959825268225e-04
8.541806946804256619e-04
9.829786869389022658e-04
8.615407346796611233e-04
9.561062703175377464e-04
9.671211592606782526e-04
9.827953315395560746e-04
9.165359879983792958e-04
9.913428204378455736e-04
9.862789955591704134e-04
9.895569218319533785e-04
9.497450718111944638e-04
9.664746836850864531e-04
9.595180843172988272e-04
9.324145843707149113e-04
8.672332492748389661e-04
9.013271764014234690e-04
9.364227842385442358e-04
9.736617852488143373e-04
9.374577890302792033e-04
9.663328714387723565e-04
9.982547956095702644e-04
9.692385688247503019e-04
9.998394009910021012e-04
9.748339090258587459e-04
9.545284072788102385e-04
9.571961069279710365e-04
9.963717300865964493e-04
9.783441414075787039e-04
9.957959361366975140e-04
9.370529776892709724e-04
9.710841036149960200e-04
8.950030925813229343e-04
9.495448823589052074e-04
9.423973338799169694e-04
9.823566737684754583e-04
9.288031595819215341e-04
9.427611532821022567e-04
9.198788341587489691e-04
8.378067273889664096e-04
9.596406394120025060e-04
9.764304335995598223e-04
9.939846346858976448e-04
9.402996675126094406e-04
9.903136960461747344e-04
9.175410661191913016e-04
9.715028291610848001e-04
9.474087399885202819e-04
9.560966351950998896e-04
9.966315049036067637e-04
9.790137267722287019e-04
9.730657936600555988e-04
9.876415508750296599e-04
9.960307291813298627e-04
9.759858693074358917e-04
9.800666626731797081e-04
9.833249362162634153e-04
9.540176234237698937e-04
8.772457103758024739e-04
9.610825932812033920e-04
9.230238086708683620e-04
8.896678375891201506e-04
9.868571287353863387e-04
9.892939539377597607e-04
9.649477509318731775e-04
9.780638303764931964e-04
9.429093157899332868e-04
9.814142961993039139e-04
9.699070818207360545e-04
9.715297538239896138e-04
9.344390148151776381e-04
9.582038851935209415e-04
9.266406938292110493e-04
9.468811178246458763e-04
9.616716968407126170e-04
9.513491473576578565e-04
8.415060126708679387e-04
9.534646346769759095e-04
9.383281769563554852e-04
9.906069736106586695e-04
9.391315261694839099e-04
9.110881415922925802e-04
8.868398840048431200e-04
9.568579672462667815e-04
9.714558709156719115e-04
9.641700135241079196e-04
9.597855743383674467e-04
9.226005010576810057e-04
9.650906130155177329e-04
9.981124414039498505e-04
9.600242850832417041e-04
9.638983584113956478e-04
9.876702835628940400e-04
8.867205586216534048e-04
9.187417398328395681e-04
8.669183529346674360e-04
9.114536586428406825e-04
9.225663497976958980e-04
9.500355503812826568e-04
9.752064769599911968e-04
9.324941011001559909e-04
9.707332956203402639e-04
9.055503664466509929e-04
9.112529312910105450e-04
9.980011203158552485e-04
9.415665391946424030e-04
9.168156885022057381e-04
9.392608095112762925e-04
9.782231391154041621e-04
9.666786141494362796e-04
9.278849187019053710e-04
9.700482718304199829e-04
9.708295478877194441e-04
9.751906004457714652e-04
9.859387958654835474e-04
9.296762424407016773e-04
9.687952307942115926e-04
9.161769806238534864e-04
9.549167874738564033e-04
9.792409192557842684e-04
9.393774852254352728e-04
9.627782882653836399e-04
9.209624600666152256e-04
9.531447735210958703e-04
9.616468603441880644e-04
9.388251306116016234e-04
9.539430996178220861e-04
9.698265282052121209e-04
9.296990661237425260e-04
9.685644047970445088e-04
9.580167598009669454e-04
9.796997298817400075e-04
9.567039628852877162e-04
9.274894906120370900e-04
9.938819950434446202e-04
9.818190147530684361e-04
9.344262744364872355e-04
9.701779826185721401e-04
9.693544036337595161e-04
9.198874332094695823e-04
9.906522580790820456e-04
9.648195650932351241e-04
9.011356427023551599e-04
9.954436469276841011e-04
9.447069971263528584e-04
9.512118518495706835e-04
9.763154785587615809e-04
9.797114584745030171e-04
9.983053012555516501e-04
9.825125694091895595e-04
9.221019959851821726e-04
9.555150087318097516e-04
9.354078847725516349e-04
9.507324046243688723e-04
9.253530772228710710e-04
9.627997327750565304e-04
9.759062436364390573e-04
9.625472984144510394e-04
9.216841542542274267e-04
9.228766300518280842e-04
9.907155563753735922e-04
9.805973782171946949e-04
9.008067021551453141e-04
9.676873305073735920e-04
9.330490936703114474e-04
9.575840676580915168e-04
9.908751542010241307e-04
9.908213041582101394e-04
9.805514928679281896e-04
9.878408526729953905e-04
9.595045101145493636e-04
9.684887209566269599e-04
9.213999698169460890e-04
9.716630119177362178e-04
9.374268994482876528e-04
9.615314198225755277e-04
9.703949988974847670e-04
9.385092621719452006e-04
9.540922694796512933e-04
9.514358511453419650e-04
9.615038613914063913e-04
9.492157184938257398e-04
9.707779734226251993e-04
9.773894976273843436e-04
9.548376480822444922e-04
9.717726310534742116e-04
9.060075245192889112e-04
9.895007861796872514e-04
9.569369781140263246e-04
9.621024365986498642e-04
9.733852652872549511e-04
9.708289340909082151e-04
9.666133358054794077e-04
9.695090910168447946e-04
9.540715533132724992e-04
9.490218013728730960e-04
9.727723187849796451e-04
8.801955591549860507e-04
9.945471822303806643e-04
9.617466251756121021e-04
9.778493330642218546e-04
9.698597385572961570e-04
9.564535994167695961e-04
9.905895518167379728e-04
9.570282306125900721e-04
9.782888323094721117e-04
9.959169159169441871e-04
9.676444524785759093e-04
9.780732029172668502e-04
9.781703825294991734e-04
9.968687864014248116e-04
9.837527833428684997e-04
9.615664053446059322e-04
9.929543603251858065e-04
9.700250385414632172e-04
9.559630459038850718e-04
9.533132446819628540e-04
9.480212057473047819e-04
9.356311605541678617e-04
9.724649431887378648e-04
9.121947294782737541e-04
9.742374789544046504e-04
9.600661865860756709e-04
9.371331745584515023e-04
9.965316241914562705e-04
9.770779395550585611e-04
9.617157020359720296e-04
9.653745121079147394e-04
9.810742114614670085e-04
9.595276696823112905e-04
9.678501523574407081e-04
9.578967528897298000e-04
9.334810935099295114e-04
9.656266988462865316e-04
9.888746319315056509e-04
9.916687619673236753e-04
9.370406116670279952e-04
9.810231739238296864e-04
9.975973014109921089e-04
9.901473382113248640e-04
9.436788488364925096e-04
9.662600969453777593e-04
9.690320011218072791e-04
9.622161631487488554e-04
9.830602673146116455e-04
9.800658473580700115e-04
9.665682662889379549e-04
9.494999469945471487e-04
9.772516961782404341e-04
9.399735785315113060e-04
9.999326474330676954e-04
9.527479108136703524e-04
9.343403903333298696e-04
9.978844018159913846e-04
9.306394940730628763e-04
9.978113214696179931e-04
9.134041219328588139e-04
9.489754213269787448e-04
9.513338928472778351e-04
9.963701996142278194e-04
9.785133479667887119e-04
9.922753621456840284e-04
9.602068305884107818e-04
9.937839270523264341e-04
9.358729831111563128e-04
9.852441272091760557e-04
9.971217422179851075e-04
9.141061553547650013e-04
9.264422952594655088e-04
9.636331935392583852e-04
9.598310790047200492e-04
9.985260171945314032e-04
9.749176833308874834e-04
9.211658398498432558e-04
9.471342361083720865e-04
9.295645472763782065e-04
9.900999011797256052e-04
9.755221328526154532e-04
9.585111954409934656e-04
8.887302285242502063e-04
9.211647723649137032e-04
9.799068865945323881e-04
9.254407363593397445e-04
9.659606655378302244e-04
9.771879454195571153e-04
9.751708080980779582e-04
9.259296400052426275e-04
9.502930075042985642e-04
8.966416750247996163e-04
9.707576808155966505e-04
9.580272250350517580e-04
9.488486483955199668e-04
9.397964809921729697e-04
9.970493579312762669e-04
9.107849792570938026e-04
9.820556837645837058e-04
9.711496363047385358e-04
8.956565977624503152e-04
9.463272188284739582e-04
9.901396966012195391e-04
9.599992192393443525e-04
9.343341442457878294e-04
9.992367430052642198e-04
9.877859283260255648e-04
9.601424118325430947e-04
9.610799896650688541e-04
9.298042444513983634e-04
9.985925336485033943e-04
9.972973411319239947e-04
9.786612174694441727e-04
9.731353057404185233e-04
9.649856873212645913e-04
9.882311670581997443e-04
9.351854165699896018e-04
9.699427832235039612e-04
9.439556229447883208e-04
9.154565034066091886e-04
9.629419080399885056e-04
9.232784978893788467e-04
9.234828475347404064e-04
9.315436478725031043e-04
9.876941806410913932e-04
9.885528831045315226e-04
9.426729930201929600e-04
9.300891637782830821e-04
9.676671804425411886e-04
9.516174938988511585e-04
9.188877059629259889e-04
9.679798199572328590e-04
9.526023312255463239e-04
9.945069827654764560e-04
9.968736383717687576e-04
9.418024939125402544e-04
9.178903696687919786e-04
9.616434758713272423e-04
9.989344312769684979e-04
9.993758930164835068e-04
9.851849388919859188e-04
9.676160371255433353e-04
9.425680255279324888e-04
9.626951194229843708e-04
9.774058691753685982e-04
9.552908255348922057e-04
9.035385402241825079e-04
9.490323421361796744e-04
9.920293008133360037e-04
9.375681245401355345e-04
9.922383382533395049e-04
9.683421045818382724e-04
9.733150566140502408e-04
9.529811437700324347e-04
9.515784428798468525e-04
9.839864306507106837e-04
9.246336622515045119e-04
9.568913119517537865e-04
9.682608546193990961e-04
9.570227598348729449e-04
9.550093823212964109e-04
9.118483052440477452e-04
9.402361902771878875e-04
9.395282414098903630e-04
9.876895169955530671e-04
9.569922693540010598e-04
9.672786777694016014e-04
9.272751048589486468e-04
9.815183743847480467e-04
9.270560288248534155e-04
9.195779502395621478e-04
9.493516010971318926e-04
9.191751712062907293e-04
9.811030447945587839e-04
9.480859538880712740e-04
9.468795766581386379e-04
9.340194032265452693e-04
9.639421987782618301e-04
9.742234612138936552e-04
9.904214816644995277e-04
9.445657604764904486e-04
9.356675818487753763e-04
9.722911425585759656e-04
9.542690564907916392e-04
9.796772275622151437e-04
9.723056348783217038e-04
9.673366608885481614e-04
9.243842295554864814e-04
9.184371140514962497e-04
9.480575449538005978e-04
9.317586278524494798e-04
9.822209178063118652e-04
9.312954815339333399e-04
9.411006324231407103e-04
9.954866560495186003e-04
9.470226044145195737e-04
9.933818569255890765e-04
9.528951645231500305e-04
9.826002300433113630e-04
9.912725191170280829e-04
9.910571509843158107e-04
9.214161956683339545e-04
9.617956552232341657e-04
8.452578208062613667e-04
9.884046116169168533e-04
9.354683081240393674e-04
9.961855478289459616e-04
9.623648644655886887e-04
9.971897919754072349e-04
9.452682019858000238e-04
9.485278163379401786e-04
9.630408556415504190e-04
9.852969071053247537e-04
9.528737623751990177e-04
9.560832095263543159e-04
9.585247456498246403e-04
9.971219087301296750e-04
9.519821340086889998e-04
8.944605653176194559e-04
9.543592671499380236e-04
9.512368495692603712e-04
9.638460369742662872e-04
9.823472284936659964e-04
9.927166929799440855e-04
9.283793254271922564e-04
9.533474613277673334e-04
9.807830584399495396e-04
9.600206429366856756e-04
9.773718344548894005e-04
9.843428973023782627e-04
9.635649014556414487e-04
9.581318378251181805e-04
9.046455520110690532e-04
9.910102541343603251e-04
9.370644730392008398e-04
9.525980759719235519e-04
9.376671336795854060e-04
9.605544653100174784e-04
9.642196964346765216e-04
9.719301526776725608e-04
9.453854583461330499e-04
9.388979023320109286e-04
9.427655816443238817e-04
9.228258725729279223e-04
9.941066276857131109e-04
9.390964836166259622e-04
9.993704592301197193e-04
9.549777978077546216e-04
9.497957595570306845e-04
9.875370899228965230e-04
9.548039511712296153e-04
9.055132688099823456e-04
9.644183462352856487e-04
9.329189629790775838e-04
8.750767917646089765e-04
9.612364613952971556e-04
9.505795851839210758e-04
9.266448702154185101e-04
8.834922717825269755e-04
8.511673751609447405e-04
9.819764385893901392e-04
9.110788277792020162e-04
9.979750499669965899e-04
9.283699066249421821e-04
9.296508369244234999e-04
8.236802384912673448e-04
9.053880625549862822e-04
9.960297534625881660e-04
9.740998761897027951e-04
9.835604502036120970e-04
9.738416849887841483e-04
9.522986612815649565e-04
9.114964382571822017e-04
8.892398474280712936e-04
9.848764553070015002e-04
9.980586313192475485e-04
9.485498275907326259e-04
9.797818657080849605e-04
9.087818879756123097e-04
9.615007846680819273e-04
9.462170752960416022e-04
9.989459944066676842e-04
9.452605044470515803e-04
9.603884887325731369e-04
9.895064986040181219e-04
9.634801525080521510e-04
8.205912228994881102e-04
9.865787594566502363e-04
9.516812803708889516e-04
9.816781616660730410e-04
9.703688080111971120e-04
9.462412882705670400e-04
9.083281035741901533e-04
9.568857402516784067e-04
8.682070677828011450e-04
9.774449128670803771e-04
9.826754446340805506e-04
9.738179118934582905e-04
9.715436719992722597e-04
9.757156684339822559e-04
9.550321742964429199e-04
8.224584894839612626e-04
8.722320623943950095e-04
9.893421578060547245e-04
9.852762523310195676e-04
9.688029118721871872e-04
9.308512615796348064e-04
9.792182498506991732e-04
9.634669907322272221e-04
9.927503117745041430e-04
9.551898669211357409e-04
9.936056075437486521e-04
9.133910977769585642e-04
9.505160988424490821e-04
9.462162572738661058e-04
9.031673907100273412e-04
9.654555848812001583e-04
9.509343855471268439e-04
9.844279169601774515e-04
9.815041198371807739e-04
9.673521592560902936e-04
9.994010500534162948e-04
9.870478979856322620e-04
9.685774965577379414e-04
9.832058597031021266e-04
9.416995577202891656e-04
9.957829061472620036e-04
9.280451992614789083e-04
9.152634253967671099e-04
9.264277212483090817e-04
9.508101265573076690e-04
9.798617501874248240e-04
9.160985506030339337e-04
9.555636486923378952e-04
9.849184862173816692e-04
9.359001687124682929e-04
9.822884192066908427e-04
9.549917259194944151e-04
9.718210784283933283e-04
9.029689569820636670e-04
8.928284742048377479e-04
9.374538879199753767e-04
9.374083127250145385e-04
9.511451784912757163e-04
9.884695032649855242e-04
9.654396253721930603e-04
9.232240501363611499e-04
9.272447224267773907e-04
8.990007630028810969e-04
9.970601126581492193e-04
9.477941177404914687e-04
9.917630851753295694e-04
9.979554876018317637e-04
9.449673026202827899e-04
8.515545069567917848e-04
9.383658561505122796e-04
9.470589988031428118e-04
9.936357734839072232e-04
9.890875284025303204e-04
8.205506520259491518e-04
9.106341724603076544e-04
9.411872592941565802e-04
9.816033031696401630e-04
9.188433686710721030e-04
9.198370785321001572e-04
9.559213856907033176e-04
9.268370724208350791e-04
9.424505205221569027e-04
9.574604672682529918e-04
9.967797406303042021e-04
9.537952579830024855e-04
9.211388188381185692e-04
9.734576315443221016e-04
9.443355160474610878e-04
9.716676893351994422e-04
9.545569174237568226e-04
9.599497987490525569e-04
9.884661145241259873e-04
9.743697592321829771e-04
9.352074303033408847e-04
9.130547390711037450e-04
9.951926014453876292e-04
8.899764017242697400e-04
9.523980301875013951e-04
9.453574189609288518e-04
8.879633211002831584e-04
9.554241024580969847e-04
9.797771251464455419e-04
9.569007929863880373e-04
9.619622471961278417e-04
9.930841544998738127e-04
9.635855602365635047e-04
9.375865458918185291e-04
9.959914299527718434e-04
9.396340136717937956e-04
9.635996953150207170e-04
9.483670517398899149e-04
9.905725839397850913e-04
9.167762613848634123e-04
9.987001393529360265e-04
9.218666364622353721e-04
9.437519035280161287e-04
9.078874632951041204e-04
9.963338057663898798e-04
9.915603244041919315e-04
9.480330533662929739e-04
9.089079221304423480e-04
9.568789896165224998e-04
9.777203609008496346e-04
9.839156643348294720e-04
9.794596066760013348e-04
9.816621976393331839e-04
8.030056264577766856e-04
9.417029944644206329e-04
9.280710082205141523e-04
9.221665150324227225e-04
9.686830173200370285e-04
9.741156373042701277e-04
9.633496330157865530e-04
9.865307344282864179e-04
9.850444902025409094e-04
8.530909941315416604e-04
9.170025917768901726e-04
9.381767926433962155e-04
9.697501248207357960e-04
9.675813208179276891e-04
8.992298367392971862e-04
9.143527090011488098e-04
9.981490278985834415e-04
9.909508434722714022e-04
9.302255833829364872e-04
9.929686738170918556e-04
9.488028538479861308e-04
9.299178401619073242e-04
9.695309615581686148e-04
9.790549646870672432e-04
9.342853234894160034e-04
9.676754899160444536e-04
9.244360122457653253e-04
9.905312815940562395e-04
9.350447046154002073e-04
9.750168060984358218e-04
9.461096109042334409e-04
9.353386737292389242e-04
9.598662505275931114e-04
9.987116138041743710e-04
9.538709574408746296e-04
9.707880687025043955e-04
9.754517731622052747e-04
9.794861162927578739e-04
9.437578186480375265e-04
9.715044721102432477e-04
9.913244128549267026e-04
9.483499805133913151e-04
9.846960818500605488e-04
9.461734942739892735e-04
9.597249475893493420e-04
9.650097020232297667e-04
9.099978630701450371e-04
9.094077961385007083e-04
9.963047876918019151e-04
9.739482175667935537e-04
8.907329037695235026e-04
9.944796317922703459e-04
9.748564804758927610e-04
9.710542225572350687e-04
9.950987636644268667e-04
9.522015320827288557e-04
9.241974387591424906e-04
9.973585745723274887e-04
9.367791557847708226e-04
9.322570430938488311e-04
9.659129746210151635e-04
9.385666860643790800e-04
9.893375621741577752e-04
9.348056842410686768e-04
9.852046252827591048e-04
9.616198250880394864e-04
