9.781299968031340660e-04
9.439367838588995927e-04
9.596530398648813430e-04
9.467238229946611447e-04
9.783021263014119416e-04
9.908017686852839661e-04
9.794036110865099540e-04
9.563528210955685388e-04
9.941310167250493914e-04
9.574737730668345321e-04
9.253430261830098823e-04
9.855291901441334736e-04
9.888521302098211407e-04
9.900193494688108459e-04
9.909142644952081448e-04
9.631627954148359308e-04
9.994757690092918954e-04
9.605109238808236553e-04
9.318963003629023934e-04
9.774734759677673399e-04
9.193067639012452623e-04
9.201427680340720913e-04
9.947969422256304657e-04
9.539073287659246810e-04
8.514683729355433141e-04
8.207760878345159768e-04
8.621852279500275733e-04
9.700704012234191405e-04
9.879823580154377047e-04
9.940711370184278708e-04
9.910009880762093038e-04
9.495531697832637359e-04
9.820991124667309731e-04
9.770935185080260703e-04
9.703851110424453535e-04
9.419287402432161959e-04
9.396996576276317155e-04
9.950561259402025162e-04
9.410917429456892554e-04
9.899881782399696812e-04
9.793796521625876619e-04
9.425314535083684784e-04
9.702085120165704910e-04
9.860870137114940374e-04
9.454414338930804173e-04
9.185704289164786781e-04
9.515091130083750239e-04
9.239179501029130218e-04
9.187912738146677364e-04
9.974479503327576303e-04
9.461525813206451757e-04
9.759298566723486733e-04
9.825121302201183810e-04
9.985927720768845994e-04
9.611395390635912514e-04
9.513135416379824754e-04
9.608078434633687478e-04
9.455288400922860510e-04
9.538047309954962756e-04
9.127978384391601365e-04
9.308626456820503266e-04
9.487824961449595456e-04
9.232443936294573023e-04
9.948719057816626018e-04
9.286088951972347374e-04
9.546766060795991654e-04
9.806859687004972244e-04
9.460399817071433928e-04
9.019846103037193344e-04
9.599515848785749456e-04
9.826064876301185934e-04
9.753413918974244631e-04
9.655664645726039696e-04
9.235387902402306809e-04
9.698377145276271477e-04
9.786477589575712926e-04
9.428340465811287444e-04
9.664298671579085081e-04
9.209162566543616394e-04
9.673201162016524957e-04
9.788871632705436858e-04
9.507754376236239200e-04
9.836453194555241052e-04
9.740608540465589592e-04
9.206770288171561888e-04
8.680010568480822034e-04
9.513062869188125634e-04
9.789290939787396312e-04
9.240808150345720343e-04
9.556502781016852893e-04
9.618403402326965558e-04
9.606509767911379505e-04
8.956847956875996827e-04
9.228446854282591023e-04
9.636757157151858936e-04
9.960447225912337759e-04
9.967209544412970312e-04
9.836709607887225270e-04
9.734410864306498748e-04
9.978054176440266133e-04
9.508200864992096034e-04
9.616081163830938897e-04
9.268410439496793706e-04
9.969809987136859283e-04
9.121446914634375467e-04
8.780197811540678193e-04
9.719543342291248706e-04
9.889162632549660607e-04
9.498252481347680028e-04
9.574236380373698976e-04
9.916232402197361004e-04
9.921877056052925709e-04
9.927733505643004247e-04
9.882717516614364199e-04
9.258467708482033282e-04
9.270986769497864891e-04
9.616057480309966616e-04
8.844294117618111154e-04
9.444732829799327078e-04
9.609777227990407922e-04
9.508722894823657713e-04
9.892954431883955492e-04
9.968463509864660364e-04
9.948925961471223774e-04
9.813903134026013501e-04
9.569783957138746841e-04
9.281071628601190093e-04
9.255499738242964954e-04
9.869382174954130938e-04
9.756515015960344700e-04
9.595253410210883476e-04
9.885746853392821630e-04
9.292771169641127118e-04
9.948605705319044611e-04
9.643225416646002048e-04
9.783549823149688060e-04
9.955636972118755632e-04
9.845539077235139665e-04
9.945359272957605273e-04
9.737240855775608018e-04
9.192154455141776604e-04
9.522132400644117483e-04
9.387737182370496473e-04
9.670558010566898156e-04
9.779299777971804577e-04
9.733384211463132684e-04
9.629225446440397825e-04
9.736332126593287388e-04
9.538252893421673550e-04
9.791505614777980954e-04
9.325928424024781688e-04
9.615804102489826453e-04
9.061392834092544309e-04
9.095079492465062056e-04
9.994374642060849679e-04
9.780219434441668989e-04
9.257014303745524217e-04
9.774138032409055397e-04
9.386426010901253222e-04
9.668392921305564436e-04
9.751923326055276977e-04
9.551214569153041681e-04
9.201363216494555519e-04
9.701575234204409164e-04
9.525542890627896426e-04
9.823288325037336788e-04
9.707059334825076389e-04
9.537204240004390574e-04
9.171696758797561475e-04
9.672840254906349975e-04
9.593354365039439549e-04
9.913864568523629312e-04
9.932887904332309611e-04
9.728830788917546902e-04
9.499471674611773345e-04
9.705762786785139800e-04
9.529995301473028488e-04
9.439147608524237239e-04
9.179259748240746431e-04
9.221288356157833054e-04
9.877236920801640407e-04
9.553002924632674354e-04
9.609341806872992008e-04
9.884314230350446130e-04
9.565488668148693302e-04
9.407261274725447998e-04
9.495526548349776837e-04
9.443452843493967564e-04
9.774975171758129404e-04
9.700823787359198367e-04
9.158475376956146108e-04
9.309054828259977080e-04
9.474296823207548675e-04
9.953559002316087270e-04
9.692581201547144885e-04
9.343713531736378254e-04
9.585198762579195389e-04
8.387193424046738731e-04
9.682774072241468995e-04
9.977679157565303835e-04
9.408392472926496372e-04
9.967619974371106414e-04
9.749961593725331834e-04
9.880166781027130678e-04
9.881490046620910409e-04
9.536277239547294666e-04
9.602180445249594446e-04
9.654144983605838625e-04
9.534684890114805732e-04
9.334333218903969383e-04
9.583533553617661679e-04
9.615758706193514548e-04
9.475889296676146684e-04
9.616888105352882320e-04
9.217632121428949703e-04
9.392753157001896723e-04
9.299631298011163750e-04
9.687822974247281387e-04
9.817227144573521976e-04
9.032006705376282966e-04
8.811244006252611036e-04
9.904678648246247573e-04
9.200566535174041884e-04
9.463251035166377837e-04
9.834488730937358120e-04
9.598168563943028581e-04
9.540565599241938172e-04
9.510975903575843559e-04
9.844942325498537601e-04
9.576582000814194348e-04
9.864118747815835142e-04
9.802564880993711299e-04
9.958360030298126723e-04
9.548943205837458247e-04
9.701543827604465833e-04
9.802256903320820131e-04
9.651585016237878949e-04
9.961297560939499311e-04
9.899544661960228958e-04
9.234353812144171407e-04
9.552318136013100919e-04
9.308816057001490472e-04
9.069885609651879947e-04
9.901729109224185425e-04
9.426344249012619898e-04
9.435650213155227480e-04
9.309324642840508587e-04
9.865026776699407744e-04
9.646145067030203937e-04
9.857274949324876159e-04
9.898860634213681349e-04
9.734047132215155719e-04
8.354992835918379109e-04
9.125008145820399583e-04
9.395337094755086072e-04
9.551174198534387013e-04
9.151081383538288080e-04
9.301937349111558595e-04
9.956836581587530030e-04
9.438171676055628987e-04
9.944313089480716003e-04
9.577399642717666960e-04
9.990314076887669113e-04
9.655157947386281119e-04
9.344203040047641129e-04
9.652334838993326246e-04
9.828502337143427570e-04
9.586700833924571190e-04
9.305255395908989527e-04
9.820753403679452053e-04
9.685502739253521159e-04
9.891372031313847187e-04
8.715716833156263253e-04
9.413150905241691839e-04
9.957279527673772168e-04
9.205100189823906725e-04
9.795649393567712297e-04
9.114156356185691178e-04
9.656476787563847896e-04
9.852545264813460102e-04
9.961300218367498752e-04
9.506916507558884483e-04
9.927889631617251628e-04
8.801876950942137895e-04
9.897892826285106891e-04
9.749663979820663183e-04
9.604695180200834622e-04
9.661151600987356218e-04
9.087707571672740169e-04
9.784076956780324730e-04
9.416672180510848736e-04
9.222992966164863778e-04
9.478307441280520206e-04
9.651187806767944207e-04
9.894083897365388292e-04
9.076934960675859870e-04
9.418747575285736032e-04
9.702693332508911328e-04
9.348454757491735751e-04
9.302275922769826086e-04
9.775825430228188284e-04
9.562517538593527395e-04
9.425532585915472094e-04
9.603389573021810276e-04
9.746342888908528018e-04
9.993044500485998537e-04
9.957977394327900428e-04
9.823119886035115884e-04
9.316608385136225306e-04
9.606358535729827425e-04
9.849253560351785459e-04
9.871782336565001949e-04
9.418285911985889132e-04
9.159568777973761244e-04
9.507319823352185012e-04
9.893569074015027241e-04
9.720099436603182050e-04
9.748051304852285541e-04
9.478787347607472340e-04
9.496506884113337056e-04
9.738897331479878751e-04
9.547841237410846244e-04
9.732704623528138418e-04
8.390764624383941243e-04
9.654414287283512568e-04
9.657144140447667920e-04
9.810276640422165972e-04
9.739334545929736846e-04
9.990711657967316257e-04
9.384733825564523348e-04
9.677376593821315591e-04
9.200855050932332541e-04
9.678037413716120401e-04
9.544096087019628876e-04
9.760210399619809749e-04
9.731500837653665964e-04
9.731935092204792781e-04
9.686240192645248319e-04
9.446883647464403592e-04
8.230490370021292931e-04
8.652331090497864278e-04
9.587895989133041891e-04
9.537844575933250493e-04
9.168971461239963259e-04
9.502081353493190127e-04
9.754316456202652766e-04
9.454557068364811577e-04
9.478861356150353667e-04
9.757240097369593648e-04
9.369180199595173461e-04
9.339342132841191866e-04
9.530825845852601433e-04
9.967638521628783589e-04
9.156547531082490608e-04
9.429930228399887324e-04
9.959028494376589991e-04
8.470752789936481474e-04
9.837744966463334104e-04
9.226268261490090791e-04
9.777845520752357755e-04
9.223420538166494194e-04
9.693675440169290027e-04
9.128984351525557938e-04
9.409729791161737609e-04
9.608251724264789146e-04
9.838914219542512461e-04
9.681201877658097846e-04
9.578657101175442126e-04
9.342560593061650757e-04
9.745449554498382102e-04
9.797685484335294948e-04
9.195536823339143422e-04
9.881855015831753162e-04
9.181214290260947481e-04
9.483951725513745448e-04
8.984045913454523141e-04
9.437036349885171175e-04
9.712172892088210847e-04
9.567678490224167933e-04
9.907620457871894274e-04
9.174074602606984439e-04
9.881028043666332302e-04
9.120091663659289291e-04
8.867493103737826001e-04
9.577519627004345195e-04
9.079310547628053523e-04
9.751221146374843256e-04
9.244476155162597132e-04
9.958002550266428429e-04
9.631856742722712380e-04
9.510865199293563714e-04
9.210367994807379822e-04
9.220139194730882269e-04
9.406809928946005756e-04
9.372270597721035030e-04
9.963248948522836733e-04
9.797763003571151753e-04
9.650968225777975746e-04
9.731975676513003951e-04
9.365769482512107877e-04
9.995937919741774372e-04
9.119660004344189424e-04
8.216213048435591680e-04
9.499308190863742273e-04
9.569865261998514346e-04
9.326995220160458908e-04
9.452396193771552034e-04
9.619623975241832926e-04
9.532402649919615887e-04
9.403689108128107177e-04
9.795053958004276782e-04
9.800391511158375486e-04
9.561432274852293403e-04
9.441595651882329909e-04
9.454839143556491386e-04
9.927980533878137323e-04
9.943415840241065680e-04
9.421987597259917462e-04
8.685440097050063949e-04
9.329427691498631305e-04
9.291434259647503476e-04
9.610842756683581111e-04
9.649241625488202490e-04
9.052170705095165639e-04
9.394051749838467844e-04
9.339050746524253654e-04
9.966785026615221886e-04
8.613829304853511505e-04
8.905345523601793057e-04
9.061798006669249169e-04
9.120334390576988626e-04
9.646328920489864256e-04
9.593180890652431561e-04
9.034273954291269920e-04
9.403456083942134634e-04
9.726007568324071886e-04
9.787256668877671820e-04
9.382692113266981500e-04
9.102128213641507174e-04
9.053130194992661719e-04
9.435123569275221268e-04
9.703209091522009989e-04
9.430793883893178733e-04
9.312647374396435364e-04
9.271857792970406020e-04
9.867044576769758851e-04
9.991397981531883066e-04
9.907108564479426283e-04
9.987792976091365398e-04
9.524810238166514812e-04
9.694934535607175035e-04
9.890124844751859313e-04
9.477286009501975942e-04
9.632945838298314408e-04
9.874866066711871209e-04
9.166356811372486629e-04
9.803653444521323677e-04
9.470243359787947849e-04
9.646374598476455987e-04
9.912518970877891040e-04
9.540906057563692134e-04
9.445446038850762371e-04
9.836545112047565161e-04
9.965188790161830321e-04
9.868892975889807101e-04
9.803785934633811507e-04
9.453182619715054741e-04
9.896238670532608080e-04
9.579802693868355243e-04
9.950702135002929914e-04
9.381982427501928904e-04
9.966465896498199768e-04
9.762092343951067489e-04
9.651626987325946649e-04
9.509934020508251616e-04
9.432733621380366869e-04
9.963655196149141715e-04
9.252832053580012719e-04
9.948379870480816584e-04
9.679626891225987743e-04
9.992910785477462400e-04
9.452273318100096796e-04
9.493093888252123304e-04
9.640881661206510784e-04
9.391437590688457874e-04
8.485100747124789530e-04
9.325401883776991132e-04
9.794486155468788268e-04
9.448998762142875622e-04
9.439125709629162539e-04
9.618634388627939546e-04
9.879892341686452931e-04
9.535803356824960018e-04
9.202012538382908216e-04
9.425189003286617122e-04
9.636458591344370479e-04
9.571185898842966486e-04
9.570554205144549131e-04
9.449196817390739496e-04
9.737406872219494429e-04
9.651401107719314145e-04
9.768553718541301677e-04
9.885276342383765569e-04
9.917164676138529294e-04
9.711705438664239428e-04
9.193212903973083756e-04
9.575355618381113263e-04
9.846703105584062379e-04
9.594316947259970635e-04
9.659173138597917279e-04
9.550045121116999087e-04
9.666356830880258990e-04
9.545574600300620874e-04
8.885664550675892188e-04
9.827679181537997931e-04
9.780268156889494399e-04
9.497196635000795502e-04
9.030727106519021146e-04
9.784520645093805740e-04
9.176228191783027642e-04
9.523252278789064596e-04
9.520351110235161741e-04
9.746595374732289077e-04
9.604568195019108244e-04
9.816367338828853751e-04
9.573214921629014888e-04
9.689744796123666909e-04
9.830543527221389556e-04
9.561782393937834617e-04
9.979907907761132423e-04
9.503243543690120029e-04
9.205491128451130265e-04
9.116998890861728209e-04
9.333519125027156570e-04
9.946512029295145971e-04
9.510154767183057146e-04
9.976391817919834110e-04
9.697967734197464156e-04
9.823769453244700443e-04
9.754995297941202554e-04
9.873352741562942299e-04
9.349016663518257405e-04
9.876281810164237989e-04
9.710142138158958398e-04
9.379602849764718349e-04
9.952778486896449606e-04
9.550545800920748471e-04
9.933415439866795024e-04
9.386582896060392204e-04
9.253616380463120525e-04
9.340048650445659240e-04
9.166610474722588012e-04
9.944325922641625813e-04
9.353457306894035926e-04
9.674810765718642623e-04
9.333317645433898864e-04
8.421247463422937155e-04
9.328384724500484457e-04
9.853077693500835767e-04
9.392019693938353543e-04
9.826482797628489831e-04
9.907667277142058644e-04
9.880641707247484438e-04
9.466300797840243933e-04
9.893386698334089881e-04
9.522858641434256335e-04
9.553229504890259046e-04
9.540383171416242031e-04
8.974870750361478491e-04
9.658912099646456851e-04
9.584583303385256622e-04
9.721219580132864834e-04
9.299994281112848506e-04
9.821387699853730089e-04
9.434647054287636668e-04
9.456711131728989285e-04
9.091169736040873939e-04
9.994730978188882606e-04
9.849040075776654794e-04
9.668715157635668443e-04
9.806293967912311713e-04
9.891054679392573268e-04
9.744806267692371045e-04
9.130784296321162348e-04
9.699572258098826437e-04
9.289402482153743135e-04
8.562248551096622714e-04
9.800602244456387696e-04
9.438223525758443651e-04
9.251882562275966140e-04
9.295851145742746804e-04
9.841150626018015969e-04
9.351090144039031406e-04
9.491388599310428015e-04
9.510906295141470035e-04
9.661443849075778681e-04
9.025008277757259846e-04
9.506724262650667091e-04
9.502011618121211211e-04
9.519268867901866044e-04
9.709211118829124635e-04
9.940488108400747508e-04
9.782989649406181355e-04
9.298892799776863668e-04
9.738671308574134520e-04
9.977945519685574305e-04
9.112188107284708910e-04
9.593319719922854946e-04
9.644795069439511927e-04
9.679982125330187153e-04
9.497156659483251950e-04
9.997095035478764571e-04
9.648390758620515543e-04
9.922682990982153051e-04
9.690818841020441788e-04
8.961378083473302367e-04
9.525089693382632165e-04
9.446397538607543588e-04
9.871840327895190382e-04
9.517954620495760803e-04
9.614752557532099978e-04
8.955518125631182092e-04
9.315341921385943439e-04
9.744547235532205172e-04
9.950118798919586286e-04
8.080676946863821902e-04
9.576982933969124421e-04
9.059805025777988453e-04
9.617373977215645017e-04
9.571082636672386757e-04
9.757075410554231490e-04
8.699461573201538881e-04
9.119193492071098108e-04
9.156221360917429601e-04
9.069314388240763952e-04
9.692403123337712699e-04
9.376152476387695578e-04
9.040184258907511903e-04
9.753756959806507204e-04
9.547844397372048453e-04
9.205463901286580625e-04
9.566021780148668179e-04
9.410209374260147287e-04
9.551881637398565699e-04
9.695943548689622870e-04
9.530381748492727746e-04
9.310977967940364374e-04
9.768918494851388298e-04
9.942681957895590193e-04
9.855232914101014294e-04
9.860509045792355525e-04
9.235851564571419346e-04
9.149177626110038689e-04
8.846928466004526847e-04
9.453113232559798209e-04
9.628380115234647313e-04
9.835841586664369977e-04
9.572340061799079888e-04
9.379736190971266858e-04
9.859068947512090401e-04
9.828804077922910325e-04
9.833197235852317395e-04
9.608423450143667400e-04
9.915627396899166085e-04
9.620017438388939971e-04
9.241472400253739799e-04
9.853188796365912154e-04
9.739476472865190530e-04
9.902818885397274458e-04
9.668300602372911865e-04
9.966021355832935854e-04
9.092973930474436504e-04
9.698806657117350905e-04
8.437366912425084235e-04
9.955984432650150703e-04
9.511170018718353904e-04
9.875346154271536642e-04
9.720103107927403245e-04
8.816829440680063390e-04
9.598864198644539323e-04
9.608821665702649934e-04
9.651055025918037428e-04
9.834005677765017550e-04
9.133676310669731988e-04
9.744865555992629881e-04
9.883819669281297769e-04
9.467890268574201146e-04
9.533024942624772477e-04
9.699736442559277454e-04
9.961870654711403855e-04
9.425280843971856233e-04
9.385959246836829981e-04
9.535367388162421798e-04
9.921938078187788213e-04
9.872021863404781619e-04
9.829169967730054091e-04
9.228910621722223508e-04
9.534325341748886096e-04
9.885231715642179597e-04
9.468315621086434604e-04
9.801713585527863700e-04
9.154120052065037360e-04
9.889977973428440167e-04
9.153693897548142219e-04
9.954061097706831066e-04
9.189895742885468861e-04
9.480392497280572652e-04
9.658188148602633730e-04
9.674138181392451285e-04
9.787880575981831345e-04
9.186283625783998137e-04
9.604316977159922750e-04
9.880095008102068692e-04
9.303672067489589682e-04
9.527136710894322860e-04
9.200167056094253355e-04
9.313577382282469319e-04
9.898456595527637975e-04
9.977987756353589362e-04
9.917755823234352102e-04
8.981680693689874121e-04
9.644971241540941558e-04
9.787330038376952125e-04
9.894942757859976051e-04
9.190765700064921009e-04
9.387075132101851743e-04
8.575897345016607375e-04
9.438730902281517940e-04
9.805887222808346536e-04
9.407256002151916791e-04
9.628187140336522424e-04
9.856966534487442144e-04
9.355470100455541300e-04
9.789410754110971710e-04
9.257625143407667047e-04
9.844591237070196999e-04
9.306997307927772052e-04
9.752215390046582548e-04
9.639657235372257969e-04
9.459398130624562537e-04
9.085070512539804646e-04
9.242517752538063121e-04
9.084557606241880530e-04
9.575726432925815972e-04
9.855401692904460550e-04
9.855160115495578341e-04
9.514122149160897032e-04
9.216663526351303194e-04
8.319590454914734977e-04
9.329908663768664854e-04
8.414864633217775504e-04
9.571524544993101086e-04
9.706006672689450245e-04
9.034149487053679071e-04
9.939394460042425428e-04
9.133499700703927608e-04
9.895038763469050664e-04
9.862086996631179436e-04
9.563177049262290823e-04
9.643846051450924439e-04
9.806826687443895903e-04
9.682741519353749594e-04
9.618300034268301071e-04
9.644625603688088871e-04
9.430480934719431179e-04
9.923732792467240046e-04
9.903615461696810285e-04
9.825016742700521093e-04
9.377529434575527807e-04
8.779361803059721435e-04
9.894953277160189933e-04
9.829656715674782008e-04
9.663821241498148909e-04
9.306246324359847798e-04
8.125526682209968958e-04
9.764981245322096456e-04
9.939108635150081719e-04
9.770269362008000228e-04
9.535951721001879487e-04
9.421071642638484791e-04
9.728340353315931234e-04
9.898411547062998389e-04
9.629802158433531725e-04
9.495473386819151080e-04
9.685936756446245728e-04
9.554649955344612358e-04
9.484107474244060122e-04
9.681891829469462711e-04
9.738877812969907490e-04
9.547314808529238890e-04
9.366446520123437869e-04
8.993254484390942076e-04
9.089689064844363574e-04
8.367970805673235557e-04
8.624749043735360299e-04
9.321116640563230664e-04
9.924299382049002385e-04
9.938137310627215022e-04
9.875443532320223299e-04
9.061406798397733924e-04
9.761866244403739554e-04
9.533169502475248233e-04
9.510469611383845804e-04
9.794061206435189862e-04
9.151366297536273802e-04
9.830019750376765234e-04
9.641189554160655177e-04
9.606165620838281235e-04
9.172317169383305486e-04
9.986008196937309553e-04
9.729409600928196370e-04
9.143904974433060074e-04
9.852507789398059004e-04
9.554195495697551501e-04
9.332844763422483512e-04
9.968401995204924978e-04
9.601626509871177004e-04
9.410441756041330527e-04
9.639426023578933495e-04
9.568754753914376302e-04
9.480761415923915194e-04
9.632149247391118881e-04
9.231845067311177490e-04
9.830686376286271178e-04
8.894849554405006523e-04
9.897861404531895380e-04
9.902409901591097390e-04
9.458129878507456250e-04
9.944883373515631033e-04
9.595294796667650557e-04
9.847447228539178525e-04
9.515955294944092140e-04
9.817523719102697402e-04
9.167453984220417292e-04
9.504396715494057906e-04
9.420996490158431913e-04
8.564427501215783611e-04
9.818007865660738961e-04
9.652712266822920453e-04
9.862476251296097441e-04
9.267660819853251958e-04
9.355427874727055690e-04
9.107737206292121487e-04
9.896519844156826794e-04
9.195982197558644254e-04
9.566438658929472642e-04
9.683150349995771041e-04
9.318209397606956731e-04
9.837093432540132496e-04
9.255877664513646828e-04
9.847122865029441993e-04
9.160898160423091695e-04
9.643033987615242482e-04
9.892766439543513018e-04
9.302773169393690339e-04
9.596232358568521125e-04
9.098446315244740302e-04
9.992227012948742999e-04
9.619799330806675947e-04
9.182958839902400196e-04
9.393104903224185759e-04
9.371897967434074167e-04
9.197504999454642538e-04
9.746879185637815843e-04
9.534146503893881552e-04
9.745143562310521444e-04
9.688344248315365007e-04
8.640682345221701926e-04
9.896112991739480346e-04
9.440333100246793693e-04
9.352012634840908617e-04
9.618426799276390098e-04
9.189504160550181038e-04
9.575876128409374806e-04
9.694663757967655502e-04
9.858788603485475407e-04
9.313246015425819977e-04
9.608091592713204933e-04
9.512767581897320574e-04
9.925742192475653890e-04
8.911146849048400161e-04
9.767134099894628826e-04
9.669649475762065807e-04
9.723560431633380963e-04
9.998550505387765203e-04
9.789004165914906835e-04
9.680570188224884133e-04
9.927570121287937737e-04
9.742720407042166752e-04
9.132817664211967433e-04
9.676935527052568263e-04
9.746197947362260751e-04
9.377657768408752823e-04
9.714779503813746140e-04
9.550088252534460120e-04
9.500252344996431859e-04
9.604004335966181711e-04
9.234653351465529209e-04
9.801603606934465671e-04
9.309067466263623060e-04
9.860588515565660902e-04
9.201871016580778339e-04
9.850574321583615168e-04
9.842259119348065622e-04
9.127965233000595417e-04
9.056722874556946083e-04
9.468403874932970060e-04
9.450551843714483221e-04
9.900448333190218966e-04
9.885740918141134800e-04
9.770654033380923604e-04
9.753985230935603712e-04
9.920978440344427590e-04
9.675564718374429817e-04
9.534554839433688565e-04
9.360392830968945060e-04
9.353730167183149690e-04
9.930015380205069186e-04
8.638431168045832475e-04
9.384417452530300057e-04
9.956079523696281710e-04
9.571130822657997455e-04
9.699083698621631519e-04
9.882880886275488032e-04
9.907681394357120523e-04
9.713938668883901478e-04
9.700333045388109723e-04
9.660629261023588165e-04
9.620609987676418751e-04
9.947494272800768388e-04
9.398957209840368490e-04
9.699865053214519386e-04
9.042966391559860212e-04
9.750785855810823128e-04
9.913191662734252042e-04
9.758974513384934728e-04
9.524120705433051668e-04
9.128488549554591427e-04
9.949216910730921543e-04
9.654679687564747970e-04
9.362820662993930369e-04
9.745303103556011721e-04
9.611145799432080404e-04
9.693844692837304744e-04
9.712565091200711740e-04
9.596682089997359217e-04
9.579147860256865188e-04
9.701552979632999726e-04
9.422930697301992340e-04
9.519240717279612869e-04
9.312308974868960124e-04
9.925272112084916609e-04
9.786882546428238815e-04
9.580353930584342009e-04
9.930113766191419299e-04
9.119988701722228164e-04
9.669943740576918221e-04
9.670919105342601872e-04
9.760893661080229924e-04
9.907942814353775263e-04
9.490664256325294758e-04
9.354761302918796883e-04
8.241199193699068120e-04
9.293247790918748169e-04
9.862029412222492707e-04
9.371216934845670414e-04
9.101196721323779985e-04
9.308035702508890563e-04
9.865197322311825261e-04
9.602674588093296128e-04
9.447436208090427947e-04
9.068076335835665051e-04
9.120023842214686335e-04
9.787302764119182319e-04
9.452356305705508516e-04
9.225861239437481475e-04
9.846285100245869958e-04
9.693107133923862086e-04
9.370740330220293183e-04
9.641366597675594735e-04
9.992531067023991635e-04
9.763649990390234562e-04
9.974115326476977808e-04
9.934155426931210071e-04
9.964410317574634492e-04
9.786633526131607343e-04
9.664940730686229090e-04
9.633318330074473052e-04
9.825216118462907350e-04
8.960705319333114221e-04
9.938050475107791139e-04
9.025264270734108816e-04
9.382526994411598178e-04
9.941519615941775238e-04
9.838003171370865094e-04
9.343142933702128878e-04
9.321526894382804480e-04
9.362195438736152682e-04
9.855068273270266906e-04
9.436824555278231939e-04
9.826056006134301947e-04
9.536715287270608422e-04
9.580689131984697132e-04
9.456693858991711268e-04
9.058650224170747625e-04
9.889480155887413627e-04
9.488787579323002593e-04
9.582938767749068359e-04
9.819363066592939719e-04
9.661337104472782515e-04
9.327444413300733971e-04
9.688759868793332545e-04
9.181664926632544755e-04
9.621696467208789129e-04
9.806106058526035778e-04
9.938117433980317612e-04
9.859396207233682343e-04
9.698260117990513407e-04
9.805520271537100391e-04
9.348061666343361522e-04
9.983707313375965453e-04
9.009700670557158671e-04
9.760560055611033296e-04
9.902684612630729705e-04
9.944609150711485913e-04
9.715275536372910926e-04
9.431285974537424038e-04
9.248355973046423154e-04
9.854415980446607631e-04
9.523790856889685586e-04
9.335429523262513737e-04
9.075984961770253764e-04
9.876807949811823410e-04
9.312820742433403900e-04
9.894060911641118158e-04
9.839500208798878083e-04
9.786971177633270284e-04
9.034474077930344056e-04
9.756083207906469630e-04
9.392378496081276590e-04
9.977681446462778169e-04
9.695998758665711360e-04
9.269897245507907006e-04
9.811164314606787926e-04
9.846758022760326769e-04
9.880189174453989608e-04
9.372989341864196647e-04
9.935447838658605264e-04
9.389936572864163210e-04
9.095937309112726854e-04
9.768022229048416421e-04
9.533605083579612966e-04
9.975637203253390119e-04
9.121547612243390783e-04
9.840603458165493676e-04
9.517708404245879984e-04
9.844866042977016337e-04
9.575623311999626559e-04
9.448832762889195717e-04
9.474513421415090052e-04
9.688584974499967351e-04
9.687510043912983147e-04
9.835702118581755513e-04
9.570403895316490547e-04
9.542231581124698686e-04
9.950975990873657789e-04
9.165767353475996531e-04
9.983676285095588552e-04
9.979204067505126254e-04
9.736152021872283803e-04
9.166434791979055034e-04
9.950410416422451020e-04
9.942446348984571892e-04
9.727296934589823793e-04
9.857691124920560898e-04
8.884123116272666255e-04
9.680698615950043308e-04
9.051468148314204465e-04
9.533517399760218234e-04
9.416081311259447660e-04
9.532357606042591311e-04
9.828376443734806490e-04
9.507531092070434014e-04
9.572003615877206590e-04
9.008585066779230743e-04
9.689918717878829788e-04
9.430274909466235603e-04
9.499846614804811386e-04
9.617200143235037557e-04
9.770044890069565224e-04
9.810900814666780219e-04
9.625231177817872123e-04
9.749634674357295777e-04
9.859714826316950086e-04
9.800265754273966481e-04
9.593192119714984405e-04
9.994131399951933833e-04
8.147320301503316450e-04
9.764793213019948162e-04
9.934070477718589219e-04
9.944996150165995308e-04
9.755227320976273550e-04
9.295762743149645069e-04
9.432307886055949766e-04
9.278195467574397535e-04
9.970087044022450488e-04
9.147562788687058728e-04
9.729404390927413795e-04
9.720115449235910065e-04
9.207686482954683923e-04
9.371922756425392787e-04
9.233438326467331096e-04
9.649796880349133634e-04
9.432788674967056315e-04
9.632395968970324093e-04
9.759531527879876638e-04
9.012694051504706880e-04
9.221144067858113354e-04
9.891832759184237753e-04
9.219949561909506191e-04
9.691703524386843490e-04
9.729841012054893899e-04
9.624476998016360824e-04
8.827998906914580638e-04
9.378254486788800606e-04
9.560703753520329289e-04
8.952647241272981620e-04
9.625086946037104269e-04
9.520531529720388042e-04
9.840575685011695214e-04
9.356198640016928376e-04
9.613556623222555258e-04
9.363595571358691210e-04
9.602902916058635163e-04
9.341307856202281899e-04
9.497706081238556971e-04
9.948937499663654347e-04
9.693598171895713694e-04
9.639652373864522963e-04
9.647015108082390147e-04
9.752725380150808468e-04
9.899884770984837892e-04
9.786160581561743985e-04
9.513908368543017675e-04
9.638492940806970980e-04
9.470511763983625745e-04
9.182373439853226725e-04
9.009552570788970658e-04
9.805392412687153995e-04
9.605209789129545749e-04
9.315811263028895986e-04
9.614777495563708257e-04
9.868137262126210844e-04
9.970313435004368643e-04
9.251722739411706760e-04
9.574014080935106755e-04
9.793265969511126545e-04
9.700791510579529235e-04
9.369328514993768885e-04
9.650284085626979324e-04
9.139457225253867344e-04
9.909701391752762101e-04
9.793173206703760514e-04
8.884755663387614846e-04
9.248782553022183483e-04
9.492685781275098057e-04
9.761523610031202884e-04
9.963198125550747249e-04
9.105904164140283348e-04
9.643319796226280461e-04
9.397194189731488106e-04
9.762905396677137209e-04
9.330591851220455943e-04
9.703673262399654638e-04
8.805201044334627246e-04
9.549118859950453614e-04
9.975728728204770902e-04
9.446703065480679560e-04
9.182277621899593428e-04
9.744791520882954000e-04
9.787666355868013431e-04
9.615624712111731694e-04
9.770821744750186281e-04
9.321432515634327058e-04
9.914632239202626936e-04
9.563598421926780601e-04
9.543348681313618695e-04
9.579719579595878014e-04
9.940403727139615446e-04
9.687313773207195016e-04
9.847918348224789925e-04
9.650279462277222900e-04
8.484437159203057259e-04
9.714461067220991983e-04
9.972277853501933503e-04
9.858756454770001808e-04
9.758332528467896817e-04
9.360382296441455358e-04
9.680046316265942998e-04
9.991014357336415116e-04
9.525827729865140930e-04
9.723615480086665857e-04
8.493281300163552094e-04
9.094486476700052845e-04
9.610304517671221713e-04
9.938390986194709301e-04
9.475819517850206635e-04
9.798214421111658967e-04
9.371360364461294064e-04
9.734460461253608993e-04
9.844986300517300729e-04
9.369943853876358877e-04
9.925423536149109108e-04
9.921510033998447858e-04
9.596293262447915277e-04
9.456398282851693647e-04
9.640268597742319414e-04
9.876202345139820527e-04
9.564754354137056666e-04
9.657244298819129972e-04
9.932185468251788097e-04
9.783553314548752450e-04
9.582738519130826584e-04
8.663085237561425015e-04
9.603576060914586045e-04
9.835293137578277924e-04
8.561150236233801194e-04
9.316490901439325716e-04
9.631447921227753381e-04
8.440819789499397728e-04
9.347109117444452964e-04
9.939823370976967869e-04
9.462871678131905100e-04
9.931374399538342706e-04
9.785043510075900133e-04
9.981204624197445498e-04
9.723907125905080365e-04
9.347944092451626824e-04
9.807067506785703288e-04
9.530537001419932481e-04
9.181716771991107681e-04
9.627427418791004079e-04
9.346176933942174775e-04
8.550645169575098918e-04
8.850256596665335334e-04
9.830903743071463079e-04
9.100347367418970849e-04
9.618805393408258247e-04
9.227922910296659396e-04
9.500917288717602776e-04
9.229236683895290262e-04
9.810280977685190834e-04
9.865888397437643734e-04
9.903892587742226927e-04
9.589556164495931364e-04
9.983991579620987711e-04
9.192656005868723914e-04
9.740686382414434456e-04
9.673871217724846735e-04
9.551790225925835221e-04
9.557684430935548632e-04
9.934280506774316281e-04
9.607064215984050318e-04
9.744973302977210901e-04
9.606250497411928258e-04
9.480118893813033187e-04
9.804736836664955293e-04
9.168495946920916491e-04
8.995265894831814451e-04
9.582828088678691392e-04
9.499407891510233118e-04
9.757142653482364690e-04
9.999020269316101495e-04
9.502328458161085232e-04
9.222732827709537173e-04
9.237067144265123566e-04
9.831331509994464205e-04
9.919665844122136592e-04
9.745611212569106358e-04
9.981756510622130565e-04
9.745847751936315270e-04
8.882443323025501162e-04
9.795155556937724939e-04
9.960062856138624399e-04
9.569825647541736497e-04
9.942683376048312184e-04
9.100365603703056312e-04
9.621340258222475664e-04
9.773678397807853118e-04
9.842083298188589440e-04
9.799763184444902023e-04
9.724399586009636540e-04
9.200626997699942571e-04
9.343519189051712869e-04
8.691061732895218614e-04
9.969210926516289956e-04
9.182907861381458918e-04
9.958922440870365649e-04
9.246973969685782753e-04
9.802019659559103003e-04
8.661266319033545606e-04
9.680380017642068943e-04
9.341103106337730845e-04
9.638827696309531503e-04
9.861059297052098774e-04
9.985620382108892443e-04
9.324505202818157094e-04
9.889004439136922855e-04
9.540041284718402039e-04
9.406512150282147740e-04
9.865012110262091818e-04
9.564790283408692445e-04
9.686933327954731082e-04
9.373295637031324413e-04
9.132877900314814636e-04
9.761045744291952818e-04
9.529367886346052502e-04
9.573940037211069480e-04
9.897086766447015915e-04
9.373182113538950245e-04
9.934189408994874813e-04
9.851833684982747984e-04
9.612104744714692695e-04
8.316083068928979867e-04
9.372433173625236693e-04
9.862559589706094195e-04
9.974095015338722576e-04
9.641654094869694068e-04
8.954683664370923250e-04
9.592338091608941953e-04
9.747301556442949108e-04
9.462199704057545468e-04
9.088878338949942220e-04
9.257249463890761037e-04
9.766583710161401595e-04
9.407861308282248688e-04
8.363821424460373766e-04
9.833396249597202172e-04
9.751678754020429380e-04
9.696359577101392162e-04
9.577561622396658578e-04
9.104951556076750635e-04
9.997628674786073529e-04
9.732720742762170823e-04
9.884463230675178628e-04
9.524030292546858002e-04
9.863371532309352097e-04
9.935863656057167866e-04
9.917546928087607374e-04
9.632849461238081118e-04
9.584981653948082114e-04
9.664991301337490497e-04
9.652826010089768849e-04
9.782454461354289296e-04
9.560822183243324881e-04
9.516783127087261734e-04
9.962089132576049024e-04
9.389483814488215271e-04
9.468155041382058388e-04
9.969643380787042777e-04
9.688465438489057835e-04
8.985045488549292265e-04
9.098753845384385114e-04
9.931837069353749523e-04
9.240281276535394555e-04
9.361379694051134457e-04
9.301450372853131351e-04
9.756315919255212094e-04
9.290711043380725336e-04
9.696931998065302493e-04
9.297874761684930432e-04
9.710120584833539488e-04
9.463838791798137714e-04
9.508155502363336382e-04
9.701381002578226068e-04
9.559497292697119930e-04
9.546200716783661416e-04
9.898949947224561577e-04
9.201249495523972435e-04
9.995993136441170754e-04
8.798385990750975548e-04
9.857159187769306934e-04
9.576682491003013194e-04
9.409747944213857915e-04
9.426892122968161128e-04
9.256452234589819007e-04
9.533175963194572130e-04
9.947887608903612736e-04
9.912030690870101638e-04
9.467057389549741932e-04
9.217017113188086816e-04
9.740572074635383886e-04
8.996770893436426041e-04
9.996442320396893826e-04
8.940313379631067113e-04
9.625210774877341474e-04
9.946528574769563594e-04
8.837063784569289347e-04
9.238005764161886634e-04
9.931164092162301799e-04
9.869253457423516739e-04
9.555738268251649011e-04
9.348196891496518774e-04
9.458690060513065979e-04
9.224044483568448558e-04
9.873196536073854026e-04
9.150164510029263525e-04
9.702870583949349537e-04
9.642462916067572791e-04
8.172052332335561593e-04
9.718052828044663246e-04
9.600595829442119767e-04
9.695303578304757764e-04
9.436566073637074701e-04
9.555331341082476740e-04
9.635260102451678093e-04
9.374591720441653427e-04
9.878693819165540978e-04
9.789748016205935491e-04
9.562133689383386752e-04
9.432411221293288302e-04
9.408223369907845737e-04
9.630027923640124225e-04
9.686617608075001173e-04
9.822346790650810910e-04
9.478440869117159837e-04
8.945953793241979025e-04
9.986786055527889245e-04
9.097281582510178145e-04
9.162311615239763672e-04
9.619562596744588327e-04
9.847219148760894165e-04
9.635284515100121664e-04
9.649171756532168298e-04
9.969241112526643599e-04
9.639180629521068751e-04
9.328734417470698837e-04
9.934430653611024849e-04
9.850674575778226982e-04
9.075976056103223118e-04
9.734685874369819903e-04
9.839032821866290461e-04
8.559329428318186977e-04
9.920483366844827424e-04
9.436663577932362422e-04
8.873397798654188888e-04
9.888009518867527624e-04
9.766265470561585893e-04
9.696772542896329224e-04
9.976824193512234037e-04
9.753945097519850678e-04
9.332699825366258702e-04
9.625101340776393705e-04
9.890930528041904073e-04
9.795677220888635104e-04
9.571740504042274304e-04
9.666241249600123018e-04
9.545520190818652159e-04
9.938563584268183832e-04
9.742966448633207663e-04
9.172124253680068087e-04
9.240753342618489991e-04
9.238807206280302007e-04
9.547248130606228456e-04
9.820339018255439239e-04
9.718441576547087605e-04
9.920804346880351347e-04
9.515393149081257784e-04
9.835613944368319216e-04
9.473290799693813869e-04
9.913658657999101925e-04
9.948033085360461544e-04
9.761561807339841444e-04
9.310344537413122812e-04
9.605985732731044504e-04
9.862131349891558110e-04
9.516554137802457798e-04
9.079750021092643621e-04
9.601610749332883726e-04
9.973622432388655826e-04
9.760425669919352721e-04
9.181680155695440488e-04
9.926106235307453722e-04
9.480295218257674648e-04
9.830056909244312864e-04
9.330765828741817772e-04
9.287868556869319225e-04
9.559166353255172527e-04
9.762747007815142635e-04
9.970794366145196031e-04
9.758821070787492610e-04
9.359111031909862375e-04
9.604649091461157700e-04
9.415290771258425818e-04
9.369699381757401729e-04
9.579761763674573454e-04
9.565420243185999809e-04
9.796558622495574100e-04
9.733564645568006709e-04
9.528545997621333443e-04
9.871792014682868530e-04
8.549505226483273320e-04
9.472093052168869924e-04
9.150585103260839692e-04
9.476057739676910620e-04
9.933061328421081970e-04
9.611450371646039145e-04
9.860745129530743090e-04
9.539942077283005990e-04
9.355172440700787852e-04
9.235544052284377610e-04
9.875355033727192637e-04
9.372779658657471149e-04
9.507342729992936982e-04
9.316898208983494896e-04
9.107641700594209687e-04
9.208815185221823525e-04
9.669739532449413014e-04
9.693563222272887905e-04
9.473911391022956643e-04
9.589743567997213031e-04
9.933327857011070225e-04
9.490839162795821357e-04
9.880656926411733598e-04
9.999548153546671935e-04
9.487721306856281879e-04
9.619395899427397130e-04
9.950831304188251670e-04
9.246129034521033884e-04
9.641642294168423959e-04
9.710095021310490883e-04
9.838514494716914163e-04
9.511104367920437432e-04
9.913941097897049307e-04
9.618550538242716039e-04
9.727914079419186120e-04
9.423301476325353322e-04
9.622675172683203479e-04
9.183558618804896516e-04
9.641577707118542456e-04
9.605351190603960820e-04
9.297788797847689364e-04
9.463655503900257745e-04
8.670185075476023609e-04
9.840984510546726526e-04
9.360103936667443086e-04
9.782600426326744109e-04
9.516270830561564904e-04
9.968630260565366618e-04
9.580917905487734698e-04
9.595916488431751332e-04
9.474867928070215177e-04
9.272132422066061992e-04
9.351817572746412045e-04
9.289490745957429798e-04
9.667401110157852187e-04
8.959891358604383810e-04
9.344867204793976022e-04
8.775708961359999756e-04
9.380259070424078627e-04
9.970144056478725571e-04
9.823921541328875604e-04
9.054874756111932913e-04
9.874443385398505319e-04
9.573020766317422289e-04
9.817665954287816028e-04
8.972912241434323694e-04
9.700397264458841470e-04
9.969559575926333333e-04
9.653471137473161167e-04
9.796817157732336939e-04
9.555620782433507871e-04
9.054543859727041911e-04
9.804337944939584253e-04
9.834775929835675931e-04
9.410493296652908428e-04
9.514819592506084224e-04
9.944038682455412590e-04
9.716709943023690626e-04
9.360621014048643067e-04
9.106994910465183914e-04
9.380339642480649753e-04
9.786156256903332656e-04
9.114766596289173911e-04
9.855678675177110062e-04
9.496918361760456253e-04
9.148138466511280013e-04
9.366488914382309523e-04
9.539016401775185809e-04
9.634767935000184075e-04
9.677607348939065973e-04
9.661103607187940864e-04
9.547357128358453229e-04
9.653565235760701996e-04
9.704442253432653091e-04
9.539762264593456761e-04
9.410234089245444328e-04
9.965843351833589443e-04
9.544024325951170912e-04
9.383168743706142350e-04
9.528870696778522732e-04
9.951762210879888052e-04
9.483888899843483577e-04
9.602348958888156294e-04
9.972682296717221180e-04
9.581957791232616857e-04
9.137053570802579480e-04
9.705121389243423881e-04
9.791284230046073695e-04
9.800194281980962804e-04
9.125194142692845487e-04
9.570744095517558225e-04
9.350393896072709552e-04
9.547551021223066531e-04
9.857311759282161127e-04
9.956259143238334244e-04
9.139526675417173176e-04
9.223047669553777715e-04
9.937106216185767876e-04
9.366485622379773068e-04
9.151855838396194456e-04
9.621654965638742896e-04
9.897506915759678951e-04
9.734369069226249394e-04
9.675376619857379039e-04
9.076012982124979488e-04
9.733094918300303714e-04
9.691007621030301800e-04
9.982831983084898379e-04
9.457481722000691442e-04
9.536010998106588627e-04
9.066648992421349161e-04
9.686143210946314809e-04
9.727565987969910176e-04
9.819745443218380783e-04
9.598197052685603428e-04
9.796022653834727829e-04
8.881700946132221799e-04
8.936565843817112584e-04
9.994928251131922261e-04
9.159911905890665614e-04
9.412267559938445423e-04
9.905637439741351961e-04
9.009552977261112844e-04
9.639456195591496581e-04
8.710966501132475469e-04
9.392993525008532614e-04
9.222788138601088715e-04
9.820865895609016873e-04
9.563167470466172985e-04
9.932596467485399483e-04
8.934705044948208601e-04
9.616151828375327400e-04
9.472943116583780335e-04
9.326418112998398130e-04
9.603380962465375746e-04
8.766667200465803151e-04
9.797586536736200679e-04
9.476562394062894518e-04
9.496813931562207581e-04
9.842979322545960825e-04
9.963695630182001911e-04
9.747346083377649234e-04
9.627131803982592884e-04
9.935831105743065782e-04
9.738616893246320079e-04
9.260424257258708649e-04
9.600283837358771985e-04
9.680978741540890780e-04
9.630485429139160666e-04
9.921088816126223241e-04
9.987214023815208386e-04
9.250659924555450263e-04
9.468608994519379495e-04
9.959633731675618384e-04
9.787486389837686627e-04
9.934951533297879406e-04
9.824702738187183950e-04
9.768347682784172224e-04
9.244579158520687193e-04
9.565467926133430819e-04
9.721893269080028772e-04
9.267920396898877283e-04
9.899252811800564582e-04
9.824886965352414882e-04
9.539016354454789509e-04
9.310342256993065380e-04
9.827572633322215982e-04
9.906601427735332085e-04
9.803320407010286935e-04
9.891119441658973582e-04
9.566890303845117889e-04
9.312462263242724143e-04
9.759418493776886522e-04
9.892941364035808590e-04
8.546798904753007088e-04
9.772201116834905790e-04
9.489933669713262370e-04
9.868881214237265435e-04
9.426606373827519422e-04
9.558247324820654282e-04
9.263737336498016920e-04
9.913542813585682345e-04
9.811056612861774207e-04
9.339381030429898733e-04
9.979024192046071721e-04
9.719961573026360139e-04
9.560066163610516287e-04
9.822952605074318153e-04
9.257896357758909137e-04
9.472490705235592657e-04
9.586216064685598292e-04
8.558799143918379999e-04
9.881185891860713114e-04
9.710505143313193912e-04
9.509914361310568224e-04
9.890622174160762156e-04
9.935480374345807397e-04
8.972140938462971806e-04
9.817554117661480423e-04
9.630975815477462636e-04
9.779394182672326331e-04
9.352729931464822755e-04
9.063802317039709299e-04
9.526801007306656905e-04
9.583470472449548199e-04
9.459042604245766674e-04
9.732118666026652555e-04
9.630150284786617113e-04
9.755099907726965790e-04
9.233780869169472532e-04
9.319860412518596662e-04
9.495242283438510818e-04
9.710019459496441185e-04
9.398750728113375351e-04
9.187849145287894665e-04
9.805420627567102473e-04
9.417304096425539251e-04
9.486126358154717145e-04
9.492612550939671804e-04
9.487029281837179801e-04
9.958671673300381697e-04
9.673424449763301384e-04
9.431907257282321757e-04
9.397683530943161606e-04
9.859071920992374012e-04
9.783704181508979126e-04
9.173810061100179727e-04
9.995491891918019487e-04
9.228160055713778001e-04
9.936025780772914442e-04
9.997170264913585961e-04
9.922246721986980635e-04
9.214927035151310175e-04
9.822616310654474093e-04
9.710737781729978594e-04
9.483095366061766382e-04
9.468125207631423535e-04
9.986115744138525808e-04
9.551103488338926611e-04
9.878078532125397337e-04
9.406791256196530638e-04
9.517800656138086009e-04
9.609513361369450288e-04
8.991648369161508959e-04
9.665748960095916012e-04
9.108025907404935758e-04
9.429565497638618243e-04
9.939469959954077855e-04
9.520059147411552352e-04
9.428632493264654541e-04
9.956561170285896552e-04
9.615901327151564785e-04
9.175148206501984290e-04
9.610530728455383195e-04
9.782926031232197332e-04
9.145728626999105300e-04
9.954327383466506172e-04
9.821935272944198447e-04
9.245879449386199076e-04
9.788394617814180198e-04
9.525622659480826801e-04
9.623686332610654516e-04
9.222978956844646217e-04
9.938727340199119374e-04
8.954535703525038802e-04
9.789944796893073307e-04
9.721661871531546298e-04
9.580357841813774786e-04
9.714334432193551597e-04
9.564586319883968193e-04
9.712455880955056997e-04
9.769012866637776394e-04
9.397885788388855638e-04
9.887322941729875976e-04
9.485882653916147093e-04
9.668496401766262134e-04
9.880024471138619709e-04
9.957161455144668012e-04
9.515248877170455217e-04
9.576277868572970501e-04
9.325429612617153717e-04
9.328826610021461428e-04
9.917389263531086255e-04
9.650366462109592628e-04
8.992968427474801489e-04
9.822538596685910766e-04
9.464740464719048748e-04
9.859180302724879826e-04
9.611370392584815941e-04
9.627705782515825214e-04
9.795118252801965786e-04
9.174199737140630940e-04
9.705848473655785593e-04
9.514891166940173204e-04
9.637076415662255546e-04
9.710576265225728592e-04
9.789196623866294571e-04
9.969608413879426853e-04
9.959593351037412338e-04
9.352545023492480833e-04
9.234167018605450887e-04
8.322537194957428533e-04
9.312840125779280618e-04
8.794310832605297269e-04
9.469688135942854390e-04
9.951174355417829846e-04
9.677421027280831527e-04
9.932993669841511889e-04
9.251335927799636451e-04
9.540944274226423674e-04
9.656490520017231962e-04
9.369543207387934225e-04
9.446102650695143224e-04
9.464728525962768507e-04
9.538662221148055433e-04
9.724547582227790338e-04
9.812253662591439562e-04
9.447787202098099349e-04
9.925429299054329413e-04
9.418727734098146639e-04
9.483440719351510315e-04
9.300882663268491678e-04
9.705366122146986746e-04
9.436242489082234631e-04
9.044427879054830295e-04
9.500816411078613242e-04
9.815371472593147593e-04
9.528489043610033566e-04
9.981699083759319052e-04
9.816168747621670417e-04
9.690746998470425129e-04
9.318448646534523844e-04
9.791626353294830346e-04
9.998909281191744203e-04
9.679413699593071617e-04
9.685230668009482333e-04
9.618634710118785644e-04
9.480959519059061315e-04
9.300090968246200237e-04
9.207600315000641269e-04
9.367530737486465340e-04
9.686754068972102663e-04
9.263839098697170286e-04
9.504622262200548496e-04
9.751406393705273250e-04
9.318480379418845379e-04
9.162167591979721460e-04
9.605537486008902106e-04
9.861098764136948594e-04
9.727250511229393456e-04
9.244980334326990436e-04
9.912026440096809252e-04
9.789691868419862168e-04
9.766196781918693847e-04
9.422704729891746714e-04
9.384969952613655443e-04
9.657187296497354466e-04
9.783862360192296936e-04
9.922721227050548733e-04
9.750976807305988077e-04
8.407457992628844480e-04
9.264551386976441552e-04
9.812638732012008130e-04
9.876344495896242481e-04
9.700815974850410684e-04
8.117963766676344114e-04
9.691682589109084072e-04
9.917711012813498588e-04
9.167250290229718131e-04
9.561706936219840696e-04
9.533208739709898849e-04
9.851319487818731464e-04
8.635072868021721922e-04
9.384067628722254873e-04
9.588755812354027817e-04
9.376491280767278603e-04
9.603726951667028748e-04
9.486559630472107341e-04
9.690637195542982406e-04
9.570699881177131482e-04
9.634684759768235868e-04
9.622702435225397944e-04
9.742833372836769493e-04
9.550630408201185801e-04
9.548371075460200964e-04
9.473581722374154433e-04
9.892950440333740138e-04
9.334207051304485147e-04
9.820487017537101685e-04
9.653446367255437421e-04
9.925444126857435861e-04
9.236605115476975150e-04
9.786746626445422259e-04
9.470999959203918028e-04
9.593013782529066129e-04
8.907072192488521686e-04
9.598304226256569680e-04
9.748802802637823598e-04
9.807254637158231182e-04
9.911018403407818606e-04
8.361076166563798182e-04
9.951300438851224187e-04
9.592113856207134907e-04
9.232454092466281775e-04
9.873600348500701559e-04
9.243675297879044590e-04
9.911837620234700136e-04
9.607847325513289589e-04
9.354874653248982253e-04
9.572840581261521983e-04
9.851590740159515622e-04
9.552301416086349207e-04
9.124205519409644451e-04
9.776536947309370437e-04
9.527577575521587383e-04
9.943164763354238756e-04
9.834349398772895389e-04
9.570961221907362069e-04
8.771044881244034969e-04
9.831094895057185343e-04
9.273079106399052156e-04
9.497974305166152504e-04
9.206234219127375738e-04
9.565714709960069801e-04
9.308036473788194008e-04
9.634936823359147116e-04
9.296886796251517494e-04
9.937012696138900706e-04
9.857485425907698898e-04
9.299690843550304474e-04
9.983693420857738064e-04
9.844418443641861707e-04
9.878265459910154454e-04
9.690292829880211949e-04
9.315663591799750332e-04
9.923361457172944801e-04
8.962744857184415598e-04
9.530218679657253026e-04
9.947200503326689581e-04
9.979164851373497312e-04
9.900227535864010876e-04
9.011085718575943381e-04
9.490314681006797740e-04
9.476712900450318024e-04
9.895015888168434259e-04
9.323894302464408443e-04
9.516568366170879414e-04
9.202584989498852844e-04
9.206931087879326441e-04
9.845853139283113585e-04
9.256478176865154308e-04
9.591239931783996416e-04
9.825344740134311222e-04
9.113747416326906494e-04
9.993842991834270273e-04
9.522592569400562586e-04
9.656437985775964900e-04
9.934926824164906200e-04
9.985128289084134901e-04
9.210215692276161638e-04
9.789311643696803518e-04
9.028935567160272175e-04
9.398748046057821140e-04
9.504500889627400971e-04
9.528376250849697861e-04
9.898894385420148583e-04
9.032815931938447665e-04
9.850866396123787207e-04
8.253860616502165090e-04
9.932082439650488821e-04
9.499762430717115756e-04
9.509372008856061161e-04
9.413511099899279661e-04
9.902292676356014203e-04
9.557085617979136282e-04
9.715485467253915514e-04
9.383391773312192100e-04
9.962595821530848429e-04
9.835163989527671239e-04
