9.781299968031340660e-04
9.439367838588995927e-04
9.596530398648813430e-04
9.467238229946611447e-04
9.783021263014119416e-04
9.908017686852839661e-04
9.794036110865099540e-04
9.563528210955685388e-04
9.941310167250493914e-04
9.574737730668345321e-04
9.253430261830098823e-04
9.855291901441334736e-04
9.888521302098211407e-04
9.900193494688108459e-04
9.909142644952081448e-04
9.631627954148359308e-04
9.994757690092918954e-04
9.605109238808236553e-04
9.318963003629023934e-04
9.774734759677673399e-04
9.193067639012452623e-04
9.201427680340720913e-04
9.947969422256304657e-04
9.539073287659246810e-04
8.514683729355433141e-04
8.207760878345159768e-04
8.621852279500275733e-04
9.700704012234191405e-04
9.879823580154377047e-04
9.940711370184278708e-04
9.910009880762093038e-04
9.495531697832637359e-04
9.820991124667309731e-04
9.417555744486471366e-04
9.111532465046064903e-04
9.665590965970705930e-04
9.524156520308219888e-04
9.886383145560825869e-04
9.784531214608995029e-04
9.426115739161330335e-04
9.349107364651469557e-04
9.529840533808348361e-04
9.831389424464526301e-04
9.455056534393652470e-04
9.963241124055033458e-04
9.235200591664719004e-04
9.293237035730802413e-04
9.574215084292733670e-04
9.137416935406010663e-04
8.264693469753658971e-04
9.662876717094222691e-04
9.890738842563177261e-04
9.125600083251995563e-04
8.883763041106577376e-04
9.292633106111803818e-04
9.604927063402157739e-04
9.235533210499026176e-04
9.803253906419207107e-04
9.775736193077075743e-04
9.901310465181955428e-04
9.983963709616098733e-04
9.910175662005877868e-04
9.773353720964475869e-04
9.929099144857082317e-04
9.796514061038805610e-04
9.209354448537919371e-04
9.421162089818476727e-04
9.220911562067009943e-04
8.880412203008551447e-04
9.805048531450666262e-04
9.485392767474583710e-04
9.396065483415089745e-04
9.653011777335146525e-04
6.960392754976713016e-04
8.292880979058197015e-04
9.699850880336484361e-04
9.121290624705601048e-04
9.501452547927170941e-04
9.946773129091656101e-04
9.341876133972073278e-04
9.760415219407042814e-04
9.309584089645629116e-04
9.869234502835617494e-04
9.048180579198020343e-04
9.612867999567438568e-04
9.715641953277482897e-04
9.775010932991448631e-04
9.394383012503101926e-04
9.279582946749659550e-04
9.754248212174065945e-04
9.911826818045372644e-04
9.111398463264771532e-04
9.551785856210982676e-04
9.672669487049206580e-04
9.151552776766430338e-04
9.443871690874540903e-04
9.799652807284786171e-04
9.856626715816149686e-04
9.645839158960189431e-04
9.243290294577385414e-04
9.711743322820823787e-04
9.594336688523648652e-04
9.445173867156482972e-04
8.831299952306642317e-04
9.146026732408525347e-04
9.257598647361240263e-04
8.509604818129799190e-04
9.470849092007698486e-04
9.688324165661034264e-04
9.244190493888792713e-04
9.139616025519959556e-04
8.951189975283604548e-04
9.887717684576072773e-04
9.072733081423719689e-04
8.869852042698740929e-04
9.702722293636752929e-04
9.187966335303056255e-04
9.395092950536016070e-04
9.186924882382129127e-04
9.864197332356558837e-04
9.949319274551308209e-04
8.935720027613134513e-04
9.266546140986746437e-04
9.754298963313846448e-04
9.739078385995451502e-04
9.967288325819941269e-04
9.353059303603733672e-04
9.566095922073899810e-04
9.732256682848775030e-04
9.550188377679790907e-04
9.683609957855596195e-04
9.897054765468699025e-04
8.493229222501134197e-04
9.494639576653398239e-04
9.665035745070802136e-04
9.457816365965122972e-04
9.795787401039664395e-04
8.892588807307130533e-04
9.828090079098390861e-04
9.729525547508241804e-04
8.913221529859902516e-04
9.752818351473667782e-04
9.470458256811774929e-04
8.704360801967078211e-04
9.567820109249638300e-04
9.578194668085935693e-04
9.428452898203954283e-04
9.999395089407398483e-04
9.113521457199310607e-04
9.371531071638057467e-04
9.442649134031679860e-04
8.823038079692106057e-04
9.286118625477917396e-04
7.696085160503369788e-04
9.838763435165288722e-04
9.458554414044087954e-04
9.814174062490947474e-04
7.974447320222582567e-04
9.339308479355204343e-04
9.202088115317095043e-04
9.091300893549700019e-04
9.435569176586231519e-04
9.487857656963501326e-04
9.648244701676774457e-04
9.631484746018291248e-04
8.523598885196307165e-04
9.569793599380526164e-04
9.504901221479241692e-04
9.328547558262072822e-04
9.422616442151480337e-04
9.518563569004763513e-04
9.918590744522769089e-04
8.956812679494132595e-04
8.652346415838807394e-04
9.577707251486688002e-04
7.838734129242079908e-04
9.443820337827561187e-04
9.250104286401843092e-04
9.399487853910913756e-04
8.837673885478083318e-04
9.762595474629290945e-04
8.566163377994001453e-04
9.524532879316930517e-04
9.392564572154470017e-04
9.242298210274969015e-04
8.571611470320546645e-04
9.814467400465827929e-04
8.264644019745444239e-04
9.621332504913245130e-04
9.863821239708880830e-04
9.226893802886234827e-04
8.574369440449809091e-04
9.890938786213919216e-04
7.558437339271037361e-04
9.925241930123613558e-04
9.333620795447972619e-04
9.580222187243614277e-04
8.802233977267635975e-04
9.545829664641626491e-04
9.099534301999531553e-04
9.767326744969839943e-04
9.071024683745345946e-04
9.712804588523456977e-04
8.628469688062976760e-04
9.635999720770825529e-04
9.288067996619913660e-04
8.973386404372919777e-04
9.205502668484836452e-04
8.538275698377813814e-04
9.321227658272300456e-04
8.717276382495339369e-04
9.562149144883727667e-04
9.454818650427580969e-04
9.756668967783964754e-04
9.813914082252702883e-04
9.965204458959122952e-04
9.068684977235288601e-04
9.329979414486502375e-04
7.702092838692297695e-04
9.444252220214716673e-04
9.601312189323510079e-04
9.603804299978787110e-04
8.381403891071007289e-04
9.595734716874314328e-04
9.965925568239135043e-04
9.461148974359712008e-04
9.482181479360993724e-04
9.993513875985397376e-04
9.527639539764893011e-04
9.156436305367995866e-04
9.846300284995035488e-04
9.048537766712497253e-04
9.819865220991057155e-04
9.703255832070362304e-04
9.861424754885319763e-04
9.891680605564575398e-04
9.180216294823812439e-04
9.467123197446308900e-04
9.346270589910061393e-04
9.564020902900632632e-04
9.573938359780110588e-04
8.807903458756105976e-04
9.331264766474211278e-04
9.672972491580608201e-04
9.165553135382718385e-04
9.933005508216776781e-04
8.571185281276764946e-04
9.498125546600104862e-04
9.749260911228193422e-04
9.026286828655748955e-04
9.538914420262268245e-04
9.510012795934185510e-04
7.304921428359304868e-04
9.513825122600500991e-04
8.969225916280119644e-04
9.271150256879175620e-04
8.375524653708940354e-04
9.701294568724788897e-04
9.296147626414484133e-04
9.146101722306412612e-04
9.577167530073134620e-04
9.690851451173774882e-04
9.464590092253227348e-04
9.435885860671314358e-04
9.624043196900600519e-04
9.378696802543848602e-04
9.959728460211274195e-04
9.300424438926885133e-04
8.645392248346958890e-04
9.583271565250240905e-04
7.846905109579295013e-04
8.707141941366578928e-04
9.502183968277460799e-04
9.744462741060511309e-04
9.840506664060934879e-04
9.612495413731811595e-04
9.708105317727570242e-04
9.477402098237900458e-04
9.416761812656821665e-04
9.483923806284608746e-04
9.690742339551270800e-04
7.532978534048852736e-04
9.790296740020073846e-04
9.366249215607001972e-04
9.377070225071212472e-04
9.432255057726677888e-04
9.515362499275979366e-04
8.929815327399981059e-04
9.153470612590732837e-04
9.746599092743702146e-04
7.301273205177556853e-04
9.582086056678705641e-04
9.114732088837122943e-04
9.566032463853128571e-04
9.458975461081528535e-04
8.995243459102999313e-04
9.648461197545597822e-04
9.459857100600668322e-04
9.206693297269322174e-04
8.787168162154713850e-04
8.908225609290615441e-04
9.378892160795341670e-04
8.718944668983187379e-04
9.062980688876196098e-04
9.402521298957760296e-04
8.974912556893695692e-04
9.493716008393919808e-04
8.982470244746170156e-04
9.507819537829328852e-04
8.381504583858378219e-04
8.989560393218543836e-04
9.129308795919064204e-04
9.419046368981435179e-04
9.952045847818806554e-04
9.458769472386221837e-04
9.330974014137003759e-04
9.984304705698782232e-04
9.609126922470488186e-04
9.617296435809553814e-04
8.874242525368314458e-04
9.990283603426542650e-04
9.524234826746939267e-04
9.751316536987676004e-04
9.718976429788527731e-04
9.572851241170770697e-04
8.570719865792625607e-04
8.539713887828494741e-04
9.380003490135969176e-04
9.499176836443076061e-04
9.719857474024394973e-04
9.831621882238265973e-04
8.229740981303249091e-04
8.902287614510649228e-04
9.993348327821227183e-04
9.725426378368888427e-04
9.262092812571783495e-04
8.127528933107823613e-04
9.311799691806361056e-04
9.583573010207058250e-04
9.225521044302962105e-04
7.188976458965415720e-04
9.668073634245535550e-04
8.891604766477137619e-04
9.664390292720246179e-04
8.297941006385572927e-04
9.354199591268053723e-04
9.459319320293395643e-04
9.008463188027894661e-04
9.765416572520170665e-04
7.506074901908591814e-04
8.360431752403861853e-04
9.512797170079266345e-04
9.798303000146100540e-04
9.894129485561252001e-04
7.808278857632856319e-04
9.782907827665370676e-04
8.033394775308020383e-04
9.033037200453414338e-04
9.356227330289842948e-04
8.871157381479903830e-04
9.698592688955910137e-04
8.684364109913723278e-04
9.806492159344165020e-04
9.796717424623265294e-04
9.363311863053988332e-04
9.657648899662945935e-04
9.529184005472167863e-04
8.426629068748753152e-04
9.567140943421477027e-04
9.271824051654504800e-04
9.726217386959943581e-04
9.774082851403491888e-04
8.695193700182466410e-04
9.923222691552030256e-04
9.475391928714892425e-04
8.269587936397339344e-04
9.729127120895645449e-04
9.057004187553323359e-04
9.833265829620010164e-04
8.536588430667457327e-04
9.398317239891960896e-04
9.711152231634856717e-04
9.934632367794614741e-04
7.419619493738761375e-04
9.493259238627010715e-04
9.409571913685509667e-04
9.425425989616390650e-04
8.641328760604885702e-04
9.631255201365538417e-04
9.937453351644958549e-04
8.873451238736797557e-04
9.606395476982556745e-04
9.610351228321883802e-04
9.807108322390800399e-04
9.067115795196298072e-04
8.605281111467157984e-04
8.571677530787107611e-04
7.521491645539353900e-04
9.564478038069990692e-04
9.300329202561591607e-04
8.876663499219925946e-04
8.400531398718174723e-04
9.448395713270037709e-04
9.895694623384952184e-04
9.373114794106272157e-04
9.765966800482812904e-04
9.867187047787411534e-04
9.292865239439739066e-04
7.936299977205319659e-04
7.752164179051709847e-04
9.893935850431075790e-04
9.277391400385217018e-04
9.294191188597486627e-04
9.940290140784738531e-04
8.770715406060529710e-04
9.828755165666291232e-04
8.634008316620010465e-04
9.927870234513395779e-04
9.308626705538111190e-04
8.570220009385829058e-04
9.968257878750011458e-04
7.265187886817631256e-04
9.593663143748266432e-04
9.260735342483891481e-04
9.921435253384867058e-04
8.816452615688363803e-04
8.276427115089127293e-04
9.510126053102124300e-04
9.973862103719417175e-04
9.838803205000760423e-04
9.242703593672639594e-04
9.612924563704513961e-04
8.920181301993109239e-04
8.963125007822301572e-04
8.041581998458585245e-04
9.707432822833014828e-04
9.574369094692419813e-04
8.984264868462896484e-04
8.865392496270782215e-04
9.029285594372999778e-04
9.856474295416065793e-04
9.208235554352970156e-04
8.154502706546660042e-04
6.905535484273766459e-04
9.465495579353164169e-04
9.372408816708410360e-04
9.993978793416445974e-04
9.309343364388257070e-04
9.586834353235614828e-04
9.558146939935478845e-04
9.215932423303636314e-04
9.127545246745578109e-04
9.225659842316534000e-04
9.755859217282743853e-04
8.876402103551233810e-04
9.313009518815055067e-04
9.692921773994419947e-04
8.277964526161849836e-04
9.545432292388769842e-04
7.539974514826923348e-04
9.935452747257243495e-04
9.218229388083029998e-04
8.904830135213804860e-04
9.747770958476484164e-04
9.560736693484399480e-04
9.286744900155449517e-04
9.367397120233783179e-04
9.508885441694867003e-04
9.027543253836235520e-04
9.608044141059304257e-04
8.233856223457745697e-04
8.590726742624737663e-04
8.285856485406126615e-04
9.965475945920476610e-04
9.480720143847412270e-04
9.949960042212270452e-04
9.864452984565874258e-04
9.986481099124844794e-04
9.648621908228474653e-04
9.388791583461452176e-04
9.813677421340167000e-04
9.196439147018226849e-04
8.918306462126354087e-04
9.472697297782971867e-04
8.389259868113610550e-04
9.644327380479771018e-04
9.844385429933666561e-04
9.340987261233715680e-04
9.089916342544303871e-04
8.709906375530714062e-04
9.356193121126672556e-04
8.884510157193930809e-04
9.927400036203052128e-04
9.983799605839721505e-04
9.235260923454034938e-04
9.963330397189751417e-04
7.634142567234371247e-04
8.049293213400060543e-04
8.865049094638728991e-04
8.950512834706830225e-04
7.785773333870435811e-04
9.994647649783944699e-04
9.460837535107229079e-04
9.462954856843174088e-04
7.280198672538284272e-04
9.874069403004565558e-04
9.548470526576216316e-04
8.888860603598858993e-04
8.943454378352213695e-04
9.542169570363220714e-04
9.556035388976428374e-04
9.520093303896304477e-04
9.797377173574907394e-04
7.273798337648654201e-04
9.652400845195032884e-04
9.933095629690088125e-04
9.209572024470191352e-04
9.477412070964587884e-04
6.999969276063011626e-04
8.734183846659283879e-04
9.427729814112373579e-04
8.888703847239122794e-04
8.707343850509622132e-04
8.881733946637446328e-04
9.947964654976834166e-04
9.418195454435153218e-04
9.343417391898676183e-04
8.238334684305412617e-04
9.444155891755822265e-04
9.400017458897151059e-04
9.207822140303319582e-04
9.836984524048627849e-04
9.951201461992078504e-04
9.751446208746966529e-04
7.622010801702550943e-04
9.563700500060846746e-04
7.398496114062656738e-04
9.449926195129210735e-04
9.547218270017507813e-04
9.591465901942083060e-04
9.734836351778996741e-04
9.715173831636844583e-04
9.293030620015656955e-04
8.502201542933083287e-04
9.905698505488214328e-04
8.922100151448982995e-04
9.975825101604268198e-04
6.893770943831404327e-04
9.105436274999092246e-04
9.733849021304080175e-04
9.229769935392979734e-04
9.258635400334762388e-04
9.328531064465454608e-04
8.207997138516441235e-04
8.864812069032823203e-04
9.601655965397601009e-04
9.690950743051604446e-04
8.945780505013186615e-04
7.997916637796133061e-04
9.629079393263297601e-04
8.120349417310631377e-04
9.117997487240285526e-04
9.614620405771905380e-04
9.774128917100291525e-04
9.030668610908924952e-04
8.059337461899896771e-04
9.333925225920537347e-04
9.582776699904630661e-04
9.908509798663921696e-04
9.923862683594783518e-04
9.656460595428271749e-04
8.565938336410522424e-04
9.180408926793510787e-04
9.402394354522988339e-04
7.827108761806494562e-04
8.148294137335947889e-04
7.880246580881473603e-04
9.391216509246090366e-04
8.819428109556462026e-04
9.349339353665299867e-04
9.751904305205999837e-04
9.732994715762413335e-04
8.803518949917507695e-04
8.837282139018383734e-04
9.274720816504677858e-04
8.908076239714356886e-04
9.342904740693638984e-04
9.976064125206097425e-04
8.687416838616262042e-04
9.984500393945712742e-04
9.308490232623153372e-04
9.422301814436451119e-04
9.906385512365304454e-04
9.367128208961734374e-04
9.359513177906481508e-04
9.212351573744668228e-04
9.500233517607384109e-04
9.516161819511005258e-04
9.969805612708760884e-04
9.310839634290283716e-04
8.700135354608859103e-04
9.083529313011618053e-04
9.744407871561260081e-04
9.726715452629747845e-04
9.988743387623828015e-04
9.805711238940007044e-04
9.393287188901586812e-04
8.310173691748245833e-04
9.836791154796532908e-04
9.146109174185221725e-04
9.914909606422842893e-04
9.279186541950584918e-04
9.691272158320699557e-04
9.417997193362103890e-04
8.769778801212148702e-04
9.552518550038398152e-04
7.588219134633639954e-04
9.294380600047230743e-04
9.759161358150338734e-04
8.132904753480482913e-04
8.817781929935800470e-04
9.388608015924772027e-04
9.762464944190941572e-04
8.514470227149278881e-04
8.757373115824019366e-04
9.896984089957649999e-04
9.919887325638579532e-04
9.761563811064805172e-04
9.389299599888765004e-04
8.551467788094093119e-04
9.734948248614703472e-04
8.998999900314974413e-04
8.458523327047773755e-04
9.138382655855872014e-04
9.674070469812942781e-04
9.345136338171110887e-04
9.230220237734778829e-04
8.400948340983825906e-04
8.944433206892982244e-04
9.781344147843551613e-04
9.664161985439070077e-04
9.687690513246463228e-04
8.961861002419619629e-04
8.946588538601313615e-04
9.957365019739540437e-04
9.907457679642708587e-04
8.599977115027826208e-04
8.764352959562056759e-04
9.628748003471893037e-04
8.935917371182461105e-04
9.236156001973012822e-04
9.888377589558779678e-04
7.692720680609305790e-04
8.796126148038050816e-04
9.104294586142660638e-04
9.783497222646865294e-04
9.418041456433071720e-04
9.444399041030708802e-04
8.148291111616406436e-04
8.803748533503040052e-04
9.405262583335083533e-04
9.886445408410736435e-04
7.979726354889030192e-04
9.033282328600442980e-04
9.741169648741000199e-04
9.430079687751453292e-04
9.518197201575671678e-04
9.803664834767869107e-04
8.341709443648420404e-04
9.902614494995006476e-04
9.951128151471722375e-04
9.889897119614548659e-04
9.258924269197366412e-04
6.858489371338224441e-04
7.618147547986841477e-04
9.907389944274933805e-04
9.515859148092336997e-04
8.799243680009589431e-04
9.530353592483843759e-04
9.418855528231042957e-04
9.030215023431132325e-04
9.730542917243520298e-04
8.946990438448491857e-04
9.098258718900607573e-04
9.918917302205222403e-04
7.990086814036456708e-04
9.376458886058539098e-04
9.524223642106360117e-04
8.080549727219447659e-04
8.272490684888098456e-04
9.070463833872714765e-04
9.679826234601942138e-04
9.636299400284722982e-04
9.216186496286055997e-04
9.761360157727655331e-04
9.960431507817599662e-04
9.000629860959517229e-04
9.093358237430475624e-04
9.542066952920973122e-04
9.139301515533400540e-04
9.778689285654539216e-04
9.616887242965755549e-04
8.809683049982786800e-04
9.246505400956372186e-04
9.579429701992713290e-04
9.857069805708600085e-04
9.305658153798471426e-04
9.393217144400061933e-04
9.879303081839010698e-04
9.786948994311630168e-04
9.397746233349468011e-04
8.729805035700089139e-04
7.950589317293336230e-04
9.666447844919677079e-04
9.918662533461174071e-04
9.958791380513848553e-04
9.533048079049899568e-04
9.471169073835178408e-04
9.533685492506295805e-04
9.803286749565135686e-04
9.945831379390187698e-04
9.980274787185002428e-04
9.712667562802525419e-04
9.504234178377658424e-04
9.122722822112845024e-04
9.072063986414885539e-04
8.018625136369865415e-04
9.789547101652560073e-04
9.994501675918187125e-04
9.668935294159874223e-04
9.609486069135161771e-04
9.443534014475597543e-04
9.182314541191108435e-04
9.387482266636201561e-04
9.490699721993216742e-04
8.964180598925247049e-04
7.427139481217157838e-04
7.349882777416090127e-04
8.124537783143900242e-04
9.346684491943715216e-04
9.758094910043645619e-04
9.898327362186051283e-04
7.533689880670101828e-04
8.443238142128747618e-04
9.658850209596927345e-04
9.977892187040099913e-04
9.061424650995595319e-04
7.646291535126661888e-04
9.002489659399905142e-04
8.834621178227810515e-04
9.967491197490246143e-04
8.587017689040831077e-04
6.570599272156775949e-04
9.106923947937921142e-04
9.145861839414151607e-04
9.410076038142333116e-04
9.313105994460496280e-04
9.311209937748402129e-04
9.324717182988267062e-04
9.718740306074772316e-04
8.224353301184877171e-04
9.947065486097992314e-04
9.999995522445516340e-04
9.718879388219384304e-04
9.826491218405892028e-04
9.398296819092910679e-04
9.253721853059170303e-04
8.121582035382228417e-04
9.269896773955825769e-04
9.722350035465378510e-04
7.857502988896447951e-04
8.866562249076793837e-04
9.571694645663278000e-04
8.791475414906117260e-04
9.682269378889020494e-04
9.899397303029457314e-04
7.327391988162268747e-04
8.290580531021040159e-04
8.868467891895719275e-04
9.624718153921460635e-04
9.402890993770061587e-04
9.624080648690208455e-04
8.611353252042141040e-04
9.795193108324609915e-04
9.460682970034553540e-04
8.605901808916829789e-04
9.269577897582471438e-04
9.934139660211730588e-04
9.777502278667390360e-04
9.720995590886482391e-04
9.904296237970725090e-04
9.389420804664788678e-04
9.765235438512079660e-04
7.748719207075880798e-04
9.515860681195502900e-04
9.788494579931607091e-04
9.742115840113843919e-04
9.109224051243038859e-04
8.188083061623527108e-04
7.860246647667216719e-04
8.537474208503694970e-04
9.839931180443209097e-04
9.903335690808273088e-04
8.338472532074002247e-04
9.416954782445462755e-04
9.486475505276208316e-04
9.856407571018532994e-04
8.470070276876042609e-04
8.529284605902376923e-04
9.286463136030770858e-04
9.999893570597450081e-04
7.723370303144643737e-04
8.748372281299954169e-04
9.820123313882946157e-04
9.641895541852885413e-04
9.759925004146059822e-04
9.521485135537442268e-04
9.357477012200347399e-04
9.856402789749200716e-04
9.387302170667669379e-04
9.546295088681902314e-04
9.858665809086481803e-04
8.577190927661808642e-04
8.767774118445608670e-04
9.377773648454734842e-04
9.460404334152982143e-04
8.569644405621529380e-04
9.045151789637506613e-04
9.521111755755737793e-04
9.927198765651396809e-04
8.700339697955691365e-04
8.957395707875351809e-04
9.406726312962097880e-04
9.969013402169541252e-04
9.228497372341628235e-04
8.576970653873310048e-04
9.413999763214526018e-04
9.967443370913853327e-04
9.975152399060230324e-04
8.305680366329264630e-04
9.697953215685888896e-04
9.823650022591698654e-04
9.656141140836256315e-04
9.235476546639323709e-04
9.916272212899398478e-04
9.054018002327610375e-04
9.736356092023616638e-04
8.631860148880776944e-04
9.374954066083894229e-04
8.461787801695717969e-04
9.384961246386380957e-04
9.523980529820157180e-04
9.614947892648888174e-04
9.619624244168222330e-04
9.622414303534698385e-04
9.025807790847549831e-04
8.078373431194257187e-04
8.971418370960127951e-04
9.791591868820047253e-04
9.459462372519688569e-04
8.292128965330290919e-04
9.774923568387156383e-04
8.629686751276123254e-04
7.414749561472872095e-04
8.833546709339287891e-04
9.282265101139065052e-04
9.400589551796531638e-04
8.911809128667064770e-04
8.928336005755727750e-04
9.687800156338840845e-04
9.495129018472504281e-04
8.661257697271861023e-04
9.026199389608267464e-04
9.843657493425433773e-04
9.939740828656779773e-04
9.508986439125284833e-04
9.449946382128043268e-04
9.356366996992450478e-04
9.419921052600000464e-04
9.464803781691288019e-04
9.969839623673547573e-04
8.923775809733114220e-04
8.207789441837091710e-04
9.978010147343124945e-04
9.971429645663678742e-04
8.140251052926182791e-04
9.538537327088626077e-04
8.596412659601764808e-04
9.508881021388646340e-04
5.979867826558122332e-04
9.933985218837785344e-04
9.122770716797387169e-04
9.898234093686179152e-04
9.989298981249328940e-04
9.040488292740633336e-04
9.247337041442284505e-04
8.942216602304981507e-04
9.064482938166387900e-04
9.253901103789819978e-04
9.755351263422717446e-04
9.283454547037564347e-04
9.136144076719727699e-04
9.296044052445878855e-04
9.675963520623452434e-04
9.146862138950833439e-04
9.797087895935762108e-04
9.043742979431165742e-04
9.849479071600587832e-04
8.398882502349045267e-04
9.952985888095062898e-04
7.997117932464154269e-04
9.988514222909986463e-04
9.637964440817306435e-04
9.529142129498304218e-04
7.952184854376819021e-04
9.565817640812959233e-04
9.819248825760976129e-04
9.043385722319571048e-04
9.340518730004465425e-04
9.738794290184164728e-04
8.600286246253185767e-04
9.044403583744788089e-04
9.023859458528370398e-04
8.400774324665736745e-04
7.900605284475863436e-04
9.486715646665606861e-04
9.303103088320735774e-04
8.614346116731689358e-04
9.534419019128134980e-04
9.840457026525832682e-04
9.074261910628534950e-04
8.875351240269077277e-04
9.747024855552139082e-04
9.488623720779859041e-04
9.396811161709520263e-04
8.971496118959603047e-04
8.276290920529706880e-04
7.501446215480367863e-04
9.515970151168983912e-04
9.880470932185931449e-04
9.717051872198302501e-04
9.772580472578020015e-04
8.807493385288356130e-04
9.636347596703742375e-04
9.694698719947814330e-04
9.674156289574183804e-04
8.152635024676383423e-04
9.485507229559449367e-04
9.655390600430016710e-04
9.598260426002709622e-04
9.958094963480827039e-04
9.389085801920073020e-04
9.429106254736643270e-04
9.473402600611222340e-04
9.114763659590838230e-04
9.279872156434896277e-04
9.239195451345077808e-04
9.520568950629787648e-04
8.931631482425032202e-04
8.791111852867473367e-04
9.776529926227900315e-04
9.445169049659990100e-04
8.432009239003521693e-04
8.482587031086868956e-04
9.043729496439047123e-04
9.822249024942326327e-04
8.961934518035229690e-04
9.817746164601892471e-04
9.773470750632457047e-04
8.959769682889591469e-04
9.901455576128699414e-04
9.950136681141543826e-04
9.466165438427180971e-04
9.905396508443065334e-04
9.494380930719707430e-04
9.795907242199865163e-04
9.015482994045899423e-04
9.877828793331136850e-04
9.818388191843751330e-04
9.759878724491750706e-04
7.101248263656750187e-04
9.769572255020010556e-04
9.239890911816152699e-04
6.879188226793498100e-04
7.791980548637122495e-04
9.828040394581532072e-04
9.384304419868986580e-04
9.391759539776259455e-04
8.716034470543861145e-04
9.629409307942635166e-04
7.739270264306544233e-04
8.446871753428166537e-04
7.260737787617375363e-04
8.504022511501435361e-04
9.929357105187372901e-04
9.508220144303992970e-04
9.647179099999524804e-04
8.998224644117249968e-04
7.949887976208432332e-04
9.521044860378406749e-04
9.198914072418378461e-04
7.464140681451431059e-04
9.877709479077115360e-04
9.321703833964436765e-04
7.976439208317394249e-04
9.600356892370919123e-04
9.279466904925390367e-04
9.515733241446793509e-04
8.317400002188396783e-04
9.610690709309106100e-04
9.379999043690323687e-04
9.122155893581576202e-04
9.658561015736515792e-04
9.321402801076460925e-04
9.974255770106130355e-04
9.532391576323383199e-04
9.331135943502966894e-04
9.693359563692498411e-04
8.292763300263688566e-04
9.263549243595498419e-04
7.622300539386471941e-04
9.628779401904859073e-04
9.126730048030377634e-04
9.345707606374529988e-04
9.391015286012870025e-04
9.915720992969363681e-04
9.237322428610775195e-04
8.409597825257945523e-04
9.242277808827151653e-04
8.495570278801945971e-04
8.218568582232623539e-04
7.922875837102736100e-04
9.775961393121482528e-04
9.060351897664590788e-04
9.655566186170787962e-04
9.900239868535678622e-04
9.878704546518793633e-04
9.119778827977613380e-04
9.148000918868891664e-04
9.942164298085702685e-04
9.706927157722087520e-04
8.907491738075870623e-04
9.474283556749748744e-04
9.097344483926149633e-04
9.829154208362720843e-04
9.692468510385907239e-04
9.741213917420321437e-04
9.649036449631266622e-04
9.577706639605678817e-04
7.898026671218172454e-04
9.352881045879542308e-04
9.702433473716036774e-04
7.649432058924515504e-04
9.566653169086850473e-04
9.901648639590492421e-04
9.657350617395149854e-04
9.494970559529533095e-04
9.649048017898145986e-04
8.660457916317018884e-04
9.979518656801421132e-04
9.003854900963224319e-04
9.790771192473071965e-04
6.871350453890253968e-04
9.905977393859432753e-04
9.731756229251956438e-04
9.800147594654462328e-04
9.621844482400736817e-04
8.923753722672524450e-04
8.549346040244299848e-04
9.694655599661692203e-04
9.971345375184635478e-04
9.589778221562022392e-04
9.808782675885996307e-04
8.962205505178445081e-04
9.216962875655489076e-04
9.759737728509449046e-04
9.274217126485687340e-04
9.774676110278900532e-04
8.586706933104349586e-04
9.010514550126828490e-04
9.254074257489735634e-04
7.259962777438357627e-04
7.616337376830117391e-04
9.492865197851992889e-04
8.948828927851899080e-04
9.623963266146059320e-04
7.701204171877192722e-04
9.318487525962548335e-04
8.879584506382118573e-04
7.757546017137443954e-04
9.704666124968043756e-04
9.046490248829203683e-04
9.988498481595007531e-04
8.582807527280942672e-04
8.958626385440847774e-04
9.765976734284621385e-04
9.136980699485758002e-04
9.543515799927830600e-04
9.697432859836066033e-04
9.007249730746921031e-04
9.614472092138437714e-04
9.512961279916837872e-04
9.891298708934721882e-04
9.526469527383962322e-04
9.163444191757069831e-04
8.725833392902070584e-04
9.783384412340627792e-04
8.069266766438310456e-04
8.454344422707705132e-04
9.815786930859647999e-04
9.204274917528617673e-04
9.059616251024853401e-04
9.855096192650319130e-04
9.398557364212929439e-04
9.178871548137011813e-04
7.856675613278820552e-04
8.499802572572497539e-04
9.612625907610720596e-04
9.388197593063285582e-04
7.989305201102425225e-04
9.315412913030202569e-04
9.614145336785050958e-04
9.055548074836403203e-04
9.824035958894306465e-04
6.828304551298165857e-04
9.983065177352082407e-04
7.753299311164108107e-04
7.681664492298480133e-04
9.846938279810420452e-04
9.414655173018851922e-04
9.704323437935147290e-04
9.969022111540109740e-04
9.254013293893501718e-04
9.680355956155339012e-04
9.505299156022842906e-04
9.624626434911137760e-04
9.959863604514073571e-04
8.161284065253251790e-04
9.081203533645315368e-04
9.300332148689237919e-04
8.961546935877465073e-04
7.724888734158099398e-04
8.622336621781327573e-04
8.120004340534698207e-04
7.343027839287226540e-04
9.512014424625657612e-04
9.810861822519192227e-04
7.129929949754664582e-04
9.379114155557926160e-04
8.634763910867589631e-04
9.354057449267363369e-04
8.379377124890978554e-04
8.920352852666236978e-04
9.837578965738922026e-04
9.185119153438243934e-04
7.461834870647143878e-04
9.833090450038386825e-04
9.662252971389986541e-04
9.847941497028221778e-04
9.263343259387151569e-04
8.670079341407821308e-04
9.639029787909370690e-04
6.831908685185400423e-04
9.988214052739528490e-04
9.251137544341809030e-04
8.816491067312780868e-04
7.376320305101106067e-04
9.850046781786445799e-04
8.932070928145186862e-04
8.254765525399826356e-04
9.933493589604988367e-04
8.852700591960415821e-04
8.449036688626190839e-04
8.764420763051405461e-04
8.557698982071519243e-04
8.338080543741583977e-04
9.914729749719273805e-04
8.789436751261614413e-04
8.265384153669181949e-04
8.254548737564902173e-04
9.548162108807076859e-04
9.431123709306412023e-04
7.930363461085496992e-04
9.524217081434296992e-04
9.694349788121134218e-04
9.759007624764348861e-04
8.674134137489677423e-04
8.480845638648636890e-04
7.990377835591126136e-04
9.286550187527763687e-04
9.961504069812875464e-04
8.363759805761150851e-04
9.355269706361168383e-04
9.089833517936172754e-04
9.846732494200999535e-04
8.082225386611898051e-04
7.897509132403224275e-04
9.553807988726762670e-04
8.941074320537317635e-04
9.384970610668611456e-04
9.557292981484308541e-04
9.742721959863109328e-04
9.690860330123684174e-04
9.461602900996823754e-04
8.761802702955579121e-04
9.921562294333370266e-04
9.106000533295087939e-04
9.597878639612223654e-04
8.256181781163846739e-04
9.325840664193274770e-04
9.632323612547222724e-04
7.971239559714079961e-04
8.114804312518993741e-04
9.146423061182771186e-04
9.216254135155364010e-04
9.949181584192386824e-04
8.984339599362866236e-04
9.182908301020164133e-04
9.652712705181599236e-04
7.656544214585997345e-04
9.463209163231042602e-04
9.581014221294252130e-04
8.995979477228485763e-04
9.596343302231666360e-04
9.842712987537904738e-04
9.926380121347327858e-04
9.802672489695337353e-04
9.919560706943618238e-04
9.173566139501641761e-04
8.477795122847129163e-04
9.792715308737133528e-04
8.448040124777628527e-04
9.806107077711730818e-04
9.742801424282835797e-04
8.515148558336401146e-04
8.535506846790169447e-04
9.955882128449609989e-04
9.994241080065458232e-04
8.686187706831438593e-04
8.305344671398955190e-04
9.971302296453796871e-04
9.321752998159439207e-04
9.422327093813803386e-04
9.572892945244627092e-04
9.698778687853755204e-04
9.673185840542369374e-04
9.429224727228501315e-04
9.490556673374471019e-04
9.667613914069552502e-04
9.778325113345017437e-04
8.684067891729607648e-04
9.789960934725864313e-04
8.973688554789443616e-04
9.437218735451891050e-04
7.425841335148932777e-04
9.983434592465299708e-04
9.941414300037459701e-04
9.553630050213902936e-04
9.041492823625087334e-04
9.373931739866905215e-04
9.212996701999442506e-04
9.058720394797015749e-04
9.487843343293080956e-04
9.806252932191858538e-04
8.611664966307832790e-04
9.877869422645194943e-04
9.476051459525878162e-04
9.133918510402167564e-04
9.993525193883136173e-04
9.687444303355843400e-04
9.831779682562885245e-04
9.857797552238734516e-04
9.814812430055087043e-04
9.933461237016112232e-04
7.708684010452590335e-04
8.519745146644260112e-04
9.699878310198217042e-04
9.645956219448803114e-04
9.696182159815627116e-04
8.776491578639691697e-04
9.813651050804893337e-04
8.676339583857305094e-04
9.603407273924220765e-04
9.964467153929274131e-04
9.693381838192932642e-04
9.932413203720244412e-04
9.431908593650571975e-04
8.992967752380982751e-04
9.808923903657407357e-04
9.866345792567952130e-04
9.267847638061812218e-04
8.134911953893298863e-04
8.814494578032879783e-04
9.542321288596896907e-04
9.591019134996812447e-04
9.964919729567455094e-04
9.832169335752850847e-04
9.995419974238774902e-04
8.684139746538883670e-04
7.603341228616066188e-04
9.758083242071186091e-04
9.516027400672702301e-04
8.561843512054627837e-04
9.017435729757565651e-04
9.802209754259569828e-04
9.694344094209677524e-04
7.978549792999568499e-04
9.653753612394279978e-04
9.460872582731432931e-04
8.772018578029183028e-04
8.898252231137439641e-04
7.790746077114778624e-04
9.942385199560054877e-04
7.997074836800859791e-04
9.100947327643556673e-04
8.874025532867770970e-04
9.511305342296838290e-04
8.148447812501320850e-04
7.132686853540857411e-04
8.300104025224533605e-04
8.893981543959898197e-04
8.855554180723223135e-04
9.985061225744030176e-04
8.941977113032220561e-04
9.685281188209419849e-04
9.256175204806728818e-04
9.697777080959319417e-04
9.470536750336836819e-04
9.862011072576709787e-04
7.757858911153004463e-04
9.043507333435109709e-04
7.796998476584099521e-04
9.947553590996277995e-04
8.953228603028911452e-04
9.398593561442094213e-04
9.093724514795085978e-04
9.137294347406577045e-04
9.732074699044448041e-04
7.718799083536938581e-04
9.928592191585149194e-04
7.263462130117873550e-04
9.351106318108468691e-04
9.256586754825079201e-04
9.159448957876505700e-04
9.134437468795007396e-04
9.841468625978481641e-04
8.974674432422451989e-04
7.176334925839135100e-04
9.182886164722928787e-04
8.089305049154505095e-04
9.600899360960887894e-04
9.837611762881356622e-04
7.439764561041678145e-04
7.778714374211884294e-04
8.254482979748615839e-04
8.895230908180459285e-04
9.036785974603536416e-04
8.068538979319260333e-04
9.368159344409872835e-04
8.201697459431825897e-04
7.670324971589605493e-04
9.015196214288562215e-04
8.692320071574210875e-04
9.401706009133855039e-04
9.601741623284988951e-04
9.454500857962698512e-04
9.489264536569914227e-04
9.555859081315745034e-04
8.036322858875250040e-04
9.756662541416707404e-04
7.863052081848129768e-04
9.802038631770457026e-04
9.789413459040142984e-04
8.125903786799267958e-04
9.395562357668068220e-04
7.603111630896347388e-04
9.384897354331367316e-04
7.460102242718513830e-04
9.620580588223007733e-04
8.407640011106006818e-04
9.029446807423957555e-04
8.857646673845140112e-04
9.456993671430007206e-04
9.965669554202957747e-04
9.279696137185144359e-04
7.893469914642674713e-04
9.719965348938850802e-04
9.301773653096841090e-04
8.945815923408765224e-04
9.355869138070791293e-04
8.503236786359374272e-04
8.920207809241638636e-04
9.883045050137716486e-04
7.628689482372971557e-04
9.246111151629490430e-04
9.974287800570162330e-04
9.292774775707526380e-04
8.911885729983769428e-04
9.676450146317844411e-04
9.930915720551569160e-04
9.526272687246594394e-04
9.316338888871490698e-04
9.984987309156700096e-04
8.681107874086746749e-04
9.125379029037082286e-04
9.108958003566675499e-04
9.487174881342901132e-04
7.469419031909067114e-04
9.247270075595973417e-04
9.399778914437590229e-04
9.250648141398526121e-04
9.737593909178044599e-04
9.189866597667213990e-04
9.940963146518320189e-04
9.841384953195695014e-04
9.352231847469393185e-04
9.361607334655667198e-04
9.424190151156211070e-04
9.129425754426178470e-04
8.843348155528419144e-04
8.204760130873626784e-04
9.755510291532372901e-04
7.439454775798627888e-04
9.484693570884558797e-04
9.253647512387592686e-04
9.528761859547847353e-04
9.850561433217112656e-04
8.861585195539604639e-04
9.785112566041054196e-04
9.703944760604935093e-04
9.734479034641377098e-04
9.612345475443495341e-04
9.728160972861792663e-04
9.227826788455034939e-04
9.531746732134816977e-04
9.773928117879184582e-04
9.185631279274847480e-04
9.770351921610492384e-04
9.867954749963189168e-04
9.616787537300448396e-04
9.193324568151459587e-04
9.377415081781688899e-04
9.785883905632443598e-04
9.579667844303948630e-04
9.945600519653803682e-04
9.593535063929422560e-04
9.676826266642296051e-04
9.895620076712395487e-04
8.402536147200964471e-04
9.986033916828793069e-04
9.618271113965666183e-04
9.770640435136821681e-04
8.941664813762029542e-04
9.690914025903284200e-04
9.706294122509514545e-04
9.073155387261760919e-04
9.531150652632761587e-04
8.912997726633930303e-04
9.501523381889566628e-04
8.409365384586482478e-04
9.969243408702224002e-04
9.823446781658546484e-04
8.294586575889631398e-04
7.462278643855274791e-04
9.220558626122354060e-04
9.365761648520379984e-04
8.532869795680390716e-04
9.114427038620567930e-04
9.539975951788155686e-04
9.812358230388048674e-04
9.812721683457998039e-04
7.868176639016545570e-04
9.807295627109247939e-04
9.893688871024440383e-04
7.675314181184164164e-04
9.999858256464237358e-04
9.709667639398954740e-04
9.328737515800997757e-04
8.960192290389820766e-04
8.898726750753455528e-04
9.853938679282841367e-04
9.255718994123131056e-04
9.956598917809191592e-04
9.830769859007452028e-04
8.852310600497149788e-04
9.951077935041528592e-04
9.488038502557355177e-04
9.838343441513736857e-04
9.977191862231178654e-04
9.657761912232560924e-04
9.313428108220266413e-04
9.644444452664437898e-04
9.118640082312097364e-04
8.397515781209675652e-04
8.758539002650435074e-04
9.209561684891898409e-04
8.779261224442912615e-04
8.062367014819454445e-04
9.139754573428759488e-04
9.771666938341576781e-04
8.875940915317345704e-04
9.731103497756834727e-04
9.416189456135483707e-04
9.714555506933916871e-04
7.556453305016879677e-04
9.468418269570913698e-04
8.026662778063647745e-04
9.868647577438646734e-04
9.500184919730703115e-04
8.138226054046346965e-04
9.414472039140321311e-04
9.416545074631065774e-04
8.550594849799187736e-04
9.499261026418682292e-04
9.941879392358901266e-04
8.105613783476190836e-04
9.433030005436260617e-04
8.374118467175414946e-04
9.257128361209926220e-04
9.709215798126853009e-04
9.886188183588157444e-04
9.819623310285707264e-04
8.885862658149774711e-04
9.519839859530579082e-04
8.661273924166316973e-04
9.749575992645736567e-04
9.514519462246639114e-04
9.755466349042076456e-04
8.830813797567267946e-04
8.560069490323498611e-04
7.514416286236079651e-04
9.902294052281247327e-04
9.419109987434201190e-04
9.803530932545017739e-04
8.790284568159712408e-04
9.383075498756354629e-04
9.919246835584862206e-04
9.119993045742951811e-04
8.872454527884050162e-04
9.593921751133595690e-04
9.131327827715690106e-04
9.878661263345031932e-04
9.110705535638596170e-04
8.355466532204827495e-04
9.675715293668030745e-04
9.042209183635982342e-04
9.501329815807785890e-04
9.833204744450381452e-04
9.721655107464803602e-04
9.637426403095643388e-04
9.563106307192512784e-04
8.974969957927714974e-04
9.725467021201543568e-04
8.688223083269866606e-04
9.031305890999280538e-04
9.249035996131082203e-04
8.760700317575057568e-04
9.542183210737819861e-04
9.617765276901225164e-04
9.883495630683986760e-04
8.787229141928708936e-04
9.678762559144174797e-04
9.887956278167384788e-04
9.128468227965996599e-04
9.848029586038986333e-04
9.641246101489344290e-04
8.481311037605611391e-04
9.779801809391326390e-04
9.693881813871579618e-04
8.139282659292504125e-04
9.303614250708866842e-04
9.851368406991786297e-04
8.751023654243477888e-04
9.512916342115269874e-04
9.427569475894650086e-04
8.193999422374635688e-04
9.650584300595286538e-04
9.835817091178519767e-04
9.240525774427531952e-04
9.451391872340325368e-04
7.969559218867329833e-04
9.809002568093817473e-04
8.863374819701719514e-04
6.844606350079152990e-04
7.770289507718665389e-04
9.805920756463912431e-04
9.621867276570011344e-04
7.986221662762446431e-04
8.540782884697902411e-04
9.872373570576345111e-04
7.945580646278065833e-04
9.556750817303964448e-04
9.671779508039446372e-04
9.003131229357434241e-04
7.943859207891502136e-04
8.809440619434952963e-04
9.767207446201762143e-04
9.569939370986538327e-04
9.206179384144835831e-04
9.749540110187193470e-04
8.164207777303740185e-04
9.939238723119200349e-04
9.294728172372821676e-04
8.146965189027090574e-04
9.419771901613584316e-04
9.134961173155181635e-04
9.099227630586068268e-04
9.318804113068962589e-04
8.868744197611696774e-04
9.067812156993019027e-04
9.460589494871484654e-04
9.767701850697634025e-04
9.071165709502487969e-04
8.428473213267526163e-04
9.302109054471658115e-04
9.550210894846548372e-04
7.064131406515846996e-04
9.902693673797932552e-04
9.915730926405017572e-04
8.502089035811537764e-04
8.694742242800948930e-04
9.817010010983358032e-04
9.919553620983418557e-04
9.325446110450883288e-04
7.846675134981251657e-04
8.841089361843885693e-04
9.079399473093616732e-04
7.115044201606334547e-04
7.922456721115977291e-04
9.899771770261473879e-04
8.268720493055554954e-04
8.598810469946974698e-04
9.929409205984179084e-04
9.652723462607604990e-04
8.535526484745355061e-04
9.948342895062598900e-04
9.336129823088724867e-04
9.800554204738916742e-04
9.018794698728113029e-04
8.361655221547460238e-04
9.544768361644819475e-04
7.866145764694375481e-04
9.711698855452191017e-04
8.170914316276065275e-04
9.380616356762087361e-04
9.777557627805111371e-04
8.234864831388615013e-04
9.573945242812621510e-04
8.538004737102545530e-04
8.503518783096568334e-04
9.669847434428866222e-04
9.084685942766246042e-04
9.374285036807299609e-04
9.900685677779062690e-04
9.700694400635284220e-04
9.752322111935403338e-04
9.165065646948288578e-04
9.881659355324933208e-04
7.886764032532494594e-04
9.534051692508877700e-04
9.376426111820969356e-04
9.171465833819620727e-04
9.821392181155804302e-04
9.513388362374741551e-04
9.926378560256496602e-04
9.314758603192244656e-04
9.397282279019820344e-04
9.320543694180048440e-04
9.944500511503814779e-04
9.265715558117545341e-04
7.119549689317013598e-04
8.870161413331689292e-04
9.361347468037541780e-04
9.187433384571794606e-04
9.498202971039779044e-04
9.909055717081036423e-04
9.047996452682668467e-04
9.244408796398244192e-04
8.679476912539739724e-04
9.984320999540082300e-04
9.339540134837445804e-04
9.937006044562551529e-04
8.920191288514751427e-04
9.955970832361271672e-04
9.937491872016202422e-04
9.065925964595972176e-04
8.270936361609378291e-04
9.483586982252609774e-04
9.125859444186730854e-04
7.922500405815761709e-04
9.256368600919810067e-04
8.447789335110217606e-04
8.994261846394993728e-04
9.261365441708876425e-04
9.831474215568787849e-04
9.847881468179665344e-04
9.018982143194576246e-04
8.930932494445155759e-04
9.635134909096691866e-04
8.929255571699145147e-04
9.878360617109878481e-04
9.330089477556478697e-04
8.209003470807868042e-04
9.049935788399117529e-04
9.693835848323794496e-04
8.920296115105173741e-04
9.638871365373202641e-04
9.589170413659381213e-04
9.111883559469971961e-04
9.396785208347889235e-04
9.643656145794459421e-04
9.802269115194420148e-04
9.603554611127064792e-04
9.112949638918172671e-04
9.431451046871850786e-04
9.868461152020713972e-04
9.391542119906606898e-04
9.136507645814553403e-04
8.628976976833061495e-04
8.407360136679843015e-04
8.993805045047222578e-04
9.559949406167856821e-04
7.894906717642044894e-04
9.009231973665129782e-04
9.546955772324009631e-04
8.349295786036766776e-04
9.343115929207199610e-04
9.425392276329177740e-04
9.199960266861392658e-04
7.845954812004767281e-04
9.738245653777207475e-04
9.701223261322234606e-04
9.051074713143479481e-04
9.629068287368116241e-04
8.783366350493258031e-04
9.111557063870754335e-04
9.984825752867626438e-04
9.307281506731173446e-04
8.822394567672466872e-04
9.250669414099650613e-04
9.515147222972276551e-04
9.717183016740720035e-04
9.640091955369354312e-04
9.552752537510444866e-04
9.367147211292401474e-04
9.927493896062600329e-04
9.259394051229617338e-04
9.278992617238656032e-04
9.669517496673179884e-04
7.172337227087604130e-04
7.988095173779549739e-04
9.263952521267418980e-04
9.749548066150847195e-04
9.687904454114851195e-04
9.497549324065364482e-04
9.719940317871681714e-04
9.054008274096476310e-04
9.521236532030433360e-04
8.927975907842677222e-04
9.895775189098371394e-04
9.261774093749750329e-04
9.464805095648493862e-04
9.508838637265098256e-04
9.603674686254839608e-04
9.037158151420871064e-04
9.307255946593417104e-04
9.836186579790671871e-04
9.970836937186157087e-04
9.307957891885310347e-04
9.864251484359854837e-04
9.309617959033876901e-04
8.935141983504915056e-04
9.912073718176975332e-04
9.302818676750761358e-04
9.054076410156154794e-04
9.034716677413815941e-04
8.943672710628383779e-04
9.486110696235452392e-04
9.478715248177695162e-04
9.318060843052320416e-04
9.921141132836035215e-04
9.863979564967975330e-04
9.908291810240697946e-04
9.994714818667375239e-04
7.629833135966168373e-04
9.924353945140874760e-04
8.571485039708247756e-04
8.496406773111761426e-04
9.096507334168588404e-04
9.529970295082730190e-04
8.430435574316745215e-04
8.825362229803894237e-04
9.410074262587457463e-04
7.614482827981131248e-04
9.909161159170759570e-04
9.376255673536794269e-04
8.249150229638570111e-04
9.773888288915468046e-04
8.565969880952003287e-04
9.400859611984940713e-04
9.690114665613239545e-04
9.603392877261064447e-04
8.834827533452290762e-04
9.071155897584840238e-04
9.926768360128219656e-04
9.225672676138145772e-04
9.157219441215415628e-04
9.624568113151638028e-04
9.973751932770109300e-04
9.952054143640555288e-04
7.140933968218345692e-04
9.906229235726721465e-04
9.906129573574475305e-04
9.063226928250439586e-04
9.999893867832789721e-04
9.559109176371128084e-04
9.284686283623405688e-04
9.617974030545656553e-04
9.481452360742753183e-04
8.657855372742321491e-04
8.314728746999745443e-04
9.512648305029174729e-04
9.997271110574116985e-04
9.130265177192470804e-04
9.243527113946370215e-04
7.956168111738234992e-04
8.186949892673327841e-04
9.783243289510864561e-04
9.014655857699963677e-04
8.739768933298304064e-04
9.451980512979953238e-04
9.321541576486808188e-04
9.418903369010356297e-04
9.621200476447147902e-04
9.645314284026204783e-04
9.124188070614200992e-04
9.847440683287841078e-04
8.309722495366879966e-04
9.941200847597285624e-04
9.120015825485359518e-04
9.216326942035100262e-04
8.381482679300681455e-04
9.879211835464795591e-04
9.634004968185279393e-04
9.455850555047731754e-04
7.408763394098064796e-04
8.901563505200353263e-04
8.876830577146792864e-04
7.853236542613137349e-04
9.477709728872872391e-04
9.987077458392323252e-04
9.585894126205117939e-04
9.027271744140876429e-04
9.800255467715445271e-04
8.526987657056203694e-04
9.701637161794539723e-04
7.590994134798412446e-04
9.944668718723471620e-04
8.083328236397564802e-04
9.582672444678184444e-04
8.336027207598138309e-04
8.581098264865352635e-04
9.082333399766776049e-04
9.704618326690590737e-04
8.330229546272353283e-04
9.533318157658829829e-04
9.523461214480774713e-04
8.204014781243602070e-04
9.355199829992077477e-04
7.178408487360813869e-04
8.655244392870347020e-04
9.206918290709915041e-04
8.702459932580710201e-04
9.794665619381277746e-04
8.921029325778012014e-04
8.599316832680942071e-04
9.255830001478879999e-04
9.569119318311325060e-04
8.513314194094349007e-04
9.960131826898335500e-04
8.815004710835506541e-04
9.135069432425857276e-04
9.101313287707778589e-04
9.317687982233905167e-04
9.388726729194634161e-04
9.556309136073649554e-04
8.308762149857202304e-04
9.934206871532722839e-04
8.948208946141905087e-04
9.404504200173303876e-04
9.716715024367769855e-04
9.524957680502484352e-04
9.678781497654074650e-04
9.272945156310000853e-04
8.692933482791879735e-04
7.836789204681902758e-04
9.572864758907794836e-04
8.371788248925822462e-04
9.683863241309849726e-04
9.281963979561978903e-04
7.552310180772294716e-04
9.772834756032380138e-04
9.029368477397328122e-04
9.339977501232870488e-04
9.344056671437400144e-04
9.622835019795428690e-04
8.842091945169992459e-04
9.132911175640009548e-04
8.993852592566868066e-04
9.637315793301283635e-04
9.508518602824248944e-04
9.860089182602022745e-04
9.479467780731786614e-04
8.484761292924897181e-04
9.244253019236619478e-04
9.171255919801259149e-04
9.974905874294477150e-04
9.745549107491270277e-04
8.763955353261647721e-04
8.961580225306339147e-04
7.852901667342716916e-04
7.619812964629448047e-04
9.421307582032779470e-04
9.756611003122331923e-04
7.466722258213845777e-04
9.087186853716285734e-04
8.215754861223902332e-04
8.729053582969620783e-04
9.941110641944134532e-04
9.356524345902607299e-04
9.789003927127633460e-04
8.875444723024491969e-04
9.736955481614769379e-04
9.130489818323456403e-04
9.429961833653275694e-04
7.879950412539242065e-04
9.727711369112476258e-04
9.704649409649856008e-04
8.996754219767160018e-04
9.292755137923322702e-04
9.456297207647908643e-04
9.837418526702397525e-04
7.744013780891109916e-04
9.079331486194770588e-04
9.811934111705294774e-04
9.569280537965307171e-04
8.705746892327231303e-04
9.691236640323964632e-04
9.607188995554241271e-04
9.446046148276954126e-04
9.531708445696413651e-04
7.627421450379543669e-04
9.867041340169532739e-04
8.997651028864990866e-04
9.483356143430170162e-04
9.821537700978400301e-04
7.434884858132824459e-04
8.614735373898283529e-04
8.372250971111908687e-04
9.123555261845554560e-04
8.938653064841004491e-04
9.451590693429162780e-04
8.639317948814406907e-04
9.496270111210655283e-04
8.751184347145176713e-04
9.038165023523472147e-04
9.747267070966179978e-04
9.471687135084890224e-04
9.038755378964261327e-04
9.945464975078535056e-04
9.987727764254061575e-04
9.856573536624561177e-04
7.422003841443200207e-04
9.144256265287823739e-04
9.726784832409225787e-04
9.967024879602777877e-04
7.878152066030688324e-04
9.552358881836363639e-04
9.498532783481189283e-04
9.617130651734113718e-04
9.813412538550103040e-04
9.451410441291176060e-04
9.340403899439629924e-04
7.974987843715504584e-04
9.782994771173933023e-04
7.971979053487279841e-04
8.390556117608321055e-04
8.524639104011819861e-04
8.992013383609937091e-04
8.953355041674702832e-04
9.964126406778169107e-04
9.593948853419987386e-04
9.877881307574368566e-04
7.954121576881240671e-04
7.907235147087474233e-04
9.555897325581683838e-04
8.798530225262029018e-04
9.703073463639301640e-04
9.671661067897070578e-04
9.775128385676986123e-04
