9.731215060410436726e-04
1.180193366643442557e-03
1.897828922717511180e-03
1.865358024447437467e-03
3.621075522191101632e-03
2.417037504762286574e-03
6.759252171431747586e-03
5.953802660613736683e-03
2.768931453845168561e-03
7.725348073383574328e-03
3.480962041579318319e-03
1.960113858939463265e-03
5.087502479001049585e-03
3.867761691459209276e-03
2.203304456573444963e-03
2.458421940099643228e-03
1.553513128579032910e-03
2.707692821734504051e-03
1.124285448696876787e-03
6.489458019538879227e-03
1.339590448362188400e-03
3.265366115403172710e-03
6.831004177511162782e-03
3.298476576502582924e-03
6.220602265126953800e-03
2.126663631747106008e-03
1.702779226218502449e-03
2.045985102514309272e-03
6.182065019652000122e-03
3.481317931741549632e-03
1.209796821082465652e-03
1.255458529617031532e-03
2.722750536192052040e-03
3.051794103949598963e-03
1.555846868078592784e-03
9.462366143859154456e-04
6.909516564923827431e-03
2.772111236109155944e-03
3.269568864320469836e-03
3.117802816233078336e-03
2.993813252482828598e-03
4.210711838220847561e-03
3.513286243579881538e-03
3.721638022561576074e-03
4.526356005929132661e-03
1.421674806225026785e-03
3.516462714766539072e-03
2.027527420340924282e-03
3.670764356007791794e-03
7.971993009629474436e-03
1.075239486479900386e-03
3.292805758856049824e-03
9.974365759931583166e-04
3.502652048181775606e-03
4.283646451546461141e-03
4.537262820255069835e-03
6.464820971622150386e-03
4.084114196632977929e-03
3.838798666135654052e-03
1.255358039707657556e-03
4.831572388306944882e-03
2.655342424905757486e-03
5.503333687593500376e-03
1.885111035043811030e-03
3.184572826473474391e-03
9.794360420321685228e-04
1.117071404108419984e-03
3.167675968902488193e-03
2.408164609279127549e-03
7.082577827750433791e-03
3.396307450815970810e-03
5.740782027311893895e-03
5.379767487110927691e-03
1.308258618390310390e-03
2.615061395371691237e-03
9.766338897347695558e-04
1.492301826390599745e-03
4.050360017594536316e-03
1.184554378049397115e-03
1.782353737943441355e-03
2.865423759943109064e-03
6.419870245999861370e-03
1.433030255089501890e-03
2.492421205148097601e-03
1.162394812040341624e-03
5.968068370185595703e-03
1.607146815027764514e-03
1.189744841967469227e-03
1.773886632178874913e-03
9.034998438067676566e-03
2.565796706847255169e-03
2.482108253386941868e-03
1.087323977132731347e-03
9.800176439898680703e-04
1.562775398570215215e-03
1.838503753397066100e-03
4.749961219493547930e-03
3.230380250183410157e-03
1.630049056171580576e-03
3.772687900095114590e-03
3.058585442809487812e-03
3.918787216749436073e-03
2.965336665631457778e-03
1.551170140276259728e-03
1.248548806115784516e-03
2.598697924691133199e-03
2.763604427956402321e-03
1.488333355810587261e-03
3.241642881373991460e-03
5.004774108942070671e-03
3.274570240410717894e-03
3.383238491633492814e-03
9.282388433732962881e-04
1.618902554563477576e-03
2.139306280885317282e-03
6.349857052974488929e-03
1.368863497951543391e-03
4.088210336824231808e-03
3.093548141157237592e-03
1.353918845337402687e-03
3.169559299832922124e-03
7.737046456087560108e-03
9.521113616264907480e-04
3.498173419760610640e-03
3.275268874781236614e-03
2.407147978872324883e-03
2.232379772001569923e-03
7.639417353590901259e-03
7.491668849861994085e-03
1.566651770428261620e-03
4.047081864201731993e-03
2.717137548666604448e-03
6.560452898666076921e-03
5.775876123504472374e-03
6.839664745146314950e-03
4.947067327959452435e-03
8.417682830254938917e-04
6.788811235955110115e-03
3.122166571389801363e-03
2.912063780347155274e-03
1.341238699125107871e-03
2.436146809645393409e-03
2.239036232802062154e-03
2.984559179456444406e-03
4.214917368420055196e-03
3.654114911236500292e-03
1.666735115982065666e-03
1.941342729541791108e-03
3.014320000008281590e-03
1.045968915113344245e-03
2.525953125674808720e-03
3.309309577856470435e-03
5.533214628926456762e-03
1.509961473465380819e-03
1.731842803989649526e-03
6.193656570009453341e-03
4.847791014809336649e-03
6.322728888316270918e-03
1.213323587807443003e-03
1.010248456888879643e-03
1.666171132009372762e-03
3.531754582803426842e-03
5.306140178330246392e-03
7.292335812495444672e-03
2.636840581222064505e-03
2.775070982789330093e-03
6.041482336439553229e-03
1.703663879002877655e-03
6.643552212675647543e-03
3.847236648392347597e-03
1.685090575629563528e-03
2.118789023100797145e-03
9.976422685622344903e-04
5.548925930807306790e-03
1.559407840527653622e-03
6.490082380749961390e-03
3.007654159967635289e-03
1.055293081603984537e-03
1.617527082971462931e-03
4.470620372247726369e-03
6.250141049724456180e-03
1.710407690036764650e-03
2.889173469541354237e-03
2.721554198310618955e-03
2.848443712009770135e-03
3.367325124407587536e-03
3.306389818826324309e-03
1.626283263687150742e-03
6.945727667897352506e-03
1.103045295294905696e-03
2.534600031129798092e-03
4.065433724908583055e-03
3.813235128882405071e-03
1.905426709533678984e-03
1.103624896584730385e-03
5.559160498349433391e-03
8.656830320687945723e-04
2.037264451237900346e-03
3.978498536207657719e-03
1.242473866218880276e-03
5.355681687803022159e-03
1.416300485439881329e-03
4.023985783045343732e-03
7.660958696406119234e-03
2.718608938215402466e-03
9.812115096380666195e-04
7.813062037922020517e-03
3.051761192998640130e-03
2.142972832607023623e-03
3.414373460805497987e-03
1.796874876775732483e-03
2.945729891970685476e-03
2.373699324632429827e-03
1.730120929985613613e-03
3.301132761105977746e-03
2.890065902526493032e-03
1.439772721094864563e-03
2.945583082577498107e-03
2.030476487970740446e-03
1.228681604148527994e-03
2.483725754373489452e-03
6.497874074623211961e-03
1.455679458182627343e-03
1.048857881364469299e-03
4.653959394481466637e-03
2.289777050251284255e-03
1.317689987253753935e-03
3.607758711084873681e-03
3.588126750225037118e-03
3.292190630842859247e-03
4.015013162936236120e-03
6.377490656096626229e-03
3.033598483861458910e-03
5.137237313203995084e-03
3.310127483558194736e-03
1.551235224540336395e-03
2.567088178999194295e-03
3.166328929022885902e-03
2.681324515951647846e-03
2.309877694296379180e-03
3.294097622949185462e-03
1.621036655607956340e-03
2.510825346996530850e-03
6.681042375280998868e-03
2.663585323082957521e-03
1.497119181739525653e-03
2.025722039248881688e-03
3.429275556978999672e-03
4.193784537369318194e-03
4.143100678452703994e-03
1.543291390800444326e-03
1.234563875347012042e-03
1.276848859084288431e-03
1.120028781173325154e-03
6.657246133451193149e-03
6.256247522473626366e-03
2.978059260340761884e-03
2.885700173242199389e-03
3.094497722979135199e-03
4.916295995229870951e-03
2.920436390579301319e-03
3.466850714221393018e-03
2.615394964394193895e-03
3.755097973745707973e-03
4.072833110446109385e-03
2.532210944753217514e-03
2.065460630470098737e-03
1.035672443336705306e-03
9.023873506322313033e-04
1.514528120347328251e-03
2.397836578137428967e-03
3.121497746797693984e-03
9.569659671684356680e-04
2.544098037114829718e-03
2.266835607220986197e-03
3.333285739045399165e-03
1.017107257354438058e-03
1.444034632813938910e-03
2.378432515252322781e-03
5.777159002909624391e-03
1.667970348540943459e-03
6.209211906931085857e-03
1.551389918455053137e-03
2.523953826717655492e-03
2.670602282715210836e-03
1.485100942105262124e-03
2.764035872400033046e-03
5.590861850211769832e-03
8.625058871638973139e-04
2.935205287333601115e-03
2.095380707272344843e-03
2.707135956990401691e-03
3.402473591571544397e-03
2.237615341700750250e-03
2.943139629797074733e-03
1.458549245102426376e-03
1.581408460404479807e-03
2.483308046618277858e-03
2.159893373895962337e-03
9.596860513258103145e-04
2.309548411730194453e-03
1.361834728607902662e-03
4.453704198227805000e-03
2.217578245006207160e-03
6.406308177778312352e-03
2.152553179947382274e-03
5.345722503177477783e-03
1.636111253805809691e-03
1.208996295045461529e-03
5.825343469874129376e-03
1.036025586355367699e-02
5.869463249493528378e-03
1.488571618998879445e-03
1.185045814210809907e-03
3.007665376669424462e-03
9.896894006584536566e-04
9.951934563702080194e-04
5.258023554924697029e-03
6.108370694335723584e-03
1.044514948185088247e-03
1.581991442953179601e-03
2.401256800208128109e-03
1.085430344817512509e-03
8.340381564275756989e-04
1.847825677547255052e-03
6.069016961734512335e-03
5.360316481776485412e-03
2.500036874791790840e-03
8.930888811889361621e-04
3.535565958914982203e-03
5.421955378870926823e-03
1.036221606508940006e-03
3.272315647895481655e-03
3.196561446733744722e-03
1.617629635402693337e-03
7.610608080171248589e-03
7.056641294569233371e-03
3.528837206973297388e-03
2.887839428164934615e-03
2.431753084640120039e-03
3.746608528268416654e-03
3.999994053735837600e-03
1.641236991453926897e-03
1.327718502883250534e-03
3.181495927589620895e-03
3.225655395826933745e-03
3.207049572779835291e-03
7.790715064757158109e-03
2.364569234506331413e-03
1.728384081196369633e-03
3.726247333480474377e-03
1.745223769382832791e-03
1.163226513855131032e-03
4.297652799914490444e-03
4.930007332174164182e-03
3.197379993570108759e-03
4.201127912758188289e-03
1.601812993288662026e-03
2.748044971850450643e-03
6.370426020875594002e-03
1.155842520629415688e-03
3.309607743731225044e-03
1.269713555221879111e-03
6.564433857333844269e-03
8.763527880981765092e-04
1.932163674333716450e-03
3.362187538488888017e-03
2.150036403510347232e-03
7.039508764327749406e-03
3.501462124567491195e-03
1.055382059104715805e-03
3.550560797721630853e-03
2.864055012684767199e-03
2.009399020482956731e-03
5.347079079397294536e-03
2.056377459859756469e-03
5.980297246271244586e-03
3.265036258783859165e-03
3.484596130182479341e-03
3.011711985107905221e-03
2.601619653631317367e-03
1.497867130862854355e-03
3.016832619469724322e-03
2.652259356665786008e-03
1.599254416476401800e-03
2.459907450052378070e-03
1.275251418371741146e-03
4.128586003396448982e-03
3.666700630177308941e-03
6.752321871900154870e-03
1.469321202939539300e-03
3.018861974688169005e-03
3.774321463096147120e-03
1.270484901702863744e-03
4.976760532526850953e-03
1.203264845082447493e-03
2.635621706445474919e-03
3.196473254343810792e-03
4.418634544926317020e-03
1.114722505568670110e-03
3.020923548962996599e-03
1.591075722286765292e-03
5.994183859784779113e-03
9.307564431369494753e-04
1.386959883882592226e-03
8.764397826657839780e-04
5.494995799127051772e-03
1.610304197079961627e-03
2.719604672560347724e-03
5.251636507868519439e-03
8.846681889388064617e-04
3.166975070267480895e-03
5.363528539335605042e-03
3.586390003453345313e-03
3.035321931086065132e-03
2.265157926898846152e-03
1.375741189725867815e-03
5.814061275780891755e-03
5.784021284405899306e-03
9.667139225105407345e-04
7.307703279002607070e-03
3.159153364709802337e-03
5.631720311184910087e-03
1.241622057410357235e-03
2.438243406585705736e-03
7.869765246285621157e-03
1.769682765820949693e-03
4.369271966056868274e-03
1.915679839164597395e-03
3.750952557248812737e-03
6.304831668897011888e-03
2.188006011039940382e-03
1.625117844918562340e-03
6.769590727599732009e-03
3.755179259618669860e-03
4.489863498332464023e-03
1.364138690027118109e-03
2.451836287490074054e-03
3.865243679964280171e-03
5.894136727062708123e-03
4.069945734255914910e-03
5.934351946760712398e-03
9.569251408983620597e-04
3.160273501593379147e-03
2.800577359188641344e-03
3.584821167775474257e-03
2.356496416390004532e-03
1.568476394392470793e-03
6.881628584398113112e-03
2.956327156091339853e-03
2.980645461033921192e-03
3.405308565839790941e-03
7.498612588740705479e-03
4.638911614249995388e-03
5.585975893635263846e-03
4.123931789009517394e-03
2.531979402117661392e-03
4.712605008297322817e-03
2.476562901900596168e-03
5.425647134177404886e-03
5.335697287898575995e-03
2.778146233179863440e-03
1.328640315946606624e-03
9.497835627501989217e-04
1.778213418920496875e-03
3.433505878272076050e-03
1.983109521172144764e-03
8.576728258944527322e-04
1.096872937442367477e-03
1.358758821393321907e-03
5.145392212088544144e-03
6.401224995120183801e-03
1.613981840011362344e-03
3.044506520590258176e-03
1.712459765447439100e-03
1.154776453455738823e-03
2.650384693701381481e-03
7.316944858706044344e-03
9.852809760868812966e-04
5.958302056889074570e-03
1.613405047280576637e-03
4.255381335985328889e-03
1.126226053247223391e-03
4.815141853616055657e-03
1.670121790495520493e-03
1.415724719003866577e-03
8.943052678662186507e-04
1.448586140422751306e-03
3.158975085426371336e-03
7.287346122927896262e-03
1.683696453063695002e-03
3.116244492406615267e-03
1.335259114013589900e-03
9.220827342472897713e-04
2.879909058784012321e-03
4.610792017956159838e-03
4.340305026428866939e-03
1.659612430417772583e-03
2.007780019636744295e-03
7.004926877324509776e-03
2.100861228667026161e-03
1.470933258014067583e-03
1.464301388281025055e-03
1.543196360360271071e-03
1.301979402034448684e-03
8.412612385495249088e-04
9.271554379751409999e-04
2.778537238282924836e-03
3.713605157203832881e-03
4.071696403614153033e-03
1.974450458065983571e-03
1.548119124123177376e-03
2.121434575085563972e-03
1.381268498368267827e-03
1.785266729766124679e-03
1.012915906178559573e-03
3.197665552843554498e-03
1.072966150776624543e-03
1.331398161349356315e-03
1.631536090976645108e-03
3.275058898850095011e-03
1.379731621440897149e-03
3.917196331135904680e-03
2.874936177045902489e-03
1.127358409185932929e-03
2.806308366898155500e-03
4.519413548313768424e-03
3.793352887533157913e-03
1.298706098532410478e-03
1.621300528806770289e-03
2.869781614973030467e-03
3.176085339865044026e-03
1.038660308439615923e-03
2.553695777772071063e-03
5.656868866188400312e-03
3.217425667826097260e-03
2.282551666442123994e-03
3.227533939328215782e-03
2.068466609564244708e-03
1.076836290556049342e-03
6.487906283087989563e-03
3.276002852308087902e-03
3.729796755906163250e-03
4.949702527940734800e-03
2.306401137759133118e-03
1.970788468841815425e-03
1.076811382380344836e-03
2.157107712163026155e-03
3.188771610279632351e-03
4.487324050252723857e-03
1.433782483466672494e-03
1.626951663717247790e-03
2.007017626400846386e-03
3.844298689839577721e-03
3.278618640419509161e-03
1.887603656628623720e-03
2.766467994480574597e-03
3.610325607229356373e-03
1.873606326398789606e-03
3.328602403703623865e-03
3.217953502435775669e-03
2.139905354231711777e-03
3.346411204514600224e-03
1.103119620986967205e-03
9.622025998121961146e-04
2.041931936928114821e-03
2.111985580320974686e-03
3.098692546658165028e-03
5.986349886497624624e-03
3.041046753787668075e-03
4.728956258665498180e-03
2.004412735858107208e-03
9.226998508590822162e-04
2.270521333395547018e-03
7.491809533682686033e-03
1.383342682437324611e-03
2.698505127486686486e-03
1.602860425406757786e-03
2.831522469351396669e-03
4.412727610393574196e-03
1.130447682832890193e-03
5.164691600720828883e-03
2.527969956432475455e-03
2.024358522012479657e-03
3.908451114510644309e-03
3.262144154929650080e-03
1.806837015765261865e-03
5.123336629700446336e-03
2.397529366538824706e-03
3.078399742706770977e-03
1.023236995333051290e-03
1.554897176118216111e-03
1.282870979636161878e-03
6.444232143720658029e-03
2.055486458835113165e-03
2.675063812869349182e-03
1.726295320396739391e-03
2.990496427423157671e-03
1.476045486603451591e-03
3.281135573784428518e-03
7.505716933898807196e-03
1.148354442171603453e-03
1.857788797968075488e-03
2.223399635373096619e-03
2.424318818369936013e-03
1.573087693142628937e-03
4.962592464746532969e-03
1.749616153469153680e-03
1.164622360683319289e-03
2.983291288693834357e-03
2.268740006835477923e-03
3.725035732461547382e-03
3.223904088867241783e-03
1.204761487717320246e-03
4.863157582225023298e-03
1.274466565802860650e-03
1.301348663149066607e-03
3.312936172915592701e-03
9.157854705622122575e-04
1.208776064630388012e-03
5.295305900528913742e-03
3.830946761732662628e-03
3.129952943870692190e-03
3.029507473242647186e-03
1.153385351696835761e-03
4.051471872884591062e-03
1.333267558342824842e-03
6.014053327477644068e-03
8.641720489719561214e-04
1.515162957476828744e-03
4.170633122230853890e-03
1.484062083378747668e-03
3.587230784673608487e-03
9.137806906488355353e-04
1.014561360216988811e-03
1.286300710108505838e-03
1.722822015258950509e-03
2.900226061782156754e-03
8.552370393865211390e-03
4.158872353973136482e-03
6.221130374030597356e-03
7.158618465314785240e-03
3.518994079341406390e-03
6.959810952690894358e-03
2.748459920756314047e-03
7.440657544938001668e-03
2.829788419194322665e-03
3.346492459691956332e-03
2.800348184157878863e-03
1.421592743249994704e-03
1.129499821110613268e-03
5.924898798027181286e-03
1.068754020519828559e-03
3.660367828842284611e-03
4.259881437023925813e-03
5.545787632915410992e-03
6.268648808931618667e-03
1.842259973386444101e-03
9.377889409464824607e-04
1.256947003569151497e-03
5.157735082448465687e-03
2.495953734578899852e-03
3.216378406571141543e-03
1.480867042084581123e-03
8.396295399893177400e-04
1.420585773695085029e-03
2.878154189253056324e-03
7.006612231035884604e-03
3.994022367181659927e-03
6.774474863843609439e-03
2.353769847678763034e-03
1.372443073932141109e-03
1.396071812247553535e-03
6.246772365942828385e-03
3.360350628412133757e-03
4.971286756491256897e-03
1.671290217039918778e-03
3.211598099540203307e-03
1.242642340500113964e-03
9.213641031161338328e-04
7.029804676637611133e-03
4.303378656069084540e-03
2.178876265704372730e-03
1.608843378034013807e-03
7.623283190091992290e-03
1.955452770908546085e-03
3.281388315861165448e-03
4.197127368399618252e-03
9.060934529680055114e-04
4.449003998149255942e-03
2.627926591565924331e-03
1.724017427440623475e-03
5.188020085005734874e-03
3.036813512136240286e-03
1.352147430318024210e-03
3.490328941960634500e-03
2.413628393020924093e-03
6.678618548307862536e-03
7.292039614772150014e-03
3.109377212380003749e-03
2.604705095570107511e-03
1.495616045297519818e-03
3.582412645914728917e-03
3.241970408679253901e-03
3.544712071303341046e-03
2.139985187341731602e-03
8.529033402965648146e-04
2.274306812073477284e-03
4.478118757883926306e-03
1.710770962929372653e-03
2.461787967488730626e-03
2.966460789180594762e-03
6.873704951185266414e-03
3.518808966193131584e-03
1.091466016390358826e-03
1.405909249757283973e-03
2.988181404241542927e-03
2.845298881084205173e-03
1.336377436963896844e-03
1.783478935023270632e-03
1.281198717292719464e-03
4.704845017360147208e-03
1.079919490960826395e-03
1.128565267179761598e-03
1.894772404087905577e-03
1.528798323430092003e-03
1.457562666799235539e-03
3.020078484435701881e-03
4.267400928359993233e-03
6.590540499952809821e-03
1.115064213855726126e-03
1.873517566558504863e-03
6.542029000826935295e-03
1.670326117298032154e-03
4.301524646227274963e-03
7.028389207478248461e-03
1.303462084379494084e-03
3.816260301000506776e-03
3.067014602143707143e-03
2.959344453873147436e-03
2.720132927149195197e-03
2.490433167676406410e-03
3.700834446647007642e-03
2.707006559672062683e-03
3.996928640732355480e-03
1.530139580960561147e-03
1.350653420787128502e-03
4.610240712993005606e-03
3.844340344155999616e-03
1.087796590822452626e-03
2.016011560010126224e-03
2.605796449141954164e-03
1.107653713600238688e-03
3.791022815838284744e-03
2.957400914025096281e-03
1.209680359578850940e-03
1.812458870066328961e-03
2.738162562108010026e-03
1.413196721095247126e-03
2.694535814834656852e-03
2.934385645203608714e-03
5.849270613424967236e-03
3.207162496899071315e-03
4.888778175225221359e-03
1.061373153677257555e-03
5.198398433556920308e-03
3.525203640959483596e-03
2.363353109158002410e-03
4.396692888797341069e-03
1.322161066666574254e-03
4.946104510021303614e-03
3.007081917698177422e-03
1.566029604574520903e-03
2.373039835311242882e-03
2.750397929658593074e-03
1.622111171563157643e-03
2.404296036726448049e-03
2.087457262836458355e-03
4.000555507559720204e-03
2.988610263285098202e-03
1.864646563440493015e-03
5.754875262175472746e-03
6.750993806780436132e-03
2.184926457786819532e-03
2.926836111303618600e-03
4.160558913808442942e-03
1.178836876474990188e-03
1.249036272308526449e-03
2.539361793587604447e-03
2.211284699261756997e-03
1.253324646537195414e-03
2.891330984362684795e-03
6.874048689871859949e-03
3.036942170123527185e-03
1.680751193295992787e-03
6.016078850184370178e-03
2.106399919719789161e-03
2.436405529506308586e-03
1.665342343396432594e-03
1.938545265876617666e-03
7.221056659145958304e-03
1.299982194995591379e-03
4.328794433544373536e-03
1.079926791038118405e-03
3.400162859468936968e-03
2.879150564904015518e-03
5.644879237303121813e-03
4.648532153413288508e-03
7.614559238665955833e-03
3.548044713336864601e-03
6.537305445722597051e-03
4.349197628391486374e-03
4.136416600276195468e-03
4.221290204299205963e-03
3.421721022024410037e-03
4.888972901378105078e-03
1.391072939349787766e-03
3.432132752020838461e-03
6.077316934336452967e-03
1.196788763575092540e-03
7.013784719158494378e-03
1.338550916981253716e-03
2.637736490643661450e-03
3.080527991893304909e-03
1.893282618913699191e-03
7.079935729930429342e-03
2.779807559383160910e-03
6.661907380109296367e-03
2.562127630829338833e-03
2.503733840458828575e-03
3.709141411666035896e-03
3.479677888200215230e-03
1.723829024394512525e-03
1.378626070070468942e-03
2.690558273062737364e-03
3.912059136159124623e-03
1.883205744412700094e-03
9.882918578456444288e-04
2.576956319295676309e-03
1.440028795196971302e-03
5.803227849782527543e-03
6.346573904634161302e-03
9.124740151792894985e-04
2.061406970288784651e-03
2.604583425787832234e-03
4.850432437861113694e-03
2.813936356323140219e-03
1.692379476633295481e-03
7.533605544802403353e-03
8.867797434066403660e-04
3.175329413725084746e-03
4.116584137640255485e-03
8.527223533579345862e-04
2.931818077309074604e-03
4.703369410999948264e-03
1.909119360921298410e-03
3.588732943437243118e-03
9.672313694728150099e-04
1.013179818776227059e-03
2.525047542889516210e-03
1.141350584862974634e-03
1.400677103461001397e-03
2.572265970890624202e-03
3.078981802211988843e-03
3.891115177934026999e-03
7.629600771246352643e-03
4.513434214011937708e-03
3.927448243600870428e-03
2.834847155038954045e-03
1.446045211058647091e-03
4.723493068655351852e-03
1.673209227077675611e-03
5.588620970636960436e-03
6.982990162346652298e-03
3.741816783786516831e-03
2.350624458879472991e-03
4.799792761750840998e-03
4.787582467821806763e-03
2.277627503074102291e-03
1.168366426892823067e-03
1.509281516535229640e-03
1.971767208332050967e-03
3.088478425170388883e-03
6.022531040588604764e-03
3.344116257361821800e-03
2.297241142033190110e-03
1.628953515185502156e-03
4.068873674952156426e-03
4.992813657214093502e-03
5.676002615744373328e-03
6.676626061142857879e-03
2.881949927999378266e-03
3.975240001685492568e-03
4.984316511670165359e-03
3.534574151258159606e-03
4.129971669156122516e-03
3.316727144815550393e-03
1.836058279408721208e-03
4.088275436918348445e-03
1.101841957409045811e-03
2.943545028207004543e-03
7.155033788856453997e-03
1.574759234132007630e-03
4.380309649872821121e-03
8.996634486051733465e-03
4.589261917907000270e-03
1.519706714272284339e-03
9.607923323945154756e-04
1.603579788621267189e-03
2.308695476397758413e-03
9.814508100192201323e-04
1.377277517615923749e-03
4.915602923061255722e-03
1.258839126032726451e-03
3.060248450228778526e-03
1.629692806042801591e-03
2.369219995469252268e-03
1.353152131163167177e-03
1.161341616209183485e-03
1.991238225290659167e-03
4.015369123811879555e-03
1.408277463015418203e-03
3.122998484558304599e-03
4.883641868019632064e-03
1.234055946109228466e-03
1.395572354103727765e-03
2.920721509499436819e-03
3.040542831754831487e-03
2.460528386443789316e-03
7.650386670471296877e-03
2.193452474304375972e-03
5.534796865471230086e-03
3.305675061103967045e-03
3.053577328991007641e-03
6.451292298083589026e-03
4.092148600619020110e-03
1.296818385189173455e-03
7.196605780487246896e-03
1.657229595636640134e-03
1.544402144587611906e-03
3.160380037215623338e-03
2.517124594532372042e-03
2.830980934435413463e-03
1.626523833878757222e-03
3.069288479161629956e-03
1.396158847457638344e-03
8.700376946637987515e-04
7.757574363012806600e-04
2.107024714204318392e-03
3.319162663293930698e-03
4.679266934490419576e-03
1.170925905572290943e-03
5.575109747039379976e-03
3.502276696666621440e-03
1.503369403511316000e-03
1.163217644775476093e-03
5.800155113349116098e-03
3.308335266835295101e-03
5.217893228573573620e-03
1.493160481049404407e-03
1.987312587729875377e-03
4.406480569176578210e-03
2.085351968157506033e-03
8.838633533603940367e-04
1.658898751600544185e-03
6.513205649806121447e-03
3.670672541672730799e-03
1.055859361266722838e-03
3.107538774050786108e-03
3.013890653386030148e-03
3.042315316369137348e-03
5.359269462751435967e-03
4.575497886492529108e-03
2.122924868074734048e-03
6.540901764704422187e-03
3.521352394331473887e-03
1.398135766504034509e-03
1.335400770138760098e-03
7.411338416517370895e-03
9.914575323417492998e-04
6.746264832573963845e-03
7.450516242911158979e-03
6.588730261157412643e-03
1.416479636993897302e-03
1.118275797817096847e-03
1.020759693016811027e-03
2.157756936497925906e-03
1.599088819775271566e-03
6.469257691423792311e-03
9.651066783017256314e-04
5.927810046285027397e-03
1.492069000236363827e-03
1.645151622778487279e-03
3.373147379853160596e-03
1.204811100668530446e-03
3.332747544206985518e-03
5.861129624978088891e-03
3.008475634814090655e-03
3.692814619394281083e-03
3.617335319864323131e-03
