9.731215060410436726e-04
1.180193366643442557e-03
1.897828922717511180e-03
1.865358024447437467e-03
3.621075522191101632e-03
2.417037504762286574e-03
6.759252171431747586e-03
5.953802660613736683e-03
2.768931453845168561e-03
7.725348073383574328e-03
3.480962041579318319e-03
1.960113858939463265e-03
5.087502479001049585e-03
3.867761691459209276e-03
2.203304456573444963e-03
2.458421940099643228e-03
1.553513128579032910e-03
2.707692821734504051e-03
1.124285448696876787e-03
6.489458019538879227e-03
1.339590448362188400e-03
3.265366115403172710e-03
6.831004177511162782e-03
3.298476576502582924e-03
6.220602265126953800e-03
2.126663631747106008e-03
1.702779226218502449e-03
2.045985102514309272e-03
6.182065019652000122e-03
3.481317931741549632e-03
1.209796821082465652e-03
1.255458529617031532e-03
2.722750536192052040e-03
1.994869241291448436e-03
8.171420055973755130e-04
1.664484266276859215e-03
1.090424525610309177e-02
1.402934927513704508e-03
1.537634754542526946e-03
1.332011972595021796e-03
1.061507591722487143e-03
6.308445207396430089e-03
2.573342766679724211e-03
1.598916921413461945e-03
7.452012610829885850e-04
2.831626359211491563e-03
5.020784916792643895e-03
8.677661401158782766e-04
4.344537665642343206e-03
8.202311423145952629e-04
1.351785612202709846e-03
1.846085213414807658e-03
7.057065314112848965e-03
2.001068464369374928e-03
1.308009283311767227e-03
7.996689491401890934e-04
4.727127098506321394e-03
1.138222871538129575e-03
1.595194437581830662e-03
1.063248242655672176e-03
8.360457629622632418e-04
1.043797675878120135e-03
1.927707285172805367e-03
1.605528984961652117e-03
1.707111965580934091e-03
1.367593131671319528e-03
1.600356116950790676e-03
1.866156926969673438e-03
6.285922481563290323e-03
1.533765523307259156e-03
7.822748330462436089e-03
8.820125754364001877e-04
1.486971128435024677e-03
1.913100683974841868e-03
2.073864659686804231e-03
1.127708826100960043e-03
2.278682587017662534e-03
8.907982606798869885e-03
2.260583265138644583e-03
2.009402061830182877e-03
7.805990020842969125e-04
1.496648793543620733e-03
2.554674822537631156e-03
8.762123166444529734e-04
1.093132780084881588e-03
9.439435834253744571e-04
2.536092955995021200e-03
1.354895409227664183e-03
1.034390879223583961e-03
1.016396691636413645e-03
6.798669559679373399e-03
1.050410974047685493e-03
8.559820909074232227e-04
1.378906659052221055e-03
1.821824873230499511e-03
1.798130768397429666e-03
1.104785684830285417e-03
1.046973442628385638e-03
3.772265057786967392e-03
1.530129399716253233e-03
1.789731422246044687e-03
1.644244994800216162e-03
1.819243844860149624e-03
1.179314103941127073e-03
1.504418644516148772e-03
1.269064090178834104e-03
4.031112869347991054e-03
6.903538229492813070e-04
5.053123346151253137e-03
1.509033552707917314e-03
1.299762226423503957e-03
4.501783809989809253e-03
1.352059659435191422e-03
9.346619850699546851e-04
6.970023623356962289e-04
1.115842217586350549e-03
5.775920868979315080e-03
4.593189604182841036e-03
2.237356217857890822e-03
8.818331273058732525e-04
7.385029189924399110e-04
1.861383889131945288e-02
1.852789413597046887e-03
8.683792958736011878e-04
5.885446325663987871e-03
1.900159868980108363e-03
1.110496299347789274e-03
5.628359668891248259e-03
1.682756031851472944e-03
9.450713984796604850e-03
1.069951066618722449e-03
1.205638685611652499e-03
9.200093857020672427e-04
1.339680679262590397e-03
1.020075003341298437e-03
1.169843271045641932e-03
6.885174128186062441e-03
8.702865449074985264e-04
1.283235406016508149e-03
6.504973783994654618e-03
1.888803324193503736e-03
1.586034803817365805e-03
1.230455805799257922e-03
1.261782218750466880e-03
1.289311902893338453e-03
5.504744216730441536e-03
2.389520895892272706e-03
7.747872763758463423e-04
1.048255170488656286e-03
1.245534602779956989e-03
1.529631058286519754e-02
1.119813674247734352e-03
3.874283440861918653e-03
1.168065877969948077e-03
2.081329006469806280e-03
8.214432614110166175e-03
1.180893094467756451e-03
2.371724276336707390e-03
2.049019046818140958e-03
8.920347957970863138e-04
1.791948871568687903e-03
7.828933074374933238e-04
4.138036970635901833e-03
1.580146225353837525e-03
1.173562904410559420e-03
1.581577544080928904e-02
2.981836792397866802e-03
2.416356365648491232e-03
8.899438999346106919e-04
1.238956491175092611e-03
1.488992615870495841e-02
1.203512317880324391e-03
1.937743186124983065e-03
7.862559471618696871e-04
1.618095788355468963e-03
1.051395183261807963e-03
1.896821754209630003e-03
2.223352818028273645e-03
1.890530086388251662e-03
1.487165546054185303e-03
1.468628222172129036e-03
3.082679054801060886e-03
4.494278683053631873e-03
3.991173706939121595e-03
1.723404607844637466e-03
1.512140108481720710e-03
1.762226503296156904e-03
1.257661328643075839e-03
1.215653143413384599e-03
2.470699051857720620e-03
2.463120898617378492e-03
3.715755986226178687e-03
1.211781375139692847e-03
1.108665000299464010e-03
8.208471935999916633e-03
4.220712591942185100e-03
8.644968703235180862e-04
9.484378095695564226e-03
1.693826184684172308e-03
1.767975274486124990e-03
1.358737943764681691e-03
8.161373921938185061e-03
1.915011635432622202e-03
9.366581206805719160e-04
1.838380248873200179e-03
1.422367108333635801e-03
1.782443216390851726e-03
1.046706675135620265e-03
8.028919657597778344e-04
1.403677659916848473e-03
1.054175114182371101e-03
6.927704733049354965e-04
9.638707965650332530e-04
5.793080358884482826e-03
1.444003420256047103e-03
3.142272141287056481e-03
1.389720331193408740e-03
1.528836550375669949e-03
1.131061251004950204e-02
8.455418077037877081e-03
5.211642232762621514e-03
9.813525211622455263e-04
4.983547615569542018e-03
9.510052158550393042e-03
9.912011078154253554e-04
4.947439816512892545e-03
2.046134067026796240e-03
3.542232839088661159e-03
1.028925160058123634e-03
6.260529639233772606e-03
1.722211930784457289e-03
1.328910948541098301e-03
4.484220151265493753e-03
1.405874103311540845e-03
1.637690261526024166e-03
1.655453343779463102e-03
1.772262262384524190e-03
1.826018787443647396e-03
1.030107569327542950e-03
2.933372530428126831e-03
1.818565359082913212e-03
8.238749551679608318e-04
1.701076832196932610e-03
1.235552510710928413e-03
1.347345882236498493e-03
1.985822526219144582e-03
8.829873752183493461e-04
3.267240474157339508e-03
8.068326247592547823e-03
1.732305991854603830e-03
9.568609270103209602e-04
1.182977214835859809e-03
1.443251339965913056e-03
2.295031558546446835e-03
6.421928293988508375e-03
1.463350729259662621e-03
3.243503556667315553e-03
1.268901444937578504e-02
1.384112120147062280e-03
1.052222481163861368e-03
7.460590100376309711e-04
1.602400304165301371e-03
1.203243770396778163e-02
1.510252355643002366e-03
1.255876105077132062e-03
2.362150578989292635e-03
1.109272175167220044e-03
1.866869584454785300e-03
9.437334300241187295e-04
1.720927266504006063e-03
9.031375472487197928e-04
2.058691415294057903e-03
1.316945759089918882e-03
4.222909321063601437e-03
1.822674783723194237e-03
1.517562778274700623e-03
4.986267934878723870e-03
2.234317348510790526e-03
4.862819370846064790e-03
1.155884805536907829e-03
2.661654788501307059e-03
1.751762066878695965e-03
1.718020139802866990e-03
5.196747564447436532e-03
1.571437684920042304e-03
1.186241238538569961e-03
7.126884939675100748e-03
1.109235464610087030e-03
1.254320923300531257e-03
1.895711789392568684e-03
5.699023119476105334e-03
8.239800323490358664e-04
1.392978119108323910e-03
4.481994270655677119e-03
1.690162161752460429e-03
1.286510254122645493e-03
9.248672747007434958e-04
4.996022614049832819e-03
2.243209204402252851e-03
4.678646862799979746e-03
7.166768974668037478e-04
2.925473000549738689e-03
8.653286276000699559e-04
1.413578353059799899e-03
6.743748137682658607e-03
8.240115904658102883e-04
9.246440548739279577e-04
1.993253027402963531e-03
1.372319804489680918e-03
5.313615843607242921e-03
4.321369343014237058e-03
8.187904188055176221e-04
2.039967099258048564e-03
6.116387056241646795e-03
1.502445271355073650e-03
1.805055456356067156e-03
1.863334547251212355e-03
1.099569399268788064e-03
9.305561638220799514e-04
2.409528269347983344e-03
4.492551676134125260e-03
3.348602574547768738e-03
5.782977691626403627e-03
6.091962800950240405e-03
1.016580763887780939e-03
1.007025689441640864e-03
9.612098307245488076e-04
7.572703404391453990e-04
1.208554887799654460e-03
3.903571114836810844e-03
2.454544683031889205e-03
1.858578693474927058e-03
9.889235387655851556e-04
1.028188238281686241e-03
1.002249780070938161e-03
1.046237405029364206e-03
9.936532597194997537e-04
1.425794616259774090e-03
7.447952851204271869e-03
1.566361856020931495e-03
1.153030941716558233e-03
9.002678316926963258e-04
1.277506459200305035e-03
2.051689496033483589e-03
9.203486166563221204e-04
1.206716345981460967e-03
1.383144829338741342e-03
4.311130557098126134e-03
9.547590327763395964e-04
2.211894126725141938e-03
1.769442035169121498e-03
9.548967764919753191e-04
5.212009717856052465e-03
9.650023627465263536e-04
4.611177763514064630e-03
5.718917028765667376e-03
6.179982807384899052e-03
2.099748330231347715e-03
1.622551676362258069e-02
1.552283673783847297e-03
2.383966348844920348e-03
7.735500397666481096e-04
2.348093227318436525e-03
1.396022874175650288e-03
7.094675117598526776e-04
2.275462563347055867e-03
2.281415591944152728e-03
6.697070583726982395e-04
2.322297227759605523e-03
1.490701871180960796e-03
1.567280416837618347e-03
1.872252549627197084e-03
1.135915343571331252e-03
9.566695347688134853e-04
4.902776910345245549e-03
3.994761115189299390e-03
2.496939585766987536e-03
9.218281212253001677e-04
6.982544478908384988e-04
1.001210510781207035e-03
1.136020580662369705e-03
1.426932561114508486e-03
2.227242501128364437e-03
1.543078985196783340e-03
1.602304844020793284e-03
5.230619924565844611e-03
1.325094677713652309e-03
2.064363216831178061e-03
8.553724644509696010e-03
1.710978501750404614e-03
2.247904412389155598e-03
1.049827741040596429e-03
4.638907763480078911e-03
1.207119017706264176e-03
1.077283764626527302e-03
1.401042384220030704e-03
1.593443337798615845e-03
1.651234131622192000e-03
7.878280576049175466e-04
2.547652932349415630e-03
4.729192226890336498e-03
2.957443459585941056e-03
1.555382550988700747e-03
4.867617943581535253e-03
2.186613935588549787e-03
2.518490545992296912e-03
2.173061700805061988e-03
7.502186763618423800e-04
1.886897841785546877e-03
3.186187762800808676e-03
9.318970233797593903e-04
2.234897666280523387e-03
9.987634391875484761e-04
4.652087883074544974e-03
5.786982186562953864e-03
5.235641543358955131e-03
2.220028368712751929e-03
6.650714346494330902e-03
8.901490888298280602e-04
2.210585955480778853e-03
1.313017483205146125e-03
1.290414938457617750e-03
9.423174530637088613e-04
4.365214899640796828e-03
8.299286895944021566e-03
6.668877080997685043e-04
8.361755751394613209e-04
6.922636351778274286e-03
1.056624899176275252e-03
9.181077591945478690e-04
8.864937495254521455e-04
6.372260271586186950e-03
2.962321715265828735e-03
1.301722272718121255e-03
1.719621013125282281e-03
9.204255402607256289e-03
1.953675207291544376e-03
9.714486597333266442e-04
1.700400676615826043e-02
1.379180455524079427e-03
1.210092144622100605e-03
9.284999321753315341e-03
1.177838874204157043e-03
1.191923720505407187e-03
1.689938601916430964e-03
7.920216768210336378e-04
4.052562034405574748e-03
1.000104143661262497e-03
5.310817980069814162e-03
1.031663102460326402e-03
2.591470164054705816e-03
9.696772312954260150e-04
1.021148876769799275e-03
1.524245183779657752e-03
1.958191389680000258e-03
1.329424273417826414e-03
5.059243862633109635e-03
1.124663217367471383e-03
6.910700317235272429e-04
4.357472943274256702e-03
1.301411742090620872e-03
2.453550967802582954e-03
2.029689946852733257e-03
5.741297672963085671e-03
2.665649150556934945e-03
6.208926033734460566e-03
5.716427975675488805e-03
9.295471808006415711e-04
9.779967917982067185e-04
2.942707541766226634e-03
7.483938674677411687e-04
4.086426497017552756e-03
1.275540365487986064e-02
7.277423006501233457e-03
7.274684617989668999e-03
1.030034384411299131e-02
3.813982346009276835e-03
8.852399622305893827e-04
4.459428931706055713e-03
1.587230142440204401e-03
1.713114442536623622e-03
1.679762629262241064e-03
7.750479536136979436e-04
4.022737251236934222e-03
1.550371283772116523e-03
1.005088364565313603e-03
1.444300481264478280e-03
9.833298549299256987e-04
1.069887651843298790e-03
4.370712277892831697e-03
7.684199432033915868e-04
7.608399365308094169e-04
8.411191486735862272e-04
6.647350477734301341e-04
1.312170479817395541e-03
4.909228297110545224e-03
1.736481125239492610e-03
6.014351219630667197e-03
1.112799387611815294e-03
8.387399271165483757e-04
1.151774447731306614e-03
8.002350410639626124e-04
1.644308263345031470e-03
4.978936095969116980e-03
2.436464761612145476e-03
5.291675242063791779e-03
6.762868310294152356e-03
1.064780802223860021e-03
1.073570343117574103e-03
9.580600273068785996e-04
8.572529366121745074e-04
2.373551524440140406e-03
1.232540738616074187e-03
4.905501271201791538e-03
4.527515722679047866e-03
1.335335707056844057e-03
9.683540974087392157e-04
5.863858652880741228e-03
6.690337848614274531e-03
2.756805837110576363e-03
1.168652949044775118e-03
1.865650003504936739e-03
9.527056184820043060e-04
7.742146949310272849e-03
2.462032865373000971e-03
1.435453314825432597e-03
4.045914465790585203e-03
1.935266050385727864e-03
1.796533809618924534e-03
5.394361262653509480e-03
7.356356002028696097e-04
1.429829354477989362e-03
1.644597860679909750e-03
9.149180976517755793e-04
6.114351871870311698e-03
1.445977412735218598e-03
8.306068306588920485e-04
1.058606299463612675e-03
1.035142365940698236e-02
7.293049326235223097e-03
1.074258061182932012e-03
1.134650279982192663e-03
1.429682277731715925e-03
1.913830626104219730e-03
4.755775756338583189e-03
9.702709553643518300e-04
1.717309452024424164e-03
1.391668790505372301e-03
1.939105047208462178e-03
9.213692263173407435e-04
1.551328178538901150e-03
1.414090172192925725e-03
4.026284665672985250e-03
1.810475163682507193e-03
1.552730960399560439e-03
4.569408136681580614e-03
1.131680582407430802e-03
2.003326430817083548e-03
6.774433020236277992e-04
1.658266466431664596e-03
7.838527953038500412e-04
5.363444187049315470e-03
5.814709589535500649e-03
5.959440363058725321e-03
6.245412948412343984e-03
7.709049402423726657e-04
3.828991075047686286e-03
1.410536750466210871e-03
1.480504953490466378e-03
1.005867366559894116e-03
4.556324645453246891e-03
4.260510362180604423e-03
9.964031271054334723e-04
1.138945338142088913e-03
2.051957087634606689e-03
3.869738242247541642e-03
7.382735380080372202e-03
9.859516861477110594e-03
2.150763860024136956e-03
1.071785348777177507e-03
1.792784118574154142e-03
1.340451653907427437e-03
1.574083378743720407e-03
5.340382044735363272e-03
7.775950408861415433e-03
6.524338398507241281e-03
6.786020436233958057e-03
9.565610662909098056e-04
9.305103520516981846e-04
1.198950127723130959e-03
4.199479888038269541e-03
9.474844922731632700e-04
2.015571709011063691e-03
3.887959772744828488e-03
9.173532165740972896e-03
1.248070099747059132e-03
7.919302499657041028e-04
1.149851136205540898e-03
1.597103187553594291e-03
9.714166497809262335e-04
8.094560213890772057e-03
2.234120766964067372e-03
3.723195897254475903e-03
8.997353590810396734e-04
6.259476526317672750e-04
8.145703923856788828e-04
7.628506569356029512e-03
2.557093418344155624e-03
9.796191217711207669e-03
8.536538473851093545e-04
8.574815811814628713e-04
7.882056029463239922e-04
6.292581638010453712e-03
8.387664255667538326e-04
5.515453832288301668e-03
1.219838778802896954e-03
4.821428264583767220e-03
4.861594038034173365e-03
8.955681871590407545e-03
1.585486892306705404e-03
3.685519573400042239e-03
6.633448261427224608e-03
1.087524199655977818e-03
9.775010807119139094e-04
1.007237098735519563e-03
1.820141723872405973e-03
4.549930441725114592e-03
6.747338153161357372e-04
6.999446749180057931e-04
1.079827612407259886e-03
1.771652770909635036e-03
2.441658313686234302e-03
5.491757804937194912e-03
8.191739823419126251e-03
5.080777048647107906e-03
1.293270793252792889e-03
8.482992620860733881e-04
2.215400107179849379e-03
9.497550412233492136e-04
9.919121278921176448e-04
1.300945307648265553e-03
4.312983336401581339e-03
4.460271596819702193e-03
7.974003049075120827e-04
9.439402737757991149e-04
1.575242425247657535e-03
7.167415259373106440e-04
3.862630134035929634e-03
1.258092833012952171e-03
9.761211676391922179e-03
1.685416664117374069e-03
1.066970850073711494e-03
8.727548142209619201e-04
2.717038826283344442e-03
8.442124960756140729e-04
1.905887042967942995e-03
1.259453448616099135e-03
4.505129665002527081e-03
1.557105890032527747e-03
1.949643062481325921e-03
7.321590653481047702e-04
7.843454586074321807e-04
9.900991552708460208e-03
1.001666220442014484e-03
3.865780086145997538e-03
2.813090292589702762e-03
1.065236841325182919e-03
1.272768336205573874e-03
1.412082906335172328e-03
4.615562031994564253e-03
1.024574540018938738e-03
1.485878764073702684e-03
2.122298374729976109e-03
1.317837187097601606e-03
9.565428844752291724e-04
1.329067910996160635e-03
2.679945595766887196e-03
7.843444711819872774e-04
9.796582100286403173e-04
1.251156813817789863e-03
1.648561483706941465e-03
1.308127306866117010e-03
6.645603881277465860e-03
9.122462915049991961e-04
7.641949690107444591e-03
7.291334024258916066e-03
4.663628461012340673e-03
1.216554788569313263e-03
1.627769647080368068e-03
2.698966792988780668e-03
6.861384703457887313e-03
4.016844121488043901e-03
1.060568482571763596e-03
5.469503946158289429e-03
1.564266312116067504e-03
8.888409640217125084e-04
1.473428481989474959e-03
4.918222421354177983e-03
6.658017488951070185e-03
9.324941672141828959e-04
9.179324057917533823e-04
1.177571321370240618e-03
1.040470225543860434e-03
2.002036485201180455e-03
1.037678703847708410e-03
8.898712270855248414e-04
9.038514302927425212e-04
3.732113289687768141e-03
1.039534049198599566e-03
5.896105741525094375e-03
8.530918607782927683e-04
1.033993085279467494e-03
1.037361505048054041e-03
1.138181457947994371e-02
5.215555463850045370e-03
9.055463088946256100e-04
7.454192549247067208e-03
8.499299107697852462e-03
1.194396764212408328e-03
1.228359938020786961e-03
7.087604587594393017e-04
1.641240998218980538e-03
1.826306243484572328e-03
1.140852220017643352e-03
1.283003182886568528e-03
2.355685324938299949e-03
2.462774674100220995e-03
1.007665955158973652e-03
8.800662508889684410e-04
1.052625665623533680e-03
6.890654993149787850e-04
2.360916098081116809e-03
8.073589333771726342e-04
8.292536501530979815e-04
1.364454507418774937e-03
7.732729638382810841e-03
1.278413278213284170e-03
6.512232085041560342e-03
4.225892024715342810e-03
3.996723809970123727e-03
1.062093646842487841e-03
7.541385971140109144e-04
1.846252081933112254e-03
1.039602027780271287e-03
3.486794901772245509e-03
2.552713297873921566e-03
6.457771330487146501e-03
9.086571970391343553e-04
1.304494177853118744e-03
9.011410287246373035e-04
3.781847567386997268e-03
8.405170157493272332e-04
1.823075039791612886e-03
1.163510076117610674e-03
9.724192662471107043e-04
5.632369508743783997e-03
7.900111404120328806e-04
8.343398412709487596e-04
5.686602993392575467e-03
1.392464432589608607e-03
1.578661775651711129e-03
7.601201094865556521e-04
7.627597029751769907e-04
1.507685143261077408e-03
1.412549943399873768e-03
3.582714881900842148e-03
2.113648772484918135e-03
7.768342752947264779e-04
1.367508239602362608e-03
2.356128041546810999e-03
9.515266686411582393e-04
1.201153673932524747e-03
7.121900336305302419e-04
4.740805671225464812e-03
4.796745354733199240e-03
6.917396863529080191e-04
7.541586986440466933e-04
7.357960230605640247e-04
1.003827886417449529e-03
5.900702992985678783e-03
8.010205707887384837e-04
6.982366596495684493e-04
1.255501423785595691e-02
1.695422994994752203e-03
1.059848213072989327e-02
1.335928393203479224e-03
6.039652839366096981e-03
8.250788156500045998e-04
9.995189468960184297e-04
1.309980512912195007e-03
1.526853832475453913e-03
1.233302313774556390e-03
1.826278563601215583e-03
1.951473029045867284e-03
7.115093436524318497e-04
6.702420722255959633e-03
7.271179632859129478e-04
3.147323694835536811e-03
1.184405991102617864e-03
1.236037249594052444e-02
4.122667857012925902e-03
2.817446917646625713e-03
9.829890165670999904e-04
6.205869604575284942e-03
1.514497043571058502e-03
1.021586771847577714e-03
1.239870997631094957e-02
1.132687062814326934e-03
1.270461153336581352e-03
1.274466317460474065e-03
8.643606184385448392e-04
1.692911966202772589e-03
9.207356168024944960e-04
8.578560003147554314e-04
2.249630227529876743e-03
1.824029881957706318e-03
1.253471805457233822e-03
1.116874480483831013e-03
1.533317398168299300e-03
1.853204329536580538e-03
1.776948088657584945e-03
5.514647803919291505e-03
1.217585807870546046e-03
1.982166582766579400e-03
1.044196663213099079e-03
5.695637362958614475e-03
9.006381383523135928e-03
1.830330026368709321e-03
5.418437844797682236e-03
8.810480363787234368e-04
1.062255971831399222e-03
5.013038986076279700e-03
1.181573382669585904e-03
8.692698162727361321e-04
7.974386132364793146e-04
7.920543903149603005e-04
1.797233355530324442e-03
6.258542865583297497e-03
8.463289788778259430e-04
1.939140350912076311e-03
1.060199620845991321e-03
6.665648612551983675e-03
3.829321830507310606e-03
8.971576762619578801e-04
8.734418672284958041e-04
4.092792522269341100e-03
1.143634923299226280e-03
6.718538020969265848e-03
1.108294922937558963e-03
1.174743311755986922e-03
7.367301374112028610e-04
6.309704061022048272e-04
7.053214551262979417e-04
5.501957385920337382e-03
7.523222706147878868e-04
7.254128541144821973e-03
8.080987164349351815e-04
1.098978713879028178e-03
8.988097029718499810e-04
9.609918909571616872e-04
1.436320168559209604e-03
1.107692173323665281e-03
1.183676433678608041e-03
1.338985332311664949e-03
4.495680622277998389e-03
6.894042059369634608e-04
1.009736879264816782e-03
9.295977396924191838e-03
7.262452983798013510e-03
8.973306061909050923e-04
5.760713541833193535e-03
1.313764022604444175e-03
1.476434293499402075e-03
1.308064030678344255e-03
1.126028324174199041e-03
7.852926983169998629e-04
9.116245909051735180e-04
8.635860634571668843e-04
6.741097046837706171e-03
1.758930804260116967e-03
1.230836724231205645e-02
1.011706271603592458e-02
1.952531091898252434e-03
3.661092653632192547e-03
1.215262694538817023e-03
6.198364562701467496e-03
1.907165815622970800e-03
9.424860411871892676e-04
8.271430494840829742e-04
1.125425035332869653e-03
1.780772079567902091e-03
1.044578921617213101e-02
1.487025327520154335e-03
8.958351985855143428e-04
7.105066438289474318e-03
1.592702059513267021e-03
1.760752932991653530e-03
1.467441400533528320e-03
7.119015258090626583e-04
1.175927117489572763e-03
2.323752436140729544e-03
7.820492131685196670e-04
1.813501150408672411e-03
1.285817636124790076e-03
3.944564085454979260e-03
9.732550174785065079e-04
1.422678640357608005e-03
5.448071428996532385e-03
1.956657775296773930e-03
9.873617442721406307e-04
1.380935293378095403e-02
8.958946675222207107e-04
1.111209769636781110e-03
2.154033904598738006e-03
1.723236595122435225e-03
1.128346817558834340e-03
1.104925020819661841e-03
1.086985733024079751e-03
1.318473320280512309e-03
1.761476564799609309e-03
5.100929547066283473e-03
1.936504077944846891e-03
3.486437007195560336e-03
4.577956019914227598e-03
1.314463198195681528e-03
1.356012526576091080e-03
7.259052565948988624e-04
1.564877026742744412e-03
1.560707071103360549e-03
2.863776645387827984e-03
5.959211819101674357e-03
1.187624032560072448e-03
5.990272966863846409e-03
1.526381278229088905e-03
4.977817233929183148e-03
1.367223080768999004e-03
1.167289694893232539e-03
3.592801471171781780e-03
1.387227927131780844e-03
1.320091151164784048e-03
8.878310025939058344e-04
1.576787471338117908e-03
1.112206099947881917e-03
7.786315433076771743e-04
6.808361703401009934e-03
8.961895986601194075e-03
4.592522229818371722e-03
1.052922744793773503e-03
4.555705791563240473e-03
1.748224093377221365e-03
7.935870642768840574e-04
4.783524363100242517e-03
8.005791135149241790e-04
2.701023576791759633e-03
5.180255814536047047e-03
1.034453865157838664e-03
5.119703897600449451e-03
7.874684955185848670e-04
1.721097118596708183e-03
3.975985441980043299e-03
4.216526096844006727e-03
1.175997528733997363e-03
7.825643638881741746e-04
1.026540422339031634e-03
1.264409297212912113e-02
5.580417579967376050e-03
7.811752006335255169e-03
1.182754507050710283e-03
1.330925136298927603e-03
3.276486861151930909e-03
1.476364441235844928e-03
8.085439364369734292e-04
6.234601731356556251e-03
7.636521416099367483e-04
3.036353892745334571e-03
7.508194445524777379e-04
1.107891133939449329e-03
9.141414375751756582e-03
5.581018263530559444e-03
1.143011329658093992e-03
1.402338637689724311e-03
1.057786238964418014e-02
8.752510126556781135e-04
8.535001997048219987e-04
6.228030506341158956e-03
9.266842575397213127e-04
1.178630226718581147e-03
1.028842125694405703e-02
4.578221228034685258e-03
1.842821702891223002e-03
1.258433831056068571e-03
1.452348261181507201e-03
2.118025739644866130e-03
2.067362266544787216e-03
5.802803649078547461e-03
2.531491045965281357e-03
5.361873766793982116e-03
5.513965677379916060e-03
4.680326040903972327e-03
1.130887814991593217e-03
