2.571640908718109131e-02
2.022955194115638733e-02
2.325740829110145569e-02
2.195882797241210938e-02
2.277442067861557007e-02
2.247506752610206604e-02
1.939498819410800934e-02
2.350771054625511169e-02
1.949547603726387024e-02
1.941748335957527161e-02
2.289503067731857300e-02
1.718386262655258179e-02
2.372160367667675018e-02
2.279481478035449982e-02
2.442630752921104431e-02
2.232110872864723206e-02
1.843020692467689514e-02
1.946241036057472229e-02
2.188758924603462219e-02
2.090930193662643433e-02
2.150499075651168823e-02
2.062793076038360596e-02
1.955804973840713501e-02
2.589242905378341675e-02
2.165990136563777924e-02
2.080677449703216553e-02
2.094249799847602844e-02
1.909746229648590088e-02
2.282324992120265961e-02
2.211284637451171875e-02
2.558601833879947662e-02
2.010608837008476257e-02
1.804897189140319824e-02
1.927959918975830078e-02
2.373897284269332886e-02
2.129169367253780365e-02
2.423045411705970764e-02
2.597293816506862640e-02
2.574539557099342346e-02
1.894864253699779510e-02
2.321370132267475128e-02
2.509337849915027618e-02
2.333760634064674377e-02
1.899262517690658569e-02
2.098344266414642334e-02
2.418813481926918030e-02
2.543080225586891174e-02
2.400759235024452209e-02
1.992381922900676727e-02
1.946798712015151978e-02
2.032369934022426605e-02
1.958987489342689514e-02
2.032861299812793732e-02
2.483806386590003967e-02
2.630844339728355408e-02
1.836860179901123047e-02
2.309993654489517212e-02
1.948668621480464935e-02
2.120940946042537689e-02
2.044466882944107056e-02
2.202348224818706512e-02
2.429509535431861877e-02
2.007450535893440247e-02
2.244184166193008423e-02
2.123591862618923187e-02
2.352547086775302887e-02
2.169733867049217224e-02
2.413759008049964905e-02
2.071506157517433167e-02
2.530691958963871002e-02
1.889408752322196960e-02
2.075039036571979523e-02
2.191873267292976379e-02
1.991869881749153137e-02
2.448686584830284119e-02
1.931027695536613464e-02
2.114151231944561005e-02
2.653509005904197693e-02
2.187655866146087646e-02
2.247660979628562927e-02
1.915385760366916656e-02
2.453257143497467041e-02
2.107399888336658478e-02
2.288765460252761841e-02
2.066005393862724304e-02
2.031047642230987549e-02
2.077892422676086426e-02
2.177545055747032166e-02
2.245772443711757660e-02
2.467893436551094055e-02
2.209764160215854645e-02
2.006210573017597198e-02
1.884364336729049683e-02
2.174687758088111877e-02
1.966914534568786621e-02
1.989714056253433228e-02
1.816195063292980194e-02
2.215767651796340942e-02
2.246764488518238068e-02
2.154121175408363342e-02
2.389080449938774109e-02
2.289553359150886536e-02
1.869967207312583923e-02
1.958511024713516235e-02
1.794297993183135986e-02
2.647227048873901367e-02
2.118460088968276978e-02
2.067763730883598328e-02
2.323638275265693665e-02
2.332850173115730286e-02
2.207378298044204712e-02
2.222902327775955200e-02
2.040536515414714813e-02
2.211472392082214355e-02
2.311070635914802551e-02
1.983153633773326874e-02
2.433590590953826904e-02
2.002313733100891113e-02
1.933130808174610138e-02
2.087702229619026184e-02
2.391600981354713440e-02
2.222905494272708893e-02
2.589754015207290649e-02
1.998534798622131348e-02
2.277193404734134674e-02
2.151195146143436432e-02
3.218321502208709717e-02
1.686365343630313873e-02
1.661789044737815857e-02
2.369899302721023560e-02
2.154034748673439026e-02
1.850631460547447205e-02
2.062266878783702850e-02
2.380216494202613831e-02
2.593401819467544556e-02
1.908877864480018616e-02
2.085502818226814270e-02
2.119241096079349518e-02
2.418658509850502014e-02
2.375016920268535614e-02
1.786018908023834229e-02
2.198382467031478882e-02
2.095079235732555389e-02
1.875630021095275879e-02
2.450138702988624573e-02
2.263141050934791565e-02
2.115944400429725647e-02
1.953318342566490173e-02
1.887685060501098633e-02
1.987196505069732666e-02
2.113127894699573517e-02
2.512384578585624695e-02
2.429538965225219727e-02
2.240533381700515747e-02
2.774390205740928650e-02
2.225462533533573151e-02
2.322526089847087860e-02
2.291783317923545837e-02
2.220916561782360077e-02
2.273741923272609711e-02
1.872698962688446045e-02
2.193311601877212524e-02
2.363158203661441803e-02
2.540188655257225037e-02
2.178650349378585815e-02
1.865979656577110291e-02
2.278508245944976807e-02
1.882296055555343628e-02
2.020463719964027405e-02
2.213191613554954529e-02
2.194530144333839417e-02
2.535234950482845306e-02
2.104546502232551575e-02
1.829321496188640594e-02
2.102718129754066467e-02
2.015869691967964172e-02
2.107861079275608063e-02
2.430592104792594910e-02
2.200692519545555115e-02
2.266792766749858856e-02
2.818051166832447052e-02
2.363735251128673553e-02
2.042310312390327454e-02
2.050085738301277161e-02
2.389803156256675720e-02
2.230433747172355652e-02
2.234983630478382111e-02
1.898036524653434753e-02
1.786678470671176910e-02
2.259038016200065613e-02
2.578281797468662262e-02
2.476065978407859802e-02
1.769814267754554749e-02
2.327973209321498871e-02
1.968741416931152344e-02
2.055135741829872131e-02
2.413370832800865173e-02
2.424884587526321411e-02
2.369463071227073669e-02
2.357528544962406158e-02
1.981062442064285278e-02
2.404018491506576538e-02
2.272626757621765137e-02
2.180865593254566193e-02
1.927173323929309845e-02
1.859569177031517029e-02
2.498754300177097321e-02
2.247231267392635345e-02
2.158959209918975830e-02
2.050144597887992859e-02
2.290475741028785706e-02
2.057326957583427429e-02
1.720188185572624207e-02
2.034226432442665100e-02
2.068824321031570435e-02
2.238642424345016479e-02
2.290519513189792633e-02
2.485266886651515961e-02
2.408150956034660339e-02
2.736142650246620178e-02
2.055444754660129547e-02
2.154216542840003967e-02
1.852359622716903687e-02
2.207133919000625610e-02
1.870975643396377563e-02
1.804093644022941589e-02
2.429758012294769287e-02
1.975633203983306885e-02
1.944964751601219177e-02
2.207227423787117004e-02
2.242522314190864563e-02
1.980160176753997803e-02
2.784843184053897858e-02
2.452655509114265442e-02
2.154680714011192322e-02
2.036366611719131470e-02
1.982144638895988464e-02
2.028720639646053314e-02
2.053645439445972443e-02
2.978866919875144958e-02
2.353470027446746826e-02
1.743498444557189941e-02
2.439576573669910431e-02
2.437015995383262634e-02
2.867086231708526611e-02
2.096548490226268768e-02
2.580164186656475067e-02
1.907505653798580170e-02
1.562490873038768768e-02
2.168227359652519226e-02
2.315964549779891968e-02
2.184741757810115814e-02
2.247387357056140900e-02
2.249937877058982849e-02
2.169409021735191345e-02
2.186428196728229523e-02
2.369097620248794556e-02
2.108994685113430023e-02
1.724740862846374512e-02
2.090583741664886475e-02
2.266801521182060242e-02
1.620583236217498779e-02
1.855648867785930634e-02
1.928875967860221863e-02
2.032704465091228485e-02
2.357503771781921387e-02
2.476488053798675537e-02
2.300104685127735138e-02
2.133145183324813843e-02
1.986328512430191040e-02
1.649297028779983521e-02
2.843167819082736969e-02
2.180154621601104736e-02
2.312811836600303650e-02
2.266256324946880341e-02
2.079763449728488922e-02
2.653575688600540161e-02
2.252062410116195679e-02
2.474457398056983948e-02
2.131880447268486023e-02
2.677423693239688873e-02
1.771813444793224335e-02
2.110910788178443909e-02
2.072426490485668182e-02
2.170915715396404266e-02
2.240334823727607727e-02
2.217671647667884827e-02
2.372615411877632141e-02
1.928619481623172760e-02
2.141862362623214722e-02
2.112582325935363770e-02
2.264364808797836304e-02
1.865497045218944550e-02
2.688242495059967041e-02
2.318650297820568085e-02
1.807912066578865051e-02
2.007756382226943970e-02
2.193234860897064209e-02
1.862592063844203949e-02
1.923767477273941040e-02
2.027346380054950714e-02
2.177785336971282959e-02
2.187438309192657471e-02
2.326105348765850067e-02
2.465656027197837830e-02
2.365976385772228241e-02
2.282288670539855957e-02
2.120930701494216919e-02
2.154336869716644287e-02
2.248181961476802826e-02
2.108552679419517517e-02
1.995549164712429047e-02
2.475367859005928040e-02
1.789124310016632080e-02
2.205989137291908264e-02
1.777411997318267822e-02
2.100221440196037292e-02
2.353599295020103455e-02
2.258269488811492920e-02
2.060848474502563477e-02
2.667713910341262817e-02
1.867888681590557098e-02
2.621575817465782166e-02
1.955655217170715332e-02
2.064358256757259369e-02
2.021874487400054932e-02
1.693004369735717773e-02
2.047924697399139404e-02
2.130552008748054504e-02
2.314772270619869232e-02
2.325890772044658661e-02
1.814891770482063293e-02
2.176338061690330505e-02
2.460776083171367645e-02
2.291935309767723083e-02
2.354511246085166931e-02
2.302801236510276794e-02
2.678925357758998871e-02
2.467949315905570984e-02
2.230256050825119019e-02
2.546890638768672943e-02
1.899321749806404114e-02
2.618511579930782318e-02
1.991832628846168518e-02
1.993961632251739502e-02
2.545752748847007751e-02
2.107932604849338531e-02
1.930842734873294830e-02
2.006821334362030029e-02
2.120516449213027954e-02
1.937673427164554596e-02
1.963384822010993958e-02
2.201886847615242004e-02
2.169414609670639038e-02
2.404854074120521545e-02
1.938286796212196350e-02
2.987894415855407715e-02
2.786390297114849091e-02
2.299865335226058960e-02
2.324202470481395721e-02
1.900642365217208862e-02
2.562169730663299561e-02
2.763289958238601685e-02
1.966886036098003387e-02
2.251823619008064270e-02
2.325607091188430786e-02
1.458013243973255157e-02
2.859091944992542267e-02
2.273050695657730103e-02
1.826681569218635559e-02
2.415336295962333679e-02
3.769323229789733887e-02
2.789403125643730164e-02
2.088843472301959991e-02
1.931674778461456299e-02
3.162453323602676392e-02
2.811063453555107117e-02
2.425915189087390900e-02
2.313803508877754211e-02
2.508476749062538147e-02
2.646032348275184631e-02
2.543779835104942322e-02
2.189219370484352112e-02
2.616287395358085632e-02
2.376585453748703003e-02
3.026651591062545776e-02
3.181237727403640747e-02
2.161759883165359497e-02
1.616740040481090546e-02
2.315377071499824524e-02
2.282213047146797180e-02
1.873344182968139648e-02
2.601286955177783966e-02
2.638377062976360321e-02
2.624182030558586121e-02
2.047915011644363403e-02
2.589185349643230438e-02
2.094843424856662750e-02
1.988427713513374329e-02
1.968295499682426453e-02
2.419675141572952271e-02
2.080824971199035645e-02
2.060785144567489624e-02
2.722690254449844360e-02
2.944540232419967651e-02
2.406928688287734985e-02
2.090079151093959808e-02
2.428843080997467041e-02
2.044785395264625549e-02
1.801727339625358582e-02
1.513164862990379333e-02
2.517542243003845215e-02
2.687251381576061249e-02
2.061438746750354767e-02
2.444407530128955841e-02
1.910249888896942139e-02
2.420862019062042236e-02
2.880101464688777924e-02
2.425566874444484711e-02
2.152960374951362610e-02
2.213669195771217346e-02
3.079886734485626221e-02
2.446438930928707123e-02
2.888958714902400970e-02
1.966270618140697479e-02
2.531501464545726776e-02
2.620828524231910706e-02
2.169717848300933838e-02
2.456274442374706268e-02
1.905719563364982605e-02
2.133459597826004028e-02
1.876444555819034576e-02
2.354777045547962189e-02
1.714083179831504822e-02
2.106507122516632080e-02
1.791311241686344147e-02
2.730661444365978241e-02
2.442030608654022217e-02
2.297998405992984772e-02
2.176492474973201752e-02
2.393462881445884705e-02
2.626439370214939117e-02
2.148900181055068970e-02
2.212588116526603699e-02
2.102504298090934753e-02
2.520854398608207703e-02
2.253496833145618439e-02
2.579271234571933746e-02
1.899497210979461670e-02
2.178711444139480591e-02
2.265034988522529602e-02
2.001195400953292847e-02
2.330755814909934998e-02
1.957034692168235779e-02
1.902467012405395508e-02
2.050418220460414886e-02
2.156229875981807709e-02
2.114766463637351990e-02
2.121504768729209900e-02
2.280701324343681335e-02
2.574035897850990295e-02
1.996579393744468689e-02
2.171128615736961365e-02
2.216079086065292358e-02
1.850923895835876465e-02
2.579862251877784729e-02
2.472224459052085876e-02
2.076629549264907837e-02
2.144668251276016235e-02
2.317632362246513367e-02
2.500708401203155518e-02
2.128230035305023193e-02
2.405405789613723755e-02
1.926217600703239441e-02
2.368314191699028015e-02
1.930451579391956329e-02
2.601640857756137848e-02
2.115900255739688873e-02
1.697356253862380981e-02
1.897192746400833130e-02
2.360108681023120880e-02
2.440424077212810516e-02
1.952482759952545166e-02
1.926128193736076355e-02
2.153513208031654358e-02
2.063243277370929718e-02
2.455388754606246948e-02
2.193115651607513428e-02
2.372087165713310242e-02
1.940076053142547607e-02
1.988568156957626343e-02
2.248855680227279663e-02
1.971348747611045837e-02
1.931560784578323364e-02
1.789577491581439972e-02
2.103891968727111816e-02
1.931372657418251038e-02
2.425126917660236359e-02
2.603843435645103455e-02
2.173846215009689331e-02
2.295441925525665283e-02
1.974681764841079712e-02
2.417482063174247742e-02
2.436294406652450562e-02
2.275282517075538635e-02
2.134443074464797974e-02
2.082133665680885315e-02
2.283360064029693604e-02
2.311158552765846252e-02
2.202121913433074951e-02
2.047862857580184937e-02
2.291130833327770233e-02
2.084333449602127075e-02
2.145452797412872314e-02
2.534172497689723969e-02
2.284062281250953674e-02
2.069756761193275452e-02
2.110493555665016174e-02
2.296684309840202332e-02
2.234777063131332397e-02
2.324260585010051727e-02
2.452082931995391846e-02
1.953625306487083435e-02
2.270182780921459198e-02
2.025032788515090942e-02
2.296181209385395050e-02
1.973199099302291870e-02
2.275654301047325134e-02
2.423546835780143738e-02
1.874103210866451263e-02
2.283065021038055420e-02
1.906514167785644531e-02
2.252284623682498932e-02
2.094949781894683838e-02
2.265428379178047180e-02
1.701769046485424042e-02
2.198109775781631470e-02
2.455519139766693115e-02
2.082217857241630554e-02
2.092473208904266357e-02
2.038395032286643982e-02
2.436495572328567505e-02
2.338062226772308350e-02
2.120638079941272736e-02
2.601886354386806488e-02
1.827266067266464233e-02
2.155410498380661011e-02
1.862965896725654602e-02
2.459235116839408875e-02
1.662625558674335480e-02
2.438895776867866516e-02
2.175664156675338745e-02
2.007039077579975128e-02
2.318342961370944977e-02
2.378320321440696716e-02
2.326803468167781830e-02
2.274253591895103455e-02
1.977750658988952637e-02
2.701923437416553497e-02
1.775602251291275024e-02
2.113423869013786316e-02
1.893303915858268738e-02
2.273151278495788574e-02
2.479797229170799255e-02
2.039919793605804443e-02
2.254782617092132568e-02
2.139217779040336609e-02
2.313165925443172455e-02
1.973484084010124207e-02
2.125418558716773987e-02
2.414795942604541779e-02
1.830970868468284607e-02
2.271059155464172363e-02
2.008932083845138550e-02
1.919539645314216614e-02
2.130955643951892853e-02
1.683487743139266968e-02
2.457656897604465485e-02
2.640188112854957581e-02
2.276463620364665985e-02
2.750125154852867126e-02
2.111118659377098083e-02
2.272993512451648712e-02
2.196968905627727509e-02
2.037500590085983276e-02
2.196260541677474976e-02
2.355901151895523071e-02
1.922284439206123352e-02
2.689349651336669922e-02
2.105071023106575012e-02
2.065804600715637207e-02
1.829756051301956177e-02
2.135779894888401031e-02
2.107769809663295746e-02
1.978959143161773682e-02
2.342374995350837708e-02
2.314702793955802917e-02
2.300954237580299377e-02
2.149995230138301849e-02
1.825815066695213318e-02
2.274702675640583038e-02
2.006944082677364349e-02
2.257866412401199341e-02
2.099851891398429871e-02
2.409194223582744598e-02
2.295791730284690857e-02
2.333410084247589111e-02
2.511412277817726135e-02
2.159623987972736359e-02
2.073782682418823242e-02
2.628124132752418518e-02
1.884578727185726166e-02
2.644932642579078674e-02
2.277481555938720703e-02
2.433331683278083801e-02
2.008613198995590210e-02
2.019158378243446350e-02
2.093074284493923187e-02
2.037105336785316467e-02
1.872881874442100525e-02
2.000965923070907593e-02
2.274731360375881195e-02
2.091206237673759460e-02
2.164359390735626221e-02
1.746843382716178894e-02
2.165449783205986023e-02
2.084180340170860291e-02
2.265532128512859344e-02
2.307784929871559143e-02
2.314422465860843658e-02
2.164240367710590363e-02
2.220964059233665466e-02
2.096152864396572113e-02
2.600599452853202820e-02
2.066333591938018799e-02
3.047090768814086914e-02
2.158622071146965027e-02
2.153850160539150238e-02
1.783693395555019379e-02
2.525137923657894135e-02
2.065617777407169342e-02
2.022080495953559875e-02
2.270000427961349487e-02
2.303964458405971527e-02
2.065098844468593597e-02
2.123748138546943665e-02
2.157784067094326019e-02
2.061458677053451538e-02
2.329009026288986206e-02
2.445505931973457336e-02
1.912333630025386810e-02
2.229795418679714203e-02
2.302867919206619263e-02
2.567333728075027466e-02
2.148228511214256287e-02
2.379527688026428223e-02
2.536197751760482788e-02
2.355876564979553223e-02
2.189877256751060486e-02
2.044971287250518799e-02
2.562078647315502167e-02
2.336427941918373108e-02
2.067693322896957397e-02
2.241286262869834900e-02
2.189843356609344482e-02
2.278379350900650024e-02
1.960684359073638916e-02
2.131224796175956726e-02
1.742696389555931091e-02
2.124119922518730164e-02
2.527418732643127441e-02
2.117794938385486603e-02
1.672402583062648773e-02
2.082901820540428162e-02
2.398420684039592743e-02
2.297223173081874847e-02
2.254303544759750366e-02
2.023459039628505707e-02
2.102578431367874146e-02
2.517260983586311340e-02
1.744479686021804810e-02
2.097554132342338562e-02
2.168196812272071838e-02
2.086362056434154510e-02
1.977629214525222778e-02
1.884782314300537109e-02
2.332590706646442413e-02
2.182540483772754669e-02
1.899017393589019775e-02
1.997841335833072662e-02
2.466121688485145569e-02
2.095803059637546539e-02
2.926504798233509064e-02
1.994509622454643250e-02
2.041246369481086731e-02
2.208993956446647644e-02
1.855395734310150146e-02
2.088309451937675476e-02
2.122408524155616760e-02
2.893056161701679230e-02
2.257277630269527435e-02
2.196307107806205750e-02
1.776820234954357147e-02
2.089999616146087646e-02
2.377053350210189819e-02
2.117505297064781189e-02
2.307459339499473572e-02
2.079619839787483215e-02
2.706237882375717163e-02
2.319108508527278900e-02
1.976138725876808167e-02
2.328639477491378784e-02
2.425075881183147430e-02
2.240685746073722839e-02
2.059103175997734070e-02
2.215300872921943665e-02
2.118913829326629639e-02
2.024506404995918274e-02
2.147123590111732483e-02
2.106369659304618835e-02
2.644746564328670502e-02
2.208990603685379028e-02
2.274766564369201660e-02
2.196900919079780579e-02
2.400797978043556213e-02
1.752305962145328522e-02
2.449846453964710236e-02
2.702797017991542816e-02
1.983946189284324646e-02
1.741970144212245941e-02
2.048422023653984070e-02
2.327968925237655640e-02
2.435867115855216980e-02
1.666860654950141907e-02
2.452357485890388489e-02
1.903760991990566254e-02
2.302920073270797729e-02
1.974956691265106201e-02
1.656922325491905212e-02
2.519763074815273285e-02
2.228560671210289001e-02
2.549641206860542297e-02
2.196632511913776398e-02
2.156519517302513123e-02
2.185611985623836517e-02
2.119666151702404022e-02
2.070220187306404114e-02
2.033032476902008057e-02
2.084836550056934357e-02
1.869829557836055756e-02
2.762750908732414246e-02
2.191652357578277588e-02
2.237770147621631622e-02
1.917558908462524414e-02
2.126043103635311127e-02
1.820115372538566589e-02
2.174950763583183289e-02
2.370186522603034973e-02
2.359381690621376038e-02
2.477705106139183044e-02
2.340491116046905518e-02
2.095053717494010925e-02
2.174322679638862610e-02
2.265301719307899475e-02
1.685048639774322510e-02
1.898531988263130188e-02
2.171410806477069855e-02
1.866936683654785156e-02
1.706300675868988037e-02
2.605720795691013336e-02
2.238540351390838623e-02
2.378588542342185974e-02
1.944292336702346802e-02
1.951998844742774963e-02
2.603903040289878845e-02
2.153660729527473450e-02
2.163368090987205505e-02
2.187882736325263977e-02
2.455889433622360229e-02
1.771402731537818909e-02
2.575808018445968628e-02
2.074732445180416107e-02
2.084710076451301575e-02
2.278654463589191437e-02
2.272129058837890625e-02
2.112624421715736389e-02
2.268632501363754272e-02
2.066403813660144806e-02
2.226469852030277252e-02
2.127892337739467621e-02
2.401726134121417999e-02
2.231782861053943634e-02
2.296746149659156799e-02
2.224165201187133789e-02
2.250266447663307190e-02
3.015984594821929932e-02
2.378738299012184143e-02
2.070116624236106873e-02
2.260066196322441101e-02
1.697298511862754822e-02
1.801702007651329041e-02
2.113636583089828491e-02
2.623286843299865723e-02
2.027615346014499664e-02
2.025287970900535583e-02
1.618147268891334534e-02
2.252451330423355103e-02
1.963046379387378693e-02
2.647948637604713440e-02
2.345212548971176147e-02
2.508631721138954163e-02
2.866605669260025024e-02
2.179286442697048187e-02
2.119163237512111664e-02
2.045674622058868408e-02
2.229139767587184906e-02
2.060592174530029297e-02
2.401358447968959808e-02
1.986130140721797943e-02
2.467767894268035889e-02
1.894037798047065735e-02
1.994840055704116821e-02
2.114679291844367981e-02
2.051419764757156372e-02
2.237171865999698639e-02
2.635070681571960449e-02
2.021778374910354614e-02
2.236060798168182373e-02
2.261872217059135437e-02
2.190446294844150543e-02
2.656876295804977417e-02
2.104810252785682678e-02
2.058031782507896423e-02
2.072525769472122192e-02
2.329737506806850433e-02
2.392734773457050323e-02
2.152802422642707825e-02
2.224742621183395386e-02
1.944056898355484009e-02
2.676799148321151733e-02
2.357063069939613342e-02
2.092810720205307007e-02
2.242005243897438049e-02
1.820809021592140198e-02
2.534490078687667847e-02
2.630762010812759399e-02
2.107078023254871368e-02
2.336564660072326660e-02
2.331064268946647644e-02
2.055031992495059967e-02
2.195517718791961670e-02
1.894211582839488983e-02
2.337603271007537842e-02
2.025083824992179871e-02
2.099037915468215942e-02
2.499867230653762817e-02
2.082949131727218628e-02
2.242591232061386108e-02
2.465799637138843536e-02
2.591922879219055176e-02
2.537480741739273071e-02
1.980921998620033264e-02
2.283424884080886841e-02
3.030877001583576202e-02
3.065514005720615387e-02
1.684769615530967712e-02
2.225692197680473328e-02
2.494679950177669525e-02
2.506352588534355164e-02
2.429420128464698792e-02
2.694265358150005341e-02
1.869335025548934937e-02
1.816840469837188721e-02
2.838762104511260986e-02
1.813104562461376190e-02
2.367820404469966888e-02
1.708067953586578369e-02
2.200112491846084595e-02
2.084158547222614288e-02
2.642574906349182129e-02
1.976198889315128326e-02
2.264184877276420593e-02
2.183678373694419861e-02
2.152307331562042236e-02
2.471223101019859314e-02
2.443259395658969879e-02
2.456894144415855408e-02
2.031451649963855743e-02
2.404695376753807068e-02
1.946385949850082397e-02
2.371677570044994354e-02
2.423944883048534393e-02
2.603592723608016968e-02
2.053763344883918762e-02
2.718739584088325500e-02
1.805593445897102356e-02
1.943575777113437653e-02
2.093699946999549866e-02
2.138871513307094574e-02
2.093968912959098816e-02
2.106885612010955811e-02
2.028121054172515869e-02
2.087103575468063354e-02
2.415811643004417419e-02
2.751502394676208496e-02
2.207719720900058746e-02
2.332400903105735779e-02
1.862039789557456970e-02
1.783540472388267517e-02
2.266775444149971008e-02
2.419637143611907959e-02
2.125019021332263947e-02
2.226585522294044495e-02
2.244142442941665649e-02
2.566057071089744568e-02
2.383636124432086945e-02
2.098671719431877136e-02
2.558938041329383850e-02
2.658091112971305847e-02
2.777761220932006836e-02
2.041428349912166595e-02
2.082652412354946136e-02
1.904820464551448822e-02
2.816103398799896240e-02
2.870762161910533905e-02
1.831472851336002350e-02
2.453533001244068146e-02
1.970435865223407745e-02
2.772819623351097107e-02
3.804144263267517090e-02
1.896363310515880585e-02
1.608742028474807739e-02
2.429322153329849243e-02
2.967516146600246429e-02
2.740377560257911682e-02
1.995427347719669342e-02
2.105945348739624023e-02
2.445179596543312073e-02
2.190262638032436371e-02
2.380247600376605988e-02
1.849257946014404297e-02
2.163915894925594330e-02
1.991501078009605408e-02
2.714357152581214905e-02
3.030892834067344666e-02
2.580588869750499725e-02
2.210604026913642883e-02
2.610607817769050598e-02
2.466192096471786499e-02
2.894412353634834290e-02
2.267480082809925079e-02
2.000424638390541077e-02
2.134435810148715973e-02
2.741192653775215149e-02
2.263345196843147278e-02
2.061334438621997833e-02
2.165281213819980621e-02
2.365155890583992004e-02
2.065626531839370728e-02
1.977760903537273407e-02
2.549845166504383087e-02
1.881517097353935242e-02
1.801707595586776733e-02
2.329296246170997620e-02
2.497328445315361023e-02
2.285354956984519958e-02
1.781971380114555359e-02
2.739460021257400513e-02
2.155865356326103210e-02
2.387088164687156677e-02
2.510616928339004517e-02
2.076845988631248474e-02
2.355317026376724243e-02
2.400115504860877991e-02
2.362255752086639404e-02
2.116199024021625519e-02
2.158955112099647522e-02
2.233351767063140869e-02
2.117511816322803497e-02
2.158262953162193298e-02
2.303172089159488678e-02
2.169911004602909088e-02
2.033812180161476135e-02
2.243362367153167725e-02
2.271678671240806580e-02
2.195394411683082581e-02
2.109224908053874969e-02
2.148218452930450439e-02
1.924991980195045471e-02
2.077330462634563446e-02
2.051208913326263428e-02
2.279802970588207245e-02
2.043493092060089111e-02
2.039694227278232574e-02
2.237499132752418518e-02
2.409788407385349274e-02
2.143102325499057770e-02
2.199456654489040375e-02
1.910701394081115723e-02
2.081563323736190796e-02
2.185512892901897430e-02
2.342932671308517456e-02
2.154939249157905579e-02
2.202924340963363647e-02
2.091604657471179962e-02
2.181079238653182983e-02
2.350440807640552521e-02
2.176046743988990784e-02
2.047226577997207642e-02
2.498533017933368683e-02
1.917397975921630859e-02
2.154866978526115417e-02
2.304300293326377869e-02
2.166103944182395935e-02
