2.368910610675811768e-02
1.784468255937099457e-02
2.824787050485610962e-02
2.645612508058547974e-02
2.152396179735660553e-02
1.741765066981315613e-02
2.149787917733192444e-02
1.753236725926399231e-02
2.341078966856002808e-02
2.108377963304519653e-02
2.253666706383228302e-02
2.061262167990207672e-02
2.252087742090225220e-02
2.077206224203109741e-02
1.533545739948749542e-02
1.972746104001998901e-02
2.136262506246566772e-02
2.143502980470657349e-02
2.361477911472320557e-02
2.237437292933464050e-02
1.898480951786041260e-02
2.730361558496952057e-02
1.829004101455211639e-02
1.860416308045387268e-02
2.320373430848121643e-02
2.922214940190315247e-02
1.721716672182083130e-02
2.794653922319412231e-02
2.109858207404613495e-02
2.238440886139869690e-02
2.423303201794624329e-02
2.057928591966629028e-02
2.511727809906005859e-02
2.298000454902648926e-02
1.107979007065296173e-02
2.812531217932701111e-02
3.299489617347717285e-02
2.315067872405052185e-02
2.205843478441238403e-02
2.580520696938037872e-02
2.144232951104640961e-02
2.484208159148693085e-02
2.178963460028171539e-02
1.926735602319240570e-02
2.497673220932483673e-02
3.236753493547439575e-02
2.609104290604591370e-02
1.722693815827369690e-02
2.248446457087993622e-02
2.396802604198455811e-02
2.325412444770336151e-02
2.394825778901576996e-02
2.229154855012893677e-02
1.733750477433204651e-02
2.419188246130943298e-02
1.853114366531372070e-02
2.460163086652755737e-02
2.082896418869495392e-02
1.984260044991970062e-02
1.798896864056587219e-02
2.829558961093425751e-02
2.044010534882545471e-02
2.375660836696624756e-02
1.808329112827777863e-02
1.891228929162025452e-02
2.461514808237552643e-02
2.610283717513084412e-02
2.422254532575607300e-02
1.968177594244480133e-02
2.042227238416671753e-02
2.248634025454521179e-02
2.063950709998607635e-02
2.550604939460754395e-02
1.885286346077919006e-02
2.432414330542087555e-02
2.082405425608158112e-02
2.330101281404495239e-02
2.497764490544795990e-02
2.079135179519653320e-02
2.208392322063446045e-02
2.146432921290397644e-02
2.382570132613182068e-02
2.545330300927162170e-02
2.025932632386684418e-02
1.767822355031967163e-02
2.319034561514854431e-02
2.061675675213336945e-02
2.120470441877841949e-02
2.189736254513263702e-02
1.578397676348686218e-02
1.967522874474525452e-02
2.087567374110221863e-02
2.049507014453411102e-02
2.069035172462463379e-02
2.037351951003074646e-02
2.032769098877906799e-02
2.125683240592479706e-02
2.162779867649078369e-02
2.099369838833808899e-02
2.247731387615203857e-02
2.156524918973445892e-02
2.058487758040428162e-02
2.107724361121654510e-02
2.436020970344543457e-02
2.148620598018169403e-02
1.830952428281307220e-02
2.092998102307319641e-02
2.071717381477355957e-02
2.270200476050376892e-02
1.942243613302707672e-02
2.553834766149520874e-02
1.857148855924606323e-02
1.779895275831222534e-02
2.391428872942924500e-02
2.264450490474700928e-02
1.745439507067203522e-02
2.466148138046264648e-02
2.005921863019466400e-02
1.910232007503509521e-02
2.289487048983573914e-02
2.093366719782352448e-02
2.124493569135665894e-02
1.933220773935317993e-02
2.448891289532184601e-02
2.940328232944011688e-02
2.060943096876144409e-02
2.318452671170234680e-02
2.198460139334201813e-02
2.502709254622459412e-02
2.337335050106048584e-02
1.834129169583320618e-02
2.053470723330974579e-02
2.114009484648704529e-02
2.111908048391342163e-02
2.919455803930759430e-02
2.190557494759559631e-02
2.142332121729850769e-02
2.579554915428161621e-02
3.047683835029602051e-02
2.226073667407035828e-02
2.600588649511337280e-02
1.761614531278610229e-02
4.289303719997406006e-02
1.858647540211677551e-02
1.989153772592544556e-02
2.817526087164878845e-02
2.662475407123565674e-02
2.237476035952568054e-02
1.816527545452117920e-02
2.108965814113616943e-02
2.332206070423126221e-02
2.082999795675277710e-02
1.726207137107849121e-02
2.352737635374069214e-02
2.503887191414833069e-02
2.319540269672870636e-02
2.036246284842491150e-02
1.995960995554924011e-02
2.079951763153076172e-02
2.316843718290328979e-02
2.464440464973449707e-02
2.294033206999301910e-02
2.552991546690464020e-02
2.136162109673023224e-02
2.334988862276077271e-02
1.654489710927009583e-02
1.633739285171031952e-02
2.058991789817810059e-02
2.559569850564002991e-02
2.000493556261062622e-02
2.186599373817443848e-02
2.019312232732772827e-02
2.237034402787685394e-02
2.325369790196418762e-02
2.257912606000900269e-02
2.320078015327453613e-02
2.416235208511352539e-02
2.159025333821773529e-02
1.142460852861404419e-02
1.812231354415416718e-02
1.754736900329589844e-02
1.721909269690513611e-02
2.543230354785919189e-02
2.165720611810684204e-02
1.997440308332443237e-02
2.208184823393821716e-02
1.733762398362159729e-02
2.255598269402980804e-02
2.355897799134254456e-02
2.023001946508884430e-02
2.030439488589763641e-02
1.925660111010074615e-02
2.237064018845558167e-02
2.598176524043083191e-02
2.561203017830848694e-02
2.441437542438507080e-02
1.553875673562288284e-02
1.998187601566314697e-02
1.988844573497772217e-02
2.549744397401809692e-02
2.335253357887268066e-02
2.134411409497261047e-02
2.246675267815589905e-02
2.102933451533317566e-02
2.075939998030662537e-02
2.168356068432331085e-02
2.228330820798873901e-02
2.123714983463287354e-02
1.856041513383388519e-02
2.340606600046157837e-02
1.940822042524814606e-02
1.801761612296104431e-02
2.178007550537586212e-02
2.299656718969345093e-02
9.824869222939014435e-03
2.105665579438209534e-02
2.350951358675956726e-02
1.660282164812088013e-02
1.707066781818866730e-02
2.286005392670631409e-02
2.038104459643363953e-02
2.207165956497192383e-02
1.964492350816726685e-02
1.927906647324562073e-02
1.874219626188278198e-02
1.871547661721706390e-02
2.104157581925392151e-02
2.662397548556327820e-02
2.485964819788932800e-02
2.179522812366485596e-02
2.030131779611110687e-02
2.150049805641174316e-02
2.067876607179641724e-02
2.407338842749595642e-02
2.201774343848228455e-02
2.357713133096694946e-02
1.885361969470977783e-02
2.318488247692584991e-02
2.231815829873085022e-02
1.823324710130691528e-02
2.329464629292488098e-02
2.155610173940658569e-02
1.941075548529624939e-02
1.966370642185211182e-02
2.458514645695686340e-02
2.015704661607742310e-02
1.768852397799491882e-02
2.339257672429084778e-02
1.953694969415664673e-02
2.206273004412651062e-02
2.207774482667446136e-02
2.064821682870388031e-02
2.011978253722190857e-02
2.299848012626171112e-02
2.502183988690376282e-02
1.920992881059646606e-02
2.453676238656044006e-02
2.335705608129501343e-02
2.188909798860549927e-02
2.230053208768367767e-02
2.182549983263015747e-02
2.593696117401123047e-02
2.603495866060256958e-02
2.158357203006744385e-02
2.237285114824771881e-02
1.957969553768634796e-02
1.897611469030380249e-02
2.207132242619991302e-02
1.936075091361999512e-02
2.212874591350555420e-02
2.085445262491703033e-02
1.901977881789207458e-02
2.110949158668518066e-02
2.016374096274375916e-02
2.034408971667289734e-02
2.330557443201541901e-02
1.812358945608139038e-02
2.666941471397876740e-02
2.327906712889671326e-02
2.268552035093307495e-02
2.366120740771293640e-02
2.084026671946048737e-02
2.413811162114143372e-02
2.201984822750091553e-02
1.961369812488555908e-02
2.335835061967372894e-02
2.354922890663146973e-02
2.779154479503631592e-02
3.397430479526519775e-02
2.403445169329643250e-02
2.198619022965431213e-02
2.058895863592624664e-02
2.970615774393081665e-02
2.732510492205619812e-02
2.046866714954376221e-02
1.944326236844062805e-02
2.320113033056259155e-02
2.008889801800251007e-02
2.070112526416778564e-02
2.765830606222152710e-02
2.109691873192787170e-02
2.025890350341796875e-02
2.292263880372047424e-02
2.053582668304443359e-02
2.113273553550243378e-02
2.357442304491996765e-02
1.631886512041091919e-02
2.004558593034744263e-02
2.589536085724830627e-02
2.010962180793285370e-02
2.228701859712600708e-02
2.042350918054580688e-02
2.090725116431713104e-02
2.565215155482292175e-02
2.807403728365898132e-02
1.948151364922523499e-02
1.793169230222702026e-02
2.273970283567905426e-02
2.005429379642009735e-02
4.147733747959136963e-02
2.212779410183429718e-02
2.512923814356327057e-02
1.701951213181018829e-02
2.012400701642036438e-02
2.040829136967658997e-02
2.056360244750976562e-02
2.176593616604804993e-02
1.878000982105731964e-02
1.913738623261451721e-02
2.822556719183921814e-02
2.149140276014804840e-02
2.453131042420864105e-02
2.594710513949394226e-02
2.862995117902755737e-02
2.308794111013412476e-02
1.907422021031379700e-02
2.061807736754417419e-02
2.503168955445289612e-02
2.734893932938575745e-02
2.587724849581718445e-02
2.284902334213256836e-02
2.150417305529117584e-02
2.068695425987243652e-02
2.199054509401321411e-02
2.263923361897468567e-02
1.863249391317367554e-02
2.139366231858730316e-02
2.011175081133842468e-02
2.920235507190227509e-02
2.171216905117034912e-02
1.973487809300422668e-02
2.018750831484794617e-02
1.978060230612754822e-02
2.033056318759918213e-02
2.207104116678237915e-02
2.310076169669628143e-02
1.994198933243751526e-02
2.126681432127952576e-02
2.704380638897418976e-02
1.959797739982604980e-02
3.160456195473670959e-02
2.936992421746253967e-02
2.420433983206748962e-02
2.479288727045059204e-02
1.917685940861701965e-02
2.354042790830135345e-02
2.805151790380477905e-02
2.295594476163387299e-02
2.857861295342445374e-02
1.938075944781303406e-02
2.294917777180671692e-02
2.992084622383117676e-02
2.371407113969326019e-02
2.873057872056961060e-02
2.217224240303039551e-02
2.293632924556732178e-02
2.134141884744167328e-02
2.583196386694908142e-02
2.675166167318820953e-02
2.172215282917022705e-02
2.153987810015678406e-02
2.107289060950279236e-02
2.143189311027526855e-02
2.761860191822052002e-02
2.268422022461891174e-02
2.081412449479103088e-02
2.103253081440925598e-02
2.280851826071739197e-02
2.281980402767658234e-02
2.466865070164203644e-02
2.398512139916419983e-02
1.829948276281356812e-02
2.056857571005821228e-02
2.210645563900470734e-02
2.542627602815628052e-02
1.889568567276000977e-02
2.209520153701305389e-02
2.456418797373771667e-02
2.539390139281749725e-02
2.003889530897140503e-02
2.572496235370635986e-02
2.400530502200126648e-02
2.115973643958568573e-02
1.788820698857307434e-02
1.850017905235290527e-02
2.333880215883255005e-02
2.197151258587837219e-02
2.319373562932014465e-02
2.203867770731449127e-02
1.898670196533203125e-02
2.328880876302719116e-02
1.945760473608970642e-02
2.317939512431621552e-02
2.226383425295352936e-02
2.163384854793548584e-02
2.295149862766265869e-02
2.140775136649608612e-02
2.099458687007427216e-02
2.544490061700344086e-02
2.007754519581794739e-02
2.696713060140609741e-02
1.765631511807441711e-02
1.963147148489952087e-02
2.132530137896537781e-02
2.172108739614486694e-02
2.506002038717269897e-02
2.277247235178947449e-02
2.003756165504455566e-02
2.439389564096927643e-02
2.089345827698707581e-02
4.162835329771041870e-02
2.611445635557174683e-02
2.181717008352279663e-02
2.920197881758213043e-02
2.246442809700965881e-02
2.620763704180717468e-02
2.532004937529563904e-02
2.282696962356567383e-02
2.147365920245647430e-02
2.245184965431690216e-02
2.503626793622970581e-02
1.912294700741767883e-02
2.667561545968055725e-02
2.525944262742996216e-02
2.765720337629318237e-02
1.922851055860519409e-02
2.434717491269111633e-02
2.620510756969451904e-02
1.928685978055000305e-02
2.275247685611248016e-02
1.829767972230911255e-02
2.137833461165428162e-02
2.171107754111289978e-02
2.111794613301753998e-02
1.974652707576751709e-02
2.149558998644351959e-02
1.995989680290222168e-02
2.307123877108097076e-02
2.206217497587203979e-02
2.150020562112331390e-02
2.110983058810234070e-02
2.264702506363391876e-02
1.859514042735099792e-02
2.249520830810070038e-02
1.830488443374633789e-02
2.097605355083942413e-02
1.589025929570198059e-02
2.238618582487106323e-02
2.842518500983715057e-02
2.034541592001914978e-02
1.945190131664276123e-02
2.554453536868095398e-02
2.146622538566589355e-02
2.106089890003204346e-02
2.391200885176658630e-02
2.120555005967617035e-02
2.157987281680107117e-02
2.729775570333003998e-02
2.394729852676391602e-02
1.939201913774013519e-02
1.772757992148399353e-02
2.231305837631225586e-02
2.091614529490470886e-02
2.639654465019702911e-02
2.154948003590106964e-02
2.032233215868473053e-02
2.060183323919773102e-02
2.153523266315460205e-02
2.030567452311515808e-02
1.968533545732498169e-02
2.391801401972770691e-02
2.162860333919525146e-02
2.089801430702209473e-02
1.913971081376075745e-02
2.154487743973731995e-02
2.172539196908473969e-02
1.970915496349334717e-02
2.226833254098892212e-02
2.171164751052856445e-02
2.052927017211914062e-02
2.140942774713039398e-02
2.285891212522983551e-02
9.013178758323192596e-03
1.539101544767618179e-02
1.828704588115215302e-02
2.296440117061138153e-02
2.109104022383689880e-02
2.504536323249340057e-02
2.103720419108867645e-02
2.048900723457336426e-02
2.296654134988784790e-02
1.952102407813072205e-02
2.248095534741878510e-02
2.191124856472015381e-02
2.035972848534584045e-02
2.247764356434345245e-02
2.096628397703170776e-02
2.250123396515846252e-02
1.661913655698299408e-02
2.190225943922996521e-02
2.114553935825824738e-02
2.223488315939903259e-02
1.961697265505790710e-02
2.148173749446868896e-02
2.038791403174400330e-02
2.135948650538921356e-02
2.162480540573596954e-02
1.812831312417984009e-02
2.281294763088226318e-02
2.472446113824844360e-02
2.311199530959129333e-02
1.915627717971801758e-02
2.381055057048797607e-02
2.620284259319305420e-02
1.926298439502716064e-02
2.399726957082748413e-02
1.946042478084564209e-02
2.041550911962985992e-02
1.647133007645606995e-02
2.110300585627555847e-02
2.029598504304885864e-02
1.873186230659484863e-02
2.799149230122566223e-02
2.245868183672428131e-02
2.389749512076377869e-02
2.151480130851268768e-02
2.160524949431419373e-02
2.585207857191562653e-02
2.060217782855033875e-02
2.218627184629440308e-02
2.074452862143516541e-02
2.471014112234115601e-02
2.428319305181503296e-02
1.736023090779781342e-02
1.778027415275573730e-02
2.316459082067012787e-02
2.046280354261398315e-02
1.898666471242904663e-02
2.240460738539695740e-02
1.750946976244449615e-02
2.133593335747718811e-02
1.912636868655681610e-02
2.098206430673599243e-02
2.138698473572731018e-02
2.365733310580253601e-02
2.196560055017471313e-02
2.135527506470680237e-02
2.252432331442832947e-02
2.087981253862380981e-02
1.983398944139480591e-02
2.227324247360229492e-02
1.932338997721672058e-02
1.974561251699924469e-02
2.046614512801170349e-02
8.832087740302085876e-03
2.021614834666252136e-02
2.228682115674018860e-02
1.992406323552131653e-02
2.323414385318756104e-02
2.562988549470901489e-02
2.110036276280879974e-02
2.298859320580959320e-02
2.196504920721054077e-02
1.769076474010944366e-02
2.074699103832244873e-02
2.007069438695907593e-02
2.311152033507823944e-02
1.637904904782772064e-02
1.734109967947006226e-02
2.471345290541648865e-02
2.179490402340888977e-02
2.324684895575046539e-02
2.272614836692810059e-02
2.175121381878852844e-02
1.994859986007213593e-02
2.232594788074493408e-02
2.445346489548683167e-02
2.378538809716701508e-02
2.045197039842605591e-02
1.874391734600067139e-02
2.556502446532249451e-02
2.113064751029014587e-02
2.164332754909992218e-02
2.446923032402992249e-02
2.243579179048538208e-02
1.843163929879665375e-02
2.153911069035530090e-02
1.493982784450054169e-02
2.873920463025569916e-02
2.194172516465187073e-02
3.061187453567981720e-02
2.427986264228820801e-02
2.386646717786788940e-02
2.292139828205108643e-02
2.047077566385269165e-02
2.489320933818817139e-02
2.761556208133697510e-02
2.420747093856334686e-02
2.264833450317382812e-02
1.910523697733879089e-02
2.630645409226417542e-02
2.392406202852725983e-02
2.602203935384750366e-02
2.228085324168205261e-02
1.905797421932220459e-02
1.844114810228347778e-02
1.886275596916675568e-02
1.994621194899082184e-02
2.294130064547061920e-02
1.753403246402740479e-02
1.929845288395881653e-02
2.536530792713165283e-02
2.273533120751380920e-02
2.135725691914558411e-02
2.225724607706069946e-02
2.056086622178554535e-02
2.201142348349094391e-02
1.629093661904335022e-02
2.839161083102226257e-02
2.269044518470764160e-02
2.010437473654747009e-02
1.996513083577156067e-02
1.869536563754081726e-02
2.022876963019371033e-02
2.170082181692123413e-02
2.072736807167530060e-02
3.009896725416183472e-02
1.902271807193756104e-02
3.066339716315269470e-02
2.468385174870491028e-02
2.480128966271877289e-02
1.990491338074207306e-02
2.206171862781047821e-02
2.388438582420349121e-02
2.614545449614524841e-02
1.792375929653644562e-02
2.366727031767368317e-02
2.051027491688728333e-02
2.342412061989307404e-02
2.156254649162292480e-02
2.334117889404296875e-02
1.954007893800735474e-02
1.899154484272003174e-02
2.059274539351463318e-02
2.303702011704444885e-02
2.305140718817710876e-02
2.184934541583061218e-02
2.165089175105094910e-02
2.035917714238166809e-02
1.795040257275104523e-02
2.046794630587100983e-02
2.006051689386367798e-02
2.333629317581653595e-02
1.812880858778953552e-02
2.216529659926891327e-02
2.279798686504364014e-02
2.284141816198825836e-02
2.201462537050247192e-02
2.248847857117652893e-02
2.056460827589035034e-02
1.859743893146514893e-02
2.336428873240947723e-02
5.979376845061779022e-03
1.816431805491447449e-02
2.422321401536464691e-02
2.157386392354965210e-02
2.186396345496177673e-02
2.135320007801055908e-02
2.243671566247940063e-02
2.070771157741546631e-02
2.262238785624504089e-02
1.831247098743915558e-02
2.184485644102096558e-02
2.085551805794239044e-02
2.374271303415298462e-02
1.961834356188774109e-02
2.625936642289161682e-02
1.710372790694236755e-02
2.151893079280853271e-02
2.143814414739608765e-02
2.571700513362884521e-02
2.272090315818786621e-02
2.274055592715740204e-02
1.740368083119392395e-02
1.723513938486576080e-02
2.338421717286109924e-02
2.251722104847431183e-02
3.100752830505371094e-02
2.025281824171543121e-02
2.100714296102523804e-02
2.246933057904243469e-02
2.269346639513969421e-02
1.826730184257030487e-02
2.271085605025291443e-02
2.450433187186717987e-02
1.659009605646133423e-02
2.566828206181526184e-02
2.337042428553104401e-02
1.795083284378051758e-02
2.450668066740036011e-02
2.049726992845535278e-02
2.382627315819263458e-02
1.959918811917304993e-02
1.839216053485870361e-02
2.013221569359302521e-02
2.109324373304843903e-02
2.265134081244468689e-02
1.972837373614311218e-02
2.699798531830310822e-02
1.978933811187744141e-02
2.520749345421791077e-02
1.876111701130867004e-02
2.398294396698474884e-02
2.630116418004035950e-02
2.260612323880195618e-02
2.016065642237663269e-02
1.836831867694854736e-02
1.792822405695915222e-02
1.810348965227603912e-02
2.036045119166374207e-02
1.849816739559173584e-02
2.360635995864868164e-02
1.919201016426086426e-02
2.186551876366138458e-02
2.240294590592384338e-02
2.589238248765468597e-02
2.009892836213111877e-02
2.621397748589515686e-02
2.434074506163597107e-02
2.077463269233703613e-02
2.103026211261749268e-02
2.504010125994682312e-02
2.428210712969303131e-02
2.005066163837909698e-02
1.437570806592702866e-02
1.951636001467704773e-02
2.278481237590312958e-02
2.221184968948364258e-02
1.894948631525039673e-02
1.862499490380287170e-02
1.992347836494445801e-02
2.364424243569374084e-02
2.453094162046909332e-02
2.577887848019599915e-02
2.683593705296516418e-02
2.388101443648338318e-02
2.411768771708011627e-02
2.307959459722042084e-02
2.083402127027511597e-02
2.318302541971206665e-02
2.092484384775161743e-02
2.509372681379318237e-02
2.460751868784427643e-02
2.077514864504337311e-02
2.030621841549873352e-02
2.619572170078754425e-02
2.076413854956626892e-02
2.437394112348556519e-02
2.309861965477466583e-02
2.270304784178733826e-02
2.289640903472900391e-02
2.004900202155113220e-02
1.967820897698402405e-02
1.928073354065418243e-02
2.039274200797080994e-02
2.453077584505081177e-02
2.233937382698059082e-02
1.995430514216423035e-02
1.938945800065994263e-02
2.164026722311973572e-02
3.376136720180511475e-02
1.840596459805965424e-02
2.058363705873489380e-02
2.457507513463497162e-02
3.186864405870437622e-02
2.609997056424617767e-02
2.676149085164070129e-02
2.293806709349155426e-02
2.864149026572704315e-02
2.698656171560287476e-02
2.536276355385780334e-02
2.183147519826889038e-02
2.572687156498432159e-02
2.637526579201221466e-02
2.577286027371883392e-02
2.168980054557323456e-02
2.310132049024105072e-02
1.695293933153152466e-02
2.352631650865077972e-02
2.477144449949264526e-02
2.954067289829254150e-02
2.035509422421455383e-02
2.099280059337615967e-02
2.067561820149421692e-02
1.959033124148845673e-02
2.158810012042522430e-02
2.033598721027374268e-02
2.178238891065120697e-02
2.077996172010898590e-02
2.169528976082801819e-02
1.707126200199127197e-02
1.798783987760543823e-02
1.999327167868614197e-02
2.074440382421016693e-02
2.258965373039245605e-02
2.385682240128517151e-02
9.134732186794281006e-03
2.022766508162021637e-02
2.258611097931861877e-02
2.515589445829391479e-02
2.285821735858917236e-02
2.791797555983066559e-02
2.390622347593307495e-02
1.750037446618080139e-02
2.152691781520843506e-02
2.210137806832790375e-02
2.062628418207168579e-02
1.803483255207538605e-02
2.161392569541931152e-02
1.873661763966083527e-02
1.984413340687751770e-02
1.955998130142688751e-02
2.033232711255550385e-02
2.650744467973709106e-02
1.633111946284770966e-02
2.073164656758308411e-02
2.336329035460948944e-02
2.333006076514720917e-02
2.225847914814949036e-02
2.039903774857521057e-02
2.245218306779861450e-02
2.217908203601837158e-02
1.958915963768959045e-02
2.138138189911842346e-02
1.932402327656745911e-02
2.180873788893222809e-02
1.953863725066184998e-02
2.049495279788970947e-02
2.067128196358680725e-02
2.191441506147384644e-02
2.508328482508659363e-02
1.932924054563045502e-02
1.514556910842657089e-02
2.567787840962409973e-02
2.033557929098606110e-02
1.867423579096794128e-02
2.600604481995105743e-02
2.066030539572238922e-02
2.513772808015346527e-02
2.365665510296821594e-02
1.917422190308570862e-02
2.027893066406250000e-02
2.031658589839935303e-02
1.871143281459808350e-02
2.309038490056991577e-02
1.949725858867168427e-02
2.118624001741409302e-02
2.250689826905727386e-02
1.944872364401817322e-02
2.000203914940357208e-02
2.311352267861366272e-02
2.260852232575416565e-02
2.116421796381473541e-02
1.883689500391483307e-02
2.651143446564674377e-02
2.142848074436187744e-02
2.246306091547012329e-02
2.188225090503692627e-02
2.125518769025802612e-02
2.180468291044235229e-02
2.164279855787754059e-02
1.971854642033576965e-02
2.642174065113067627e-02
2.126153744757175446e-02
2.155123651027679443e-02
1.949539221823215485e-02
2.082628197968006134e-02
1.973892003297805786e-02
2.649679221212863922e-02
2.427684143185615540e-02
2.173905819654464722e-02
1.960485242307186127e-02
2.328182943165302277e-02
2.436044439673423767e-02
2.054514177143573761e-02
2.223842963576316833e-02
2.343359589576721191e-02
2.277464047074317932e-02
2.002078108489513397e-02
2.213305793702602386e-02
1.907835155725479126e-02
2.124396339058876038e-02
2.104231342673301697e-02
1.870787888765335083e-02
2.063873969018459320e-02
2.078325860202312469e-02
1.915166154503822327e-02
1.949290931224822998e-02
2.002196758985519409e-02
1.934273540973663330e-02
1.788470149040222168e-02
2.534313686192035675e-02
2.233414724469184875e-02
2.180090919137001038e-02
2.395982667803764343e-02
2.239662408828735352e-02
2.452216483652591705e-02
2.183822169899940491e-02
1.967863179743289948e-02
2.490911260247230530e-02
2.423547767102718353e-02
2.433981187641620636e-02
1.699162088334560394e-02
2.105743438005447388e-02
1.280995085835456848e-02
2.262268215417861938e-02
1.807430386543273926e-02
2.890309132635593414e-02
2.118548192083835602e-02
1.960964128375053406e-02
2.025470696389675140e-02
2.443825267255306244e-02
2.380795031785964966e-02
2.356606349349021912e-02
2.157545648515224457e-02
2.212657220661640167e-02
2.528046444058418274e-02
2.006666362285614014e-02
2.066448889672756195e-02
2.167905867099761963e-02
2.009580470621585846e-02
2.021084353327751160e-02
1.766041666269302368e-02
1.997549831867218018e-02
2.432985045015811920e-02
2.493085339665412903e-02
1.973549835383892059e-02
2.191897667944431305e-02
2.037415280938148499e-02
2.236878685653209686e-02
2.008025534451007843e-02
1.905607059597969055e-02
1.946160197257995605e-02
1.574695669114589691e-02
2.097439579665660858e-02
2.225067093968391418e-02
2.292159013450145721e-02
2.036242559552192688e-02
2.105029672384262085e-02
1.879293844103813171e-02
6.284934468567371368e-03
2.492626383900642395e-02
1.965879648923873901e-02
1.642698794603347778e-02
1.828227564692497253e-02
2.008600160479545593e-02
1.987546309828758240e-02
2.443017438054084778e-02
2.340263873338699341e-02
2.170329540967941284e-02
2.381027117371559143e-02
2.172008901834487915e-02
1.875798404216766357e-02
2.170691452920436859e-02
2.545008622109889984e-02
2.424726635217666626e-02
2.218873612582683563e-02
2.157325670123100281e-02
2.306332811713218689e-02
2.013064175844192505e-02
1.996875554323196411e-02
2.086160331964492798e-02
2.326022833585739136e-02
2.753791958093643188e-02
2.433972619473934174e-02
1.956777647137641907e-02
2.087504044175148010e-02
2.262544259428977966e-02
2.873605303466320038e-02
2.165832743048667908e-02
2.143840864300727844e-02
1.886388286948204041e-02
2.718513831496238708e-02
2.269742079079151154e-02
2.917877025902271271e-02
2.208458632230758667e-02
3.419625014066696167e-02
2.197630889713764191e-02
