1.179665998186730635e-03
9.439367838588995927e-04
3.868017527189682604e-03
6.355271680318260938e-03
7.219265331843277567e-03
2.335043113104230163e-03
1.025386594582102613e-03
7.717647662667214727e-03
1.106448087776393252e-03
5.363020651776770169e-03
1.830382769000014247e-03
6.054035837688157701e-03
4.378758577353487891e-03
1.971748036198462360e-03
5.787358812789510434e-03
2.320767599395208436e-03
3.679362897039208796e-03
5.945075150273326087e-03
3.668209347370119180e-03
6.744762140959011457e-03
2.212412779677432832e-03
2.621017784863661267e-03
1.283528981873581064e-03
1.288858833992436673e-03
8.514683729355433141e-04
8.207760878345159768e-04
8.621852279500275733e-04
6.966801875494177052e-03
5.235901389507242702e-03
6.602088166104977743e-03
5.806633339853162386e-03
6.289649858377646327e-03
3.233136465949789339e-03
8.035334239816091994e-04
2.775738864266880969e-03
6.901685066713975558e-04
2.071848148567326676e-03
2.990807403778258933e-03
1.949154280099744431e-03
1.615787147093328659e-03
1.527217403197868089e-03
1.912301078847986448e-03
1.124215886241898034e-03
1.110657251071968908e-02
1.453757237144881389e-03
3.258965620311364726e-03
2.207573218388905051e-03
6.435834271908396492e-03
1.467841095372670593e-03
3.119541107986873764e-03
4.187338262273935727e-03
1.617315154200128823e-03
1.921594856418672517e-03
2.973370021882072896e-03
1.351979283205034408e-03
2.736176556471177183e-03
8.932762729584440729e-04
1.862728307201211428e-03
1.059114585634491745e-03
1.377006803723942281e-03
4.057995995831860554e-03
1.161513726711068360e-03
3.209471342847735643e-03
1.091127383672414698e-03
9.650598744316655000e-03
9.670560950866748540e-04
3.310607168910994699e-03
8.045258744502302699e-04
1.795127856567656959e-03
8.970224818241427905e-04
1.540915957598198559e-03
9.783414003522198851e-04
7.320872311078342309e-04
7.967118498569750185e-04
2.546315724413947615e-03
1.520521556799883309e-02
4.579758685214981723e-03
9.792327919451386097e-04
1.361846129577860918e-03
2.670373429965707760e-03
3.920859610125240757e-03
9.331534348660295132e-04
3.132871303089161154e-03
1.841908291704659516e-03
1.853403966426341509e-03
3.306439197128477597e-03
1.492335701465442605e-03
1.685900555688787461e-03
2.886301401538120866e-03
2.174413643043696023e-03
1.363457089736728675e-03
2.489031556375247579e-03
1.566036724170448034e-03
9.329384193701109216e-04
2.042455050258558912e-03
3.548891518016468460e-03
1.185830889292581545e-03
1.203795826846426956e-03
1.410287880615274580e-03
1.372659309030097030e-02
4.865178378509786399e-03
1.062835868983784491e-03
2.049143909520264456e-03
2.320781755948691724e-03
1.374267244954677615e-03
2.040249584537793658e-03
1.412440659822685038e-03
1.317353086359767181e-02
1.572851525636601629e-03
1.041567753923269488e-03
1.714317869162957243e-03
2.626274315176966613e-03
3.502531474046079434e-03
7.184814644636080064e-03
1.738361206322014928e-03
1.372401222722587208e-03
1.095246167420380751e-03
1.033021098836096495e-03
2.008753360089074284e-03
1.293455441791607850e-03
8.069627110799462710e-03
1.158962004001220939e-03
2.201512916349237896e-03
1.417417664393808658e-03
2.060726947714502499e-03
9.704980325254086672e-04
4.489443069335253764e-03
1.454501900463238233e-03
1.808381989669753664e-03
1.201358505153330000e-03
9.747845289060599232e-04
1.995830827113566092e-03
2.238439898546342854e-03
6.021697997999314600e-03
9.072306356783049969e-04
1.435934928146291416e-03
1.234730504014162509e-03
3.858735371449554131e-03
2.370088260583253122e-03
1.476617245827322854e-03
2.696934829533122538e-03
9.577438110085747993e-04
2.569591072744437620e-03
1.217702579242281070e-03
4.333341333825698090e-03
1.164447933798972703e-03
3.811069856406078260e-03
1.688267265207975395e-03
3.295447962308761716e-03
1.340190885399534723e-03
6.643062463879238766e-03
6.648386515668266820e-03
1.117073186598929735e-02
1.328332123610355235e-03
1.356795890598481730e-03
3.626916984269992327e-03
7.433505950558208508e-03
4.602254710978179175e-03
2.890097126964781462e-03
2.027394353355988204e-03
1.661469822244565674e-03
1.992603768994683812e-03
1.449954706620571561e-03
2.206243366724449945e-03
1.456431876320654715e-03
1.171605293157245049e-03
2.741423077493527864e-03
6.815746171272208352e-03
1.157534225835847846e-03
2.113898327174909900e-03
1.304736674392008517e-03
8.473861221767353680e-03
2.431174300481436096e-03
1.478463729751328115e-03
9.852616785807383377e-04
2.634676155419131850e-03
1.678403278925109975e-03
2.769113947776705772e-03
3.342062956846718856e-03
2.334500734353924228e-03
9.173351559829764522e-04
3.322933235570211478e-03
1.146870455509894481e-03
1.030718182421137136e-03
1.665047576950843882e-03
1.134792651107088650e-02
9.600275819294174298e-04
9.578797152423010634e-04
1.838447808719996784e-03
1.009392427856389655e-03
1.237336879749469359e-03
1.144294588541737608e-02
7.948084851462143639e-04
3.818305666951049646e-03
1.543152523746994017e-03
1.846216733667446156e-03
2.401382599414479506e-03
2.131124110640528722e-03
2.700765314228707661e-03
1.626066479929500451e-03
4.033656051444700109e-03
1.914629632890817602e-03
2.204418894163514588e-03
1.480148316541700978e-03
1.931257297657748085e-03
3.580626335227231338e-03
2.250856171350511335e-03
4.178241099408654992e-03
1.881842236371523589e-03
1.217080473998780272e-03
1.506109820918378681e-03
1.170572940677994632e-03
4.123094948695499654e-03
1.406080682656858866e-03
1.186192231873052332e-02
2.092626511875820151e-03
1.221457429412510336e-03
1.471187209238244455e-03
1.933311988843796183e-03
2.791742088116079372e-03
6.468307569388356305e-03
1.539344877081909053e-03
8.027496853553893648e-04
6.322700665726270659e-03
1.820578175584910106e-03
1.288836704011242333e-03
1.132996359991691668e-03
1.109619090678725219e-03
1.746739513122919345e-03
1.212566698470263389e-03
2.209237764157774998e-03
4.297691286700979114e-03
1.606713085423365711e-03
1.114714316115032093e-03
1.042383874910493037e-03
2.887257638329223958e-03
6.391342962586764147e-03
5.137133693725330977e-03
1.148653083798525107e-03
1.295013962893674323e-03
3.899514040228149996e-03
1.185896784224478627e-03
1.096596219164859033e-03
1.940570486448628743e-03
2.626831664713877735e-03
1.291702858891600461e-03
5.372558054245172091e-03
2.325185152704147083e-03
8.095525629624558987e-04
5.588739275765118759e-03
3.330405409619476183e-03
7.807828019421253832e-04
1.298344324103344310e-03
9.358499805497214876e-04
1.061112667587938612e-03
9.722843954191217252e-04
5.892112101197981983e-03
1.678459530652080854e-03
4.884314208576315784e-03
9.239906631732432846e-04
4.005081055804025209e-03
2.611723736045986569e-03
1.754947910880275694e-03
1.223097799631581682e-03
1.902492810655453774e-03
6.056589300651486589e-03
1.467621846106851799e-03
8.941717108777404903e-04
1.407666134271890607e-03
3.401540912558040624e-03
4.527300012984254891e-03
1.752796195262058517e-03
8.479198031808200678e-04
1.019684051408242982e-03
9.562161129594241166e-04
1.244603345309918839e-03
3.290743405330453283e-03
3.444921376151855417e-03
2.020244161571631541e-03
8.581935914724402731e-03
2.848833219517028521e-03
8.970375612672880144e-04
4.160265321963318649e-03
9.282805101507944070e-04
1.059907365233252619e-03
3.004113632312597343e-03
9.416021723585930436e-04
2.582513430845682738e-03
1.828357423431611678e-03
1.426316910816595061e-03
2.729390853209348166e-03
2.596888033901728100e-03
1.358981957349232866e-03
3.080800322974406626e-03
3.728412814806200768e-03
5.460643527206892126e-03
7.320419002569466226e-03
1.347349372792794103e-03
1.000590150390783363e-03
8.817611919871324666e-04
9.040825195668275582e-04
4.654723749660029733e-03
1.133521814044403464e-03
1.687052463320708705e-03
1.387401742233516097e-03
1.039031478553985874e-03
1.201612338601258483e-03
7.714914097595081989e-03
1.881079145500923503e-03
9.088430126042211163e-03
1.352878051805907504e-03
8.797007247107957928e-04
3.715497316485277986e-03
8.221672454648234389e-04
9.114933622083534618e-04
9.199235652408748387e-04
1.199207841006594104e-03
1.797500898053683988e-03
2.221943506600933607e-03
1.522795374959728595e-03
3.760092060801011396e-03
2.561022109073346313e-03
1.787489322396960869e-03
8.347634099964501564e-03
4.499028932879920416e-03
1.087608512774671356e-03
1.686077714112892102e-03
1.719731189278331457e-03
4.811794256948521802e-03
4.500150751749754097e-03
7.796521622797700614e-04
1.383165834668754470e-03
1.310468375973856828e-03
2.983532704109039414e-03
1.207479719675569373e-03
1.598511792166034751e-03
2.947955768825340998e-03
8.936038533200475189e-04
1.221243268320702791e-03
9.605178608452021212e-04
9.420971459872444585e-04
1.509358823228532358e-03
1.485358358519741446e-03
4.966012579780685818e-03
1.514035257912123246e-03
7.204696662184275962e-04
1.107428772749779024e-03
9.090236696254702133e-04
9.753399698531180217e-03
1.682052504969943968e-03
7.150135353016538915e-03
9.909560204172751605e-04
1.826502659751745236e-03
6.866519413372430651e-03
1.292315747923690038e-03
7.159021369806528069e-03
1.094356209827390593e-03
2.939641268064811450e-03
9.150557545104781977e-04
1.982551818193103912e-03
1.225610044881584584e-03
9.651347640822920994e-04
8.892987361018506523e-04
1.149864444059441352e-03
1.411017437867929502e-03
1.043841599832276423e-02
9.209417850337206371e-04
1.477716076707989799e-03
1.701665602921668095e-03
1.008603971264088748e-03
4.917526548400489271e-03
8.221824440393149438e-04
3.645538631374785170e-03
3.632667493231132166e-03
1.442529030706273148e-03
3.063204136284659700e-03
9.474336073375066959e-04
1.251489893467638793e-03
8.841317638634973259e-04
8.597372757074619185e-04
1.246715717075135401e-03
5.315826997844213565e-03
1.555971288690024537e-03
8.092533550697520416e-04
8.225154085995988254e-04
1.097775834068574459e-03
8.622208342585796666e-04
1.092814932737055022e-03
1.535345879384459808e-03
1.636877932477885829e-03
1.203090871745758454e-03
5.065323489826036550e-03
1.220365897563953448e-03
1.213711923877460125e-03
2.022613496817325923e-03
1.617108213254805655e-03
8.736000462412394458e-04
7.774894082337043509e-04
1.009225382538940724e-03
9.404018383504025511e-03
8.673729472873158847e-03
1.739819518029507616e-03
1.233307601412277294e-03
1.597330983480889279e-03
1.069720091137052898e-03
1.246018667118614903e-03
7.600822452503222526e-04
1.094225984222715149e-03
1.161987688477900084e-03
4.776384954323907063e-03
7.926618493247048099e-04
2.337003792263444776e-03
1.226015049937033462e-03
7.514624442433309737e-04
3.226802138896657599e-03
2.973277016917030141e-03
8.274453218317783529e-04
1.507508334412780088e-03
1.071708836219311669e-03
8.631429706507106432e-04
1.458781805966663774e-03
4.374409750425320952e-03
3.701959121222847624e-03
2.991861255550413035e-03
8.846485834973127817e-04
8.300123225155693531e-04
1.309279176407352916e-03
9.709220012717685372e-04
8.920156863247807703e-04
1.463328872547887526e-03
4.060011135076662184e-03
2.617136280269788656e-03
1.074094676851549248e-03
1.680427463185658193e-03
1.764735912707340176e-03
1.344622997940053254e-03
3.869901406699398361e-03
8.820188756276693687e-04
1.299601251806558515e-03
8.597086193523554697e-04
1.657727676071795884e-03
3.985348769533904149e-03
1.205620203275902316e-03
1.867552221052883651e-03
9.391995351472596024e-03
6.723600271429621550e-03
9.106659115277672845e-04
1.566756150817680705e-03
8.625107880499381652e-03
1.490994234522406746e-03
1.304895677541594154e-03
1.773642016483889744e-03
2.527107286141683923e-03
7.881216910328747195e-04
1.283869904886187014e-03
3.009343072779749936e-03
1.563576720324898585e-03
1.645243673675224772e-03
1.114295258005022901e-03
7.007058054675829005e-03
4.286424140185711613e-03
6.381194524030107257e-03
1.907229042787654582e-03
1.097982225999556694e-03
1.011405669630060329e-03
8.712784264883037273e-04
1.270968158198959282e-03
7.791335474193463936e-04
1.156248507484334848e-03
1.512100201110673633e-03
1.684174614772461108e-03
1.401582074469100983e-03
1.167983239663758282e-03
1.927654368920745515e-03
9.962850167679940770e-04
4.132301037665617703e-03
9.500735980885327558e-04
4.878299917590555625e-03
1.459543655960055799e-03
1.073833275206517463e-03
1.854705147815975284e-03
4.009128300001896412e-03
2.017285893817882293e-03
5.567855547703032260e-03
7.815508223250396558e-04
8.655200185003577608e-04
1.851823418771189221e-03
1.123052014963385383e-03
8.987365363359906163e-04
8.783090825937041974e-04
1.583094913151363286e-03
1.306754077599696882e-03
1.367394320813869251e-03
7.124226434228056936e-04
1.013924745245687892e-03
5.482080649050628633e-03
1.359314398021384002e-03
1.390503260871765127e-03
3.751085136836832586e-03
1.962758127783702233e-03
9.396171099458282792e-04
1.013657308204953325e-02
9.353469538826679128e-03
1.407093378896071304e-03
1.526399346166574687e-03
3.154623073264249331e-03
7.560870434050551495e-03
1.487224542158814469e-03
1.371359836531605434e-03
3.962176447251991931e-03
1.186935371376637198e-03
7.950829732954780822e-04
1.471104672033893583e-03
1.424388360150495971e-03
2.915735250802709792e-03
1.173835758555381945e-03
3.777840912475211900e-03
5.711009316331351268e-03
9.491808394212795453e-04
9.821038309710983672e-04
1.550886063683083564e-03
9.848315720024870736e-04
1.379690535727558492e-03
3.744209889949552065e-03
2.172226768863776223e-03
4.030499411379211833e-03
6.112405976889142070e-03
1.213861934136639892e-03
9.189949664291851769e-03
6.808312893968915779e-03
1.464967929676740284e-03
9.197132335142971541e-04
4.191492981952865161e-03
1.052452980408885531e-03
1.071782575386746568e-03
6.967109468103258388e-03
1.524592196094076485e-03
1.761362949825976592e-03
8.538443890470664597e-04
1.796453235444084090e-03
1.017967253253540798e-03
5.091966523492847015e-03
4.912792623671142535e-03
7.591363717347117965e-04
4.220014270654671648e-03
1.333671088821026954e-03
1.157147046954734885e-03
9.992931978549629383e-04
1.329791395309476215e-03
1.172150592017047422e-03
1.485632795961205335e-03
1.544876509445498305e-03
1.638145080231167986e-03
1.028474553448071585e-03
6.988212714867480906e-03
4.971619060661125467e-03
2.048615545895849516e-03
2.616696776326120095e-03
2.469046825273013470e-03
4.337260207045518651e-03
2.154277380293365823e-03
1.331764022048956015e-03
2.163572038538452702e-03
1.173158860644951456e-03
1.273553209515927796e-03
7.546319148541214602e-04
6.500894929139407023e-03
3.140858239335596325e-03
4.515469778467878954e-03
3.934520198049715027e-03
1.228354963340254650e-03
7.132773363244659416e-03
3.208295113402237584e-03
1.390979897407118322e-03
2.808867952264798747e-03
9.414377443143875143e-04
7.491486963906534777e-03
1.372360092829061698e-03
8.772883675268236927e-04
3.811906289568787673e-03
1.044530082932427530e-03
3.265881892336797761e-03
7.416715429602433428e-04
9.218875836109024753e-04
6.832541095204936084e-03
2.399183888611703796e-03
1.178810618405083839e-03
1.617782758549128575e-03
5.505977301975202229e-03
1.001628466051867521e-03
1.028360114031441489e-03
5.106058815131014894e-03
1.415582997687987211e-03
2.911975428833526655e-03
9.612736224461583198e-04
1.374645167940989317e-03
1.362366441604175808e-03
9.764801152978847942e-04
1.073720995492561227e-03
5.832652598427513074e-03
1.238625191481912934e-03
9.659626866547001188e-04
1.397156851842928102e-03
1.034654547786982744e-03
4.737649890118936918e-03
9.123133077974126572e-04
1.268829212364622596e-03
8.939136606781706781e-04
9.354813956158752886e-04
1.063033908237971279e-03
1.348746125140511294e-03
1.790091666197543693e-03
5.765933541470021594e-03
1.066296496181948390e-03
9.631977877635295934e-04
7.282808472339249301e-04
1.970333321146191131e-03
1.155885484607112844e-03
1.404192012997665731e-03
1.208712765725344701e-03
1.262990398635406011e-03
1.405337679328529403e-03
8.495782522676276075e-04
1.271300969407017497e-03
5.695519014408734204e-03
4.061796720609992147e-03
9.382765940363689203e-03
1.640307270315701166e-03
2.436299139794522589e-03
1.661971940002074594e-03
1.181259887816464484e-03
1.417947664850809086e-03
5.725136096946218875e-03
8.770963424726655215e-04
1.606517715599159154e-03
1.083099319411184912e-03
4.666659024385825909e-03
1.235079162774708680e-03
4.478384319237125634e-03
1.180115397963673544e-03
5.112190445760706956e-03
4.622254174144231273e-03
1.602874761487302910e-03
1.383180441976567237e-03
1.670020080037214845e-03
1.209919872500101520e-03
8.745343788033230724e-04
5.007175018852361506e-03
7.817799043035220628e-04
8.260595380932819276e-04
1.381449573274511934e-03
8.058595864035982296e-04
1.198703884051982626e-03
1.624231061275711136e-03
9.980320529174350162e-04
2.357490099810155212e-03
1.213012649546535773e-02
8.063696891928248678e-03
1.429025928004463422e-03
9.299882074459874448e-04
8.996636279461216884e-03
3.677645414220367861e-03
3.852984653361010096e-03
2.272138283266269751e-03
6.852838227433229353e-03
8.866257606819302056e-03
4.342688392281720058e-03
9.096840632587016758e-04
7.512922311028781292e-04
3.504667393669131086e-03
9.128758248279566449e-04
1.195022982217311836e-03
8.866620474795985701e-04
1.052867289477865372e-03
7.942878734172731728e-03
7.393036946249767309e-03
1.195693716603958090e-03
4.700409957309613536e-03
9.184783372778537822e-04
1.025016303118570947e-03
3.991755491219761524e-03
1.111032782416008580e-03
1.090985784274531214e-03
3.515891148403059527e-03
8.339487042863891284e-04
1.124139248328317239e-03
1.276144361734818638e-03
3.718880717075005206e-03
4.580307957212113000e-03
9.422357145132579477e-04
1.323045222308409435e-03
8.294218268719196971e-03
3.769277994215008195e-03
7.389520996678212734e-04
9.814062196153710161e-04
5.809806248497095121e-03
1.798455712928344417e-03
2.644892777156148279e-03
1.737448227682137410e-03
4.011301736369764746e-03
3.047383007896417324e-03
6.446117070368862986e-03
1.480329316018407686e-03
8.899622339018576278e-04
1.016820295750838843e-03
1.334831188673008505e-03
1.027410238864185027e-03
2.799423837378595386e-03
7.996652542582014835e-04
9.130585938998236461e-04
2.545958697323610822e-03
1.004858251398027579e-03
1.385034354014513065e-03
1.449899903439417831e-03
3.534458623063846047e-03
3.995537001467703089e-03
3.999201817601796133e-03
1.031722619353307680e-03
2.945306768779324021e-03
1.379355551629326063e-03
9.450636950487588048e-03
5.468327699116770808e-03
2.308091945806482574e-03
4.006805159962593954e-03
3.643028467975489067e-03
9.744027836328920554e-04
1.097969962936987814e-03
1.049822778207030452e-03
2.811080173090904546e-03
3.098865676173396047e-03
1.672853607919570773e-03
9.644154550305891402e-03
9.686587069315523131e-04
1.690015217765795420e-03
1.704537483083626379e-03
1.247306306565537171e-03
1.019909105567536750e-03
1.273787111237589201e-03
9.771181202515434421e-04
1.760656457854323882e-03
6.983247226027287967e-04
1.166701645202361179e-03
8.729920221736088212e-03
1.681180560846322943e-03
5.399316522137871492e-03
1.225739295702866268e-03
9.467652159484494633e-04
9.290200031130183261e-04
8.741074327582959392e-04
7.937119036128594332e-03
4.795675170014633559e-03
9.393024227086430858e-04
6.887517050544449820e-03
6.452078376780038572e-03
4.646261218234434484e-03
4.444350319307824662e-03
7.026235523344821722e-04
1.062198227469718283e-03
2.934143138858391966e-03
1.139207437637950121e-03
8.790144024707688538e-04
9.634438895874496275e-04
1.422681487468698946e-03
3.663170843407501705e-03
1.960286125510938768e-03
3.327391076077650112e-03
1.208858462929336512e-03
1.269432497895444951e-03
1.161720664897949833e-02
2.646691527245228007e-03
1.407626643419157509e-03
1.048636851714662048e-03
1.096490527490304135e-03
5.215332368931359028e-03
2.505992068298694246e-03
8.291043896863949103e-04
3.319422033186164578e-03
9.482412431025629860e-04
9.375867080404028022e-04
8.597131546595781267e-04
1.994716452400946676e-03
1.151085221533813254e-03
7.955929584013086411e-04
9.042098094034463959e-04
1.269654923716252845e-03
5.252924346409384646e-03
7.881752027430323319e-04
1.026965909084841385e-03
5.093020317729050721e-03
7.564093616468809409e-04
1.180079594408363136e-03
9.308591849108793868e-04
2.350670459608125446e-03
1.920288069162109880e-03
1.973172729236952107e-03
5.912591667290954291e-03
5.138142212363823631e-03
9.108181398460740447e-04
1.398137085532740213e-03
1.301059007269656041e-03
1.769221585125913508e-03
7.185052260520201264e-04
2.090679321277529989e-03
1.059090248981399895e-03
2.040600209384437359e-03
1.651497938464806985e-03
1.249062610636986941e-03
1.779485262867658334e-03
1.795350670678839749e-03
9.428513348882418960e-04
1.168191845010624038e-03
1.458797696898550761e-03
8.146383311439073412e-04
8.417261925276120146e-04
9.266920407670286523e-04
1.141481262333248186e-03
8.351161754635778520e-03
1.421420510062273946e-03
6.635959098675075140e-04
5.568259599675267658e-03
4.250852558574924438e-03
3.195230619714376462e-03
1.172034623715659382e-03
1.310372709617512507e-03
1.419014067682063422e-03
1.039446220718821768e-03
1.055262095712448077e-02
1.099677426820964065e-03
1.266860378034417216e-03
5.729693958164041277e-03
1.757066310990904306e-03
4.492413756307934471e-03
6.936321113110055676e-03
4.222858112842314826e-03
4.969851500823838954e-03
8.879578374000702753e-04
8.204588448139024659e-04
1.133224168271255603e-03
6.060553178359157946e-03
8.492069513123041979e-03
3.133583009019270255e-03
4.210926062845544993e-03
2.084980261173189579e-03
7.958059367069371826e-04
1.808855144798756373e-03
2.180325996501445915e-03
9.689001599898809051e-04
9.051643001608539315e-04
3.884341657581568113e-03
7.622756489563890358e-04
3.720198645123319429e-03
6.439983755272648928e-03
5.363520698622151542e-03
5.507595808758401074e-03
9.561997739094250676e-04
7.137299322291071378e-04
9.372156642880786776e-04
3.687020283843025527e-03
2.957350499182622838e-03
4.370642056514093855e-03
2.997979391550180308e-03
1.366310593054714416e-03
3.814599009023149963e-03
2.186319851545655973e-03
4.040202018791199182e-03
9.219562299744445783e-04
6.608928468861139174e-04
1.632988012838640889e-03
1.124583994636193683e-03
1.626988413700630395e-03
7.602158464324686692e-03
1.026693429544151687e-02
3.816383384452129435e-03
1.085350620280427832e-03
2.703705553560695370e-03
1.116690496568405145e-03
9.843299310285155007e-04
1.736600546566057206e-03
1.703416564212080399e-03
4.786849498474183943e-03
2.068066261481629232e-03
7.426985228447339701e-03
1.314202671510160750e-02
1.014200250540273464e-03
3.565367948568470141e-03
7.798642224542109459e-03
1.142111541464883254e-03
1.039754475110871374e-03
1.263958153564112303e-03
8.828758463748185171e-04
4.710421598214365423e-03
1.355815936692396405e-03
9.229972084782080578e-04
6.953334660450789578e-04
1.629433216710677408e-03
5.132016618842198501e-03
1.362875358919444883e-03
1.543309477330195639e-03
1.128692702680483394e-03
1.169822845897898434e-03
1.104108243222198587e-03
1.795662302724057146e-03
1.025214419652458776e-02
8.249565615198493429e-04
7.902678223257849277e-04
1.287253662151050058e-03
8.708162105784487267e-04
1.890205591082879744e-03
1.006360582273754800e-03
7.990740158526302844e-04
5.122625591185070958e-03
1.152731548816894212e-03
6.461332306943359804e-03
1.385188095761352278e-03
9.575571187863082031e-04
9.130476119333932276e-04
7.449647396771344075e-04
7.313760501491273084e-04
7.509936921731007534e-03
1.381813305824389215e-03
1.163447653411081714e-03
9.812349473644077242e-04
7.876755156144535711e-03
1.200891137371846475e-02
5.937608316790648003e-03
5.002964621106712438e-03
3.712926166739365010e-03
8.524055802729534753e-03
4.858947241560510055e-03
1.737658591696668439e-03
1.085416528763675495e-03
1.161407528197244991e-03
1.402895684423941056e-03
8.829711607360984493e-04
1.079020886037930071e-03
5.022506002049268239e-03
5.104554770716357784e-03
4.400549247814154741e-03
9.711321161193182472e-04
3.683080814180624864e-03
1.774982184294090007e-03
9.033463800372286499e-04
1.423278777290290552e-03
8.885314743240752640e-04
4.651183465648572359e-03
1.850817685079005938e-03
1.415718009528635097e-03
1.680195028771377204e-03
4.351656223050517046e-03
4.893034856203569080e-03
1.259928705832887583e-03
4.993082151457324362e-03
1.220249150647458990e-03
1.535424618163299271e-03
1.156075314336020869e-03
1.444787106392726337e-03
1.316033739459609954e-03
7.835098960666596161e-04
1.945334298055175978e-03
1.051064585431522262e-03
2.499123370615629995e-03
8.616977190211217493e-04
1.388262199270984612e-03
8.430645357523793406e-04
5.487646786870001986e-03
9.999807316490247084e-04
9.219795649439976870e-04
9.645423530825935265e-04
9.434356627236824624e-03
1.414281644364184277e-03
1.080530000234892520e-03
1.266676429526342445e-03
1.728684571728983680e-03
4.705162306926221130e-03
5.421014340841459264e-03
1.310719552396006011e-03
6.977689983694616675e-03
3.499831653242227360e-03
4.014466286487708944e-03
7.660083283624876879e-04
8.523041480899296593e-04
3.322489661570087859e-03
1.068128993183740764e-03
1.596617183692817512e-03
3.123300529364316999e-03
8.171480311564446181e-03
9.054519377070773933e-04
1.461375876931582688e-03
1.116420527862659095e-03
8.340448494593275712e-04
4.551040627066433621e-03
1.024021498186725339e-03
1.237470299658890646e-03
1.401492879666056852e-03
8.332238988940321401e-04
1.303270447416727835e-03
2.272356444390776897e-03
7.505702838071839087e-04
9.365940641907052801e-04
9.923008219981255956e-04
1.893343691308676559e-03
7.255133073325388711e-04
9.704422611859424112e-04
7.092537773254177155e-03
4.076595758016275314e-03
1.488450719579804699e-03
1.664547592327350091e-03
7.627697360971931288e-04
8.513265184770474423e-04
4.000253067986583866e-03
9.979968545950491498e-04
1.082622807939765969e-03
2.507847599572612159e-03
1.133679833333992590e-03
5.033297168554795066e-03
4.391609207011567054e-03
3.997828366594517908e-03
9.414248242529452528e-04
8.989250377262792031e-04
1.214895042969489419e-03
3.470171923151887158e-03
3.640539491088552564e-03
3.890285570815495836e-03
7.945690332542196515e-04
8.874961538845152530e-04
1.078689302537611796e-03
3.363671967303298160e-03
1.060581262325497372e-03
6.496178376541897294e-04
5.130725036989756786e-03
4.241210874019398121e-03
1.307224163165240927e-03
1.000623022194239899e-03
6.437571238376169937e-03
7.590158975366345694e-04
6.788116375475349235e-04
2.353012897055068928e-03
7.318965785898778323e-04
7.884251982934933206e-03
1.142533217254675885e-03
1.092723057364857310e-03
1.410498897290041144e-03
1.529782310980677337e-03
1.458557611345169883e-03
8.121348937029938255e-04
9.362246625015819548e-04
4.417200063207774550e-03
1.237538794673908975e-03
1.696776014871215254e-03
4.206228950823991813e-03
9.811094816025594557e-04
3.793569959411551614e-03
4.144544734303381994e-03
4.364199363142623640e-03
1.041382747503764384e-03
4.650889705777678552e-03
9.108736830113607283e-03
1.100085568913657498e-03
1.118809899108429975e-03
6.858551783636146482e-03
5.593156622575552045e-03
3.768996674254161336e-03
1.905568012537174486e-03
1.257425639172032091e-03
7.502353641469883087e-04
9.456840714322186682e-04
8.857280961260768394e-04
1.172400551229371051e-03
1.100955002357940048e-03
7.739406567233708678e-04
9.755927501615979398e-04
1.046921756916812567e-03
8.002725700265604430e-04
4.682691818032234943e-03
2.893756335197982150e-03
5.806556556742804680e-03
6.668550412874595275e-03
8.377340897042669359e-04
1.592851792027810036e-03
1.146073993947103933e-03
8.397758800036818653e-04
1.435356971271686388e-03
1.222494438166710348e-03
1.047283008308175743e-03
5.409632087385142681e-03
5.020553926275051967e-03
5.334962344825400389e-03
8.624063592535405678e-04
7.423227723637089177e-04
1.261720245104293444e-03
1.015522511073968775e-03
5.845389817620750064e-03
7.529775949153939309e-03
6.905117954893774841e-03
8.055529724926625314e-04
1.877841158785871272e-03
7.359357921037175312e-04
1.268243290749304685e-03
1.058348455833809255e-03
7.811566395081808670e-04
1.222760252014068287e-03
4.365948253871133888e-03
1.246982696200744185e-03
4.882210655915016420e-03
7.303338590107212808e-04
8.990878481301108668e-04
3.846362557090558451e-03
7.846027127227259102e-04
1.171425833481972269e-03
3.219249297831325556e-03
9.831248162841677973e-04
1.670313638325946664e-03
2.675720842035575302e-03
6.108713682385958493e-03
1.464186516575680802e-03
7.192851618874234517e-04
1.049807289187082307e-03
1.116648291950918335e-03
6.062296925873488992e-03
1.538064045152615815e-03
9.139450153623370453e-04
1.042488560853215484e-03
1.876801247955697414e-03
1.611747586592734852e-03
1.122350875878397195e-03
1.265262570601497546e-03
5.932893026477708762e-03
7.820879218420452930e-03
5.673827152385378832e-03
1.106025744143813690e-03
1.216521280626781717e-03
1.190247703473757725e-03
1.440952114321902540e-03
6.539539331622950917e-03
3.958441980902767041e-03
8.994127065119516314e-04
8.850153087604865345e-04
6.885053972085200882e-03
1.628541941761251074e-03
7.496815098017115681e-04
7.541985347656883498e-03
3.823871371722215029e-03
1.746814499943003191e-03
4.681693872444740376e-03
6.447788725692706752e-04
2.944273283163070971e-03
7.061054829056881942e-03
8.243873473204631815e-04
9.935831074094495299e-04
3.504555005448244196e-03
4.277754753925403809e-03
1.030393364087444112e-03
7.673590359953602396e-04
1.261884419799540842e-03
2.069600243532166654e-03
7.345773239111472695e-03
1.826008404921523887e-03
1.607916783577666327e-03
8.038782942884471847e-04
1.087893520374752770e-03
1.619772457725827302e-03
1.509812481733335213e-03
1.000259080185068308e-03
5.967672868848838616e-03
8.596128024906346489e-04
8.742476373771767336e-04
8.673605428016023479e-04
5.972920517095624618e-03
8.438859299430202798e-03
4.105353512306240786e-03
3.874665708580933739e-03
3.612413701561238873e-03
1.725421661742991336e-03
6.918001666640488483e-03
3.242136018938615062e-03
7.999539570555370916e-04
3.939575381019647972e-03
1.145259700674192528e-03
8.858137698994679064e-04
1.613534071895740248e-03
4.933711952049562796e-03
1.016891537865859943e-03
8.697916769102260809e-04
6.647215312988460391e-03
2.363806514020569145e-03
2.217497063889487582e-03
8.014435236740114800e-04
5.810843135951235944e-03
1.285501603601651825e-03
1.244669625440395985e-03
4.062326613155277204e-03
1.492669818288032023e-03
8.217048646823717434e-04
5.423688479363003578e-03
1.214877720278555824e-03
9.298001661215038634e-04
4.135910185921800111e-03
1.250511006826119905e-03
8.630093070452373024e-04
1.025332903018235818e-03
1.000206988912369973e-03
1.637639061802981331e-03
1.483804087089805879e-03
9.864772445542858200e-04
1.468717212830608848e-03
2.083622869393692272e-03
3.962947602933949813e-03
1.044013454841683083e-03
5.663242264073139846e-03
8.116812181182843627e-04
9.358075122955268350e-04
8.878763975378346903e-04
5.552611994979733852e-03
7.049308947800846277e-03
2.918577595700157061e-03
1.108312301926214034e-03
8.458458152234094116e-04
4.838929834307944405e-03
1.452524413658209425e-03
3.602617522248081818e-03
9.993498606206104376e-04
1.740102684535724861e-03
4.807186864406979773e-03
1.041019079989956081e-03
1.659742261077806801e-03
8.333272992954797020e-04
1.477241227717625369e-03
5.596535385566842047e-03
1.148440562432397017e-03
5.383717606864651950e-03
1.654693348312236958e-03
1.365036122414556817e-03
8.137709535878050182e-03
1.112800826654225918e-03
2.715483810343533901e-03
1.380440631694575043e-03
3.686965873276187855e-03
1.046300291993639778e-03
1.021432697287406053e-03
2.422497938680846612e-03
8.455976918070124077e-04
1.351160271055798371e-03
6.983949352126546384e-03
3.973307997023521609e-03
4.936326599496091219e-03
8.695357187875153498e-04
9.711274467150209999e-04
1.164060300341589020e-03
4.802571448184969442e-03
2.906515906787864988e-03
1.428961929493245903e-03
7.227021992005015598e-03
5.163637782124005753e-03
8.788273065547192115e-04
1.516662892014898146e-03
1.556621232756809706e-03
1.164785569209712780e-03
1.125503292127139456e-03
1.382935147141910702e-03
9.670078273803132214e-04
1.418247508363458835e-03
9.439022735293566523e-04
1.006562953435669516e-03
1.358480751728162591e-03
4.226229184814717967e-03
1.095116179742527864e-03
3.291038873116719152e-03
4.578710471029930063e-03
2.756775939387653973e-03
9.704513478405268857e-04
1.516641207565544609e-03
6.464613076930017174e-03
3.802078263406762082e-03
1.354947240610621063e-03
3.662531817780236010e-03
1.127536106375631730e-02
9.030917056649485301e-04
4.586992848225464499e-03
8.048247255251519917e-04
1.403383031277142352e-03
4.157912683808284889e-03
4.264475404258524435e-03
4.250510954599669156e-03
8.427648168460295883e-04
8.869846434870492938e-04
1.083611107326996198e-03
3.047920281598333597e-03
4.411955986727980963e-03
9.331524251479269812e-04
3.815776473285223402e-03
1.029539394119949455e-03
5.700203636466190556e-03
1.224536318283722105e-03
4.814589675087698611e-03
1.076180202737169215e-03
4.029351530223361337e-03
8.137220738573772583e-04
9.000506796764246292e-04
1.680505892781308840e-03
1.011123971821718858e-03
3.089798099429080791e-03
2.872633366417090117e-03
6.241229338759837070e-03
3.724069651962088907e-03
9.216266059615559319e-04
2.631936160485349920e-03
1.517375652490614117e-03
6.698269394346237707e-03
5.172752087692672647e-03
8.910932950176918364e-04
1.530479967229184937e-03
1.140768454404474238e-03
1.001445060491183573e-03
1.096278615681147567e-03
1.539564668524722769e-03
8.415734229891802878e-03
1.399646497737297608e-03
1.567588675510470445e-03
4.002733609048244635e-03
1.220671212624272785e-03
6.791499151802853594e-03
4.904709623056040073e-03
8.397201351033944938e-03
1.091390323828675272e-03
3.631817275999604973e-03
7.953271012234420330e-04
9.240697993828352269e-04
5.413295473373745843e-03
9.348276185162538929e-04
1.098292394958489803e-03
2.385410420470726947e-03
1.071322522069094322e-03
4.596051219255998209e-03
1.051444967732718082e-03
1.062192493989716317e-03
1.778483444722106120e-03
1.908605338816912961e-03
1.066533789888708195e-03
7.902945306387601249e-04
3.154211106879850970e-03
4.457968239089052029e-03
5.341024542954730427e-03
4.372586455708767084e-03
2.667227593225047957e-03
5.102675972452346172e-03
1.094026747048781022e-03
8.021577194545394121e-04
1.022215618006386880e-03
1.520841575399759079e-03
4.772178220422410543e-03
8.212427617156533568e-04
1.772310043905663641e-03
1.103946268512165157e-03
6.366634905546056031e-03
9.242027859812638503e-04
5.181518292791707954e-03
6.920791919642687662e-04
2.939722242992325128e-03
5.026746040692939808e-03
1.294949049598825364e-03
1.806213529836898620e-03
9.169532758977628345e-04
1.619073130973296398e-03
8.960758276109173810e-04
1.125500022463316778e-03
1.047628458163172649e-03
3.310628435767888275e-03
5.688868070683732875e-03
4.959096737113075949e-03
7.684501137618602326e-04
1.853233841440546717e-03
1.233316634910919555e-03
9.242741459396747270e-04
8.545191409558867014e-04
1.310379909222857348e-03
9.249923001379823078e-04
9.264775727170925955e-04
2.917236921860259270e-03
4.779207523880039769e-03
9.167077819983505179e-04
1.401171934133549042e-03
5.401234418707719954e-03
8.478426212536565015e-04
1.131958477568671857e-03
1.100089099662568187e-03
1.871851840258746376e-03
8.460888860867222735e-04
3.318507011939015802e-03
4.199522142352495047e-03
1.999639293333800930e-03
1.568922798500349547e-03
1.414634310066667988e-03
6.463735603107647991e-03
1.445634011720331848e-03
1.035251000801390257e-03
9.621580699279006681e-04
4.178083662624829109e-03
8.897545945932898393e-04
8.223046859052960192e-03
1.629002500497195825e-03
1.518639575344988462e-03
4.349570096866594258e-03
1.136383370333393867e-03
2.061429011271021048e-03
1.305529136938111826e-03
9.377558876183437033e-04
1.702389719582356057e-03
1.272693837266544595e-03
1.225805696397245376e-03
1.241305356790941249e-03
1.506208748146873645e-03
1.639469877261291991e-03
7.780653252100251270e-04
1.347922850033924204e-03
7.319536702634885138e-04
8.323444472717189549e-04
8.096552949372627086e-04
8.919996472129593148e-04
2.518886191752205822e-03
7.754202709447585717e-04
9.239170397098027312e-04
1.756304592480246486e-03
5.471010320458796761e-03
2.746980337886820514e-03
2.869269890252847382e-03
4.151414057654598949e-03
4.709068441798984830e-03
2.070039499075953388e-03
3.082364493425532835e-03
1.539893767148023136e-03
1.215350166948946445e-03
4.465280933465242894e-03
1.759416046549590546e-03
9.941927499685592959e-03
1.497374889213896844e-03
5.034473898772026668e-03
3.712831725408449225e-03
4.481557303471349341e-03
6.072459128681572879e-03
1.721010904951301209e-03
2.111387323524184598e-03
1.122252720533477646e-02
9.919631490057027445e-04
7.674549234760125530e-03
1.143061309196343779e-03
5.854977875808436115e-03
7.813151619637491441e-04
9.106069664587256376e-03
6.320550386333550520e-03
1.469155148254174545e-03
1.027735749737051195e-03
7.774015941271630956e-04
3.391364189285784106e-03
5.811724481281406972e-03
1.649145995804018753e-03
8.007652434290893698e-03
3.593114404996959263e-03
1.467441191663846570e-03
4.747934081737598989e-03
6.309850490286966068e-03
1.089118311072495484e-03
8.729789693506931954e-04
1.048476071261572390e-03
2.016557105471525162e-03
5.889858429484247197e-03
4.391995617309889938e-03
7.882809021097301593e-04
7.151071005375123253e-03
1.162884111288040945e-03
1.117267947524261005e-03
8.407716764599961227e-04
8.292280900977910948e-04
1.453362261273253610e-03
8.502596633815819992e-04
8.851877048899560365e-04
2.332499093079907094e-03
8.805110916665196547e-03
3.396792453470826034e-03
1.469731503723799813e-03
8.085689417696205819e-04
6.320312181962810076e-03
1.922229003269090419e-03
1.504176566297564912e-03
8.194238101376804043e-03
1.255411260368180255e-03
1.097233443753316837e-03
1.229497527756967436e-03
9.824830042841500855e-03
9.768603358818943143e-04
4.535755727978207918e-03
8.370420125719162455e-04
1.544610372715287750e-03
1.162802561290686128e-03
3.722337798363911480e-03
8.644226685894144079e-04
9.776089539718815606e-04
1.928690320365845229e-03
8.236149026969565370e-04
5.436419329195012022e-03
1.252792554895520343e-03
7.573456027812053553e-04
9.208357908423443587e-04
1.039992941047408834e-03
2.289157765347289448e-03
2.060176352543574563e-03
7.010853744440779037e-03
1.731824766588391370e-03
1.376252471136381111e-03
1.234567750726587015e-03
1.599401314065525400e-03
2.090722283758234944e-03
6.880863244277562237e-04
5.847744629929184541e-03
4.121730518442492594e-03
6.702650197284069173e-04
7.907023409994633732e-04
7.152631274259070755e-03
8.425045274047007456e-04
1.853329131282482846e-03
1.244667765560669411e-03
1.347701823012541775e-03
6.095298337806179592e-03
1.169506020372716162e-03
6.618545399743891618e-03
9.327534088807138248e-04
6.577973954822268106e-03
1.050827371534287982e-03
2.214451955631623406e-03
8.466475253517623777e-04
5.652591213196655855e-03
5.150801644418091796e-03
4.054342968674730548e-03
9.466604562981738259e-04
1.309657359514669649e-03
9.394939079210731878e-04
8.021518292048326979e-04
8.218402264908591676e-04
1.870213747966401833e-03
4.227152020363144844e-03
4.937501151715793964e-03
1.183051607728665203e-03
9.323467546579373988e-04
1.212879481267833785e-03
1.329448280010620811e-03
9.290475177160769423e-04
3.681425248694566998e-03
9.666873476894376075e-04
1.348487872985749654e-03
3.753261783036739539e-03
1.707304086343744203e-03
8.055721728616021529e-04
1.358120511768472639e-03
9.503653745785000523e-04
1.527338669667547373e-03
9.486757180461127120e-03
1.722059073642631449e-03
1.251684730217167852e-03
6.966783666414274288e-03
1.091878652295443040e-03
1.031114376406137888e-03
6.566083707826151326e-03
1.090032864208501312e-03
8.454106625944101099e-04
1.643642416248601622e-03
4.524866065613708695e-03
8.834483089715829129e-04
1.945711869649419459e-03
1.320734843365949400e-03
1.140910413921086830e-03
1.126470526393759820e-03
1.203453462146728383e-03
9.774968410978948988e-03
1.301172469335260505e-03
1.175894073457102841e-03
5.203340875003061201e-03
8.229088043682251464e-04
5.239847907499591700e-03
1.374812976851322050e-03
8.590566083491416472e-04
3.375524305215810063e-03
5.567949218177322551e-03
7.693801739277139834e-04
1.097435984675993858e-03
1.209256530296929331e-03
8.555578542029023759e-04
1.556354012811537015e-03
8.665465737785522796e-04
1.868272901851185993e-03
8.648625406893267406e-04
8.498473287147875234e-04
2.221988418085013919e-03
7.725602775752530823e-04
9.509047753053240931e-04
1.239313549880106209e-03
2.731584842191573433e-03
1.076414402658837409e-03
1.185572779555344293e-03
1.183529258684653347e-03
3.255662604055343384e-03
5.464760960599519997e-03
9.056601906959612725e-04
9.359174297556769858e-04
9.519055319403660646e-04
9.724593849830994981e-04
6.564215853631507475e-03
1.377313491790316171e-03
1.607191560506742584e-03
1.079375030737780849e-03
1.016879807530325208e-03
1.024160328565646740e-02
1.125469417286359365e-03
7.172079710453963062e-04
1.799197759306559461e-03
1.171308116440954563e-03
8.630965253995664553e-04
7.595854428663113660e-03
1.026276599355797426e-03
8.831082916712579625e-04
1.162213512495384503e-03
1.341790264762144974e-03
5.466115522537328200e-03
4.611001496079426658e-03
5.196188925784070954e-03
1.031516609944547677e-03
6.801946793832437839e-03
1.230885441165210622e-03
8.929871000205885255e-04
9.709047486254503406e-04
3.256707146543610324e-03
4.799044196143579383e-03
8.725789499517729985e-04
3.048665605235406813e-03
9.549474447814266858e-04
4.749123068481755916e-03
1.037795756822545599e-03
9.866406667436000005e-04
1.443735026434918951e-03
1.117712810918703586e-03
9.088718515221029439e-04
1.482821265009827286e-03
1.889079338853421990e-03
1.096230964556085515e-03
1.119620634176563901e-03
1.913154335284080257e-03
3.807318331482708543e-03
1.379761181550475356e-03
7.792431971264720397e-04
5.583053406444305443e-03
1.680961892341030842e-03
1.364792610842509475e-03
3.484943585683479908e-03
1.134305050862739316e-03
3.965102997399514405e-03
7.476083368029628811e-04
5.454693136317883238e-03
5.915198765974932771e-03
1.006704860213004970e-03
1.465272275192874450e-03
4.766462755691066970e-03
2.136607472627775027e-03
3.079423618345434287e-03
3.635238498980032477e-03
8.711750887052152961e-03
4.000071169459377095e-03
7.454578312159021404e-04
3.242525544585380705e-03
1.138520452328534724e-03
2.076800129433342256e-03
7.411206456673153330e-03
5.249096313245021038e-03
1.035332496940715927e-03
1.233972676685887726e-03
3.007135444580879679e-03
4.311791343487956542e-03
1.357689987503394626e-03
4.314749509877360487e-03
9.254667430904819480e-04
7.696193322277851369e-04
1.763478519265095730e-03
3.820649612086555232e-03
6.961398449502808825e-04
1.232872130786915026e-03
9.400283909821056114e-04
1.531364268280468923e-03
9.061997555317731490e-03
1.054855269629715198e-03
1.072042439351265919e-03
1.061471470141810277e-03
1.724094787506701794e-03
6.453435861423400047e-03
1.040445724445405659e-03
5.389700627749822483e-03
3.791033126270514520e-03
8.385824578228926601e-03
6.959355225675518605e-03
5.373353532920558361e-03
1.629105345978797527e-03
1.526215818248988568e-03
1.193144929461152290e-03
8.597346661969576444e-04
4.777583373831318508e-03
6.815125947404477571e-04
1.200073752151225919e-03
4.116697366157202539e-03
5.511647236116735266e-03
7.992312862098664272e-04
3.565250634399612113e-03
3.549617836759937518e-03
2.131041783711897647e-03
1.270611701877678206e-03
1.825716477597775578e-03
1.126185206358709234e-03
6.737133244819976975e-03
8.137808934975317718e-04
3.299492526445218371e-03
1.082283508748871446e-03
1.254361911858673699e-03
1.573945032446713056e-03
5.812048619315112429e-03
7.749821947153974662e-04
1.679957076550358218e-03
8.231846232969280280e-03
9.493444162673876077e-04
1.339047615138316914e-03
5.109064118637048936e-03
1.221588437324823504e-03
1.390120914699383408e-03
1.156612771144425230e-03
9.082697596510046906e-03
5.694855637404968619e-03
2.311177346725552979e-03
4.319776123231937673e-03
1.132100155918851648e-03
2.157077884926415431e-03
1.650123550545471709e-03
5.191134845502528260e-03
9.425433116848765894e-04
1.122707029993854537e-03
1.700201764050002446e-03
8.109379593712104763e-04
8.523331146548106425e-04
1.732151857150732036e-03
9.126420829166305600e-04
1.522770374073695960e-03
1.219840078313130967e-03
1.079703843323499357e-03
5.488412806544944351e-03
1.465858024065394430e-03
1.146539373138174460e-03
7.282678862103907254e-03
7.093433825463140449e-04
5.589285567449406300e-03
2.133910317659079743e-03
1.303644671633616414e-03
5.138676091100071071e-03
2.230504695137286181e-03
6.054160202976652250e-03
1.768973499826764903e-03
4.788872648916828699e-03
6.633287856296054760e-03
1.633865430116491222e-03
8.174059334785374132e-04
9.320400018230268376e-04
6.402568411155063095e-03
1.683804915827305168e-03
3.169461107406223391e-03
1.903332987942911707e-03
1.511002634771408185e-03
8.926392387119496188e-03
1.015315136915792039e-02
8.087412971165426059e-04
1.484476777901278530e-03
1.337515746014419568e-03
1.629365668748220452e-03
2.307602324105753264e-03
4.995717394896398780e-03
5.279264072718069939e-03
5.769774182968878846e-03
8.983114770368402042e-04
1.314235743004106777e-03
1.810303934940021538e-03
9.191723090275418385e-04
1.660346804561968741e-03
6.095096068901875025e-03
4.357126574971114351e-03
8.903211711944359220e-04
1.038269955711860646e-03
9.033745248625572530e-04
1.429804988316153540e-03
4.885980488347205393e-03
1.783809554377642015e-03
1.738574985634052565e-03
1.111729276985068664e-03
1.204449206437954853e-03
1.582460074719184125e-03
6.928776402270124101e-04
7.109389837974976114e-04
6.367678604159188703e-03
1.158890053757616724e-03
4.744870669262873410e-03
2.043647657894581259e-03
1.787332484493887701e-03
5.842095616320165316e-03
1.981046826789445697e-03
3.544897025759445770e-03
9.180395567561403739e-04
8.285710306157005730e-04
9.478029858236036069e-04
7.760480129676337532e-03
1.423765470101203204e-03
6.416611715665587789e-04
8.275890962735369880e-04
1.979659317137982908e-03
1.014549465273489231e-03
1.237275537433116810e-03
1.819309567201573543e-03
2.002653687680508530e-03
6.936189572660291522e-04
1.238864074591023790e-03
1.000454696586961087e-03
7.386851769554656812e-04
1.861763763245514970e-03
1.317787788454564176e-03
1.003619042941024516e-03
8.747855570576453400e-04
9.747453502106288945e-04
5.594114502520590101e-03
1.047902176773695153e-03
9.019645125430516197e-04
1.080208560906819075e-03
1.550849421266332342e-03
8.884626772902111738e-03
3.160911521020292637e-03
1.089150746460324859e-03
7.407160180649087142e-03
7.051928606480045714e-03
1.884612608122676267e-03
1.209984431231624731e-03
5.250676424046361521e-03
7.811317335513169244e-04
8.664469428315213972e-04
9.286395185584974494e-04
9.130818242187053796e-04
1.540270880304910918e-02
3.681446867160450328e-03
1.709491546349737419e-03
8.520621677150228609e-04
6.396139552638921942e-03
1.326069923611787561e-03
7.995511581649272434e-03
8.798784585978545233e-04
9.282975491464012449e-03
1.845915794384860031e-03
1.792631703608323773e-03
1.368408818726868197e-03
1.126187427237987024e-03
8.133166855763936326e-04
7.886019814028990453e-04
1.137668230607098620e-03
7.008703653045212333e-03
9.398718966891435106e-04
3.828012632452169623e-03
6.194063810402610989e-03
6.484359916596807438e-03
7.346476459810456425e-03
7.525084483950184207e-04
5.012533591120661540e-03
3.489914871514191320e-03
7.464012201093545148e-04
1.031106512057202145e-03
1.783278732997272374e-03
3.741484881886874506e-03
8.155883606541471835e-04
6.344182203552735724e-03
4.353582321827982604e-03
1.381892732437069778e-03
1.603061469493156617e-03
1.037799351674193729e-03
1.193026333558084824e-03
1.551185816889037814e-03
1.059722690195509173e-03
1.128922727874982594e-03
1.084387925568452201e-03
2.369262316572980087e-03
8.387616688418174761e-04
1.329670387268667466e-03
2.892145336164154718e-03
1.575552495975786728e-03
9.576648244845200426e-04
4.054098848704415677e-03
1.077431721167135129e-03
1.135177132550467798e-03
1.086345244122744261e-02
9.540922162299500953e-04
1.274041268898677042e-03
4.373541007071506462e-03
3.791412324856639499e-03
9.236574545610277444e-04
4.398836099778415283e-03
8.461933493964994384e-04
3.486023904822598343e-03
1.401477573897468324e-03
9.324187754631545894e-04
7.890367006461312949e-04
8.689209658930662893e-04
1.154945209045249097e-03
8.066176132270230781e-03
4.455207964673318748e-03
1.298169014872982245e-03
4.545703172880607296e-03
1.278010238220568268e-03
2.337996707418136394e-03
2.198834788965139519e-03
1.167990079295505319e-03
8.907600148588761630e-04
1.301397845691697371e-03
3.096008788617980300e-03
1.131742322727991718e-03
8.133913769233928935e-04
1.226895514881891011e-03
9.581068511508607482e-04
8.766332467422311737e-04
4.128341121558258033e-03
7.454967604604053732e-04
8.268996737612547675e-04
5.648109938674258229e-03
9.053423900668082329e-04
7.963717133582091283e-04
5.294865299689046310e-03
3.979750114725280272e-03
8.306761279054802882e-04
8.036933018534740377e-04
3.403725306412132886e-03
4.217768958669932712e-03
9.069537861629869795e-04
1.245625322508636754e-03
8.781792787208768727e-04
4.230778021776147868e-03
1.065679181283538893e-03
4.860188702705445576e-03
4.517540938076617697e-03
1.757958046494340499e-03
6.031423141131711518e-03
1.341933207903064137e-03
1.056724389548134623e-03
4.501415254309405929e-03
1.347227397634013493e-03
6.632372121949047308e-03
1.703590794545318914e-03
1.134826605070016030e-03
1.059528096359041958e-03
6.241772616797614318e-03
1.312630236778958813e-03
9.682005065067830285e-04
1.064888591649096414e-03
7.376740202681606427e-04
1.211914719012816867e-03
4.368328418757363302e-03
1.880090559897702046e-03
1.677408396606375803e-03
1.612879180259174780e-03
1.516539536695585017e-03
2.432517693826799325e-03
8.027370144148627748e-03
1.074011857301043673e-03
5.412318131094805314e-03
8.279333470909927637e-04
1.246207880099267380e-03
8.702423100829498976e-04
5.732129648742157087e-03
1.064350400444246053e-03
1.118709089427097738e-03
8.614828784943509435e-04
8.559454431500841112e-04
1.192669331904252497e-03
6.903246727863267089e-03
1.203239427028235950e-03
1.209533794546109077e-03
7.496285683896178288e-04
6.542997410856609417e-04
1.191486633797590212e-03
1.610544007856825211e-03
7.671413913002329311e-04
1.305763815417307610e-03
8.225286357430847996e-04
5.247470672046040084e-03
7.877952154666613199e-04
9.115835463158692689e-04
7.928116332546519861e-04
8.627582498380765869e-04
2.663593406909155366e-03
8.127561899282816776e-03
1.488696778871560419e-03
1.371518092066860385e-03
6.856496076289267556e-04
8.290261418557652671e-04
4.937315835831426920e-03
1.791894733108657153e-03
1.207759225402007044e-03
8.249085146546810245e-04
