9.983784108586573058e-01
1.000980172611687813e+00
1.000231834700316735e+00
1.000298336422682954e+00
9.974174546014199505e-01
9.982264077899580812e-01
9.982526366088755321e-01
9.986259317012999848e-01
9.971588331790463000e-01
9.971019299131103075e-01
9.983407597791362775e-01
9.967285238853336171e-01
9.955583155919269789e-01
9.950680426183853289e-01
9.953246474792539766e-01
9.980036646885676044e-01
9.980661078400957509e-01
9.986037036290401625e-01
9.978932939682061409e-01
9.978822409495755608e-01
9.984946006711419297e-01
9.982018851461643694e-01
9.977204759298123893e-01
9.989035774740083751e-01
9.983023301702272922e-01
1.015313960759725909e+00
1.028964675141052165e+00
1.050192871991683319e+00
1.065519228837354504e+00
1.076048370815871014e+00
1.092872328622573885e+00
1.095792883632292325e+00
1.104056501232742349e+00
1.115656593216418191e+00
1.126244747398322366e+00
1.144840075419049086e+00
1.165255187408157145e+00
1.187161793857088199e+00
1.202865020376304273e+00
1.221102307907284246e+00
1.244017802313221344e+00
1.265522501609207762e+00
1.287063915751438969e+00
1.294533182765687629e+00
1.304405652649702541e+00
1.321438386683438049e+00
1.334381755415721793e+00
1.338894541516292502e+00
1.353903788775108197e+00
1.375633259905198802e+00
1.362226498734957492e+00
1.348349436582420457e+00
1.338940314622677930e+00
1.336409380015673554e+00
1.332717046069217703e+00
1.329359409939235404e+00
1.349614263126377223e+00
1.362476445460282459e+00
1.350914328695251188e+00
1.356834199292181076e+00
1.363487051290452667e+00
1.360624044184078452e+00
1.368039207440891802e+00
1.366667681096566334e+00
1.371258891180339390e+00
1.352815434729903288e+00
1.337358149555338827e+00
1.323423645747332955e+00
1.334413227195954121e+00
1.350343519194254993e+00
1.356946434117732636e+00
1.349801053072076762e+00
1.364729367524474046e+00
1.382998306643726139e+00
1.381162641260001767e+00
1.383605221098599847e+00
1.398480652477217534e+00
1.388990652142933158e+00
1.409840458491350867e+00
1.410958630298129179e+00
1.405059494055972413e+00
1.400317153458670472e+00
1.379737024657224698e+00
1.402424783148354281e+00
1.394804819110305294e+00
1.394528666048344245e+00
1.385086756211026060e+00
1.377304949755910446e+00
1.375430369365687966e+00
1.374662228763657401e+00
1.389323458334675632e+00
1.411083025602825725e+00
1.420429610572224277e+00
1.425137163948479779e+00
1.396249854900929011e+00
1.391193907267588958e+00
1.408315871643006201e+00
1.399004814206891156e+00
1.369016952599496184e+00
1.377249183392499132e+00
1.374098428733153909e+00
1.390112388452228176e+00
1.408209832860061628e+00
1.391255974540599905e+00
1.384673052779131774e+00
1.389185760241961054e+00
1.392854703542194095e+00
1.412697554497437835e+00
1.396168599229738794e+00
1.386839385514585743e+00
1.373670939397983348e+00
1.389781575638783018e+00
1.393581194454879046e+00
1.387433937594067634e+00
1.406678225672955085e+00
1.422018069246286487e+00
1.426980939782688251e+00
1.415791206253713019e+00
1.410551712285410098e+00
1.423165118316930711e+00
1.409975070770596473e+00
1.408853691194253077e+00
1.417657323608705111e+00
1.433044018449853407e+00
1.420589160676534846e+00
1.424645352523911557e+00
1.400923443690530457e+00
1.387522188359865183e+00
1.404226898191500483e+00
1.417930479361936280e+00
1.426160923040179052e+00
1.403368536817780399e+00
1.402076166701974547e+00
1.399713067890071549e+00
1.414180675865886805e+00
1.401297192920565982e+00
1.397485257580873830e+00
1.387043071176072839e+00
1.382767493830026506e+00
1.354296455552314482e+00
1.344680726905346013e+00
1.333864202706110946e+00
1.333148190281846501e+00
1.332708218460916028e+00
1.334196737956854451e+00
1.343892188394244736e+00
1.349377478375221484e+00
1.346701555854876053e+00
1.350733967882462139e+00
1.356861761527746069e+00
1.372632579165048217e+00
1.379643762714723332e+00
1.399627528562714440e+00
1.372420789003252484e+00
1.386486350736097384e+00
1.370804080100921363e+00
1.375901649097418078e+00
1.375627884108947763e+00
1.408220310241111717e+00
1.411146181575394731e+00
1.410619935185221774e+00
1.402202097913051615e+00
1.383936352625884991e+00
1.391343911042474346e+00
1.394119804148431063e+00
1.393539522110044837e+00
1.394988378842618060e+00
1.405896483575549638e+00
1.408062628541937089e+00
1.401582850965227500e+00
1.408406363166399888e+00
1.391925389698681403e+00
1.384253873331461770e+00
1.369231691956761310e+00
1.373320592437427434e+00
1.378556865420969224e+00
1.385278973364255872e+00
1.368858492672866189e+00
1.378159642043717437e+00
1.350069237351212870e+00
1.353393393037276571e+00
1.369771677003336574e+00
1.379938852744425182e+00
1.351579630600733495e+00
1.353352126267584499e+00
1.383091596542925794e+00
1.387720331780829097e+00
1.408380114006743788e+00
1.418144668704483413e+00
1.421669581280693428e+00
1.409986760968453323e+00
1.405229411070378243e+00
1.418439002332084975e+00
1.408696797914207766e+00
1.440901493132090261e+00
1.421233087607926660e+00
1.437359214027727594e+00
1.449657393713540854e+00
1.465131664660461519e+00
1.465993392568091691e+00
1.445226917523343202e+00
1.433740632696313577e+00
1.438155512342728537e+00
1.413073047628555123e+00
1.419177980427342778e+00
1.411774826456244636e+00
1.407315680684110504e+00
1.384003460135852626e+00
1.408206626493514912e+00
1.422072316671423087e+00
1.388300283878844521e+00
1.392673455630696333e+00
1.387744501459581947e+00
1.372466472309719077e+00
1.372767626956941545e+00
1.376671221229100794e+00
1.378296046832311106e+00
1.361556596892694371e+00
1.365192404445457308e+00
1.344541494010408123e+00
1.360545585378516220e+00
1.359101309901199039e+00
1.358660352060963694e+00
1.350969656717841971e+00
1.349558427279776485e+00
1.348038735763215534e+00
1.364862535014858658e+00
1.350310241869245198e+00
1.397531282148262388e+00
1.410032229996489805e+00
1.416012342781985289e+00
1.414743715741660690e+00
1.431936223498411431e+00
1.405225661704347040e+00
1.389746001702506284e+00
1.393909982677151049e+00
1.394819760508399398e+00
1.391389058650666533e+00
1.380485037920116342e+00
1.383371857147929873e+00
1.405823681224461774e+00
1.412364709591349632e+00
1.436853031712739037e+00
1.438828547615580877e+00
1.435957215333108827e+00
1.435483467001491542e+00
1.431390261323484570e+00
1.432635100444756615e+00
1.450311140855355063e+00
1.428983368686180810e+00
1.434264573507255669e+00
1.422849567038511953e+00
1.426613642941871207e+00
1.413158176786732723e+00
1.406446235548176604e+00
1.414799211988246874e+00
1.428627829386225567e+00
1.410993402716555156e+00
1.402091118262330571e+00
1.393936511760185848e+00
1.398399429909282343e+00
1.399388841718195886e+00
1.416982834726955076e+00
1.449643567117450349e+00
1.455125312001091187e+00
1.420402223816350062e+00
1.396521713749889537e+00
1.377823251574940455e+00
1.385155270971864416e+00
1.389257217726649341e+00
1.394901880796668214e+00
1.400094206991997270e+00
1.396295837772540738e+00
1.395424066014288922e+00
1.412206636891455647e+00
1.409566942987520388e+00
1.409129790786069147e+00
1.427657810189427945e+00
1.429472249545368001e+00
1.427047683317312687e+00
1.442952974987942616e+00
1.451873154552004719e+00
1.465936077388740211e+00
1.475523469125573639e+00
1.481993755501420207e+00
1.478729237217166093e+00
1.493368168997986078e+00
1.481035846489950680e+00
1.470707879619971070e+00
1.459767098739507940e+00
1.483687507734384958e+00
1.504554068979806258e+00
1.484040551059622848e+00
1.474335332912980467e+00
1.493544734674269181e+00
1.482720183702555206e+00
1.478021547335885089e+00
1.485165511360447832e+00
1.481493862235585102e+00
1.477448075788137194e+00
1.472602442292888725e+00
1.457182316214246764e+00
1.447955132233497366e+00
1.418271018280691687e+00
1.414050591291261982e+00
1.386623818577934486e+00
1.370384753443800951e+00
1.375149538754108836e+00
1.387373671683022058e+00
1.383307694868335158e+00
1.390130794587991492e+00
1.365306731498276527e+00
1.365244727776049993e+00
1.363937115484917140e+00
1.373540600221135888e+00
1.375300992939475941e+00
1.358323169654916507e+00
1.369040893216640908e+00
1.380246206404889930e+00
1.365734567202913974e+00
1.358296319670579733e+00
1.363202485503582029e+00
1.357775375237983084e+00
1.355925415453684169e+00
1.344888898638105568e+00
1.352135868725012902e+00
1.369099316735507887e+00
1.384145445464060264e+00
1.387166896115540338e+00
1.410628785907239946e+00
1.419379222052107759e+00
1.397809063383827821e+00
1.396087388061146406e+00
1.412853195903861048e+00
1.420913721490986381e+00
1.437426581747838661e+00
1.451696647028225096e+00
1.445586919182881402e+00
1.457278898022396962e+00
1.433232493923212836e+00
1.414279466281122000e+00
1.424572705682180862e+00
1.433496417039133997e+00
1.426813369384886565e+00
1.410867288540036846e+00
1.420574198205863725e+00
1.415847960306759523e+00
1.418443104218141348e+00
1.412720094325973896e+00
1.442161776811168750e+00
1.448224139272294986e+00
1.448514594060001937e+00
1.420936780978287128e+00
1.431958749971440792e+00
1.436260566667455496e+00
1.449549151038327155e+00
1.468526795025060672e+00
1.467929454870507966e+00
1.456431692586457549e+00
1.438976284990526100e+00
1.410370723528851178e+00
1.414223584574629600e+00
1.420461543183732189e+00
1.432535393311888949e+00
1.428223063270501747e+00
1.437785924010609673e+00
1.432968675774301870e+00
1.430497235186506400e+00
1.439433284940433655e+00
1.450814561013479498e+00
1.455743901803684848e+00
1.459138307039563598e+00
1.466070908307005372e+00
1.475022267025457579e+00
1.446574122663754514e+00
1.436663716807994762e+00
1.430648587362978619e+00
1.470728065488808634e+00
1.458536675025310370e+00
1.444863870319899712e+00
1.439179863987742225e+00
1.440488484654721901e+00
1.443896928790978640e+00
1.436297052862557377e+00
1.456461674593390931e+00
1.487397821308380275e+00
1.471450400320125196e+00
1.465173071076548261e+00
1.443127990838440011e+00
1.444730190062063047e+00
1.455570061466075815e+00
1.480894466782710417e+00
1.477133692700664636e+00
1.483455652699907423e+00
1.494698605045872153e+00
1.490213899650414620e+00
1.514686674729153637e+00
1.518813802545729175e+00
1.504908892402841980e+00
1.527193996878284610e+00
1.537088569199756671e+00
1.538314504923903536e+00
1.521329524131803890e+00
1.546360818807452686e+00
1.547064478938950272e+00
1.535476953976691705e+00
1.543456994975164642e+00
1.538977239709180989e+00
1.539470384752052112e+00
1.513952713517179527e+00
1.502180305259149140e+00
1.506171364617874486e+00
1.515401605959775688e+00
1.513368503043218016e+00
1.531045579363199849e+00
1.521484032094588157e+00
1.511741982291044062e+00
1.516208479022397304e+00
1.506700707083576063e+00
1.503551567462747096e+00
1.503302348595591420e+00
1.468268736596896495e+00
1.450406552823521489e+00
1.457148917180321579e+00
1.449528711924925606e+00
1.439493793960424428e+00
1.445774533053277633e+00
1.435572292240199666e+00
1.428703215289665041e+00
1.427959198452544376e+00
1.440608079699732924e+00
1.444249993346460759e+00
1.442410448913244991e+00
1.441321364735634214e+00
1.478885795084985633e+00
1.489037723634180077e+00
1.471849833514582206e+00
1.476601452586193464e+00
1.485081118728494243e+00
1.480390455997439014e+00
1.472222223173355937e+00
1.470813759017546962e+00
1.498457019988984840e+00
1.496726235571379515e+00
1.480355105909361590e+00
1.489535647941548691e+00
1.481294567883613134e+00
1.489050730012051460e+00
1.482904936711550992e+00
1.479355280187325761e+00
1.485416092553947465e+00
1.491358641006022001e+00
1.488424539970203853e+00
1.501969757547815920e+00
1.512188840522657562e+00
1.492566517933991532e+00
1.482923305229993050e+00
1.465162263799146380e+00
1.455530596192153192e+00
1.445746300479789026e+00
1.441404681565022106e+00
1.458309597948546532e+00
1.465878642712636903e+00
1.450896720141875873e+00
1.444803269540393176e+00
1.441315485147516062e+00
1.427317832789868790e+00
1.404859484081560250e+00
1.398727344065528122e+00
1.413520507538045923e+00
1.416960701725754168e+00
1.435306301775143956e+00
1.438120643463541182e+00
1.440713908815768107e+00
1.442098436314167564e+00
1.440450290356802610e+00
1.446542514329434814e+00
1.455748972255854534e+00
1.437424361764245484e+00
1.435687383605986689e+00
1.452875308723769798e+00
1.450592789335639621e+00
1.473640009644134663e+00
1.489923731982886190e+00
1.479070491598543979e+00
1.481720804118430435e+00
1.473879927457362848e+00
1.479239969116837861e+00
1.497741846615234351e+00
1.513456140900215408e+00
1.520090422226912930e+00
1.527298871415019299e+00
1.535817274943002575e+00
1.531809713222503033e+00
1.512798976276906293e+00
1.499101864775986837e+00
1.497386800832273490e+00
1.483307392908078226e+00
1.463798761434807361e+00
1.472049816452894788e+00
1.458155804527160093e+00
1.447270275584840560e+00
1.458373611703874584e+00
1.470192780018793055e+00
1.461636910878854057e+00
1.461593779046170161e+00
1.470581989428348058e+00
1.464950061688152783e+00
1.484017985185005051e+00
1.487059835965959254e+00
1.458066933723610070e+00
1.466126512052210673e+00
1.443217935364962790e+00
1.450597855044748918e+00
1.450282510433288818e+00
1.447832946009405486e+00
1.449562697522825294e+00
1.444811820240549327e+00
1.456648745236742259e+00
1.474281942539384493e+00
1.483229199612528637e+00
1.487151008105334515e+00
1.508306797356900208e+00
1.538287406543003000e+00
1.515073969882878346e+00
1.514813952519986184e+00
1.527830532190100454e+00
1.521277390761552217e+00
1.517127030311935743e+00
1.515239075783077816e+00
1.509952027181578282e+00
1.500127289539634257e+00
1.502859043574047870e+00
1.480115166286987582e+00
1.484908266255274389e+00
1.518611206989253004e+00
1.514803950240295682e+00
1.523971751810521802e+00
1.489351723131158156e+00
1.483414602728758691e+00
1.486512743655143520e+00
1.486707748451699951e+00
1.499671230339768346e+00
1.490363127035805091e+00
1.484504587466387804e+00
1.469684754684617012e+00
1.464113779976293106e+00
1.456014196302854113e+00
1.437064405917313215e+00
1.453977391556172227e+00
1.463512928131155633e+00
1.455138570473220705e+00
1.458018475595382002e+00
1.472546529921482161e+00
1.482929325341123761e+00
1.491149309017824276e+00
1.488904619356693937e+00
1.480707647270084415e+00
1.477553706338963213e+00
1.469612858472499450e+00
1.455225564374637015e+00
1.464558693699310243e+00
1.474498168441746637e+00
1.486587312760689894e+00
1.474641082901362088e+00
1.473252272239279570e+00
1.467873141121947445e+00
1.462112690198075660e+00
1.460802238688055255e+00
1.449386777093827128e+00
1.461275368640019945e+00
1.472675535590717066e+00
1.484580220059021016e+00
1.496134613866185514e+00
1.515051723927101746e+00
1.531463317791625922e+00
1.525728538179404792e+00
1.508421105874604873e+00
1.476765368340101858e+00
1.461204010116774477e+00
1.465518201529148135e+00
1.454666503852259263e+00
1.471083601306085287e+00
1.492715679827200548e+00
1.497610471235123253e+00
1.498412751466006609e+00
1.490820270780826018e+00
1.483853147333456857e+00
1.484634503574220998e+00
1.498999778930498072e+00
1.489612389394038061e+00
1.505680693052979358e+00
1.505110313225289209e+00
1.500364080168713699e+00
1.524571841277391426e+00
1.533660531626356516e+00
1.523852066078936085e+00
1.510501727264817351e+00
1.499065446076167429e+00
1.492299334773684372e+00
1.474208484967984178e+00
1.470712672887177330e+00
1.468283460293578813e+00
1.475019570311120409e+00
1.481147051474502652e+00
1.491355964618352514e+00
1.519951077082245527e+00
1.518680497957653142e+00
1.509147014275529664e+00
1.516084020472381111e+00
1.517164290648203462e+00
1.518636674466967040e+00
1.513131094421911849e+00
1.506269532954890300e+00
1.517016417888304769e+00
1.520648854437638864e+00
1.501575736848361320e+00
1.477612271525851506e+00
1.498977769902397839e+00
1.495927831787992490e+00
1.465882115166564414e+00
1.480676808913542475e+00
1.479335469285224081e+00
1.489707359390291641e+00
1.489970801758974339e+00
1.500142690642101817e+00
1.489622331215647133e+00
1.488154791307692459e+00
1.502895212026474026e+00
1.496329633986990260e+00
1.465233302023841722e+00
1.449289989415042390e+00
1.441854462278059579e+00
1.435436832485218250e+00
1.434884434186037616e+00
1.423807773544941924e+00
1.433712617298954717e+00
1.445647269889491326e+00
1.461527915641241515e+00
1.441655408795300630e+00
1.451769310968303861e+00
1.469112640263388281e+00
1.493401808368366224e+00
1.475125725952555644e+00
1.465270055209652256e+00
1.473356580043029052e+00
1.469276173593575319e+00
1.458721842532068491e+00
1.473046605449420232e+00
1.467724073358877890e+00
1.453236141266261772e+00
1.448688908043129109e+00
1.454259095645845434e+00
1.451528343357845863e+00
1.453581242996004885e+00
1.481636526474767734e+00
1.490310873772762168e+00
1.489113756191851934e+00
1.491644609498272933e+00
1.484335824780877999e+00
1.501361106587804084e+00
1.474656661204606811e+00
1.443317108751613675e+00
1.435153067933645499e+00
1.466213857816708765e+00
1.456242566925634252e+00
1.460323217169167132e+00
1.434418745130956685e+00
1.444418771749118591e+00
1.448292837129552924e+00
1.455170232725300217e+00
1.424256665655466270e+00
1.447027330119491362e+00
1.447769393570357277e+00
1.426312141033704295e+00
1.447558946717724337e+00
1.454154799471170101e+00
1.437638960841629121e+00
1.433996550577848916e+00
1.430506646741069643e+00
1.430392368723925722e+00
1.409779889091946181e+00
1.428678993192583624e+00
1.444001373270717981e+00
1.426974093212508343e+00
1.422613225715445795e+00
1.436754832944113325e+00
1.466421992581202760e+00
1.455665626223948683e+00
1.434345002606678854e+00
1.432546069459776916e+00
1.426052281779236930e+00
1.467038263847518786e+00
1.479559674133963609e+00
1.490171331480352412e+00
1.506137863271956201e+00
1.532158440170225289e+00
1.499673319226288992e+00
1.478167499284282593e+00
1.484670166110824585e+00
1.458461386994996500e+00
1.474123895454521271e+00
1.506545023016442331e+00
1.518211632788016185e+00
1.535394054300184052e+00
1.529218844368780195e+00
1.544032663263707805e+00
1.543513360195754025e+00
1.518873323516929830e+00
1.533095924448221403e+00
1.519791218803432375e+00
1.538603143349907665e+00
1.526468585469007211e+00
1.557547814610696024e+00
1.550590268967678043e+00
1.549404296003142889e+00
1.540871648663119764e+00
1.535540352988459478e+00
1.521646241805861832e+00
1.519331864205628602e+00
1.482364999029251340e+00
1.469503927720217762e+00
1.475366229274231555e+00
1.495361738753922420e+00
1.493250422813871214e+00
1.504472663539054844e+00
1.488261884366951726e+00
1.473844638239761196e+00
1.453492692437754918e+00
1.442010863457533265e+00
1.438259254804880261e+00
1.444514764085935710e+00
1.432573762120401994e+00
1.422753606920515335e+00
1.414854699488939715e+00
1.411632434541184589e+00
1.387666439014825670e+00
1.401481716822163381e+00
1.410201417364940646e+00
1.419714919710740819e+00
1.429172441964869034e+00
1.434448116282702523e+00
1.400406274613517965e+00
1.387424322329479098e+00
1.377946033365530232e+00
1.390103874081880075e+00
1.395484196597936988e+00
1.407067644033636489e+00
1.415085188187576115e+00
1.417068008196911810e+00
1.404456087370923756e+00
1.425919787297034613e+00
1.414748123700166449e+00
1.432122232072761348e+00
1.441409964580640635e+00
1.424700438365630761e+00
1.402444292278945071e+00
1.413649355325666823e+00
1.438552845859160545e+00
1.450789118392303623e+00
1.475660813269376259e+00
1.487395980925200645e+00
1.463791273105635282e+00
1.445251389434185407e+00
1.428428903272932260e+00
1.429351722347257825e+00
1.426979329181176093e+00
1.444149643177145448e+00
1.453789171014804094e+00
1.455231073214372950e+00
1.472434872360827596e+00
1.484484588745985656e+00
1.497833063412197463e+00
1.473417647137623687e+00
1.473707689245186581e+00
1.479095466086173039e+00
1.471572705052455188e+00
1.483860872988759905e+00
1.464243489821623667e+00
1.448099991871958814e+00
1.453467527268698989e+00
1.458152635418619614e+00
1.439118413613830638e+00
1.432345280070936422e+00
1.422290522044364902e+00
1.405281172981991178e+00
1.390108270848938288e+00
1.387128436676491328e+00
1.384374851206341850e+00
1.388410414786138025e+00
1.390235630705400238e+00
1.393759739996859315e+00
1.399693973778923795e+00
1.391485469400327801e+00
1.380731162779971655e+00
1.360534280196052714e+00
1.343117031471103617e+00
1.322402937953510937e+00
1.333175614184877622e+00
1.337153484301637496e+00
1.346989632213861920e+00
1.345529526350322636e+00
1.356574559579687422e+00
1.377789253761829702e+00
1.405913132049498415e+00
1.424178722335217362e+00
1.431541592556242914e+00
1.446292515122076017e+00
1.444857857462069406e+00
1.448760115129616999e+00
1.458401449236639946e+00
1.486797337637178140e+00
1.498881601200520386e+00
1.503646873908694337e+00
1.510144139470470659e+00
1.496866921407490558e+00
1.488412601933554180e+00
1.482633652211175379e+00
1.497178421614399735e+00
1.508253210058707161e+00
1.522441575981206885e+00
1.526710667753502282e+00
1.528916839199004007e+00
1.517293478135680163e+00
1.520247787086479230e+00
1.516495471228056724e+00
1.511717426620872606e+00
1.514520724110326233e+00
1.506966954527185987e+00
1.479066965293329039e+00
1.463007709287698299e+00
1.482531556037017362e+00
1.482775461883416357e+00
1.483383405571029989e+00
1.482107769960122168e+00
1.494923064241967303e+00
1.490524955703722121e+00
1.508108324619415130e+00
1.501189120250913556e+00
1.526998472052824241e+00
1.546961581135728458e+00
1.557750777539158360e+00
1.543604339024683858e+00
1.539945747012351873e+00
1.564845339723324180e+00
1.555852807019319384e+00
1.548494856097902828e+00
1.555497044297298181e+00
1.566918529533398496e+00
1.564776323145158132e+00
1.590566401814827113e+00
1.584535735244183119e+00
1.569152776196760524e+00
1.557082579799019983e+00
1.569273129369804343e+00
1.576060949384602505e+00
1.569899592344972561e+00
1.546737568315750933e+00
1.554747306850141841e+00
1.552401112809309147e+00
1.554704997063820260e+00
1.557101767828530825e+00
1.549185058558597783e+00
1.550543846437492768e+00
1.548660877448937878e+00
1.529151299535254527e+00
1.553935093597118122e+00
1.571823667333264618e+00
1.578329181205068155e+00
1.576277962441471558e+00
1.594509903435441966e+00
1.633336451053961413e+00
1.642519938119502143e+00
1.648092871553411110e+00
1.647617332039133187e+00
1.609713678814593818e+00
1.607469459173440862e+00
1.603005362024311653e+00
1.634829985462353141e+00
1.634704435613521190e+00
1.632042662918629983e+00
1.625574795836366881e+00
1.631259185720189020e+00
1.622484926757041590e+00
1.626291112413851714e+00
1.606624453552375265e+00
1.603058988182434863e+00
1.591845062818960210e+00
1.601937195044404572e+00
1.599257691208375354e+00
1.644016775112510320e+00
1.622992305871793439e+00
1.646747685808515715e+00
1.623079653814311962e+00
1.602500170907379839e+00
1.592211068958824693e+00
1.560267490567185389e+00
1.554021463727991659e+00
1.544871208367076809e+00
1.551862585462149280e+00
1.577047953354378862e+00
1.599118220888500419e+00
1.594908264976526047e+00
1.578378646111769479e+00
1.570614525317562293e+00
1.574719600498506233e+00
1.577770990366151427e+00
1.580307651256586121e+00
1.566867189537068938e+00
1.570215319263451592e+00
1.574774372770573638e+00
1.567754150457217888e+00
1.557878419675682080e+00
1.543903681483459911e+00
1.536418793857201592e+00
1.505978735156577653e+00
1.496790639161013070e+00
1.455828652082048258e+00
1.462746731361688424e+00
1.469594812706859654e+00
1.491795392679769128e+00
1.494976722680060988e+00
1.494115116871458815e+00
1.504079614278050592e+00
1.491637212667273449e+00
1.472200976211318180e+00
1.471188373828145268e+00
1.469352849330502808e+00
1.457268570490395376e+00
1.470882212013384649e+00
1.472027876738170482e+00
1.459496188038633235e+00
1.448600634305206469e+00
1.465169229506419146e+00
1.479031383402350741e+00
1.487110380325609160e+00
1.467178973928750629e+00
1.488846180798198082e+00
1.483882517266768009e+00
1.480601092928097273e+00
1.492824152708046581e+00
1.479326591071034036e+00
1.505055725609214301e+00
1.494050010316359423e+00
1.459757100050449008e+00
1.438606599049658596e+00
1.437755573839792023e+00
1.441433879208285695e+00
1.423105358413853105e+00
1.441312436839944366e+00
1.454007279996762270e+00
1.459603196548863835e+00
1.482794374578736418e+00
1.488248713532205558e+00
1.476316902755475446e+00
1.466832618951259049e+00
1.472935485788151588e+00
1.469213064356865495e+00
1.481726976102965443e+00
1.489851866827750060e+00
1.474989056698575940e+00
1.498912246903925105e+00
1.507972641016729121e+00
1.522829646929424685e+00
1.511036278894890117e+00
1.505714642543917847e+00
1.512981310050621753e+00
1.497871932661989147e+00
1.515588532713134873e+00
1.571011844493897414e+00
1.570545519762101661e+00
1.572570586042437935e+00
1.564155129571497049e+00
1.573982172088308262e+00
1.558870645597830729e+00
1.568877915010029822e+00
1.547836278987301917e+00
1.547266978520981606e+00
1.549303778717282087e+00
1.580353447905033626e+00
1.573728726515886578e+00
1.581853684712670516e+00
1.595041192229180060e+00
1.583992400698133629e+00
1.568171460389139460e+00
1.583730059781742305e+00
1.584989516410512111e+00
1.564339089763161494e+00
1.564655694336817504e+00
1.558416570707962689e+00
1.559686628277420661e+00
1.571949695120905099e+00
1.562444741750156574e+00
1.559052337679561973e+00
1.532508564287235808e+00
1.537017774279268778e+00
1.540870885259006950e+00
1.555180749886299063e+00
1.548117194076853442e+00
1.560702771829403313e+00
1.556138635060854813e+00
1.566623238464872170e+00
1.545749044189234311e+00
1.548460828136649647e+00
1.540157500376085675e+00
1.544353030907588797e+00
1.540945526873585436e+00
1.556358713586445841e+00
1.541035978953675389e+00
1.528420687804808997e+00
1.526533160787959753e+00
1.528179056605630359e+00
1.513515168126739363e+00
1.509993078060325455e+00
1.531200786162554506e+00
1.531646435529610883e+00
1.545846740700404176e+00
1.550401363523590481e+00
1.564242600557314677e+00
1.549002042896880038e+00
1.542821743804051460e+00
1.551292438903418613e+00
1.553105794138248452e+00
1.568307962419767110e+00
1.561032212342315484e+00
1.550733728285641710e+00
1.547816664064795456e+00
1.565479362040615108e+00
1.580299346557116680e+00
1.563674634090326476e+00
1.596458421160015906e+00
1.595777802975613779e+00
1.581693035479998954e+00
1.585058254314487769e+00
1.594945392040203469e+00
1.561454867643594202e+00
1.553026984831605395e+00
1.570647349308655238e+00
1.573380909078059942e+00
1.575643924113225181e+00
1.570035467046253963e+00
1.549070659181170262e+00
1.547162000540880156e+00
1.536485765866869801e+00
1.551990656941037994e+00
1.548869832984622219e+00
1.538416368548901403e+00
1.534719832734254386e+00
1.533712467544204427e+00
1.536117902345560005e+00
1.545461547618458109e+00
1.558454104677684526e+00
1.556025962649915995e+00
1.518368303470154723e+00
1.526198715838599673e+00
1.512022383211825360e+00
1.524928487090523754e+00
1.534505837319573240e+00
1.522939609090491198e+00
1.519505484187656519e+00
1.539784389484988081e+00
1.563064555180965431e+00
1.566841135573898258e+00
1.572697881496904593e+00
1.558536713376893035e+00
1.556093078030731824e+00
1.558834981642079454e+00
1.562768282112630081e+00
1.576681896204653821e+00
1.597385888781646557e+00
1.595522084529327866e+00
1.595975720534494213e+00
1.599406757200276363e+00
1.595749043232335129e+00
1.574157200352726438e+00
1.583053733477053804e+00
1.566190226330167468e+00
1.556606770645423410e+00
1.563532695742967604e+00
1.571314084024812319e+00
1.558960527725943290e+00
1.558123491361377067e+00
1.570341708862955654e+00
1.565736150353497669e+00
1.562187456558818965e+00
1.554286042798850520e+00
1.550048629253420351e+00
1.553956411678815819e+00
1.537552041373767109e+00
1.542172154698588260e+00
1.552785876209735072e+00
1.553799615693116420e+00
1.560925413495810377e+00
1.552274066113038087e+00
1.546049162903757601e+00
1.547988564650485399e+00
1.539504361011236000e+00
1.526936687719825159e+00
1.528054605318730053e+00
1.556704059380880523e+00
1.550899313735440765e+00
1.546892612960383051e+00
1.536279954212270704e+00
1.547915189993465113e+00
1.541418171884377575e+00
1.553418044148631383e+00
1.547023013811638315e+00
1.527526992058577893e+00
1.562141682498247697e+00
1.572250738864884756e+00
1.587086611917818191e+00
1.569016226941587266e+00
1.573623977424389642e+00
1.580171424265998104e+00
1.585144606261329692e+00
1.574070552758625174e+00
1.568671346907011932e+00
1.579808117257852196e+00
1.578299603009228669e+00
1.560086683798612261e+00
1.545756861726815368e+00
1.555969605855935800e+00
1.569532612702285501e+00
1.553545250503466368e+00
1.544249257854897639e+00
1.532861892717299446e+00
1.555721405853451644e+00
1.558882592820157953e+00
1.554378793116418578e+00
1.526318247556827101e+00
1.516418378354492447e+00
1.510130780161606845e+00
1.509517999612221884e+00
1.502840261456449333e+00
1.512366855217856632e+00
1.503351578956092283e+00
1.496759909985385661e+00
1.490033473855883139e+00
1.484293368358294396e+00
1.473369001319561056e+00
1.467434813067770349e+00
1.484022699837529879e+00
1.469986867875664904e+00
1.469720014465815794e+00
1.475720065690729221e+00
1.475206376304113887e+00
1.488068232831883719e+00
1.472960414084907521e+00
1.477953961912585434e+00
1.480752845038431742e+00
1.494333025758703304e+00
1.476100705566782079e+00
1.493617698352604606e+00
1.500637024073444792e+00
1.500868585055489257e+00
1.516642510357293583e+00
1.501588053656985888e+00
1.522490105902936097e+00
1.512831098763009363e+00
1.510009287093137864e+00
1.533745778918855107e+00
1.541987447141754508e+00
1.557408854896320083e+00
1.558991831426333574e+00
1.558165980261796424e+00
1.563472537791019246e+00
1.553178442359360645e+00
1.564249986813394777e+00
1.588708009242253194e+00
1.587525526853822644e+00
1.599042465762159360e+00
1.568033810309413578e+00
1.578594552525005135e+00
1.599502234900463060e+00
1.600859822246286202e+00
1.591993310606081735e+00
1.618440440547906922e+00
1.594518129103519977e+00
1.597616345995397813e+00
1.620508754837214571e+00
1.591009623876458168e+00
1.602252269572127297e+00
1.598436086571074721e+00
1.598268857108465779e+00
1.584674741712116308e+00
1.563234622947476060e+00
1.560661137656652153e+00
1.536740504299072274e+00
1.541257398035325021e+00
1.542281093715517359e+00
1.542865688717580452e+00
1.542245254953722666e+00
1.527414092859643358e+00
1.501768587955330414e+00
1.504370335486502119e+00
1.536268968220661613e+00
1.540380982380567421e+00
1.543120510332470108e+00
1.529821528302019784e+00
1.542634807696509736e+00
1.516650446618113435e+00
1.506869924812859640e+00
1.515506366130815241e+00
1.507120019504203601e+00
1.498641739122517302e+00
1.511664555667754373e+00
1.523449208453975690e+00
1.509074256855525542e+00
1.499379737671813873e+00
1.500063551374280824e+00
1.507353733973816556e+00
1.486755554424577630e+00
1.497608264470685846e+00
1.494232258500532984e+00
1.496794479812330714e+00
1.496452477024231786e+00
1.509033331066277350e+00
1.520981043288931911e+00
1.521223010057963343e+00
1.533268252431240430e+00
1.518646050775754652e+00
1.517700267873776099e+00
1.503389814873398622e+00
1.502310086113090026e+00
1.485826015178646209e+00
1.500243269961287540e+00
1.477352366158831254e+00
1.474392367951680383e+00
1.468048555674435596e+00
1.485524860763957955e+00
1.497477218981459579e+00
1.491589902097368192e+00
1.482596328097870453e+00
1.516320954154028344e+00
1.513709451996941624e+00
1.508669231218090268e+00
1.531598708828413757e+00
1.526335618875703792e+00
1.527710183294352042e+00
1.524540743088110162e+00
1.543534145621929587e+00
1.519693507964657853e+00
1.507889194878129224e+00
1.499986601077434756e+00
1.474977549067861826e+00
1.450215234117229191e+00
1.489538568790397477e+00
1.494047205685920199e+00
1.491133855271377762e+00
1.483114017773187854e+00
1.487493497245598650e+00
1.496169711426130311e+00
1.506464733187130145e+00
1.505010847734895352e+00
1.500687459030345172e+00
1.482775703509260579e+00
1.488412387586900865e+00
1.497466201692966958e+00
1.477243429075857151e+00
1.464132972118809217e+00
1.484041112775217108e+00
1.496724813823547384e+00
1.487886852697823725e+00
1.490559402781693521e+00
1.491071806838489167e+00
1.481592394508940203e+00
1.492565728458085328e+00
1.492332372800976303e+00
1.495284290682936001e+00
1.505732828040614590e+00
1.507343001867503141e+00
1.496611241215450860e+00
1.503846110305971262e+00
1.507238688725804243e+00
1.522834414218195542e+00
1.546664666680242828e+00
1.544038041248100512e+00
1.540957955927510170e+00
1.565850209346315358e+00
1.565975268509833374e+00
1.588900030773161776e+00
1.582385684204267173e+00
1.594082114331113686e+00
1.600615420428315172e+00
1.606298325789838666e+00
1.597564660112149593e+00
1.603878095854629038e+00
1.620817602152312187e+00
1.630092430982430729e+00
1.638019057395218470e+00
1.641900876288459266e+00
1.648018028912785926e+00
1.673768117830551683e+00
1.672833596750474383e+00
1.679544932719238881e+00
1.696892084636111964e+00
1.691163622089650653e+00
1.680794946640508547e+00
1.678756202302301270e+00
1.673757663749413593e+00
1.676644419875839231e+00
1.684874251923128785e+00
1.684816555778081426e+00
1.680566617472573299e+00
1.681976365093702963e+00
1.681344269494163157e+00
1.675380689918163135e+00
1.658732240150765813e+00
1.675651763968515340e+00
1.681460656357884886e+00
1.668176426123223033e+00
1.644213492223527640e+00
1.645160081960843179e+00
1.649026678260694156e+00
1.660071307758869130e+00
1.641729721233527561e+00
1.643051313094075594e+00
1.619282710307826001e+00
1.618371435108971967e+00
1.613808910745072600e+00
1.606814864737922122e+00
1.607435794462871659e+00
1.638130055178393274e+00
1.632651768514948865e+00
1.626410417045775603e+00
1.609325908841611197e+00
1.628012299428256204e+00
1.625891582321775219e+00
1.612524382344307616e+00
1.592970543613341228e+00
1.603596877400039977e+00
1.613508554218431756e+00
1.611383965868289581e+00
1.581064116072596004e+00
1.598953851145360261e+00
1.598897666146175567e+00
1.607606503523835162e+00
1.597441037269393904e+00
1.583980143394079665e+00
1.556091591818458131e+00
1.589604283924488604e+00
1.579792157300040634e+00
1.574902563704379421e+00
1.584916203483515140e+00
1.584404363917275793e+00
1.603042988130602087e+00
1.597366776640878783e+00
1.566764364430986101e+00
1.577628534734779153e+00
1.588005878091069967e+00
1.592959018794794179e+00
1.568516084689749013e+00
1.564361580280019037e+00
1.588822085082928215e+00
1.605460347184892722e+00
1.584808918841619230e+00
1.572642138266570733e+00
1.576635654776727069e+00
1.578295378175994745e+00
1.570322402421427288e+00
1.564262652003443055e+00
1.555524461157768323e+00
1.551710400732263739e+00
1.576231977293163888e+00
1.615073498236382354e+00
1.590593226553999262e+00
1.587305067218506505e+00
1.599542233135093694e+00
1.608365710808009386e+00
1.625472880720174595e+00
1.606774108377718946e+00
1.603069490703885380e+00
1.604782203864904444e+00
1.596037971994717974e+00
1.584761691604327449e+00
1.595779899315189265e+00
1.625482022775598834e+00
1.649347800976254108e+00
1.619412805898576391e+00
1.612448669399312529e+00
1.594172228787191337e+00
1.613672373487610612e+00
1.616459677671165052e+00
1.614418904124882648e+00
1.613343313396620848e+00
1.637256384641476492e+00
1.644745286412829355e+00
1.645452915434974628e+00
1.633308397399356959e+00
1.605827573060259139e+00
1.601441520230116655e+00
1.605481806117081467e+00
1.595962133177098341e+00
1.581401174822922195e+00
1.562139117439204972e+00
1.591155386550679562e+00
1.586944572196694381e+00
1.568886581553560866e+00
1.582991985661123868e+00
1.597784365912717996e+00
1.557052345291513040e+00
1.537338729193158171e+00
1.519250805292524431e+00
1.527692787580376521e+00
1.539574301742567819e+00
1.567183351966777050e+00
1.532370540302970818e+00
1.543560481540705354e+00
1.546232344313004159e+00
1.547563661239384825e+00
1.537046186705562256e+00
1.544153001827362814e+00
1.552736132483214959e+00
1.548703500972204772e+00
1.555308349208668561e+00
1.553177331803381467e+00
1.564036724375648113e+00
1.581282314272734579e+00
1.565563471427030784e+00
1.584318329944282455e+00
1.563857159560069876e+00
1.593876539877060905e+00
1.617709984037005500e+00
1.597543242154464860e+00
1.593439622648906706e+00
1.605706617612821185e+00
1.617227776751121393e+00
1.610283819141736350e+00
1.612766917227549168e+00
1.612002455895634512e+00
1.609967774335576918e+00
1.632311871006401072e+00
1.643107762599985033e+00
1.663680102272380834e+00
1.660549162627920738e+00
1.671063481336202416e+00
1.663941463364708273e+00
1.651310568161822756e+00
1.659997682715002254e+00
1.663738423876931050e+00
1.660333018870589594e+00
1.663626538345699180e+00
1.660984251187681782e+00
1.673234773321726543e+00
1.656423116659001549e+00
1.648540872079695907e+00
1.644360445219647193e+00
1.638446605340967199e+00
1.641615695458327862e+00
1.658642155607958912e+00
1.661357052066721574e+00
1.645980001979532314e+00
1.651976865582363230e+00
1.641335731706009105e+00
1.629079814986969854e+00
1.610301629080331809e+00
1.605696956617744142e+00
1.581496662004379106e+00
1.558965648370919332e+00
1.568534622736591944e+00
1.548000589421349105e+00
1.547272462555080219e+00
1.547669116474231998e+00
1.524670500581004395e+00
1.544807782210919633e+00
1.548551077663123721e+00
1.548079012918165853e+00
1.554138634430006993e+00
1.562353406433854008e+00
1.552776691314196045e+00
1.569820795429609950e+00
1.556768595313808623e+00
1.565918907235822388e+00
1.579382547538319859e+00
1.568244815050666485e+00
1.580672283298377945e+00
1.576692422589486720e+00
1.593571323069902901e+00
1.610126705558131865e+00
1.605120752872353673e+00
1.613426375385052847e+00
1.627480973406624898e+00
1.637467078102245122e+00
1.660786172239712144e+00
1.669906461392897556e+00
1.666361796722805932e+00
1.663781724399949091e+00
1.655111868785631213e+00
1.683567374771298253e+00
1.645845320383018562e+00
1.651877710136137933e+00
1.629410460534605587e+00
1.620528682914457619e+00
1.618723474129479367e+00
1.629400269581446237e+00
1.600039701875458853e+00
1.581523186264862435e+00
1.579606092292701769e+00
1.569476403294403077e+00
1.555284461337686386e+00
1.534480736276054635e+00
1.543891830197448023e+00
1.541611467633139831e+00
1.535620936250057467e+00
1.545979288517065786e+00
1.537725913805689570e+00
1.511669272616370963e+00
1.492988483226744378e+00
1.480765748340883370e+00
1.471083922069040817e+00
1.501711393285563467e+00
1.495360181818180534e+00
1.515058716318349097e+00
1.496799839257998865e+00
1.511402240126613616e+00
1.516258600651208432e+00
1.528530387872798046e+00
1.510551934946965824e+00
1.513505864644249188e+00
1.511157906954006647e+00
1.524707308847776055e+00
1.546580813909361085e+00
1.557921795371380647e+00
1.570118732506651238e+00
1.565262926042794822e+00
1.573234408950541230e+00
1.579293560017104969e+00
1.578588158969768784e+00
1.586016251395103493e+00
1.577628790924813007e+00
1.591378028390055377e+00
1.599814490049583871e+00
1.615445240798285109e+00
1.620126488463392578e+00
1.595394281492606980e+00
1.579695888631554412e+00
1.595827137673375917e+00
1.597251820420828361e+00
1.605278710377394669e+00
1.607800311472524779e+00
1.609257590132497251e+00
1.610260698839180993e+00
1.623647790058688756e+00
1.629149921308546523e+00
1.646894694004407578e+00
1.641768181546761518e+00
1.623212994416396660e+00
1.592496843224308067e+00
1.583134389789810248e+00
1.582735673018595746e+00
1.583288051937698615e+00
1.565510487711129661e+00
1.553676810325342217e+00
1.563734680965914281e+00
1.583530893410403761e+00
1.569580517435196887e+00
1.561617274804980804e+00
1.569777027863159535e+00
1.555710607472636786e+00
1.581606239584514295e+00
1.581203261066675303e+00
1.570086490002717383e+00
1.568151155582496958e+00
1.555717071946100427e+00
1.545735092431355540e+00
1.534840079047892436e+00
1.522603697612013862e+00
1.519009515782365982e+00
1.515558975231365180e+00
1.493236894203347376e+00
1.489782657961602474e+00
1.488803970114871866e+00
1.499846365370550938e+00
1.489043348488212848e+00
1.506124293771911038e+00
1.525066467042761165e+00
1.514212750560188558e+00
1.514218884300141843e+00
1.498286721970965463e+00
1.469519188163632029e+00
1.475399480181383227e+00
1.503266382449292005e+00
1.489858123941327550e+00
1.490172770683388936e+00
1.497178801489911670e+00
1.485282583114519106e+00
1.489790302015711276e+00
1.478318007531252976e+00
1.476095875420382786e+00
1.472806497378775781e+00
1.476520921165816347e+00
1.487420329379922634e+00
1.501727585391620101e+00
1.479803003681757989e+00
1.500618233487651221e+00
1.491168394597807145e+00
1.504400200845812385e+00
1.507023173796326887e+00
1.533097623470417004e+00
1.508653005646201972e+00
1.496675105971520647e+00
1.513059510861128443e+00
1.504566120828604303e+00
1.483643004253911268e+00
1.502144381494346259e+00
1.501763351603551344e+00
1.485439377623526402e+00
1.473141063600867051e+00
1.461792047304401487e+00
1.449958028874216653e+00
1.431664252314755803e+00
1.427788801752218006e+00
1.431924497957629550e+00
1.432952435672952385e+00
1.433254374385822372e+00
1.442828029684537494e+00
1.452914805003077126e+00
1.443738684677559725e+00
1.472148055232292307e+00
1.461733333563121517e+00
1.482398516560908153e+00
1.470537443523824983e+00
1.463976692203039276e+00
1.432173381551370861e+00
1.454305181155380877e+00
1.447621023632442938e+00
1.447864356297781763e+00
1.468332302996717020e+00
1.469684793565855907e+00
1.476481962049574603e+00
1.473076073754673088e+00
1.476878513659716230e+00
1.491652132045303780e+00
1.535140953756472859e+00
1.541256711406713276e+00
1.588350225225055423e+00
1.578825728505028225e+00
1.577234080692870188e+00
1.570860885155711095e+00
1.590044436706880893e+00
1.575127361229792911e+00
1.560264970343690827e+00
1.557505056614512107e+00
1.554511039400777506e+00
1.571706403782678674e+00
1.560621807938871397e+00
1.566202946086052483e+00
1.574547065333622209e+00
1.582853148930683407e+00
1.574480803229735493e+00
1.573879362219949174e+00
1.578580195713748635e+00
1.590766448287507018e+00
1.597122564287894342e+00
1.597426734601733234e+00
1.594125218756291540e+00
1.605247630938331893e+00
1.606703640244187437e+00
1.571495969328605913e+00
1.574163026001418997e+00
1.554261043115907182e+00
1.563629486904671850e+00
1.569037930256040436e+00
1.572461624870012731e+00
1.539794701688216527e+00
1.559775245445940151e+00
1.563206007065750747e+00
1.555751607816999948e+00
1.539168225496613918e+00
1.518306122275944414e+00
1.530061305056051202e+00
1.537468301836599771e+00
1.532131422778927554e+00
1.543920116161726197e+00
1.535447058066923720e+00
1.544638658861718028e+00
1.545817922981103321e+00
1.524492294174987883e+00
1.538093549517427494e+00
1.529155888050330647e+00
1.532694245211662754e+00
1.531496234009456892e+00
1.533060042198378881e+00
1.536795571258762427e+00
1.537176513718949034e+00
1.531123328840412467e+00
1.518920052877506865e+00
1.519461979564512122e+00
1.535685305853671245e+00
1.572213092614975105e+00
1.558481264158331880e+00
1.558236728431403373e+00
1.569008627711784509e+00
1.589346756384591108e+00
1.591888910031083570e+00
1.602051778854686859e+00
1.587248330080531789e+00
1.584872627154031210e+00
1.579631507240840671e+00
1.606211661825533765e+00
1.623357677439289715e+00
1.610653539571099913e+00
1.593415496567268219e+00
1.600986101288939034e+00
1.600928522447290447e+00
1.610272658557446279e+00
1.615515015282951605e+00
1.620286630031116282e+00
1.613577862722934464e+00
1.602076295904756087e+00
1.590590477278016612e+00
1.589878601018131166e+00
1.612374505831317473e+00
1.597637083726487051e+00
1.592383152116558342e+00
1.584125778204038548e+00
1.601091426708687315e+00
1.597515952456517008e+00
1.591626395815529227e+00
1.572417125783551084e+00
1.567686803899666081e+00
1.573044696001446141e+00
1.575950683789914875e+00
1.588563854237581285e+00
1.558596661055840160e+00
1.501873986069340416e+00
1.514839031101935518e+00
1.527478498425844045e+00
1.512541245860495209e+00
1.518813545902831352e+00
1.507482469239735945e+00
1.495561547823502480e+00
1.486620603929931006e+00
1.489127292893623666e+00
1.483176294188385702e+00
1.505177914236415893e+00
1.525171351718222601e+00
1.503693493115433988e+00
1.501737936144624808e+00
1.480605059371676413e+00
1.475155992563348617e+00
1.444321788408353680e+00
1.457057488725918004e+00
1.455396065671374695e+00
1.480792110033123166e+00
1.482003410573805136e+00
1.482454009714385901e+00
1.491286356762732357e+00
1.467994628790310063e+00
1.470896585473735696e+00
1.507193647150374627e+00
1.512877596033996852e+00
1.515055611063549579e+00
1.515854387511733847e+00
1.525327818524615520e+00
1.537079968124966056e+00
1.536466172073710279e+00
1.548636152544473177e+00
1.565428619050334147e+00
1.553476346691142984e+00
1.561555962082947779e+00
1.562102550108120935e+00
1.548298181750238145e+00
1.566582347920847829e+00
1.575256364699858747e+00
1.581208195546251583e+00
1.608118041479355664e+00
1.594947301919469762e+00
1.579942738370468946e+00
1.569407087575869664e+00
1.545521219183950024e+00
1.553449304288422761e+00
1.557065181794365705e+00
1.583862431746001720e+00
1.577584745994237148e+00
1.572856137392887321e+00
1.556550315924273953e+00
1.552636643639075720e+00
1.565652798123061018e+00
1.538112778409951309e+00
1.550638051541387119e+00
1.548666122906744658e+00
1.530433816260262869e+00
1.495684641044672469e+00
1.524359387499280682e+00
1.508531416287387517e+00
1.506933817801606734e+00
1.524723117136026929e+00
1.520930132936222590e+00
1.528093082183143769e+00
1.555560699642037692e+00
1.541950986832131498e+00
1.539118484895906303e+00
1.541591891263370151e+00
1.546441665120990905e+00
1.572761864288524380e+00
1.577561650312712782e+00
1.563102655538067376e+00
1.559064473182044219e+00
1.562098939226458594e+00
1.570201363872222755e+00
1.567037311372811326e+00
1.558364234047518337e+00
1.544369590523843927e+00
1.553637047234836865e+00
1.527819492399657753e+00
1.541728928586636016e+00
1.548825809670655751e+00
1.568394345450603744e+00
1.550367632043262445e+00
1.534736631722031230e+00
1.521847339593885406e+00
1.532682761807177441e+00
1.523364813698704356e+00
1.542770619117055375e+00
1.514305601807398816e+00
1.513415049159232195e+00
1.531482871947546842e+00
1.560467356088597990e+00
1.545928576957099621e+00
1.554267313751509505e+00
1.533377526588769024e+00
1.547372063663208897e+00
1.534584468274220237e+00
1.556542591803300235e+00
1.563897671916921528e+00
1.572057102967165942e+00
1.580425961163512749e+00
1.565078144553992523e+00
1.575035243690283471e+00
1.594337001634412054e+00
1.582658004156157316e+00
1.593162891767394562e+00
1.594969258322888273e+00
1.613249899568288237e+00
1.612252739606295560e+00
1.611112034619502031e+00
1.587590969599466328e+00
1.598664460322100300e+00
1.563582866636274327e+00
1.576099745163995314e+00
1.594412348420927383e+00
1.587945905231700428e+00
1.556461966006125408e+00
1.584665343225075906e+00
1.579117144153643126e+00
1.601689961173677457e+00
1.607261938914283927e+00
1.615209376543160991e+00
1.619860392847468411e+00
1.602937583798807353e+00
1.592747820362868882e+00
1.595892508352620975e+00
1.613838409673860275e+00
1.581266488394839742e+00
1.566988393548299774e+00
1.562874591292216842e+00
1.564217222712216193e+00
1.583614748520536963e+00
1.570117133782590102e+00
1.589039287616601515e+00
1.594439509267294053e+00
1.593806297545953932e+00
1.578228411988987334e+00
1.597284393577729222e+00
1.590802059754435005e+00
1.582550028664795549e+00
1.572021377909648798e+00
1.586380498656714488e+00
1.578860838025400115e+00
1.557415157573671216e+00
1.528387997805316978e+00
1.513084169524552269e+00
1.531365357327801657e+00
1.527049611825026965e+00
1.536712419687630504e+00
1.546973206329682160e+00
1.539547637458950957e+00
1.549559916545179217e+00
1.570051393449969357e+00
1.581705668769186834e+00
1.596055172166677139e+00
1.587136281440279628e+00
1.583488103472249220e+00
1.606310772544463417e+00
1.601663063775847329e+00
1.620071249790912216e+00
1.630070785979628178e+00
1.634446389248100040e+00
1.629203312251588320e+00
1.630381102786652825e+00
1.618445030379039418e+00
1.621667578468787285e+00
1.609512986137644930e+00
1.608828787770298918e+00
1.622346660089668324e+00
1.674479791488295399e+00
1.683013862286079965e+00
1.656127201238624114e+00
1.645687810333306134e+00
1.638849697171160802e+00
1.637594144419434183e+00
1.666698378464063879e+00
1.663225157155059142e+00
1.666316025361777697e+00
1.647928586285489772e+00
1.640717294998179643e+00
1.626175352803612695e+00
1.634362347199441290e+00
1.611008292884502646e+00
1.609983657879196173e+00
1.587905972942896371e+00
1.575876465055318532e+00
1.569458764033918818e+00
1.560979089488914839e+00
1.574245290374209016e+00
1.583336255941973691e+00
1.585743504759979050e+00
1.598006246100312833e+00
1.602740636515322725e+00
1.598084769196150390e+00
1.568767116859497213e+00
1.552306906529826724e+00
1.554341394030608114e+00
1.563060652026870390e+00
1.555049411631671763e+00
1.559116138259646123e+00
1.539021822347369284e+00
1.543958411901473982e+00
1.535330023684805756e+00
1.542303788564316713e+00
1.533153764289315157e+00
1.565975584682876676e+00
1.543672297503372093e+00
1.564780840690264352e+00
1.577542166184455308e+00
1.590921750978987692e+00
1.595606710056980404e+00
1.595655440128521008e+00
1.593534199004491114e+00
1.590075662182859118e+00
1.589741440440856524e+00
1.584300652707669288e+00
1.581698913012177465e+00
1.568736649271384120e+00
1.559699443856435108e+00
1.539395591137255659e+00
1.550149957004154810e+00
1.548072115370348723e+00
1.533800453253082674e+00
1.545535549427045741e+00
1.526788281560920835e+00
1.542096885870675393e+00
1.530905293805211453e+00
1.535127616726319921e+00
1.557369302989274784e+00
1.570495659167698843e+00
1.541293085328211632e+00
1.540631556813908176e+00
1.528921597242540065e+00
1.515007582118858442e+00
1.522329808940966256e+00
1.524013664259125989e+00
1.523699578163262958e+00
1.511879628972729650e+00
1.525405580528334415e+00
1.518101728345464752e+00
1.539748304967655690e+00
1.535577498895059456e+00
1.540064324926066597e+00
1.545720950167499774e+00
1.564929910199663210e+00
1.551504888730724785e+00
1.566304783115631372e+00
1.607814886251006659e+00
1.598098963541601414e+00
1.624928425054666947e+00
1.614098981837977842e+00
1.607768805040469040e+00
1.617158929951330260e+00
1.610163385627726429e+00
1.601579967216794076e+00
1.599872459464220853e+00
1.607584917388193535e+00
1.617989702973809063e+00
1.621727142504802766e+00
1.602152267831271404e+00
1.609024591025763007e+00
1.633080067144185410e+00
