2.986856561619788408e-04
4.895371384918689728e-04
3.253986360505223274e-04
5.561235593631863594e-04
3.976348380092531443e-04
5.531412898562848568e-04
3.162101202178746462e-04
5.490059265866875648e-04
3.946017823182046413e-04
3.981516056228429079e-04
4.237566317897289991e-04
3.250834997743368149e-04
3.690664016176015139e-04
3.725748392753303051e-04
3.698394284583628178e-04
3.340781549923121929e-04
3.811829956248402596e-04
3.252852766308933496e-04
3.051939420402050018e-04
3.089260426349937916e-04
2.843080146703869104e-04
2.695173898246139288e-04
3.133698482997715473e-04
2.812111633829772472e-04
3.157801111228764057e-04
3.095828287769109011e-04
3.046341589652001858e-04
3.764364810194820166e-04
3.013463865499943495e-04
3.420562716200947762e-04
3.865558246616274118e-04
2.932660281658172607e-04
3.011408844031393528e-04
2.947795728687196970e-04
2.665235952008515596e-04
3.487120848149061203e-04
3.337001253385096788e-04
3.130616387352347374e-04
2.716529706958681345e-04
3.443844616413116455e-04
3.004297032020986080e-04
3.021073935087770224e-04
3.352485946379601955e-04
3.481774474494159222e-04
3.146422677673399448e-04
2.821196685545146465e-04
3.245538682676851749e-04
2.862319233827292919e-04
3.088047378696501255e-04
3.176729951519519091e-04
3.194731252733618021e-04
2.633038966450840235e-04
3.611202700994908810e-04
3.197771147824823856e-04
3.537937300279736519e-04
3.290405147708952427e-04
4.233915242366492748e-04
3.285547136329114437e-04
4.376081051304936409e-04
3.693155595101416111e-04
4.388701927382498980e-04
3.014204557985067368e-04
3.551658010110259056e-04
4.497301415540277958e-04
2.731818240135908127e-04
6.379871047101914883e-04
4.041931242682039738e-04
4.068390699103474617e-04
4.209303006064146757e-04
4.108122084289789200e-04
4.564111877698451281e-04
3.486413625068962574e-04
5.031636683270335197e-04
3.461119486019015312e-04
4.536983906291425228e-04
4.417077871039509773e-04
2.663352061063051224e-04
5.360376089811325073e-04
2.831899619195610285e-04
3.700289526022970676e-04
3.720453532878309488e-04
2.973305527120828629e-04
3.864687460009008646e-04
3.438326530158519745e-04
4.151417815592139959e-04
4.546438576653599739e-04
3.167549730278551579e-04
4.609517636708915234e-04
3.627907135523855686e-04
4.414176219142973423e-04
4.700130375567823648e-04
5.282186320982873440e-04
4.076770565006881952e-04
3.158916370011866093e-04
5.581444129347801208e-04
3.100164467468857765e-04
6.078436272218823433e-04
3.246340202167630196e-04
3.809387562796473503e-04
4.996370989829301834e-04
3.182558284606784582e-04
4.777414142154157162e-04
2.687342057470232248e-04
4.541239177342504263e-04
3.377523680683225393e-04
3.041353775188326836e-04
5.281066987663507462e-04
3.702422836795449257e-04
5.187543574720621109e-04
3.426750190556049347e-04
3.435388207435607910e-04
4.975654883310198784e-04
3.645066753961145878e-04
5.323321674950420856e-04
3.132075653411448002e-04
4.914184100925922394e-04
3.003016754519194365e-04
5.309550324454903603e-04
2.713034045882523060e-04
4.711865331046283245e-04
2.820748486556112766e-04
4.053132142871618271e-04
3.590972046367824078e-04
3.669511643238365650e-04
3.490899689495563507e-04
3.078149748034775257e-04
3.533539711497724056e-04
3.600025665946304798e-04
3.391845384612679482e-04
3.187222173437476158e-04
3.355827939230948687e-04
3.022813762072473764e-04
2.908744500018656254e-04
3.308010636828839779e-04
4.636497178580611944e-04
3.258756478317081928e-04
4.197055823169648647e-04
3.229821450076997280e-04
3.246088745072484016e-04
4.483246593736112118e-04
3.791866474784910679e-04
3.969324752688407898e-04
3.188122645951807499e-04
4.275213577784597874e-04
3.085150383412837982e-04
3.689572331495583057e-04
3.707402211148291826e-04
3.613811568357050419e-04
4.879334301222115755e-04
3.444717149250209332e-04
3.725751303136348724e-04
4.154212656430900097e-04
4.202253767289221287e-04
4.724713217001408339e-04
5.018903757445514202e-04
3.848341002594679594e-04
5.787377012893557549e-04
3.840080753434449434e-04
7.274748058989644051e-04
5.277929594740271568e-04
3.878590068779885769e-04
8.373009040951728821e-04
3.445140609983354807e-04
5.490412004292011261e-04
4.354332340881228447e-04
3.494292614050209522e-04
4.666746244765818119e-04
3.290397580713033676e-04
3.918255679309368134e-04
3.358054673299193382e-04
3.707803552970290184e-04
3.292977635283023119e-04
3.550809924490749836e-04
4.189773462712764740e-04
2.860206877812743187e-04
3.626883844844996929e-04
4.684465238824486732e-04
4.732248489744961262e-04
3.856416442431509495e-04
3.386435564607381821e-04
3.497862780932337046e-04
3.197283076588064432e-04
3.155845915898680687e-04
3.609639825299382210e-04
3.131044504698365927e-04
3.066466888412833214e-04
3.761896514333784580e-04
3.228550194762647152e-04
3.412314981687813997e-04
3.413669182918965816e-04
3.818514524027705193e-04
2.810728910844773054e-04
3.193495213054120541e-04
4.279781132936477661e-04
3.221211372874677181e-04
2.984802413266152143e-04
3.276296774856746197e-04
3.254259936511516571e-04
3.859170537907630205e-04
3.612676227930933237e-04
3.149533877149224281e-04
3.674266627058386803e-04
3.341814735904335976e-04
3.308261802885681391e-04
3.015187394339591265e-04
3.425235627219080925e-04
3.050571249332278967e-04
3.212409501429647207e-04
2.961889840662479401e-04
2.611537347547709942e-04
3.403957816772162914e-04
3.220357175450772047e-04
3.271939349360764027e-04
3.452820819802582264e-04
3.200678038410842419e-04
3.333771601319313049e-04
3.228698624297976494e-04
3.601138596422970295e-04
2.819765359163284302e-04
3.411211655475199223e-04
3.264296683482825756e-04
2.961141872219741344e-04
3.800880222115665674e-04
3.346293233335018158e-04
3.239297075197100639e-04
2.788025303743779659e-04
3.579666954465210438e-04
3.147836832795292139e-04
2.922895073425024748e-04
3.965019132010638714e-04
3.785578883253037930e-04
2.884448622353374958e-04
4.092600720468908548e-04
3.225059481337666512e-04
5.184461479075253010e-04
3.693432372529059649e-04
3.676392079796642065e-04
4.493104061111807823e-04
3.193523734807968140e-04
5.240373429842293262e-04
3.042406169697642326e-04
3.607132821343839169e-04
3.362362040206789970e-04
2.837411011569201946e-04
3.943332703784108162e-04
3.966119838878512383e-04
5.024066194891929626e-04
4.372845287434756756e-04
4.347156500443816185e-04
3.614103770814836025e-04
3.723370318766683340e-04
2.853065670933574438e-04
2.995303657371550798e-04
2.710127737373113632e-04
3.938894369639456272e-04
4.621916450560092926e-04
2.733132278081029654e-04
4.036828759126365185e-04
3.043856704607605934e-04
3.072807739954441786e-04
4.359845188446342945e-04
3.038271970581263304e-04
4.685313906520605087e-04
3.325833240523934364e-04
4.847650125157088041e-04
3.491340030450373888e-04
4.111112793907523155e-04
3.156598540954291821e-04
3.385240270290523767e-04
3.184877859894186258e-04
3.100411558989435434e-04
3.988516982644796371e-04
2.989259082823991776e-04
3.289580345153808594e-04
3.304148558527231216e-04
2.641036116983741522e-04
2.985146711580455303e-04
3.381872957106679678e-04
3.068639780394732952e-04
3.297042276244610548e-04
3.030146181117743254e-04
3.506764769554138184e-04
2.658818557392805815e-04
2.986994804814457893e-04
2.611170057207345963e-04
2.671457477845251560e-04
3.351460618432611227e-04
3.097982844337821007e-04
2.862842520698904991e-04
3.608046099543571472e-04
4.018851323053240776e-04
3.742898115888237953e-04
3.147212264593690634e-04
3.935716231353580952e-04
3.479880979284644127e-04
3.594301524572074413e-04
5.356452893465757370e-04
4.116563941352069378e-04
5.033764173276722431e-04
3.458394203335046768e-04
4.585604765452444553e-04
3.541664627846330404e-04
4.298734420444816351e-04
3.236077318433672190e-04
3.316126530990004539e-04
3.518644662108272314e-04
3.531803959049284458e-04
3.424521419219672680e-04
5.399704677984118462e-04
4.726041806861758232e-04
4.172647022642195225e-04
3.536415169946849346e-04
3.298481460660696030e-04
4.003284848295152187e-04
4.207878082524985075e-04
5.392499151639640331e-04
3.346397425048053265e-04
5.326052196323871613e-04
4.599135427270084620e-04
4.173667985014617443e-04
4.966873675584793091e-04
2.800086513161659241e-04
3.894548281095921993e-04
3.553648130036890507e-04
3.230935253668576479e-04
3.953610430471599102e-04
3.049701044801622629e-04
4.319558793213218451e-04
3.362790448591113091e-04
3.961868933402001858e-04
3.481227904558181763e-04
4.097123746760189533e-04
3.471983072813600302e-04
2.995588292833417654e-04
3.240171063225716352e-04
2.741363714449107647e-04
2.969357301481068134e-04
3.072321414947509766e-04
2.727527753449976444e-04
3.058049478568136692e-04
3.035159315913915634e-04
2.989390632137656212e-04
2.893409109674394131e-04
3.207425470463931561e-04
3.490637755021452904e-04
3.288948209956288338e-04
3.160116611979901791e-04
3.039821458514779806e-04
2.949139452539384365e-04
3.306689905002713203e-04
2.912134805228561163e-04
3.147925017401576042e-04
3.113610728178173304e-04
3.454525140114128590e-04
3.759083338081836700e-04
4.055621684528887272e-04
2.957998076453804970e-04
3.677557688206434250e-04
3.073405241593718529e-04
4.199547111056745052e-04
3.453691606409847736e-04
3.623354423325508833e-04
4.422134370543062687e-04
3.501654719002544880e-04
4.362819599919021130e-04
3.127086965832859278e-04
3.600718919187784195e-04
2.935421071015298367e-04
3.452834789641201496e-04
2.314611047040671110e-04
2.931884082499891520e-04
3.330251784063875675e-04
3.015078837051987648e-04
3.413444501347839832e-04
3.318596864119172096e-04
2.942973223980516195e-04
3.106775693595409393e-04
2.984765160363167524e-04
4.083399835508316755e-04
2.566603943705558777e-04
5.582630401477217674e-04
3.825484891422092915e-04
4.502221709117293358e-04
3.584049409255385399e-04
3.503568004816770554e-04
3.545002546161413193e-04
3.639888600446283817e-04
3.438446728978306055e-04
3.753864730242639780e-04
2.825830015353858471e-04
3.159111947752535343e-04
3.148647665511816740e-04
3.238391072954982519e-04
3.255893825553357601e-04
3.309540916234254837e-04
3.652864834293723106e-04
3.153090365231037140e-04
2.940750855486840010e-04
3.331102197989821434e-04
3.205654211342334747e-04
2.950015768874436617e-04
3.214128664694726467e-04
3.027379279956221581e-04
3.547124215401709080e-04
2.798507921397686005e-04
3.166024398524314165e-04
2.911557676270604134e-04
3.163686778862029314e-04
3.435614635236561298e-04
2.814737963490188122e-04
2.729980042204260826e-04
3.359144320711493492e-04
2.777854388114064932e-04
3.378617402631789446e-04
3.271436726208776236e-04
2.988735213875770569e-04
3.147541428916156292e-04
3.538043820299208164e-04
3.471494419500231743e-04
3.617211768869310617e-04
3.951154940295964479e-04
4.512792802415788174e-04
2.990965440403670073e-04
2.956588286906480789e-04
2.810298465192317963e-04
3.081104950979351997e-04
3.020169970113784075e-04
2.733165165409445763e-04
3.110972174908965826e-04
2.820605877786874771e-04
2.858075313270092010e-04
2.621406456455588341e-04
3.011263906955718994e-04
3.326631849631667137e-04
2.791941806208342314e-04
2.886158763431012630e-04
3.096349537372589111e-04
3.147585957776755095e-04
3.177229664288461208e-04
3.477418795228004456e-04
3.025497717317193747e-04
3.282286343164741993e-04
2.983607409987598658e-04
2.879971289075911045e-04
3.373509389348328114e-04
3.894984838552772999e-04
3.138036117888987064e-04
3.065446217078715563e-04
3.149555996060371399e-04
2.500995178706943989e-04
3.671372542157769203e-04
3.685777774080634117e-04
3.672811435535550117e-04
3.058657748624682426e-04
4.217428795527666807e-04
3.058986330870538950e-04
4.024953232146799564e-04
2.927338355220854282e-04
3.511124232318252325e-04
2.895387005992233753e-04
3.562760539352893829e-04
2.826164709404110909e-04
3.056686546187847853e-04
3.538517339620739222e-04
3.755633661057800055e-04
3.155849990434944630e-04
2.949514018837362528e-04
3.604075754992663860e-04
3.030646475963294506e-04
3.167437971569597721e-04
3.472167300060391426e-04
3.096629516221582890e-04
3.505604690872132778e-04
3.070054226554930210e-04
2.705692313611507416e-04
3.689940785989165306e-04
2.987844636663794518e-04
4.241747374180704355e-04
2.927627647295594215e-04
4.241259593982249498e-04
3.045522607862949371e-04
3.476495912764221430e-04
2.825285773724317551e-04
4.214967775624245405e-04
3.362127172295004129e-04
4.346273490227758884e-04
3.262256504967808723e-04
3.010571817867457867e-04
3.632727020885795355e-04
3.140887129120528698e-04
3.475025587249547243e-04
3.213136224076151848e-04
2.783373347483575344e-04
2.928991161752492189e-04
3.510321839712560177e-04
3.439982538111507893e-04
3.379426489118486643e-04
3.427503979764878750e-04
3.616982721723616123e-04
3.805455053225159645e-04
3.136236337013542652e-04
3.492557443678379059e-04
3.345280711073428392e-04
3.137633902952075005e-04
3.826120519079267979e-04
3.637332702055573463e-04
3.158476902171969414e-04
2.689476241357624531e-04
2.910477051045745611e-04
2.658758894540369511e-04
3.165464149788022041e-04
3.378214896656572819e-04
3.518631565384566784e-04
3.100115281995385885e-04
3.070138627663254738e-04
3.189234121236950159e-04
2.959684934467077255e-04
2.721891505643725395e-04
2.918936370406299829e-04
2.872309414669871330e-04
3.198339254595339298e-04
3.213116142433136702e-04
3.396293614059686661e-04
3.087084332946687937e-04
3.198216436430811882e-04
3.384581068530678749e-04
2.834890037775039673e-04
3.465071204118430614e-04
2.773615124169737101e-04
3.142202913295477629e-04
3.096919390372931957e-04
2.859826199710369110e-04
2.689041139092296362e-04
3.149888943880796432e-04
2.914007054641842842e-04
3.389707417227327824e-04
3.146596718579530716e-04
3.234999603591859341e-04
3.239423385821282864e-04
3.107843513134866953e-04
3.309471358079463243e-04
3.179618506692349911e-04
2.701367484405636787e-04
2.824275870807468891e-04
3.228950372431427240e-04
2.672359405551105738e-04
3.356095403432846069e-04
2.861092216335237026e-04
3.388348850421607494e-04
3.086838987655937672e-04
2.938714460469782352e-04
2.921264967881143093e-04
3.582331119105219841e-04
2.915815857704728842e-04
3.149412223137915134e-04
2.815902698785066605e-04
3.549649263732135296e-04
2.992032677866518497e-04
3.493546682875603437e-04
2.929260663222521544e-04
3.454640391282737255e-04
2.602589665912091732e-04
2.979433047585189342e-04
3.699490916915237904e-04
3.852543886750936508e-04
2.973011869471520185e-04
3.316228103358298540e-04
3.270674787927418947e-04
2.955669478978961706e-04
3.732159093488007784e-04
3.334996872581541538e-04
2.868387964554131031e-04
3.244772669859230518e-04
3.077406145166605711e-04
3.341260307934135199e-04
2.773173619061708450e-04
4.116874770261347294e-04
2.720444463193416595e-04
3.769519389607012272e-04
3.030050429515540600e-04
2.839262015186250210e-04
3.340571711305528879e-04
3.366371965967118740e-04
3.521885664667934179e-04
3.051125095225870609e-04
3.447804774623364210e-04
3.106228541582822800e-04
2.942538412753492594e-04
3.015090478584170341e-04
3.553316055331379175e-04
3.041398595087230206e-04
2.960149431601166725e-04
3.226909320801496506e-04
3.064755001105368137e-04
2.604787587188184261e-04
3.435960388742387295e-04
3.424132883083075285e-04
2.870644093491137028e-04
2.981034340336918831e-04
3.290047170594334602e-04
2.756827743723988533e-04
3.696295316331088543e-04
3.308472223579883575e-04
3.854901879094541073e-04
2.488097234163433313e-04
4.161538672633469105e-04
3.289590240456163883e-04
3.445062902756035328e-04
3.522044280543923378e-04
3.129586693830788136e-04
5.056468071416020393e-04
3.188828704878687859e-04
6.952638505026698112e-04
3.433699603192508221e-04
5.799478385597467422e-04
4.296359256841242313e-04
3.657586639747023582e-04
6.792195490561425686e-04
3.984736395068466663e-04
6.272777100093662739e-04
3.334332723170518875e-04
6.967544322833418846e-04
3.561177290976047516e-04
3.835623792838305235e-04
4.221011768095195293e-04
3.630125720519572496e-04
3.406408359296619892e-04
3.586151287890970707e-04
3.439562860876321793e-04
3.627823025453835726e-04
4.085962136741727591e-04
4.575192288029938936e-04
4.136884235776960850e-04
3.866690094582736492e-04
3.896505513694137335e-04
3.144539368804544210e-04
2.987865882460027933e-04
3.328397870063781738e-04
3.088717930950224400e-04
2.947853936348110437e-04
2.622220199555158615e-04
3.151566488668322563e-04
3.233656170777976513e-04
3.224135725758969784e-04
2.906108857132494450e-04
3.411349025554955006e-04
3.944904310628771782e-04
3.255177289247512817e-04
2.872788754757493734e-04
3.840247518382966518e-04
3.182443615514785051e-04
3.435571270529180765e-04
2.679227909538894892e-04
3.523094637785106897e-04
3.479565493762493134e-04
4.319674335420131683e-04
2.907013404183089733e-04
2.679280878510326147e-04
3.092070692218840122e-04
3.146595554426312447e-04
3.322775592096149921e-04
3.065588534809648991e-04
3.112345293629914522e-04
3.335631045047193766e-04
2.777578483801335096e-04
3.212643496226519346e-04
2.817608474288135767e-04
2.837930223904550076e-04
3.796597011387348175e-04
2.883749548345804214e-04
3.319743555039167404e-04
3.753705532290041447e-04
4.267852054908871651e-04
3.100411850027740002e-04
4.144227423239499331e-04
3.042022872250527143e-04
3.782943240366876125e-04
3.099651949014514685e-04
3.676934866234660149e-04
4.317984275985509157e-04
4.138637450523674488e-04
4.977082717232406139e-04
3.135128063149750233e-04
4.326768685132265091e-04
3.629024722613394260e-04
4.719055141322314739e-04
3.460176521912217140e-04
4.070166032761335373e-04
3.912301326636224985e-04
2.862676046788692474e-04
3.857401316054165363e-04
3.163438523188233376e-04
4.202150157652795315e-04
3.902281750924885273e-04
2.957802789751440287e-04
3.329010214656591415e-04
2.815369807649403811e-04
3.165235975757241249e-04
3.572848800104111433e-04
2.899518294725567102e-04
4.180301039014011621e-04
3.631656873039901257e-04
3.858464187942445278e-04
2.990443026646971703e-04
3.049249353352934122e-04
3.480256418697535992e-04
3.391325590200722218e-04
3.501151804812252522e-04
3.452693345025181770e-04
2.879733219742774963e-04
2.699852921068668365e-04
3.215030301362276077e-04
2.931180642917752266e-04
3.030924417544156313e-04
3.139355394523590803e-04
3.016448463313281536e-04
3.428941417951136827e-04
3.116496955044567585e-04
3.251263115089386702e-04
3.197741461917757988e-04
4.170705797150731087e-04
2.990301873069256544e-04
3.385034215170890093e-04
3.596945898607373238e-04
2.572610392235219479e-04
3.872715460602194071e-04
3.674342879094183445e-04
4.034556332044303417e-04
2.976174582727253437e-04
3.686121490318328142e-04
2.965020830743014812e-04
3.535657306201756001e-04
4.368755326140671968e-04
4.253931110724806786e-04
3.385478630661964417e-04
3.744612331502139568e-04
3.128793323412537575e-04
3.226792032364755869e-04
3.389070916455239058e-04
2.721714554354548454e-04
3.304965212009847164e-04
3.000966389663517475e-04
3.221302176825702190e-04
3.549566317815333605e-04
2.832573372870683670e-04
3.036084235645830631e-04
3.494145348668098450e-04
3.180201165378093719e-04
2.861758403014391661e-04
2.773381711449474096e-04
3.605706733651459217e-04
3.073367406614124775e-04
3.138719766866415739e-04
3.154368314426392317e-04
2.552450168877840042e-04
2.892176271416246891e-04
3.419515851419419050e-04
3.507849178276956081e-04
3.931046521756798029e-04
4.027406102977693081e-04
2.868392039090394974e-04
3.573134890757501125e-04
3.059158334508538246e-04
2.897561644203960896e-04
3.405248280614614487e-04
2.568160707596689463e-04
3.870590007863938808e-04
3.723856352735310793e-04
3.026446793228387833e-04
2.968087792396545410e-04
3.413623489905148745e-04
3.683603717945516109e-04
3.487669455353170633e-04
2.431933244224637747e-04
2.932341303676366806e-04
3.407475305721163750e-04
2.769621205516159534e-04
3.311792970634996891e-04
3.168706316500902176e-04
2.630283706821501255e-04
3.278783406130969524e-04
2.964376762975007296e-04
4.007918760180473328e-04
3.150911943521350622e-04
3.281496756244450808e-04
3.422406443860381842e-04
3.740675165317952633e-04
4.708184278570115566e-04
3.802714636549353600e-04
3.727117145899683237e-04
3.204103268217295408e-04
5.240363534539937973e-04
2.670829999260604382e-04
3.457252169027924538e-04
5.567656480707228184e-04
3.449551295489072800e-04
7.796038989908993244e-04
3.601837088353931904e-04
7.425823714584112167e-04
3.130756667815148830e-04
4.307816270738840103e-04
6.229805294424295425e-04
4.445447702892124653e-04
8.547463221475481987e-04
3.107286174781620502e-04
6.160093471407890320e-04
3.118716995231807232e-04
4.550261073745787144e-04
5.006738356314599514e-04
3.982815542258322239e-04
7.250964990817010403e-04
3.772378549911081791e-04
7.561953389085829258e-04
4.136196221224963665e-04
4.778020957019180059e-04
3.949257952626794577e-04
3.507251967675983906e-04
3.904227050952613354e-04
3.198296471964567900e-04
4.928025300614535809e-04
3.801733255386352539e-04
4.666033200919628143e-04
3.134115249849855900e-04
4.381068283692002296e-04
4.222095594741404057e-04
3.821062855422496796e-04
3.095040447078645229e-04
3.271599998697638512e-04
3.539475728757679462e-04
3.168366965837776661e-04
3.153689031023532152e-04
3.814815427176654339e-04
3.317008086014539003e-04
4.483794327825307846e-04
3.155606391374021769e-04
3.948666562791913748e-04
3.524920321069657803e-04
4.029035335406661034e-04
3.872432862408459187e-04
3.772820928134024143e-04
3.924769698642194271e-04
2.973468799609690905e-04
3.095304709859192371e-04
3.780486877076327801e-04
3.001667791977524757e-04
3.753033815883100033e-04
3.393243241589516401e-04
4.278822743799537420e-04
3.784324508160352707e-04
3.132636193186044693e-04
3.458935534581542015e-04
3.184635424986481667e-04
2.784834359772503376e-04
4.167055012658238411e-04
3.793182549998164177e-04
3.354843647684901953e-04
3.916084533557295799e-04
4.644329019356518984e-04
3.470424271654337645e-04
2.878610102925449610e-04
5.151274963282048702e-04
3.727401490323245525e-04
4.963254323229193687e-04
3.305926220491528511e-04
5.497212987393140793e-04
3.319380921311676502e-04
4.943501553498208523e-04
4.080079379491508007e-04
4.368500667624175549e-04
3.598391194827854633e-04
3.942750627174973488e-04
6.345419678837060928e-04
3.237489145249128342e-04
4.395779687911272049e-04
4.477578331716358662e-04
3.737599472515285015e-04
5.025636055506765842e-04
3.454731195233762264e-04
4.212006751913577318e-04
3.181749489158391953e-04
3.086632350459694862e-04
3.310837200842797756e-04
3.298916562926024199e-04
3.111944242846220732e-04
3.526925283949822187e-04
2.941957791335880756e-04
4.783389158546924591e-04
3.182656364515423775e-04
3.413704689592123032e-04
3.884813049808144569e-04
3.599997726269066334e-04
4.633452044799923897e-04
3.584786318242549896e-04
6.137802265584468842e-04
4.726124461740255356e-04
8.297458407469093800e-04
5.314005538821220398e-04
8.614289690740406513e-04
4.316156264394521713e-04
1.173615222796797752e-03
4.686599422711879015e-04
7.678932743147015572e-04
5.919504328630864620e-04
3.917851136066019535e-04
1.008513732813298702e-03
3.755974466912448406e-04
7.307721534743905067e-04
3.547725209500640631e-04
3.110642719548195601e-04
6.476602284237742424e-04
3.850396606139838696e-04
7.384420605376362801e-04
4.211708437651395798e-04
3.793891519308090210e-04
4.971136804670095444e-04
3.557127784006297588e-04
3.525558277033269405e-04
3.009449574165046215e-04
3.442440647631883621e-04
4.503482778090983629e-04
3.722250112332403660e-04
4.329892108216881752e-04
3.310380270704627037e-04
3.566679370123893023e-04
4.144999256823211908e-04
3.598908660933375359e-04
3.095166175626218319e-04
2.979874552693217993e-04
3.337601083330810070e-04
3.301502438262104988e-04
3.289387095719575882e-04
3.374154912307858467e-04
3.044480690732598305e-04
3.165304078720510006e-04
3.117828746326267719e-04
3.209514543414115906e-04
3.357839887030422688e-04
3.432903904467821121e-04
3.501559258438646793e-04
3.456410486251115799e-04
3.108502132818102837e-04
2.970304340124130249e-04
2.653998672030866146e-04
3.203324158675968647e-04
3.225800464861094952e-04
3.301196265965700150e-04
3.592373104766011238e-04
2.886934089474380016e-04
3.215741307940334082e-04
2.750449348241090775e-04
4.111113084945827723e-04
2.786343102343380451e-04
3.404177841730415821e-04
2.892436750698834658e-04
2.744154771789908409e-04
3.107434604316949844e-04
3.039483563043177128e-04
3.202068037353456020e-04
2.749023842625319958e-04
2.767503610812127590e-04
3.045716439373791218e-04
3.597525064833462238e-04
3.593707806430757046e-04
3.435879480093717575e-04
2.951392380055040121e-04
2.687902888283133507e-04
2.862286928575485945e-04
3.011623048223555088e-04
3.403532609809190035e-04
2.851058961823582649e-04
2.814699546433985233e-04
2.967326436191797256e-04
3.184442175552248955e-04
3.281256067566573620e-04
2.423385885776951909e-04
4.136938950978219509e-04
3.568776301108300686e-04
3.546800580807030201e-04
3.332165651954710484e-04
2.887873561121523380e-04
3.391358186490833759e-04
2.924035652540624142e-04
2.794244210235774517e-04
2.890371251851320267e-04
3.306505386717617512e-04
2.982600417453795671e-04
3.268928849138319492e-04
3.198804333806037903e-04
3.183961089234799147e-04
2.913765201810747385e-04
2.956979442387819290e-04
3.366068121977150440e-04
3.061121096834540367e-04
3.437066916376352310e-04
3.651959705166518688e-04
3.061201132368296385e-04
2.773567102849483490e-04
3.134566359221935272e-04
3.361396375112235546e-04
3.103701164945960045e-04
3.468992654234170914e-04
3.599754709284752607e-04
3.496654971968382597e-04
3.155950980726629496e-04
3.513943520374596119e-04
2.949574263766407967e-04
3.505003405734896660e-04
3.060026792809367180e-04
3.391561040189117193e-04
3.158242907375097275e-04
2.635829150676727295e-04
3.536708536557853222e-04
2.437215443933382630e-04
3.335521032568067312e-04
