1.179665998186730635e-03
9.439367838588995927e-04
3.868017527189682604e-03
6.355271680318260938e-03
7.219265331843277567e-03
2.335043113104230163e-03
1.025386594582102613e-03
7.717647662667214727e-03
1.106448087776393252e-03
5.363020651776770169e-03
1.830382769000014247e-03
6.054035837688157701e-03
4.378758577353487891e-03
1.971748036198462360e-03
5.787358812789510434e-03
2.320767599395208436e-03
3.679362897039208796e-03
5.945075150273326087e-03
3.668209347370119180e-03
6.744762140959011457e-03
2.212412779677432832e-03
2.621017784863661267e-03
1.283528981873581064e-03
1.288858833992436673e-03
8.514683729355433141e-04
8.207760878345159768e-04
8.621852279500275733e-04
6.966801875494177052e-03
5.235901389507242702e-03
6.602088166104977743e-03
5.806633339853162386e-03
6.289649858377646327e-03
3.233136465949789339e-03
7.107009347597372829e-03
2.136129344262674423e-03
1.222978884072766816e-03
1.237213129685231982e-03
1.096968968028051413e-03
1.266655663721212100e-03
2.012135896016088547e-03
7.816580243915146817e-03
9.425314535083684784e-04
6.203534065117984053e-03
6.065521558021769351e-03
2.239139885792383686e-03
2.458086903818484416e-03
4.716731318024513023e-03
1.573939704299078587e-03
1.821291298748750620e-03
2.403997937339227668e-03
2.238553109190649908e-03
7.680755434867124996e-03
5.819693166868544938e-03
1.398769547536798680e-03
1.734800231703679130e-03
2.674339012913602015e-03
4.668479565107900263e-03
1.194404216541954762e-03
4.922702365680636967e-03
5.468807567482952131e-03
1.392734247106533658e-03
4.970458719754198597e-03
4.117772760697083895e-03
9.324703090103813241e-04
7.222868526856410405e-03
9.496290429093390707e-04
4.299992681032445592e-03
4.601556398311471181e-03
1.052078045494568093e-03
9.471422963522025361e-04
5.353786097782133220e-03
2.156726559488250736e-03
1.547786064801065552e-03
2.286026261568235417e-03
2.528785213364378223e-03
4.760471798393310291e-03
8.409687740234688975e-04
5.761753622476714805e-03
5.845401023494358438e-03
4.634998060250560166e-03
5.046662493762429751e-03
2.437741386157498118e-03
5.367203698899469626e-03
5.977914841704918408e-03
2.839456367030751896e-03
9.554301299577953443e-04
6.218622692049410872e-03
1.618138906366306095e-03
1.792552820305894599e-03
9.471603442082170013e-04
1.223807282948405090e-03
7.947957466542870594e-03
8.735238658575541311e-04
5.728670547876693608e-03
2.033170965606747281e-03
2.116161233109876104e-03
1.808185867337465435e-03
5.033358090364957634e-03
2.604985475875420866e-03
1.228788926300200144e-03
8.232913265426774216e-04
2.334993713685628441e-03
2.348549126003161153e-03
2.235365011276492769e-03
2.699576469682158156e-03
5.840295428629001771e-03
5.627665297041833416e-03
5.061518990898888209e-03
4.861066408652479735e-03
1.767981369285798838e-03
3.310548980828499112e-03
1.103289252710292715e-03
7.136520918943210952e-03
3.930853444421613004e-03
2.187363589769738582e-03
3.852154805924130378e-03
4.842440133064005933e-03
2.726650939730170149e-03
9.450925497503534457e-04
5.475943810284748629e-03
4.297563583168478689e-03
1.167932211498299774e-03
3.470194193656227569e-03
1.881843751018846735e-03
1.979737103220569321e-03
4.043033651211257358e-03
5.286888614488727267e-03
1.729730452699393449e-03
1.867596859232922889e-03
4.189961192019466159e-03
4.234955363174248803e-03
2.500626611458510711e-03
8.801441105382733264e-04
7.822415433578745053e-03
1.176251639035104032e-03
1.234912876759467230e-03
2.530003482522673146e-03
1.714911471533588170e-03
4.192128831040178340e-03
4.157528325647807076e-03
1.862138831013440948e-03
6.703286574633231763e-03
3.773588242006865098e-03
3.770011136338455044e-03
1.968737822106396331e-03
1.452686242320517509e-03
5.462831117196161219e-03
8.023050867317357360e-04
2.379530562070024131e-03
2.441289419049413358e-03
1.384958619280391443e-03
2.540057188246046000e-03
6.993722443809978311e-03
4.278207392066142589e-03
5.254898939531084910e-03
2.894491993464047043e-03
1.021505117905070498e-03
5.366490614180445887e-03
1.952190311224579009e-03
6.114894164632650453e-03
1.255429654291260241e-03
6.290994517330792193e-03
1.998312100512448109e-03
1.668641651236387304e-03
5.376703300799414061e-03
6.830563913945816162e-03
7.292081817557451162e-03
2.524346926952572220e-03
1.017179764787736829e-03
3.769828438088429490e-03
8.366629748618023468e-04
4.860864665466883318e-03
6.412934064568781220e-03
3.119349177311536540e-03
4.876793623030784876e-03
5.252857927644378512e-03
1.777688704617334673e-03
2.637802693450847814e-03
7.809871727266972687e-03
2.904204163596418604e-03
3.903183603663443624e-03
6.953409064459887753e-03
4.855027744911728262e-03
1.351772726317639712e-03
6.333474904793142714e-03
6.372533325473857604e-03
7.559395426212034419e-03
7.054248378254386956e-03
2.333406733794801072e-03
3.252577351054133665e-03
1.229230003117544844e-03
4.573682310399939180e-03
2.390307358211260936e-03
1.700035885103796159e-03
5.903537753071464930e-03
4.490761705284089175e-03
5.492233211596583148e-03
4.852316410792523009e-03
9.588881936742247409e-04
4.054511542356952977e-03
1.290481969892276091e-03
7.043038987880957322e-03
5.504737166125554283e-03
3.699785084033517697e-03
4.689537725366121901e-03
4.949952033069326442e-03
2.998160337837517658e-03
1.282544639441642910e-03
4.849692781899922478e-03
2.133715162685598504e-03
8.219729898657357351e-04
4.956510577998608953e-03
3.884673587014903211e-03
2.024992652399196496e-03
6.215236977632673451e-03
4.397624365088299153e-03
6.799816374496125276e-03
1.214483747670121704e-03
1.499639992531594983e-03
1.258245769929780588e-03
3.937372826543964095e-03
1.499731090121325574e-03
1.652551367885197933e-03
3.391554707895264292e-03
5.969476184916108069e-03
2.589230897871992992e-03
9.388813391159469375e-04
1.645988377871828150e-03
3.054320195699075560e-03
5.269140000386856627e-03
6.455062574450873281e-03
8.760618143775082732e-04
2.336239015224612740e-03
5.886628478802375872e-03
3.289026456944763727e-03
8.434442779731664546e-04
5.012369521689538816e-03
2.316930506182742454e-03
3.580529285418269578e-03
2.549222661876453244e-03
9.513026749848207562e-04
1.339426342030657384e-03
5.812182594182995279e-03
1.500172652491703817e-03
5.757477496362676216e-03
6.287840172628350252e-03
1.011555224044615679e-03
1.061133540963891432e-03
1.318044925160166995e-03
6.251866424262618113e-03
9.392407713941834874e-04
5.063382930006846659e-03
4.267179152127721295e-03
2.524186733033950691e-03
2.811228197283347028e-03
2.252274356946804869e-03
3.011337679027145057e-03
5.553487023243942541e-03
2.361421731797955833e-03
2.035998653795606430e-03
4.338410479161631389e-03
7.561113137443995803e-03
3.238429261647951269e-03
1.850948139742605771e-03
6.218552804687607800e-03
3.970167385140436177e-03
6.354439372974943386e-03
1.982704308656675369e-03
5.179817112631367529e-03
4.890893575386081986e-03
2.278061540497666217e-03
1.041109163532385248e-03
1.962475929600112582e-03
1.675029226753053371e-03
1.831587812732357948e-03
8.443284105753666577e-04
1.728034941338626226e-03
2.146517429505485127e-03
5.204473292587041659e-03
6.268012574985534768e-03
1.207509701546593877e-03
7.272978795657655468e-03
2.169905839298195797e-03
1.911739757017566011e-03
1.420084401852354187e-03
1.927030759207943623e-03
5.551160087623139942e-03
2.758513964679198700e-03
6.283188911134816347e-03
5.943901511309704344e-03
3.443889176146856107e-03
2.198096569193917337e-03
4.846836917615567931e-03
1.399505478226643505e-03
2.178765696755150579e-03
7.472944843302997339e-03
4.753485892130013962e-03
6.229877028192343409e-03
5.507776025694032657e-03
8.881097347995180972e-04
3.613212981457604184e-03
8.647509960257893655e-04
4.147946474606883753e-03
2.189496127617179821e-03
1.964734026442776886e-03
1.123553897060801735e-03
2.801204822039145802e-03
4.418150228456878444e-03
1.078158437666857251e-03
2.106015528510210566e-03
2.531096111552893699e-03
6.053017736811214418e-03
1.186835761340578272e-03
4.941896067819668593e-03
5.025436836199378282e-03
6.781652122182983342e-03
1.824495188934595162e-03
5.982432114482114094e-03
3.790483003503554958e-03
7.617747417127837713e-03
5.799705208487206283e-03
1.037353076538112843e-03
1.634807819929185368e-03
1.958080489761932028e-03
5.052738578447501898e-03
7.378423045653885459e-03
1.181626840809127475e-03
7.742415097474958548e-03
9.269549354502014740e-04
3.702420961697048922e-03
1.110822327104778184e-03
4.745684963980706904e-03
6.234736319348848851e-03
4.900820315569689480e-03
1.090841628277566637e-03
4.937732441934107597e-03
7.335792439910760430e-03
6.589078085958418284e-03
5.197433635258486007e-03
1.042167256956965564e-03
3.658453833668123562e-03
7.199504307606844310e-03
5.641055910347161223e-03
4.875896369853279302e-03
5.036289263211598567e-03
5.623301185764459191e-03
1.207395152341452600e-03
4.865882737933104572e-03
5.791942769641107366e-03
4.492605405563633234e-03
1.892326672673350129e-03
9.166500696879795358e-04
1.902555810861736698e-03
2.314175211821431401e-03
6.869940136217608968e-03
1.409807756378061864e-03
5.681851475740043629e-03
1.677399464247314193e-03
1.651673786427096825e-03
3.072663059259088739e-03
8.659740533693266852e-04
4.891333542646342236e-03
4.997291119305840440e-03
2.485908167630926716e-03
5.498353582230361240e-03
4.452515667349370848e-03
7.626304093938524042e-03
5.107820058870177725e-03
4.823372686303882897e-03
3.926865753708212031e-03
5.248879489604812987e-03
6.040078359536690290e-03
6.119856048667435440e-03
1.426957829247070715e-03
3.807817430301188577e-03
2.219211749816616362e-03
6.206795744295282719e-03
1.456867804564182783e-03
7.769267114295635296e-03
5.785136746865712255e-03
4.157285431670678516e-03
9.205040714561449778e-04
4.991682552920451502e-03
8.372416359265083541e-04
5.455230106470415966e-03
2.529945886750294744e-03
8.969341381480488290e-04
1.037455093537862846e-03
7.187834496396607563e-03
2.490333647706256641e-03
7.421058048818860754e-03
9.428362463763706501e-04
6.628127259656369473e-03
7.201123125849807384e-03
1.163834129608411552e-03
1.441040356231371210e-03
9.862922795519841503e-04
4.723210498587072058e-03
5.942779486902585555e-03
2.279120999152460785e-03
5.211506399951998901e-03
1.125216893353280954e-03
1.720983293085130749e-03
1.040972964680926538e-03
1.938265471687273438e-03
2.597868757836232709e-03
2.325143482422500386e-03
1.419775594453119398e-03
2.031513557854360778e-03
6.730719472558696626e-03
3.123139066266860959e-03
3.149320719862973642e-03
4.073054832725289329e-03
3.523399213581905175e-03
1.127755796345841300e-03
4.374025554433373479e-03
9.004315508016257031e-04
1.539423858528243122e-03
7.279632008026404484e-03
6.402807168319408701e-03
6.239831383109798596e-03
5.003526345783554895e-03
3.761848430167503976e-03
2.013998571661132844e-03
8.771907925202344653e-04
1.538045107513526764e-03
1.419950217497260555e-03
7.185309428624202938e-03
4.827315053379938915e-03
2.095399718832354277e-03
6.355208020780522479e-03
2.253516540556300789e-03
6.373283891714432749e-03
4.072208562270251096e-03
3.019258862544657151e-03
5.819075381577962745e-03
4.598512324158639079e-03
5.388905115384153011e-03
3.307779297358623676e-03
2.311798253374786321e-03
6.025717055900467294e-03
2.051425960207518915e-03
1.000679522672628030e-03
4.417559259869178849e-03
6.569331160221382471e-03
5.310121832388321576e-03
2.513443304588024261e-03
2.409865447140964196e-03
3.815688524221700576e-03
3.778113675147951045e-03
5.995249893590497842e-03
5.529886195077155300e-03
1.272793044455015768e-03
2.089123460310125541e-03
3.841278254699913991e-03
2.776163829842594709e-03
2.421215247695194649e-03
8.570369510907738849e-04
4.953661753392644973e-03
5.075153847907791504e-03
4.209301040115976007e-03
5.388791713047246662e-03
6.457405502108928483e-03
7.478974339921088885e-03
2.010263131256198165e-03
1.321782387945588709e-03
6.653095619682480172e-03
7.065805316304884717e-03
4.089571892037464906e-03
9.975415608492858594e-04
1.905339590491904756e-03
2.636337129547787744e-03
2.193268834721799013e-03
3.289936791087393324e-03
3.458269923064797701e-03
3.774163399616468906e-03
2.279370979595284410e-03
5.194298695102255239e-03
1.738548778106342946e-03
1.649381670826886989e-03
5.463081671491593939e-03
7.716477569155348083e-03
2.532841400130044635e-03
2.966207919871370266e-03
5.278353039010984932e-03
5.545197661078538238e-03
2.016513000326230088e-03
2.606191466335978403e-03
1.870424216293686392e-03
1.209998231295371851e-03
4.099928189750058627e-03
7.944509988331844089e-03
3.601735713393381701e-03
1.915683189555481827e-03
4.346843576594677794e-03
5.435815929813796361e-03
5.452478618556129246e-03
5.624325262930438170e-03
3.938593307925634425e-03
1.533012422147098357e-03
9.238164321132270830e-04
1.351293589919394739e-03
3.248919311865242250e-03
5.422631509328481973e-03
1.396295663693658496e-03
7.463105374619335812e-03
2.860708452572547147e-03
6.028964015756075635e-03
3.240545687003736075e-03
6.075984818474217640e-03
3.965259790015480609e-03
5.711827331769417544e-03
7.375926497497728440e-03
5.518661803613076483e-03
7.679262189209069486e-03
7.815178327830893390e-03
1.229753501144877645e-03
1.487234720553579732e-03
8.864049962178797070e-04
3.408189381224446812e-03
2.023403559235929274e-03
1.953632041606619477e-03
7.669931968222460164e-03
1.218542687404524120e-03
5.088025038825834401e-03
4.876740508858622841e-03
2.811373038046476817e-03
8.009938619166646206e-03
1.968542565004529048e-03
5.724540725085401627e-03
2.098280860525008999e-03
5.746160947191462573e-03
5.871942025361425420e-03
5.384142404695126116e-03
3.678817335142306726e-03
1.647222827494413755e-03
1.216406142075825451e-03
1.437727270156871455e-03
5.890461833531567166e-03
2.018916255713538825e-03
5.639818135461414222e-03
1.842716387280324232e-03
7.710497019067625267e-03
5.978574280024507442e-03
4.495570435690858339e-03
5.091914222832332783e-03
2.690363201845188870e-03
5.197473906307014876e-03
4.674658244966095957e-03
3.270688594351627270e-03
6.110953124981973253e-03
5.988367678536163537e-03
2.193102234059966012e-03
2.973293150704196201e-03
4.591730589361701399e-03
4.654936620701223202e-03
4.142816571909115238e-03
1.841874135344472464e-03
2.428804196366968812e-03
8.367934191880363427e-04
5.651413086992561688e-03
1.183696808290084094e-03
5.158797358743473851e-03
6.768556679453268179e-03
2.144990399791167884e-03
2.995802371484610968e-03
2.228742912134387254e-03
3.960063269134769803e-03
3.610832868344324847e-03
5.828572800198500957e-03
2.498259008000081136e-03
1.834159417105969041e-03
9.861240793698807915e-04
1.633451849970845833e-03
5.866077559381114269e-03
4.307569233016811383e-03
3.399584567721826781e-03
1.383894403489149307e-03
1.152542665560556210e-03
1.905071669953844506e-03
4.647788427849553448e-03
2.419345939328469870e-03
1.757981986262972807e-03
7.464448171031321314e-03
1.360897858744691911e-03
1.331703332337896189e-03
3.501763195223188494e-03
1.055000249629908272e-03
1.164795533766566690e-03
3.557205306474681920e-03
5.997852354991003304e-03
5.616020260482545469e-03
7.389702973864351737e-03
5.002099916738670521e-03
3.413012330336666431e-03
3.797735973242730764e-03
9.609522982719492920e-04
1.807580167287564047e-03
8.019731936139270698e-04
3.733127744331554438e-03
4.562640512977138817e-03
7.789492865817971429e-03
2.742667108952244644e-03
3.459581850721473069e-03
2.603319473113209839e-03
2.296412256428712745e-03
2.550491346436345973e-03
2.170095236219595890e-03
4.445010012656389065e-03
2.046375839998622326e-03
4.479630605429018621e-03
5.901727465439072541e-03
1.823421813850374011e-03
4.335690364612435413e-03
3.114369827943787392e-03
4.858740620160300130e-03
5.732049974641565716e-03
2.009015837130823275e-03
5.499492767367061309e-03
5.196905550249917606e-03
4.697131007928251160e-03
5.269028773731222574e-03
1.590604101454283796e-03
8.595659734273714382e-04
2.041609601717482483e-03
2.371031915317945576e-03
6.873105237393021920e-03
5.089020093461276567e-03
1.452642234764094098e-03
1.649799291954732929e-03
7.510910907562292661e-03
5.572737391617152251e-03
1.621339819219778889e-03
1.924922684924152468e-03
6.531037389401577777e-03
1.745906400270035193e-03
4.430417281028689765e-03
2.642316126801973891e-03
1.510681480496538220e-03
2.890136863591186156e-03
6.299152197671698157e-03
5.872327865178150579e-03
1.501120290940731895e-03
9.725257604214052227e-04
1.977475710807678581e-03
5.455204960686702020e-03
1.827239269522290370e-03
1.598502005015278683e-03
5.653527082471877623e-03
9.783534963845031112e-04
5.145968452241849768e-03
3.281021537873074056e-03
5.965593909753629139e-03
7.897871514546201538e-03
3.528760569959778735e-03
3.804833669687118346e-03
6.173410501792009689e-03
2.287022971558754988e-03
5.920483201896449901e-03
3.833599317265074056e-03
4.144810106124896705e-03
2.536886144432662794e-03
5.894987962130745704e-03
2.068015422702369072e-03
1.591419743592326769e-03
3.629802068122848190e-03
4.852659971062664793e-03
6.582685379779991755e-03
4.803911604327949780e-03
1.503227924765574222e-03
3.457600353367510943e-03
4.678096280488869621e-03
6.193198203151640061e-03
4.569712230439295329e-03
2.252873714814296151e-03
4.386644782218208048e-03
5.053161636544405318e-03
4.754088868568460274e-03
5.892549984519695333e-03
6.029186922957453267e-03
5.413586289136349157e-03
2.165726227381170078e-03
2.012029001264067224e-03
4.261159537259992178e-03
2.165493473691156284e-03
1.199765582248748987e-03
1.670819973831114092e-03
1.217194428138141261e-03
1.066400109092448083e-03
2.125375875006005680e-03
4.813524715861096544e-03
2.108907604964847457e-03
6.528074080735777468e-03
3.113210445058971817e-03
2.537504675273004936e-03
2.506788457696080934e-03
6.865510667813301202e-03
6.931443282755947802e-03
4.785304665213898495e-03
1.661909136519279647e-03
2.398141263703303452e-03
7.675034759646670937e-03
3.874031833779659033e-03
2.117446178204925467e-03
1.848342325890326874e-03
1.391234246153674140e-03
3.652549567392018946e-03
4.649423985530223152e-03
5.486081907915886860e-03
4.444833320209034232e-03
3.586179334179682727e-03
1.482093154787151061e-03
1.638451275454984746e-03
1.455460627785970344e-03
4.891992295624951990e-03
5.143305671816152981e-03
5.131391107948517216e-03
3.838635068010983527e-03
5.579081133527750980e-03
3.302822740229794524e-03
3.938758342634128204e-03
4.789726696350917259e-03
2.421554512472819196e-03
3.545906928333729478e-03
1.678808586465883835e-03
3.779398793579631915e-03
3.058396917911646549e-03
3.464186939879902814e-03
3.697954943014338750e-03
2.310221472879179713e-03
5.155288326141969392e-03
1.348053575098900891e-03
5.715382856097160798e-03
8.424926068579008690e-04
7.020761636526410936e-03
6.147301154303093720e-03
5.998875530903967357e-03
1.125303871425132165e-03
6.257887522659827048e-03
8.433580634906313704e-04
8.068423874757370620e-03
6.178848611909876741e-03
5.830156612799419248e-03
8.643767475269292788e-04
6.332974804627806986e-03
7.242249421166679739e-03
4.672049742981816862e-03
1.237326695177219573e-03
6.987085393265150129e-03
1.031218694771149661e-03
3.339928580798330691e-03
6.997483685496764909e-03
1.454110937906650993e-03
2.463727659611103342e-03
9.345683432087889585e-04
6.065525282694926926e-03
7.077599458725930028e-03
4.914131995561851242e-03
2.102258363484691209e-03
8.421613198413384349e-04
6.599933020413785781e-03
5.115758866523759628e-03
1.850289033329799177e-03
1.444022476095779004e-03
1.090176318824691900e-03
3.586279383240939794e-03
4.902821920531120863e-03
2.364799550004497569e-03
9.842896781977908491e-04
3.892311064278736275e-03
6.790191625779765788e-03
2.157770179137396150e-03
5.367018348880732773e-03
1.251618235425700117e-03
2.215320151261559057e-03
3.507008848315677947e-03
8.288326681744771687e-04
4.033681775469859232e-03
2.466829106045233602e-03
6.460769216756219631e-03
1.225827043287672571e-03
4.211337428982528212e-03
3.929600305950596562e-03
4.115581632359077528e-03
2.349670103677703459e-03
8.395728539435629717e-03
9.987836962094193746e-04
2.219500698693999477e-03
2.004825081158397287e-03
5.777541788945839835e-03
6.115968066790110173e-03
3.651077293895191138e-03
5.737173370870299674e-03
6.102304151539506005e-03
5.774363395799587788e-03
1.366659592701154969e-03
2.196590804666157925e-03
1.805995926742673613e-03
2.141148903205815964e-03
1.164676329186684544e-03
1.383989455371119684e-03
1.680582114585070725e-03
2.076515311893054050e-03
6.003304858874292105e-03
1.736483488205925159e-03
1.830240716990364554e-03
1.201267964930657515e-03
4.418364038998407080e-03
8.500969865566761425e-04
2.684038984211109015e-03
5.360088707608023223e-03
4.504811524645848525e-03
2.303992284552849532e-03
6.196151940248843630e-03
8.576722132402087723e-04
1.776985149480675473e-03
1.125122091692365824e-03
6.171834985486440023e-03
1.336648118318338159e-03
3.592911854605046300e-03
2.581800776918340406e-03
7.628629229095258875e-03
8.871927772163845389e-04
8.252507550432336934e-04
4.204647492280843418e-03
4.120542278677846032e-03
8.671428957866992443e-03
2.665647069297157577e-03
6.659542419307729229e-03
4.826100764329257706e-03
3.346988724876813915e-03
3.988999304272792742e-03
5.891607770088563324e-03
1.627217792197900624e-03
1.825041387054805644e-03
1.263142363733973364e-03
5.411666678483259031e-03
5.577631761956439345e-03
6.051658825693164573e-03
6.090415959518194131e-03
6.096201587948196082e-03
2.500059451906905348e-03
3.513925394470611765e-03
2.528139100047619055e-03
6.812341150274906637e-03
1.051556231436240330e-03
5.800538982946351098e-03
3.697869135846775131e-03
1.344738354933966169e-03
2.849728385437765195e-03
2.256972824257673284e-03
6.357336502390109438e-03
6.250231832346232926e-03
1.877072091308450413e-03
1.927410937870929417e-03
1.827684877355829690e-03
6.298609444893798169e-03
2.965533328925845993e-03
7.249445343390352806e-03
3.606993627743865748e-03
4.694476163451917310e-03
1.961577909791010696e-03
2.351983036150148611e-03
1.840121775803139730e-03
6.988122770977664780e-03
5.069788709516469434e-03
4.367682148399638399e-03
5.290959290641382949e-03
5.742370390377009477e-03
2.002683068989894420e-03
2.528972927035618833e-03
1.151626644101676937e-03
1.456208228903729373e-03
6.208885080353048792e-03
5.918348679422921060e-03
9.403241504066057674e-04
1.025592151884819909e-03
6.883531812376933109e-03
7.488357987524292547e-03
5.660753001684904091e-03
5.207601017401533409e-03
7.251178140424884878e-03
1.146820929384159693e-03
8.825028972191816153e-04
2.890586870299321435e-03
5.894933377295430779e-03
2.650189406909252664e-03
5.209262783275103725e-03
1.829418803746916001e-03
4.498010878086540314e-03
5.121663551063553553e-03
2.054032308481809881e-03
1.621906753981612603e-03
5.654648905284931186e-03
6.386063715925151610e-03
4.591635625282987007e-03
7.191724801584423871e-03
5.753208537122599109e-03
1.425385330775949966e-03
4.669196505990983077e-03
2.345607174901943176e-03
4.849749337363454434e-03
5.065522666017676159e-03
5.816518427308992566e-03
2.030536350798168611e-03
1.909931709377226576e-03
2.216410122891837153e-03
9.337178804545773333e-04
5.690685880945725236e-03
2.942579432478332081e-03
9.869073059647474368e-04
1.142407370004847739e-03
1.250511825310038133e-03
3.861250524563473487e-03
7.379382663099320547e-03
5.718021670885967654e-03
8.761564470022498901e-04
4.213838769573269825e-03
2.488527005122886850e-03
6.341780154397820037e-03
5.890395729487964485e-03
2.193573946135960254e-03
1.365377274210386686e-03
3.773844072459968738e-03
1.791068646545435506e-03
9.747247451677853872e-04
4.446042540470851109e-03
5.537656585530541763e-03
4.454683177654514444e-03
1.889737028762556847e-03
2.351463669314944431e-03
3.131857478293125201e-03
1.185925383603779167e-03
4.093906599392694787e-03
5.140573087503016829e-03
6.622334797445442699e-03
2.073432502279322354e-03
1.515465988141010334e-03
4.727448037354913847e-03
7.218425216981180087e-03
6.644304166510635323e-03
3.532280380530531620e-03
2.152930565172463465e-03
1.947372926004348019e-03
2.124785049769380586e-03
4.881632714979713787e-03
1.414239436788976810e-03
5.629541427547627569e-03
2.511954067003965146e-03
1.328664076892252348e-03
5.170282056703436220e-03
5.604972650877601548e-03
1.300022926841646253e-03
9.691212501668417575e-04
6.307387405745817389e-03
1.824564686329735756e-03
1.912300854581196847e-03
1.436040853937267875e-03
1.036087659563582125e-03
5.325881886201579325e-03
1.615791386912204201e-03
2.270193271389949786e-03
7.642816349132295316e-03
6.253938895464000378e-03
5.455225049517528277e-03
3.905572631792572635e-03
3.124377620985083464e-03
1.003164746189479746e-03
9.296633957579282254e-04
5.960372371919040943e-03
1.917909317642047624e-03
6.953094417588468953e-03
4.158033512435076358e-03
5.452136146014868387e-03
1.692920923949945301e-03
1.323882758948604450e-03
3.993512080404383081e-03
2.540958048524406127e-03
3.813110581039080328e-03
2.297996380759771001e-03
6.562199579576207670e-03
8.429733699869497226e-04
4.981887654515182451e-03
5.786085396370688715e-03
4.207606380303187399e-03
3.863643766465923654e-03
1.853028085371662701e-03
4.391020613692930494e-03
1.347613774167924321e-03
1.397394324516452926e-03
6.159595151991358215e-03
9.904670198829627643e-04
2.921752163797463556e-03
4.664349184138349459e-03
2.489641893800483615e-03
6.103102487857580728e-03
3.631657460855683417e-03
3.024398617729579051e-03
2.179225407467907417e-03
1.006089625408966527e-03
2.344057201391505120e-03
2.215859518206541191e-03
2.280811076650366385e-03
1.041648156628298275e-03
1.080397248848116460e-03
2.383703295064325007e-03
1.744198339316099062e-03
1.561855522896058932e-03
1.745289108326959293e-03
4.210021220433105352e-03
7.640529834089385304e-03
9.431497072262283237e-04
1.551241434203569445e-03
3.785591373089452604e-03
6.292537513632911333e-03
2.689055034405993336e-03
1.903996596390949026e-03
1.417261441442915814e-03
6.216501180293415758e-03
4.217244553763278489e-03
1.797093814328227937e-03
5.608176016377160351e-03
5.674223579377531135e-03
5.808964762704008251e-03
5.892201977244116047e-03
1.544904936043113184e-03
4.351938894071118863e-03
1.018974365050455541e-03
4.304253298230574856e-03
3.144674765058030029e-03
7.737671976613734112e-03
3.409658740243622782e-03
2.634520169342620226e-03
2.454504017807593655e-03
4.398977703850025234e-03
4.398659027138366283e-03
1.639386662447336841e-03
7.292238053262079141e-03
1.138816970644468624e-03
9.118961079422476272e-04
2.663369946407535740e-03
2.454022350410907036e-03
1.375787401509838675e-03
6.031624027940918863e-03
1.585758022769342013e-03
1.022261768693278087e-03
4.523489534134465286e-03
9.988362554022823473e-04
5.312202541749648857e-03
5.117139414281938331e-03
5.725701490358716013e-03
4.960296835459155305e-03
6.117554209926126703e-03
7.079824258821663073e-03
5.929859882762497647e-03
4.437970991473646522e-03
4.770334968071407097e-03
4.264916469709176608e-03
1.080926874871741524e-03
1.349494561816932297e-03
7.666401978514991028e-03
2.264560890619390400e-03
1.686667442358939827e-03
6.664488997889772212e-03
4.104979574293436510e-03
1.199000071879527266e-03
5.432975098812703289e-03
1.678394360867463452e-03
9.154493428762546610e-04
6.017047510361657643e-03
4.568411749871591557e-03
5.519648389912572110e-03
2.032335477046428099e-03
2.230592202068816098e-03
1.016763326194079515e-03
1.959167191991865922e-03
3.535008026132316870e-03
6.190077624600069141e-03
2.484450415580774247e-03
1.091802020091880423e-03
1.044794713611884793e-03
4.105312994662566571e-03
2.593782639258573365e-03
6.107287598890493059e-03
1.370500128980349811e-03
6.087123980018731804e-03
1.970850242739191713e-03
2.071961795817945599e-03
3.608795282522649951e-03
2.801894345321931726e-03
8.298380872361762420e-04
7.595382941733025244e-03
5.277147958018313378e-03
9.254579549743908789e-04
3.813041436023164275e-03
6.045103343576075164e-03
2.402938622440467086e-03
5.575028712800151470e-03
1.079351804420491901e-03
4.300296510859471372e-03
4.689663048244203068e-03
2.185151708250529599e-03
4.127513793825180258e-03
5.071835402216198947e-03
4.977052844683804711e-03
1.680917443224908252e-03
4.816547384235795974e-03
5.599624310861776519e-03
2.085708518353662864e-03
3.757707747877295570e-03
4.645445649757862748e-03
1.833084059223146151e-03
9.515795430675291072e-03
6.007314707261674283e-03
9.028149900638831379e-04
6.091942630440062498e-03
6.614672588801681283e-03
4.193245562289532602e-03
6.641170848670434335e-03
4.138482047315384001e-03
9.671650274854753492e-04
5.204405803281782726e-03
5.947020426566763593e-03
7.030213827257818238e-03
2.271863619648693735e-03
9.275647539868749677e-04
1.327383070323523385e-03
9.670363130081263648e-04
4.493826421832526619e-03
1.320590229726015079e-03
5.473263557831554299e-03
4.801719721167143663e-03
1.756283330541947305e-03
6.551826801162215740e-03
9.868508024761459170e-04
3.620776028340794150e-03
4.330943638408941455e-03
8.142589748873466267e-04
2.986483918211470679e-03
6.045864991150157360e-03
3.765894678133736330e-03
5.840951438816940726e-03
5.708879034018585728e-03
1.659347488744919137e-03
6.626662430874802161e-03
9.360111079287115887e-04
6.336154545835699647e-03
7.423488721343090083e-03
5.709870121499639913e-03
1.384443003883500251e-03
4.833950877746584669e-03
3.232451377581278210e-03
4.607181471081096130e-03
8.855843581151225411e-04
3.329889955772318000e-03
6.603616928809783078e-03
4.873355508091446742e-03
5.802310661474545904e-03
1.733271561243186678e-03
5.540691501032802418e-03
2.504467654416958795e-03
4.244341484572347958e-03
3.235262154824214247e-03
1.162507549806798737e-03
5.351661699362606633e-03
8.435269663712302579e-04
9.694737403139926102e-04
7.181977215014824500e-03
9.591233973917701917e-04
5.955994080692660932e-03
1.265813734671643797e-03
5.204296718438989472e-03
1.563804618486377583e-03
6.914160482746102565e-03
4.787205511483979409e-03
2.450784055251985834e-03
4.176769951466006124e-03
2.799677280907187250e-03
1.025855685872675708e-03
5.725060772684674622e-03
7.529719245416369991e-04
6.600195256606575939e-03
4.690043068722896807e-03
1.981966817023494368e-03
5.524806138970011007e-03
5.253690301664784394e-03
1.011830314580951153e-03
1.524790263102933580e-03
7.945576387273875496e-03
1.493885755028734113e-03
1.744170288190602424e-03
6.289046938584943666e-03
5.735752340688279882e-03
2.221593047263359030e-03
1.761061724086553266e-03
2.680757122053544113e-03
3.318239127550037543e-03
1.907370901956101416e-03
4.096312993818282400e-03
6.296926855333916107e-03
2.679556584412673241e-03
1.925544230282565106e-03
4.836703022360206057e-03
1.687637018799172149e-03
1.244168727952356087e-03
2.704850517115126290e-03
3.411170950023224412e-03
4.506644232304489635e-03
1.390960364519225898e-03
5.054824917557007233e-03
2.138374486553627427e-03
4.466477442707974393e-03
5.905205452370708777e-03
1.124642854697569362e-03
1.263042877420092122e-03
7.521255283170406522e-03
4.377440825744411020e-03
5.918246349437447131e-03
1.123787603963118673e-03
3.839526184890660731e-03
8.405701904683725301e-04
5.162439908556464875e-03
5.991655715398180176e-03
1.860721582473748997e-03
6.576892660820969107e-03
5.301834913305578795e-03
1.469725754743671058e-03
1.058733344072196846e-02
1.550955177549379624e-03
2.460871836190771898e-03
5.298464617397390282e-03
5.871462878514721942e-03
5.304406892256397464e-03
3.521032728950258990e-03
1.144266942039561061e-03
2.907202966255154238e-03
5.883380679482790032e-03
5.375374929833186613e-03
5.441233884572660093e-03
6.887824485458956744e-03
1.875019419328008419e-03
2.369847657477898526e-03
7.135668139738304654e-03
1.573771740724734872e-03
3.347577235437798181e-03
2.253397724799963402e-03
6.751544274188440997e-03
9.853065674702260034e-04
5.222202314498070388e-03
6.220810698292222884e-03
2.319061347865264671e-03
1.711069250771891925e-03
4.739947405037849178e-03
6.112907138629641510e-03
8.980603701923388100e-04
1.576922718392134975e-03
8.539831493933819958e-04
2.041760910436496695e-03
2.092977359630713002e-03
6.526253858049346074e-03
5.373210431890952481e-03
3.909724167972338134e-03
1.897015189899403220e-03
5.612215390741603395e-03
4.449587707570978011e-03
4.418609598105539479e-03
1.034202292323881806e-03
2.461483259067651867e-03
3.985658793778384598e-03
1.186708709657609230e-03
1.292276755598616416e-03
3.580699508106984993e-03
5.378651761036372728e-03
2.876502784592451303e-03
7.063709017805711379e-03
4.885633468729002130e-03
2.247083274572548271e-03
4.706963163685877992e-03
3.209181843518766307e-03
7.018142265194672429e-03
1.795543695280944936e-03
2.901388962707644476e-03
4.119351810121243788e-03
7.726391247786497038e-03
6.581849678821613363e-03
1.001313867895022979e-03
1.337511017854897243e-03
5.763684296223662608e-03
2.575835247985613224e-03
8.612702706347928139e-04
3.115020373025461677e-03
9.187864940545277526e-04
7.003489342763457269e-03
3.337062175452102947e-03
2.150408312181309803e-03
1.514394972429384699e-03
1.688605544173706020e-03
7.453057719051974991e-03
9.943444099743596696e-04
1.028468239801041484e-03
9.921521938952562389e-04
6.557453044431515304e-03
1.998117036665610427e-03
7.518927902935769458e-03
6.381110840462917745e-03
5.651514433730872242e-03
3.104842772187331457e-03
3.445059654553211861e-03
1.337420198469341844e-03
1.380001519754650834e-03
1.103905192966983615e-03
3.636914432000856300e-03
1.075972778577002258e-03
7.651216082115740169e-03
1.130495243907190042e-03
4.968142780812302012e-03
4.537408986616667424e-03
8.281642697905583234e-04
7.562784660336535798e-03
1.997565052884470865e-03
5.586290552239383395e-03
4.810487297134314992e-03
1.097995881717145740e-03
3.182394844012742356e-03
4.496735824226813505e-03
7.154124634144174225e-03
1.390813984898587891e-03
5.439448329156674512e-03
9.303130927799269654e-04
4.018898721687775427e-03
1.500273762230946214e-03
4.061372871408001906e-03
6.741372352571893371e-03
4.692777252907916370e-03
5.551498344308070099e-03
3.108990971625623986e-03
9.352619031792436905e-04
3.863687402877318509e-03
7.369479775897629960e-03
9.107106970065192465e-04
2.115158560517181510e-03
6.282458986887481771e-03
2.599665710812510116e-03
1.550688320532478317e-03
4.218032399003532502e-03
3.778823858993483279e-03
3.882985239537818656e-03
1.305001122496159561e-03
5.985035840441635217e-03
6.491317053480405788e-03
2.067517726945262285e-03
1.464886728495306710e-03
3.519464390615728057e-03
4.112744543427237880e-03
9.373648704956575369e-04
3.491738709722285155e-03
6.165004572400596509e-03
2.213777018263319782e-03
3.424089827464810165e-03
4.895397573216919360e-03
9.657761300177335629e-04
6.255280444744034350e-03
1.289211238364916306e-03
4.072448136070418168e-03
2.092586206439133595e-03
5.642113445903290669e-03
5.554409381637577178e-03
4.305858578551244320e-03
5.644242310482206620e-03
5.618448349629319265e-03
6.100466076943814736e-03
1.813864241646959705e-03
7.837118578501620428e-03
5.797800627227863053e-03
6.382153058354779127e-03
2.543828334535428587e-03
4.684894268243033032e-03
8.348030583559413456e-04
7.056603251532006862e-03
5.344307092635190715e-03
1.095376401003255026e-03
1.822199998448947259e-03
1.069722846836119404e-03
1.211712917954924518e-03
2.300196812303993612e-03
2.155742773660902691e-03
1.658445956433637295e-03
4.968084416492496956e-03
2.224358891989088559e-03
3.428327241698312950e-03
1.150460279776393960e-03
7.110840756379359535e-03
1.260232026460017356e-03
1.003197071073702856e-03
6.223161654989171031e-03
6.095711171939521833e-03
2.492568222014433007e-03
1.628009631391758244e-03
1.231267795296063679e-03
4.073783040772096728e-03
2.189205113336510806e-03
9.837767428950529910e-04
2.195092065580587452e-03
8.117664043836885423e-04
2.654549723360574969e-03
2.968357752486947779e-03
5.381046483761593724e-03
5.936363945633742374e-03
3.984182186668612166e-03
7.039450319827757208e-03
7.931581813517938825e-03
3.832272216389564102e-03
9.483248100982152439e-04
5.668534491835118885e-03
5.831013991689664756e-03
1.038929617589997873e-03
5.204601934067687452e-03
2.415328331571253966e-03
4.829363636012455087e-03
8.565147323067167371e-04
3.887658978682055969e-03
3.471397484817739538e-03
9.384684019139215511e-04
6.578550175912456326e-03
2.394070917008680240e-03
3.145100506388706207e-03
2.701397671345805683e-03
1.307784160100762278e-03
6.269710021697564271e-03
6.515498650734231033e-03
2.103971590829975275e-03
5.299096269612733716e-03
2.702916173937415338e-03
1.191887467395493167e-03
3.913709519432507014e-03
2.719862767048978561e-03
6.499154305899500217e-03
1.724802756297012752e-03
1.714205589660667195e-03
5.966475066756243492e-03
6.073189161695863834e-03
3.307708541633281544e-03
6.117795887245770434e-03
2.876917474591201077e-03
6.288236780895368333e-03
1.394423175994648646e-03
3.280729009902914450e-03
3.303302342586462818e-03
2.947747339804780795e-03
2.625609785821464426e-03
1.473310448105012325e-03
6.414130544998183393e-03
1.968861163697879172e-03
1.597570058408635330e-03
2.023466704039811933e-03
9.189315488257903709e-04
4.764025101529656935e-03
2.622145201831949796e-03
2.601820939898036485e-03
2.566404424104539676e-03
4.360902985559903487e-03
5.747693781463586449e-03
8.175646778861029446e-03
7.123411592563393818e-03
1.631232696039202875e-03
4.355692640838514616e-03
7.145172258036218242e-03
4.853859413159281391e-03
5.237495252164172353e-03
1.926087760225157069e-03
4.683499839674977808e-03
1.600690665372135960e-03
5.383834179209283366e-03
9.851321394957661751e-04
8.357681791493395398e-04
5.755102630747511300e-03
6.857520991209444146e-03
1.543689926211225770e-03
2.713255272974217369e-03
1.766782525808069338e-03
4.692624613229928916e-03
2.220138136176842778e-03
4.388949593690360390e-03
6.419517978425490386e-03
5.665500191945319411e-03
5.278479245739042813e-03
9.347044930878289914e-04
8.699538776605147093e-04
5.268493702968535773e-03
6.310238508988909312e-03
7.248024986572533350e-03
3.677186951612211596e-03
6.069380120224901302e-03
1.814896280600908698e-03
1.585623465630310548e-03
5.435405049412452352e-03
5.394283861067136580e-03
1.973983367484233916e-03
5.117289691120793099e-03
1.183752924425679389e-03
5.429894628506891710e-03
2.922861902402333102e-03
2.379573156283121271e-03
5.922925200257285472e-03
7.818749460388924738e-03
1.322865372651017574e-03
1.979371158912828811e-03
4.862934213843826507e-03
6.647350882483378694e-03
5.842682546702356212e-03
6.704625535026232167e-03
9.918632395955141647e-04
6.147667006547380582e-03
3.821060428570419425e-03
5.190176633606067257e-03
4.481943765762010611e-03
2.018222364106041829e-03
1.467323752447253788e-03
1.448743423977349922e-03
2.707110591932041562e-03
1.862783655837002127e-03
1.031014807828883667e-03
1.997879306184784706e-03
2.112721537762368186e-03
2.839899456837009523e-03
1.774726119599774003e-03
1.172515772491674419e-03
4.021376810924346887e-03
5.822854831681376249e-03
5.731297421939033840e-03
5.802052057713677838e-03
1.583858570132310557e-03
4.166037072729167345e-03
2.126446595365308855e-03
5.846049010042221258e-03
6.103950215696812322e-03
1.822904869308332107e-03
5.174320209484575134e-03
4.822638752005942511e-03
6.767688335312436673e-03
3.583866293214911340e-03
2.349439149303871391e-03
4.377851392977012354e-03
4.253467215411087764e-03
8.483335915834282377e-04
1.168677277030174102e-03
2.572710514950288328e-03
5.030923628333734514e-03
2.170130735074483203e-03
2.422143165098177182e-03
6.334645503207949127e-03
4.951469650372158048e-03
4.065370441661551523e-03
5.376979113206809859e-03
5.169402903605036306e-03
1.258415139827024449e-03
5.187702799502268841e-03
4.461643559229240552e-03
7.214805839398333309e-03
7.634532319470884940e-03
4.606418604175330569e-03
3.424565902479714732e-03
3.806932897142000297e-03
5.103854051802345082e-03
5.374055262650457784e-03
8.790305342464559309e-04
5.151177554498141686e-03
4.182409077170438222e-03
4.599691285162631725e-03
6.862047124127944493e-03
1.135323318988551867e-03
3.642523318297626912e-03
4.342896035187109906e-03
5.870613575723826472e-03
1.033591965707138976e-03
5.026429172354560104e-03
5.150439666165137521e-03
7.574608204625002741e-03
5.534875153332977256e-03
5.840141056675063162e-03
4.646495043856113671e-03
5.032784199383132616e-03
2.382208604867954577e-03
4.133384161027797363e-03
2.002794176401026614e-03
2.450153659666103479e-03
5.576073785737841945e-03
1.408544492396964637e-03
1.444380495907194965e-03
1.852856116917078397e-03
1.873489155948419643e-03
6.269828583277630048e-03
1.607756895775012441e-03
2.460156494904317849e-03
1.868446419383625002e-03
4.431261859634787539e-03
4.997683825237707322e-03
5.346469497787119211e-03
1.284441200624128086e-03
4.932009520831406868e-03
5.846699791539635392e-03
1.050416909362737652e-03
1.961054382163845977e-03
3.964404497258065818e-03
4.717315022930834885e-03
9.764825400654599972e-04
1.205709759245604659e-03
9.067887323375877677e-04
4.445873875128009481e-03
3.453002803435835811e-03
2.235800384322409861e-03
8.081575147818776880e-03
1.571701559786065809e-03
9.826665203603417165e-04
4.500776764661885629e-03
1.378118258078774505e-03
4.823662130009042856e-03
3.961978293417775000e-03
1.211381830504895197e-03
3.173303391258363530e-03
1.160897927733204856e-03
1.059018832856826586e-03
1.543837926664811235e-03
7.221080338457390967e-03
4.116192526359433758e-03
1.010676788019647864e-03
1.662714517902754135e-03
4.286840480538005316e-03
1.035701088025695439e-03
3.332071314227931687e-03
4.108576027927984646e-03
5.041800557793428561e-03
4.707345417974881201e-03
5.175133204519509998e-03
7.313142038866342343e-03
1.571580927282144238e-03
4.237005200596271649e-03
6.642132739576971090e-03
3.484908863711317414e-03
1.741149249908363313e-03
5.753432488101889800e-03
3.040631254715361453e-03
2.017769740012641862e-03
3.036432099278936567e-03
6.713009184189861096e-03
1.446343773587904780e-03
5.159058627374355811e-03
4.086870246569080517e-03
1.465264175408542702e-03
9.799691195464981571e-04
7.673974498039833406e-03
3.948320867230788872e-03
2.325783863124975676e-03
1.017440081232112280e-03
5.608945359912413837e-03
5.880716282423296797e-03
4.354384163009143716e-03
1.019650999803394355e-03
4.406496773011723406e-03
1.379016708867845551e-03
4.359260237660095814e-03
7.540082196410053186e-03
7.668459846960701959e-03
6.192195392205140057e-03
5.612702526634658420e-03
4.459638097517616522e-03
6.067761566005284816e-03
6.033029427052595192e-03
3.813699523397338313e-03
3.660321349495066368e-03
5.525112187401367420e-03
3.091430931464268610e-03
2.619273027818854512e-03
1.423561047688369800e-03
1.206259174092121468e-03
2.027237489837095674e-03
2.605664063444193199e-03
4.926593306189817369e-03
3.952584161989773463e-03
2.528768185064461400e-03
2.414905151933553588e-03
1.040376403078837643e-03
4.965459429298216092e-03
5.178697799462332607e-03
3.135413925848174691e-03
4.319275163488400793e-03
5.994391585930860210e-03
1.288126079315357348e-03
4.265715625778226765e-03
1.191082024118942295e-03
2.530643996650300872e-03
5.487190548500575984e-03
7.170377521317423605e-03
5.938079044182277381e-03
6.075358245315083672e-03
2.327244866672137282e-03
5.671616305151907199e-03
5.468207215426667059e-03
5.768980377168470876e-03
9.179452809841183317e-04
1.997063126457675371e-03
6.012524519036342545e-03
1.251904499972581646e-03
9.931583485534613287e-04
4.496521514995016969e-03
1.308254289625071769e-03
1.523671054806670583e-03
5.107262058559393011e-03
6.965616557557897416e-03
2.505814859252845396e-03
9.571520668900673377e-04
1.337383134633353008e-03
5.996881021444224781e-03
6.053524050591538135e-03
1.038350297334842028e-03
1.012725470019151981e-03
9.521044910799467305e-04
5.900326066506247566e-03
5.664249036534969167e-03
2.153694211495504104e-03
2.019032026355453875e-03
1.447351771554194382e-03
4.860216631265478794e-03
3.989959099761635972e-03
9.022581247360852508e-04
1.092934906218937831e-03
1.202499199154940471e-03
6.806873138092323777e-03
2.296146371599659675e-03
8.602103250692067198e-04
9.667543635944395031e-04
6.383596785768080005e-03
2.855687166945504712e-03
2.963986534236766855e-03
1.711254481221971720e-03
6.388561574420065399e-03
1.243186735478091914e-03
9.324701031809114280e-04
2.096592463330449949e-03
7.710754140923981037e-03
2.163080934342422393e-03
1.645502270390377048e-03
8.814142677375473708e-04
7.664099209811375477e-03
3.908610360086805721e-03
1.591921140984120476e-03
5.573617505177065438e-03
4.137018632714637746e-03
5.807108985714242930e-03
5.842999386243939372e-03
6.282760693244614572e-03
4.455141589467379558e-03
8.794998380556226774e-04
6.290392612454227643e-03
3.751972313828802474e-03
6.958272762107548665e-03
6.069554116355965236e-03
1.437560762975777446e-03
8.831480491795981602e-04
4.375281239499806234e-03
1.041794180100592826e-03
1.212299599906766423e-03
4.713520201719615527e-03
6.126558061473951627e-03
6.528046487432904825e-03
5.611518613551406097e-03
9.914717914635861381e-04
1.065261287685794530e-03
1.426078526195672215e-03
5.657101466873653769e-03
3.264208338468644818e-03
6.393643110732541261e-03
3.844851166102195190e-03
1.603771799163769161e-03
9.045957644260186952e-04
8.013920242065791788e-04
2.316880097799571721e-03
3.972022129237813559e-03
2.734099540773313967e-03
6.025885895256453094e-03
6.998857484889059281e-03
4.502679362542512387e-03
3.070726075285918309e-03
4.283890687791711005e-03
2.134279018331226505e-03
5.787461319820762576e-03
8.614276743735304383e-04
6.824189239775985127e-03
4.019645376785090617e-03
6.502528150177138561e-03
1.689975046351062556e-03
8.356077239296058612e-04
2.233627595190831264e-03
1.099809818975896634e-03
5.512686079819445473e-03
1.948275598150435396e-03
5.257027075230796473e-03
5.878548889558730429e-03
9.542590331415689697e-04
5.217032151563317371e-03
1.295730507407905118e-03
6.395343736820460930e-03
1.453191057324219318e-03
1.077272137306546120e-03
1.118587215843456053e-03
5.401455500213502015e-03
2.953957366776410135e-03
1.816508444848648684e-03
9.177762432093702081e-04
2.357684724881542460e-03
2.948367337084655242e-03
2.756072811230975226e-03
6.627005414821874815e-03
3.882713954458479142e-03
1.128088367133816368e-03
2.738764950426135665e-03
8.314259522801060098e-04
2.421536810235753231e-03
3.267518882376887774e-03
4.387839456098756134e-03
4.378567851558151126e-03
1.014657998219198028e-03
3.486975422649250464e-03
5.662897074237527653e-03
5.989812387522592749e-03
5.298437876811759074e-03
4.266145284257017063e-03
4.224176974930313189e-03
3.741041273681364535e-03
1.973481961079491618e-03
8.316020929560226241e-04
2.305578678531212521e-03
5.060801160922674680e-03
4.828488753320488158e-03
9.205267119502274662e-04
2.123285137709588020e-03
3.414725408683523620e-03
2.197146420856795242e-03
5.146024839330350792e-03
2.485848936293493829e-03
4.413446560808474868e-03
6.307215128918331436e-03
4.478361852268247442e-03
1.044363389444357597e-03
4.164963232921642736e-03
7.682720687504694321e-03
1.075502500663111111e-03
2.029540228263188115e-03
1.978954945376163420e-03
1.849787885419555038e-03
5.574355229725444852e-03
2.968444274707654398e-03
5.782767227882025171e-03
2.057128202089970274e-03
8.213735553828496521e-04
6.596070133094230833e-03
3.099763782445381661e-03
6.517256716616648751e-03
7.781494404378758688e-03
3.844806206212286488e-03
9.211664363576069041e-04
5.395077251556889761e-03
2.065426001209566716e-03
4.719684204417026741e-03
3.120486354890372304e-03
1.851740767048558074e-03
9.081320405109661893e-04
7.143102718412577823e-03
2.022482204532507176e-03
3.902252736815088694e-03
5.581462089057747863e-03
5.114477946741726767e-03
4.196594491137756872e-03
7.094486288752263961e-03
1.885150429737778065e-03
7.513258226504754278e-03
2.747033332985266817e-03
1.148985656849178718e-03
1.882102566799464648e-03
3.158690892728925961e-03
2.109210866332598792e-03
6.322340569757405396e-03
1.702138442174504435e-03
4.262700847866359062e-03
2.332403814099633446e-03
1.268458677592693195e-03
4.656072746452469963e-03
2.247160874431718223e-03
7.603812070268406269e-03
5.709438097457055286e-03
2.426305988637729102e-03
1.848368220458687303e-03
6.052141800930901927e-03
6.565611483225101269e-03
4.349671218366650549e-03
5.429443395979181679e-03
2.698640987439033731e-03
1.047662467460913063e-03
2.071541763606429051e-03
9.249085219119458461e-04
4.842155762330274324e-03
7.143513411693704074e-03
6.389698071480489142e-03
2.133027861258095237e-03
6.784169765839343814e-03
1.886007823494594872e-03
1.757610847079028177e-03
3.776034139694363877e-03
1.627809569842391182e-03
4.860472051274525654e-03
4.642306254966324652e-03
1.568628218847586400e-03
7.182897954494347863e-03
6.842676877646250606e-03
2.420420392269070041e-03
6.175468729161527962e-03
4.450722874539601165e-03
5.731085335089030654e-03
6.020790855490970421e-03
2.094091927203247088e-03
5.703362903716782846e-03
2.320486863078925245e-03
1.848528079786176904e-03
4.239696553757800294e-03
2.454168545998420582e-03
2.527149715234346811e-03
5.435556684696636436e-03
6.637424824690059573e-03
1.885689849508685257e-03
2.182581244462006038e-03
6.528530030764706157e-03
7.686748804561091553e-03
4.077607208239614374e-03
3.673458454062309992e-03
4.715477133534378036e-03
4.535886727746013883e-03
4.131846964038056631e-03
8.576705445860028591e-04
5.761737659509729229e-03
5.031682472124876515e-03
5.395461200838773397e-03
4.108572795947981575e-03
1.128512783109280899e-03
2.367251669793086349e-03
7.469414334708096050e-03
1.122443390176847090e-03
3.530692498692545363e-03
3.763233360397867742e-03
4.944623583529708481e-03
6.896772910750270137e-03
3.090605586077121471e-03
1.224924371318939637e-03
9.310990222275883788e-04
4.967171068670546072e-03
2.802687355252679591e-03
3.743241303047791738e-03
3.593446614578053519e-03
6.894380269932513274e-03
1.860572779600029071e-03
7.292461761600831961e-03
4.738814024147488743e-03
6.255277048018728810e-03
1.421084483667130194e-03
3.344085807777568038e-03
6.206233721925099797e-03
3.034792616460431011e-03
1.754970902682795059e-03
8.412180420344889760e-04
6.287688468877364496e-03
4.771144986624542214e-03
3.355307204556966065e-03
8.277833721714482947e-04
3.957279234700711301e-03
2.097760493708276247e-03
8.328290775219456682e-04
2.424421402183081064e-03
4.982874873703872255e-03
7.516704687649843238e-03
4.396753659654398586e-03
2.586738589899447750e-03
7.013283813844997834e-03
4.512849817192771985e-03
6.355627579208006188e-03
1.397493170684476621e-03
6.281498059414179248e-03
5.232523818567341722e-03
1.769251110988416271e-03
5.789441481562663215e-03
4.094317603011027491e-03
4.785838901335517231e-03
9.079377467323486352e-04
4.407898478833620695e-03
7.486300637820964866e-03
1.919915878857188967e-03
5.561660152075035245e-03
5.788778476270779391e-03
6.001284307431619183e-03
5.469416253449705181e-03
1.287120143886213812e-03
5.097929009361425873e-03
