1.179665998186730635e-03
9.439367838588995927e-04
3.868017527189682604e-03
6.355271680318260938e-03
7.219265331843277567e-03
2.335043113104230163e-03
1.025386594582102613e-03
7.717647662667214727e-03
1.106448087776393252e-03
5.363020651776770169e-03
1.830382769000014247e-03
6.054035837688157701e-03
4.378758577353487891e-03
1.971748036198462360e-03
5.787358812789510434e-03
2.320767599395208436e-03
3.679362897039208796e-03
5.945075150273326087e-03
3.668209347370119180e-03
6.744762140959011457e-03
2.212412779677432832e-03
2.621017784863661267e-03
1.283528981873581064e-03
1.288858833992436673e-03
8.514683729355433141e-04
8.207760878345159768e-04
8.621852279500275733e-04
6.966801875494177052e-03
5.235901389507242702e-03
6.602088166104977743e-03
5.806633339853162386e-03
6.289649858377646327e-03
3.233136465949789339e-03
7.107009347597372829e-03
2.136129344262674423e-03
1.222978884072766816e-03
1.237213129685231982e-03
1.096968968028051413e-03
1.266655663721212100e-03
2.012135896016088547e-03
7.816580243915146817e-03
9.425314535083684784e-04
6.203534065117984053e-03
6.065521558021769351e-03
2.239139885792383686e-03
2.458086903818484416e-03
4.716731318024513023e-03
1.573939704299078587e-03
1.821291298748750620e-03
2.403997937339227668e-03
2.238553109190649908e-03
7.680755434867124996e-03
5.819693166868544938e-03
1.398769547536798680e-03
1.734800231703679130e-03
2.674339012913602015e-03
4.668479565107900263e-03
1.194404216541954762e-03
4.922702365680636967e-03
5.468807567482952131e-03
1.392734247106533658e-03
4.970458719754198597e-03
4.117772760697083895e-03
9.324703090103813241e-04
7.222868526856410405e-03
9.496290429093390707e-04
4.299992681032445592e-03
4.601556398311471181e-03
1.052078045494568093e-03
9.471422963522025361e-04
5.353786097782133220e-03
2.156726559488250736e-03
1.547786064801065552e-03
2.286026261568235417e-03
2.528785213364378223e-03
4.828848237236485832e-03
2.348708530978741143e-03
9.073055240969562238e-04
7.194416094653135509e-03
6.110820475279690051e-03
2.523417568595602480e-03
5.219908725668920453e-03
4.681498581049170667e-03
1.049433476146859794e-03
5.366169051691659260e-03
1.483104884687308500e-03
5.991080153531425610e-03
5.090760432660976220e-03
3.661835648918176575e-03
8.227844478137672033e-04
4.701501123465149853e-03
3.546054772316173560e-03
3.583425686896304484e-03
2.153711680271549588e-03
5.048573918442950809e-03
6.631266060275340518e-03
1.349993299984614476e-03
7.434107575056306955e-03
4.123745461416238392e-03
4.778585226319533551e-03
2.849555642134335865e-03
7.446301085886669092e-03
5.034821815464901422e-03
1.724871267148487793e-03
2.162714787981177313e-03
1.989089421144390937e-03
5.092327588569645069e-03
5.643819422630647065e-03
2.273530957888341732e-03
1.940423495762477659e-03
1.579423937755350523e-03
9.762265766652644368e-04
3.238786821474556356e-03
1.685840860643783318e-03
1.995770630270865889e-03
4.828009847644735945e-03
1.418437247286828424e-03
4.932258286192089253e-03
4.064247010078005269e-03
8.364490085834009854e-04
3.921511494420797626e-03
1.255128164129770425e-03
1.494806490203229787e-03
1.086631491646009289e-03
3.976871692340545883e-03
6.925528727180554726e-03
1.909038773598535545e-03
7.652083319224312410e-03
4.395708399959352003e-03
1.198336084169429388e-03
5.376949050040530538e-03
6.059265187035168913e-03
3.476423465216791058e-03
2.370205292170345437e-03
2.446566683839308375e-03
2.638298409449483291e-03
1.278602043391863230e-03
1.898327219560927599e-03
6.773079095732059858e-03
2.096127122993710849e-03
1.905232912717644495e-03
5.052477488026722863e-03
2.254569563933060510e-03
3.889650220094748555e-03
3.044921718255227342e-03
2.358651763950608306e-03
1.081610057201636650e-03
1.270805734999073174e-03
1.488975424786029289e-03
6.438978709371362581e-03
6.757495161652975375e-03
1.172553370150448710e-03
3.064066387394805743e-03
8.652829936939113219e-04
5.558319320998404006e-03
9.773619205264301966e-04
3.745463166728854772e-03
2.421574507674155875e-03
8.553393065296365167e-04
4.572976888848884550e-03
8.988075620237275269e-04
5.116224043497837222e-03
3.768856364647583078e-03
1.659781325185716175e-03
3.652472879662312967e-03
3.305913511348649789e-03
8.300033759204888039e-04
5.021587415649021377e-03
6.834039804373681463e-03
5.102228068053163250e-03
1.950663803493609587e-03
2.053997332419750261e-03
5.977142838856904471e-03
4.234846902966690578e-03
2.419672019041330460e-03
2.419155610137850923e-03
1.161914253251674191e-03
6.203223525656281420e-03
5.371215106535528160e-03
4.349266919260166321e-03
6.378148101323222532e-03
5.691971146172673454e-03
6.458192621738556224e-03
1.978374988372623520e-03
4.200168764914461415e-03
6.235038688109630078e-03
5.010247483166513534e-03
1.842636677631253554e-03
2.608844781052277895e-03
6.239938657600567311e-03
4.843222777198298232e-03
1.833044122193995410e-03
8.129278367800838812e-04
5.378455862380134185e-03
5.510074461954954546e-03
6.309519815242226569e-03
2.007703049003734235e-03
2.073872251484346410e-03
1.528061607232339544e-03
3.377627926056384587e-03
4.763786215011493741e-03
1.159911755042931404e-03
5.471546565743902989e-03
5.698741525791932785e-03
3.498625824781744203e-03
3.888980438263695515e-03
4.505466339469688976e-03
4.552990589003455199e-03
7.084267150211370247e-03
4.851324142632671907e-03
3.580633499944804038e-03
2.065525093831334976e-03
5.104641002679701119e-03
4.629460632782244310e-03
1.584739345872342208e-03
4.532018614879188001e-03
2.459442718612753556e-03
2.084987086878170841e-03
7.405138248072478703e-03
1.176111127352931452e-03
5.319878825750954700e-03
7.584451073011594900e-03
3.509370683172281270e-03
6.611105525200393525e-03
2.518850425827975307e-03
5.188463447190610860e-03
6.113504431887540995e-03
5.457150283415696315e-03
9.358801700140775143e-04
4.890556257240902954e-03
4.991508255240757752e-03
5.121482109232715005e-03
5.515423927961455274e-03
4.121428268797951676e-03
6.319708773547728746e-03
6.102369952647335866e-03
5.360293071812352421e-03
5.253862616813031843e-03
1.108773839915845388e-03
5.629503215517786020e-03
9.287695868237000633e-04
4.361323966361089523e-03
2.368656627947551829e-03
3.524795905777535279e-03
1.435650277409398698e-02
3.911430170704158736e-03
3.510826322353298445e-03
5.578745750764721630e-03
5.340163746869768489e-03
5.474876619324693140e-03
2.577823404487551012e-03
6.305804599924345367e-03
5.359935308452442974e-03
8.425430525604716680e-04
2.049885334029903118e-03
1.056174937004938919e-03
3.221369001164456087e-03
2.130232450545990405e-03
2.539130668993324399e-03
6.190524698727510947e-03
1.492954307300613671e-03
1.059693843648663956e-03
1.548800168798235722e-03
4.755224642385235886e-03
6.383502663959298232e-03
4.041850590155283626e-03
1.673303037112100619e-03
4.316566625511012757e-03
1.076707618896478435e-03
6.262340472905977319e-03
4.525067036306731731e-03
3.888420333889894536e-03
3.135276791667560708e-03
9.009646779043445049e-04
1.185323179462580059e-03
6.245322156882536675e-03
2.421139780486275973e-03
1.075397233656496133e-03
2.493861732891493582e-03
1.169470304913297230e-03
7.777801765502905841e-03
8.946914856407209727e-04
4.723184257593335614e-03
6.010002202704852435e-03
5.312580387910578565e-03
5.502005579306830721e-03
5.835399170665928233e-03
3.562871580773967987e-03
5.021192279290793460e-03
4.142831024664461043e-03
6.974182524448158289e-03
5.911938495755260890e-03
1.025111043523312332e-03
2.310272698568885397e-03
5.940928370060889752e-03
6.148984849233958029e-03
3.794439135174747409e-03
2.556374274970009582e-03
3.663409084013121830e-03
2.460048867671450149e-03
2.296463329474127991e-03
1.883415595889593791e-03
5.413238211533471199e-03
4.768212677990872617e-03
1.669607918864291331e-03
6.607361221482202333e-03
4.006312999365929141e-03
4.138264370570337441e-03
4.608519414967903079e-03
5.666627105888732280e-03
1.891649031171299721e-03
7.062316540310748306e-03
9.526419284435905114e-04
4.983311834941646888e-03
4.384784730054075430e-03
5.483599737108935980e-03
6.075988985211775925e-03
1.195960306683749612e-03
1.112967085636828220e-03
6.361735428870507122e-03
4.762975401378829500e-03
5.405837929913769394e-03
5.396575210155172588e-03
6.370879374922457962e-03
5.361110542375758549e-03
2.172012713415416227e-03
1.166843477307095414e-03
1.931609966894739551e-03
2.085567769954745770e-03
1.640647662959044935e-03
6.656310524102600212e-03
2.284755998211292563e-03
3.883481267098047498e-03
9.189658970710256388e-04
2.222157326571811038e-03
6.594563213302327524e-03
1.853544899214052983e-03
5.270399228960435077e-03
4.544837915737639719e-03
2.589808594420891282e-03
5.266960861831318334e-03
3.515268595386089601e-03
5.790668812701848210e-03
1.748706301351877308e-03
1.847178764489822243e-03
2.852210490456274540e-03
5.553583462130706055e-03
6.021920622953431945e-03
4.392238626430070708e-03
2.165097731164012957e-03
2.763897743860806253e-03
3.731364030830954578e-03
4.373207972263672833e-03
5.733447851461068341e-03
5.059431181569699898e-03
1.156271083332191790e-03
1.384719314971571795e-03
3.922604960170912071e-03
6.029671014033527281e-03
3.905698658691263842e-03
3.698960288305863393e-03
4.947957282168252528e-03
5.370758271096824459e-03
2.996958549909304811e-03
4.331206448443242381e-03
1.933658903932175196e-03
6.864560337875864893e-03
1.025253378259220229e-03
1.863332517263682720e-03
4.185515295373787824e-03
1.974609834366074061e-03
2.085374159263117966e-03
1.175098643149924014e-03
7.089770830722972629e-03
5.784354456087065915e-03
4.775021099820584043e-03
8.991921027635098795e-04
7.746569045749419902e-03
5.767550914248828313e-03
6.240912453081207470e-03
2.147205146406055802e-03
4.693578143925102204e-03
6.968587523922623213e-03
2.648803839142833266e-03
2.248177688270010938e-03
4.720972617982776426e-03
2.449167452275962265e-03
3.124361632758299295e-03
6.063749438998473212e-03
1.847575076974434594e-03
2.161656358053601172e-03
4.891140851612013965e-03
9.988116569446185526e-04
1.979956478627100357e-03
5.815319184984449850e-03
1.896825004472611287e-03
7.155571152665915827e-03
1.728772886507209602e-03
3.848034024137361991e-03
7.097048823704925347e-03
7.419278138173076784e-03
4.179553943087731087e-03
2.592254131614988438e-03
1.015890551695465332e-03
3.619361965425134994e-03
2.317711588773166582e-03
5.519259945226107772e-03
7.793530195523056849e-03
3.797394620490742497e-03
1.843035732148296229e-03
9.592590829593478780e-03
5.812265349430511055e-03
5.601384922258234242e-03
3.650713117013953089e-03
2.252175284540675667e-03
2.414707363937743968e-03
1.169134789581059448e-03
1.006715560108005806e-03
5.705692242434987939e-03
6.837249688943968819e-03
5.097411827725118090e-03
5.617684160796083438e-03
5.274028727461937092e-03
6.058345998024917620e-03
4.654522053050320560e-03
1.296183944092906297e-03
9.851914684365662908e-04
4.596512673194119887e-03
9.509978938449097389e-04
2.076202740363566977e-03
2.150843984710115470e-03
4.977177803817641952e-03
7.521012444221361615e-03
6.371401392639976582e-03
4.451755550961621760e-03
4.825174649089669816e-03
3.381782945634402657e-03
1.531985815310746030e-03
2.422030199615524560e-03
2.839855623080683039e-03
7.071721135655362374e-03
1.289941751535318747e-03
6.617158573723842460e-03
4.050472780948659313e-03
7.297186695855902190e-03
8.113586050009852701e-04
8.792606053499721699e-04
5.924127053952329101e-03
1.650139369986562557e-03
4.994240302747394479e-03
7.159597139833884238e-03
3.552474782316373484e-03
8.651494239865576211e-04
2.512699060157640336e-03
6.331795592676174936e-03
7.171858251496230664e-03
5.200351711216250582e-03
6.893072856162966132e-03
8.976923200168674538e-04
1.059235030115166822e-03
4.054679642981928386e-03
4.697505095377206390e-03
5.315978550570152686e-03
4.423271655034797557e-03
2.149739901269273092e-03
5.938107208533036085e-03
1.579723356771310519e-03
7.392347336684522777e-03
5.984815154063290871e-03
5.246982338008744987e-03
3.798129950163814297e-03
1.139046516838981013e-03
1.051416010833239800e-03
6.378253011099960755e-03
2.144476194863088100e-03
5.142277017070762991e-03
2.672802112112775390e-03
5.140867993805763730e-03
1.035407460643876900e-03
5.927138698100593156e-03
6.967663332271799292e-03
5.672138426618127290e-03
4.162943760254136233e-03
3.540590054966756117e-03
3.683486884138333431e-03
1.053249507889266042e-03
6.212681499188073969e-03
6.997746185398176846e-03
3.037046552739468188e-03
1.205346012554840999e-03
1.605672446783443404e-03
3.102294180856286342e-03
6.202406266326079831e-03
6.146060798430940351e-03
2.357045950748431259e-03
1.772502296213344019e-03
1.159943334555887419e-03
6.080814244520725206e-03
2.914144948012759896e-03
6.048059738637998582e-03
6.717046018873846017e-03
1.443878590326206105e-03
6.343037716650481300e-03
1.447631021564888768e-03
4.820200850828464285e-03
6.433683655258198332e-03
6.445214908192296865e-03
6.477222308371310619e-03
9.801198058749574765e-04
4.617435611726830244e-03
5.933243002486043860e-03
7.892534994081532029e-03
5.390922660823210637e-03
3.529945264400089107e-03
3.217004820783897750e-03
1.319755311103766593e-03
3.983889950947830903e-03
2.119963885432026626e-03
3.798911008227835381e-03
5.390224769231371192e-03
1.958752636392176172e-03
4.069163682445303167e-03
3.571048771225663037e-03
4.284022265556973290e-03
7.109273990907855924e-03
5.650127139405126779e-03
3.592892988961275159e-03
6.513812450629992423e-03
2.620965851434480919e-03
1.011497186917447756e-03
2.645412191225844385e-03
2.295136247138526795e-03
2.518599996521166205e-03
6.829859300047889936e-03
2.737569692951568115e-03
2.679962136226135983e-03
5.215975160628666049e-03
1.825426770123041512e-03
1.033372184523139023e-03
4.803261988312618018e-03
1.180177774847573392e-03
1.416970239069204572e-03
5.627866736332617741e-03
4.282331679051711894e-03
9.414361575246744333e-04
5.568301993980943020e-03
9.880834876874471269e-04
5.878743999109942858e-03
1.499833484266494639e-03
6.241976040164453135e-03
2.141843154739523757e-03
1.081534692347542676e-03
1.955013112160520691e-03
2.331043650785887510e-03
3.630682759526699440e-03
6.631055083506152796e-03
3.408506515737110519e-03
4.362000599642913874e-03
5.233597549120266174e-03
8.080228155007451382e-03
3.534789913043137177e-03
7.613037483418198283e-03
1.232133879672555991e-03
3.296624596603612168e-03
5.610620406393030529e-03
6.943616600270415516e-03
3.061686611452693694e-03
5.335598316644640619e-03
8.895298617271130744e-04
1.691563384993328761e-03
3.251720228377340954e-03
4.336950551707424543e-03
7.554814277330855303e-03
4.082392745489454682e-03
5.443789448442089111e-03
1.300954545345546498e-02
5.907908744987606237e-03
3.244158003463519860e-03
3.723360087337628226e-03
1.400488748480647984e-03
6.503069090215857564e-03
3.569782884146061996e-03
7.257435224803599795e-03
3.649037955273185582e-03
5.591832008875119962e-03
6.977710555467414068e-03
6.473556331929543849e-03
3.887483757117173814e-03
3.447137363323615408e-03
2.300727012697512987e-03
5.200870096005846301e-03
6.173763428423401436e-03
3.719450236127835180e-03
7.405352646371529679e-03
4.587182428752703024e-03
1.576016628465284333e-03
9.609522982719492920e-04
1.807580167287564047e-03
8.019731936139270698e-04
3.733127744331554438e-03
4.562640512977138817e-03
7.789492865817971429e-03
2.742667108952244644e-03
3.459581850721473069e-03
2.603319473113209839e-03
2.296412256428712745e-03
2.550491346436345973e-03
2.170095236219595890e-03
4.445010012656389065e-03
2.046375839998622326e-03
4.479630605429018621e-03
5.901727465439072541e-03
1.823421813850374011e-03
4.335690364612435413e-03
1.966838791742878557e-03
5.071493209635328028e-03
4.489144887014853529e-03
3.173451534907225594e-03
7.247153502842470889e-03
1.864217368890324581e-03
4.492772706095577752e-03
4.882472678197719886e-03
6.938984744829269913e-03
1.224561507538506327e-03
5.278193542612103287e-03
2.784947122259491016e-03
5.784510026479594211e-03
3.859518659593391774e-03
1.111504325592777486e-03
3.413041460926450991e-03
4.011853498455106304e-03
2.154166215930120899e-03
5.567764960009608487e-03
1.369746702730777893e-03
3.520618962574117300e-03
2.764552513534563379e-03
2.449858319856409658e-03
6.270424795941701573e-03
1.152419032511138326e-03
2.816455336313886289e-03
2.499882411164905654e-03
1.428797879074543723e-03
5.396601643363432843e-03
2.135697866989081858e-03
1.878807819715060936e-03
6.402411503893513066e-03
6.167322837137607754e-03
6.350424477460999036e-03
3.593603947959078757e-03
5.847308953011868052e-03
4.287835614862041747e-03
6.210131943142929017e-03
7.854130920135714983e-03
5.441289281686963013e-03
4.397400102547533926e-03
4.073117290592320403e-03
2.029722198588017855e-03
1.060003351080164189e-03
6.104397059212259349e-03
1.583028595875684511e-03
5.606605159381580598e-03
6.900300354559629756e-03
1.176321375374792151e-03
4.758187400802104706e-03
7.823218628178819131e-04
4.112058253984219973e-03
1.582144003563170980e-03
1.911550750783762775e-03
1.990618860184713377e-03
6.218721106734663613e-03
2.221805514719121799e-03
3.748460726333492816e-03
6.115280636926510513e-03
3.565553651872018989e-03
4.500033337504937697e-03
5.249246865719198532e-03
1.158307323878168121e-03
5.829268606460186186e-03
1.836647753035296508e-03
7.097981024625511434e-03
2.308894757686043818e-03
3.858484173519109803e-03
6.699826309479068112e-03
1.763677668154913945e-03
3.470987424542426852e-03
2.934996119129423819e-03
6.600190000414820658e-03
1.035999495732363917e-03
2.254951194696883446e-03
6.039138337434313449e-03
1.054943936709601404e-03
1.814468714906944695e-03
5.930390317815768288e-03
1.453256142293480376e-03
1.686831976369585840e-03
3.526856457298092710e-03
3.357359986540357083e-03
2.167161887932774096e-03
7.942254295214220411e-03
1.905314776514062652e-03
5.697443062951738392e-03
8.912407401178357906e-04
3.169854761236166711e-03
2.130692372968741831e-03
7.413989694048884506e-03
1.532700132005010126e-03
2.774567530037168588e-03
2.566593689224994611e-03
3.831428970743162941e-03
1.677343662014106921e-03
2.308230152560576676e-03
5.243454162029204980e-03
4.264470638949834254e-03
7.380531463547806113e-03
5.396639006829668725e-03
1.133024368176696432e-03
1.046979877919195856e-03
6.513755759437225325e-03
4.342309937634206314e-03
6.282462554637197223e-03
6.834303048817158555e-03
5.025836906612439307e-03
1.337627951311893496e-03
6.946157648533172156e-03
4.032014754740450256e-03
2.626856951432278344e-03
1.775301463857429643e-03
1.361260901940521172e-03
1.742873393130669546e-03
1.098037193588807456e-02
1.924730242488312563e-03
1.614726408846442734e-03
2.777108351569474408e-03
2.366241810645639855e-03
3.770299548438054045e-03
6.158086360963835326e-03
4.160326795029758822e-03
9.121352024008091194e-04
2.518554733962106475e-03
2.270615040468937796e-03
6.043300679366499402e-03
4.069399966127194325e-03
2.228728659726452854e-03
1.850825747571799339e-03
7.075506634454062707e-03
7.443168257331472110e-03
2.144188429252750095e-03
5.260165983976145161e-03
7.171927681357164949e-03
5.613674896703434516e-03
2.365693244021889810e-03
1.066618569628695855e-03
7.813706707128087112e-03
1.259729676469800545e-03
6.538185355591363823e-03
3.772216992293759858e-03
2.269439776090702819e-03
5.275142543886547804e-03
1.413000534145478909e-03
1.134362325486948245e-03
1.437875997129725494e-03
3.515715493874389721e-03
4.841294138357874963e-03
6.285350151676403520e-03
3.301711154599212047e-03
9.927291598002994325e-04
6.233289817919765267e-03
2.059233326994019692e-03
3.493265949332895453e-03
1.966003104386494695e-03
2.735507401668209413e-03
1.463150007582629487e-03
6.694632657916322824e-03
3.395083758415815087e-03
2.606631009847824258e-03
2.395311622097221187e-03
4.157473214935669160e-03
2.210720383110301081e-03
1.797009280350343437e-03
2.456970665754269149e-03
5.665134856171660967e-03
6.014108182639957625e-03
6.253699084008711162e-03
3.070389106080025597e-03
1.304977378886496312e-03
1.014586218087244491e-03
1.080396629193654603e-03
4.995891865919403589e-03
9.327482164531550497e-04
3.611135313108376592e-03
2.452713574950877301e-03
2.984245503252302631e-03
8.606171395562842164e-04
6.206399745325484087e-03
4.117126591946799335e-03
2.248787400629414113e-03
1.987107016290158134e-03
4.856500783492954249e-03
1.710139898893765905e-03
5.600415274760473135e-03
4.342120066998943380e-03
1.000545984154562569e-03
3.808810115397424836e-03
1.614517876086496743e-03
1.706957323937466093e-03
1.178593607338367013e-03
8.963915068557950366e-04
8.784643866535087140e-04
4.034619135448660673e-03
4.028353631435195072e-03
2.342453035341448067e-03
1.019165797499143808e-02
4.143708509354806016e-03
1.330880305507932968e-03
9.097487674568127724e-04
5.767344618613942826e-03
2.317302119462417639e-03
4.312426181640702759e-03
2.344003579553669697e-03
4.076388112307057117e-03
6.833936927238855666e-03
6.403457436246891461e-03
6.770455427025312556e-03
3.083033588755789128e-03
4.838261274699129713e-03
1.029747796752519340e-03
5.179115474199355758e-03
3.986256866821157041e-03
2.809468264997111355e-03
6.886505442371801747e-03
2.098588235957073514e-03
7.785144706558608414e-03
2.751329028469082835e-03
8.628944349818308372e-04
3.738973788015345721e-03
3.982313842213691495e-03
6.354607050121707096e-03
7.115501104876707783e-03
6.310450640224273336e-03
5.337369257909135682e-03
4.809214683797226331e-03
7.857739146571294034e-03
2.270815231203518383e-03
5.946806925058510489e-03
7.487073062733743019e-03
6.709388063019727615e-03
5.638445533449429337e-03
2.384007263453872920e-03
5.657982449663832847e-03
1.652043786369552548e-03
1.607403084931360642e-03
5.696931970749551620e-03
2.058799681103891215e-03
1.024222316897564593e-03
3.574118580478171867e-03
1.470240658319731889e-03
1.309232697744887926e-03
3.616875635425995973e-03
2.002353841927787589e-03
4.139303196865413287e-03
9.215865203081987159e-04
2.539038900497503793e-03
7.506135844404914631e-03
6.524664760118767740e-03
1.135213121024057680e-03
6.010275438123796610e-03
4.456784068019749648e-03
1.121520946182103136e-03
1.994539887089389393e-03
2.610109703692067937e-03
1.718997410510919631e-03
6.513799582129810306e-03
5.232092473442866327e-03
5.189772487157454615e-03
5.709380002204877784e-03
3.468920870911002072e-03
2.082321343624550947e-03
6.490719417594327002e-03
5.614201370530891647e-03
1.291149145074717980e-03
4.685014967572398437e-03
4.392429533562216756e-03
5.957676552760419325e-03
3.962241399677176798e-03
4.037935876358281391e-03
1.266554157830617530e-03
7.128969551941251141e-03
2.674507273845912973e-03
1.546409277339132454e-03
2.329614186345356497e-03
8.231027743872845834e-04
4.833394308577655153e-03
3.637042630429396673e-03
6.172460188564343232e-03
5.399662794290613702e-03
2.586565793937522367e-03
4.962369089235573252e-03
5.847947979876247024e-03
4.136928299522413602e-03
1.203395456295282707e-03
4.704895271040817131e-03
6.131399834342780679e-03
5.063151526045004541e-03
2.326488668226805740e-03
2.159009077664440779e-03
6.609108010645918865e-03
6.769820202774724273e-03
5.243177604013804158e-03
2.127145132412312876e-03
1.978357657853192092e-03
1.396460549171604651e-03
1.729391712769167517e-03
4.391258306431065732e-03
4.432679967989237510e-03
3.632588038591287680e-03
6.299269388765607949e-03
4.342904116046081460e-03
1.427134370682267041e-03
1.021667851753792038e-03
2.768067395639333284e-03
4.618232300034561325e-03
6.515693283012009146e-03
6.148064164490470683e-03
2.522542266893506007e-03
1.361356250956705267e-03
7.110201775257266391e-03
5.931161369873957749e-03
4.117439910701279661e-03
1.185031211828201049e-03
2.427059440800213245e-03
8.983499624053374990e-04
2.458509704793482038e-03
4.618907068487938632e-03
1.119386177593483314e-03
4.960279775953145218e-03
1.478756881715066534e-03
5.927183110342256096e-03
1.711898815679975278e-03
5.489237831284850960e-03
1.156927071756866376e-03
1.040401016733711248e-03
2.487144382324028499e-03
4.641794528429151433e-03
8.757216938841637637e-04
1.279039281372798802e-03
1.901250680573307074e-03
3.561625100180534128e-03
6.580529316560048032e-03
4.626931289239210633e-03
6.034802356682670947e-03
2.148082167280883966e-03
6.319447665978580181e-03
5.551072865809267808e-03
2.806035847833438131e-03
2.527279279131358983e-03
3.763345184206478601e-03
1.026431744034196625e-03
3.636476298353921895e-03
4.580507388418598655e-03
3.416693955246036078e-03
5.276905910814614839e-03
2.076341388301596817e-03
4.769633132902076182e-03
1.768928748631226578e-03
3.623698350990021185e-03
5.913472250856926724e-03
3.237675139698328181e-03
6.205545989046157285e-03
6.917673880862530537e-03
1.287252874674325604e-03
2.052103112573963606e-03
1.982742426738846094e-03
1.074422882938634539e-03
1.552337128889922377e-03
5.919036885964010404e-03
4.964990040851983109e-03
5.945115515026043462e-03
4.965236545187826783e-03
6.019030347837944078e-03
5.125085347652220090e-03
3.946221307542359391e-03
5.179663368137454697e-03
2.781457214574304272e-03
6.479427006578432520e-03
3.834853209653829066e-03
3.339206564599373275e-03
2.093468850037866289e-03
6.828918020508925948e-03
1.018856681367428900e-03
6.463048751416080283e-03
9.448584371968039592e-04
5.152789264461898194e-03
8.997701990979612482e-04
2.516375341154415430e-03
5.489272181592504823e-03
1.038756277954074091e-03
1.526859792134035868e-03
8.736225967688484272e-04
3.801902381198530006e-03
2.058881230665628777e-03
8.621094767851573710e-04
5.635613409383556822e-03
4.963741288598724592e-03
6.243793116326538765e-03
1.592063722069214215e-03
3.454476525946341761e-03
8.315209564761360129e-04
2.005847870946210389e-03
2.502188741766787124e-03
5.411727258633903213e-03
1.178935103221453182e-03
1.236550723832659932e-03
5.220686938727836339e-03
6.183572411361192532e-03
1.613041460858888332e-03
2.399718949034690147e-03
3.874460967152785085e-03
1.766323611624296113e-03
5.622543144257204084e-03
4.266589219937939707e-03
2.088830101301968403e-03
4.751990219283635727e-03
9.145598454278336528e-04
6.559151772855004864e-03
3.566429169608165486e-03
1.573118939461062848e-03
3.693128848956164865e-03
4.232875490313441416e-03
6.561991428793368525e-03
8.811568965944642723e-04
1.856990965308741998e-03
6.001013730039552602e-03
6.159039471608249681e-03
1.848967688446443705e-03
4.374923514390136568e-03
2.186697629989041436e-03
1.826019793129170536e-03
5.598538599093720938e-03
4.099715445778700715e-03
4.738092291461979723e-03
3.530484597628564224e-03
6.047739042290679531e-03
3.716210327785189789e-03
9.638567790347987154e-04
8.972210020741347436e-03
3.293358711255397597e-03
4.645831480724966350e-03
3.245383580511407295e-03
5.583508544767957354e-03
5.332036333590040207e-03
5.360348730210612485e-03
2.462014052713508688e-03
6.274967242407790240e-03
5.983490921636184200e-03
6.596337586568109916e-03
2.317214656291827907e-03
3.789015668583351620e-03
1.104916992621978811e-03
4.191333467877976157e-03
1.136566186754038327e-03
5.539396765970185967e-03
1.888929050268604295e-03
8.257413105136629126e-04
2.460642209075340672e-03
5.631482136251180631e-03
5.018535484098776006e-03
6.922741736022712880e-03
2.872029622975648400e-03
7.588389696081885780e-03
8.344181266274261748e-04
4.396736756400949735e-03
5.024543969363355449e-03
2.438719108823722819e-03
5.940515512370883079e-03
7.009777230915664216e-03
5.076344440747059504e-03
1.044536244304967087e-03
6.137594753029035517e-03
5.321511996003304261e-03
3.638498745233180280e-03
6.143734753048861637e-03
1.267490316313691625e-03
3.432299800722932170e-03
5.819170763168306573e-03
6.208182196912783411e-03
2.410033587232763511e-03
3.368171385639765879e-03
5.615265190929904192e-03
5.274463631326972539e-03
5.167096914012487587e-03
1.107609163352926305e-03
3.686841867737713010e-03
1.701935628766295663e-03
1.336574132036402740e-03
1.323274154101354658e-03
6.171444129726331995e-03
3.103382153000399692e-03
2.824469254098528267e-03
4.415609058059096620e-03
4.583390382143677499e-03
3.421795261525970196e-03
1.194719765683315916e-03
9.537715582690396796e-04
1.228877593240092431e-03
4.924024979204906331e-03
5.648230546051791201e-03
5.451134174472306235e-03
4.092717117418407519e-03
1.749521069154516290e-03
3.601250519211782793e-03
6.097199503365074644e-03
8.310906604158672158e-04
6.230060669336959928e-03
5.906768281813608648e-03
4.246252787171925572e-03
2.265039515354709803e-03
1.792866178422495909e-03
5.042378655093492611e-03
5.740460761777079098e-03
5.629643910739343463e-03
3.892969467242879834e-03
1.238197449951571353e-03
2.368506162058806735e-03
8.342979321568743788e-04
2.699620539632497773e-03
3.461731176006097293e-03
3.863052806308683515e-03
1.055691007963056741e-03
5.403498271801575673e-03
2.103781392046329309e-03
7.177968613090437641e-03
6.791132060369146385e-03
8.731546776756948661e-04
2.296838675079970488e-03
9.699882824245218901e-03
5.204384803659017206e-03
3.691055389233813960e-03
3.957916744968861464e-03
2.592070817540135120e-03
4.716971240678002192e-03
6.935923038991631193e-03
2.360983190480512531e-03
1.322379299243794069e-03
6.447258620256591730e-03
1.927976122106446781e-03
5.395818200494489209e-03
5.660018514074733470e-03
4.078926276727072760e-03
6.176487513334534205e-03
5.227717244879711775e-03
6.070252866879540313e-03
5.735634713954877728e-03
6.602764379846483810e-03
6.397944996038440989e-03
3.148225223540543002e-03
8.188945023628649809e-04
2.120826173432573125e-03
4.749268552212323677e-03
1.908438929030685646e-03
5.140142773692706578e-03
6.816708413268617560e-03
4.355927944903191171e-03
1.737638102260632587e-03
6.521850564574368202e-03
6.755789643948098729e-03
5.466319115487556016e-03
7.821350098093343695e-03
6.912627633152887939e-03
7.406784832625286016e-03
4.656017792927884952e-03
2.512861418717313340e-03
1.415062303992768592e-03
9.632986895689615208e-04
5.155491615747812874e-03
6.057529590979077172e-03
6.127977884378879754e-03
5.917186013731888516e-03
4.952826044931923216e-03
1.675983851240248892e-03
1.779580053984443008e-03
3.813209259365868756e-03
2.232103395879613851e-03
2.185846681580146458e-03
2.427141293934894934e-03
2.084354859441331972e-03
2.112487000882120464e-03
5.293023146730423817e-03
6.717923398888072523e-03
1.134689562938782101e-03
6.872991213021793951e-03
5.979474760203704053e-03
1.582120350396861493e-03
5.958606072538812602e-03
9.326378756086597379e-04
2.171130099768761243e-03
1.225097092637631368e-03
3.581152615557466317e-03
1.787395060347517781e-03
5.370447509987612451e-03
3.353541936127181662e-03
4.764193886408655577e-03
5.734503982822908297e-03
5.226147480968936117e-03
2.268857639326272036e-03
2.306814481209198270e-03
2.905521988494676189e-03
4.141998713476607689e-03
8.953834207828421932e-04
3.115952844060929181e-03
4.374361529730505342e-03
4.189750832181976872e-03
6.956130507524917531e-03
3.075640643853117667e-03
6.923043580415481554e-03
4.025814796366497875e-03
4.533313118717738517e-03
2.394760035736179758e-03
6.701110735499192506e-03
3.894488588400497366e-03
4.440590955520401853e-03
6.547673055317703925e-03
5.793259779582777928e-03
1.147937739556495170e-03
1.935901081677765751e-03
5.063543175730489398e-03
1.664403246024529588e-03
5.797563146534452476e-03
4.173813794383881767e-03
2.176916194038043106e-03
5.435024676477830455e-03
6.939674654193939314e-03
8.954912299629493944e-04
5.345672569306185624e-03
5.796281195354780445e-03
4.226270700503586414e-03
3.313609237428963121e-03
1.045144318218495846e-03
1.764224955010953565e-03
4.309931026911074416e-03
2.029976145101045071e-03
5.219372679341417222e-03
2.058847213877531071e-03
1.627935208867275097e-03
1.128673340535749515e-03
1.008054785764253341e-03
1.489046281788994211e-03
2.016532530733352799e-03
6.741647499794079304e-03
6.570959432115747179e-03
9.124439067598357064e-04
1.872725277331308089e-03
2.115274950915400996e-03
7.568298335775497029e-03
2.106973058855476314e-03
2.048224214778601553e-03
3.837143715317510844e-03
1.197922916014483412e-02
2.250924830543986083e-03
1.392146445273459085e-03
1.150048619332210819e-03
5.425410228645724184e-03
6.357585290330728875e-03
8.540661117350788764e-04
3.687735509696792296e-03
9.194602281556509297e-04
1.112360225794056367e-03
3.390538001329132783e-03
5.501714696612056664e-03
1.617378807542506651e-03
5.090917289765979799e-03
3.633722686668245522e-03
1.586515563302851126e-03
1.715359746882237114e-03
5.393269233400456962e-03
4.583628298872838118e-03
5.072029417986138357e-03
5.061031564421419882e-03
1.875874053021984837e-03
2.791606379907175892e-03
2.413569971193345754e-03
2.574683424686673768e-03
5.913836749830243475e-03
3.666875233040849634e-03
6.276944256322959832e-03
2.866688860978348994e-03
2.205907561413074890e-03
4.439607243898979934e-03
1.538297901096810768e-03
4.937361751234831640e-03
1.048107594347123328e-03
5.327786191068695741e-03
8.552904424699332838e-04
1.169563176785595043e-03
4.647658662788345732e-03
1.239181831924359703e-03
6.386694564991811200e-03
4.122032145939728484e-03
1.050874075793358170e-03
3.502560112325901233e-03
4.295869348629754308e-03
3.217584419267711590e-03
4.518163339527541886e-03
6.249854311448256074e-03
7.832105746884584357e-03
2.681137231309860258e-03
9.660019937440689902e-03
6.455418684974349904e-03
7.696927971916765927e-03
5.803867987082669821e-03
2.686977458807868115e-03
6.733852741134486487e-03
1.454322957400678998e-03
4.912934196125412663e-03
6.849498968740805327e-03
1.271345078188233562e-03
1.164956163966884969e-03
3.686354379978464685e-03
1.321427582292159604e-03
2.974201005967557713e-03
4.323606336398136581e-03
5.778805214609665682e-03
2.590468478958354599e-03
2.414677118776480027e-03
7.543340547990703103e-03
7.530938659840787086e-03
1.688606479136951733e-03
8.406116658315914737e-04
9.308801440912252033e-04
5.268399040938951880e-03
3.412744092781088909e-03
4.825520420837029097e-03
4.048263463748589738e-03
6.070063961768145701e-03
3.110418522597889219e-03
7.022083313113967190e-03
9.145652590059256438e-04
4.453849457536042215e-03
8.482590111933176191e-04
7.271818993381690480e-03
8.848945915490577865e-04
5.852247409305064325e-03
6.594192323851893675e-03
1.830031160701238099e-03
9.897799091710918033e-04
4.822236520073717309e-03
3.613297029913373551e-03
1.961366818474508632e-03
1.508286989199143996e-03
4.759718019975086277e-03
9.094975597233902458e-04
4.308627216497122950e-03
9.661983376275774067e-04
5.721067607852563242e-03
4.396965127329410111e-03
8.580332253733767697e-04
5.869117534248246421e-03
2.433298344897886264e-03
8.117672987724597030e-04
4.826796315961121367e-03
2.044591141928443941e-03
2.446833558562736249e-03
2.102078338212069741e-03
4.442154376648874657e-03
3.512005187943665306e-03
4.087417374123336784e-03
5.603662709653668868e-03
6.134610944768022905e-03
8.714768803843725431e-04
2.101908359290723897e-03
3.731227956560050508e-03
1.842931743449641819e-03
3.100553916532810834e-03
3.622196278506461652e-03
3.829855636709864151e-03
1.527667723500087012e-03
1.289669293285819474e-03
4.658505926714517908e-03
2.441745062801764597e-03
5.383263692906622815e-03
2.340675538421696511e-03
4.445221494204454338e-03
5.333507486451331825e-03
3.842630494932360377e-03
2.516093362754396028e-03
1.974359159070534706e-03
4.185797698052959835e-03
4.788346756875185538e-03
4.142416018875988773e-03
3.162854862720412136e-03
1.703603665399755409e-03
4.251109378093101410e-03
2.289886380633196494e-03
1.426179880384024655e-03
5.350982023337894772e-03
2.679883557901829427e-03
2.631599062245060325e-03
6.044267834375400238e-03
1.075433208647628676e-03
4.580349423328653434e-03
1.213226664938689154e-03
4.352080726002768678e-03
8.506514107876173665e-04
1.020811802949756755e-03
6.948091856485849246e-03
4.141462403082461774e-03
1.073978135867571706e-03
4.011848185730091179e-03
1.112407006866882866e-03
1.602346537189392513e-03
6.337623279551312348e-03
1.508090075543374632e-03
6.966267678347327040e-03
4.144547232678125193e-03
6.197767983195410363e-03
6.647619832559315337e-03
1.629442082578788902e-03
1.998428786827012842e-03
1.931348889793759772e-03
1.293826486044540426e-03
4.626565524778367480e-03
6.826680944838217115e-03
2.299536562312320866e-03
3.550185429365904782e-03
3.910896335894645942e-03
2.133806916475260076e-03
5.605713909614392504e-03
7.138594171006869965e-03
3.783504434178318332e-03
5.720357262786290690e-03
4.637329570290350464e-03
9.588743687336501349e-04
7.742417806644142676e-03
3.375907712591834538e-03
4.216853371214909080e-03
7.599861097585884975e-03
2.326176080290725135e-03
6.118769249654367089e-03
1.700677267902395194e-03
3.313593825454561569e-03
5.775706906981270712e-03
9.623521642065114299e-04
6.592716219642450262e-03
5.413752889619283595e-03
1.112232643454443481e-03
1.593400114225453339e-03
7.162659458768369687e-03
7.429901143210148641e-03
1.529418639731097360e-03
1.474761374917429348e-03
4.064861719241063751e-03
5.656749067784294649e-03
3.044696516302609554e-03
8.783523517419232355e-04
2.901329062184814390e-03
7.666000596328334006e-03
3.556654426850485318e-03
5.270403438635654601e-03
2.967594374016772896e-03
2.216410345722739754e-03
5.303304451374663345e-03
6.446903197738123106e-03
6.584301350121025791e-03
4.350771476208078851e-03
1.615250316908732478e-03
7.980896368624366835e-04
7.379288596467827727e-03
3.697664552499560671e-03
9.221633777633041857e-04
9.684052988378666522e-04
7.584585587670828258e-03
7.367736807708859595e-03
5.947725044073875686e-03
5.536763845123270945e-03
4.020732777559675453e-03
3.438082371775823091e-03
1.855055237427281163e-03
2.628429959803651322e-03
1.304386708613896120e-03
1.490637907674538781e-03
4.871297429564873382e-03
1.738930249630975255e-03
6.241601290478633601e-03
4.646392080299936896e-03
3.801955557532981679e-03
5.153365326718848186e-03
2.242395070413600189e-03
1.551388207297070901e-03
2.480742569285528630e-03
2.151476617723814197e-03
7.290745717570142580e-03
2.437608836507973529e-03
2.915209657134424769e-03
6.565735919010510548e-03
2.645354883395055826e-03
5.937099954404283404e-03
4.609626945511400425e-03
1.897732883568567118e-03
8.147366384053632282e-03
1.364355621953766305e-03
6.814556953312392827e-03
2.324670845812391515e-03
2.192464213764162926e-03
5.846045723514567936e-03
1.747980038120611592e-03
3.732657404446761574e-03
6.398403977496683846e-03
5.603420246655873259e-03
4.218576903411190397e-03
4.483890734860980151e-03
5.774420798277979036e-03
5.645234682193419652e-03
1.453304041724942175e-03
1.307801985326617752e-03
2.381355687125906884e-03
2.551561396364938200e-03
8.473045547300793673e-04
7.658644330243963294e-03
4.069244843448819107e-03
2.867481845857887054e-03
1.252987013038296682e-03
3.479730472177387790e-03
6.065883827281142240e-03
5.778030870902979045e-03
5.497041227069854492e-03
1.313877893799885637e-03
2.671839965868940021e-03
6.958471604696681544e-03
9.332831509314085464e-03
3.911794800905866488e-03
4.547668809113281085e-03
2.289391121802354656e-03
5.728443254793721441e-03
5.895828761361173419e-03
6.855069930701575796e-03
7.413774270461068183e-03
6.447073568366492972e-03
6.011872194096184140e-03
5.340316318422597651e-03
5.826250272848068623e-03
6.704245109236837627e-03
3.669257156619576670e-03
5.821788831602949313e-03
1.983380647003497085e-03
4.371117825605793684e-03
4.045946480069683576e-03
5.190656744922226423e-03
5.264674439572182042e-03
6.898438697981588118e-03
1.904811742996579153e-03
3.964901451717676127e-03
6.999969837464965414e-03
6.504043075836328687e-03
5.254427782992310628e-03
2.037726391400062221e-03
4.917278671169451366e-03
7.674577714714276612e-03
5.551848979049069099e-03
4.129370263751129706e-03
4.606428940383329451e-03
4.873781823352646252e-03
2.029569262835170460e-03
1.782950989882934895e-03
5.698119313608596311e-03
5.242153981517858573e-03
2.646921797758065333e-03
6.032356699365447501e-03
2.421416028209087863e-03
1.029444749347128421e-03
8.440223826688131314e-04
5.530518103468348365e-03
5.909564779203104780e-03
6.267070256342191850e-03
6.696677925381639210e-03
6.777381191739975316e-03
2.119950078480278485e-03
5.965038663418101468e-03
2.566911151025739503e-03
6.984127905605553785e-03
6.834935691905804668e-03
2.894581492435262943e-03
6.774986530403517317e-03
6.313976099069493718e-03
3.076782692396392519e-03
6.963328723766479440e-03
1.487651877714379249e-03
5.643787515256289827e-03
6.923959346169989738e-03
3.071444903435256724e-03
2.589879761750812394e-03
1.284850621088400686e-03
1.950821449711147380e-03
5.196065880795366042e-03
1.885791503998958830e-03
3.845832631716596117e-03
1.935976238836273084e-03
1.750944190953018960e-03
6.025683364702578461e-03
2.297537702229409274e-03
1.486566142807238620e-03
1.519567573807730594e-03
6.528066527815351225e-03
2.426511525112516523e-03
6.457804469356715968e-03
5.608805821782889695e-03
6.878574344494643895e-03
5.118793012568405472e-03
6.115995657933783781e-03
2.112548486220972455e-03
1.041276261123554687e-03
2.816813545492618132e-03
1.957762213351203935e-03
4.092563079086488677e-03
3.580049411452558301e-03
6.107053289193037013e-03
1.889400853217009044e-03
6.552493574317213090e-03
9.711670889044994245e-03
2.113956497120967823e-03
5.845780583384680047e-03
4.015933202919838227e-03
1.987781130278842498e-03
2.476544767345016749e-03
4.453755331410395868e-03
2.326621361156324536e-03
7.225259507205940811e-03
6.338953259437405188e-03
1.530778012403577080e-03
2.115919410048036717e-03
3.300558049511299451e-03
8.577629985695995989e-04
3.945355363827321785e-03
1.710818816919512523e-03
1.356077264846161081e-03
4.967533029804685300e-03
6.011419274994293446e-03
4.477203348699498008e-03
5.824168226351336339e-03
5.968806486047902558e-03
8.677356984136153648e-04
5.245496653834329226e-03
8.920297226248706610e-04
1.403614665520754035e-03
3.437578285641221341e-03
7.559703189742609727e-03
1.121451395401401379e-03
1.655773011396098398e-03
5.133522440873500639e-03
2.057656795298597966e-03
6.592515398452407534e-03
8.901923973721613710e-04
4.926755506518231548e-03
2.107187180356306228e-03
6.096603857667907099e-03
3.574769090381881877e-03
3.520127706632865134e-03
7.773496972974770595e-03
7.044817069822022389e-03
1.480165802089187469e-03
4.791510747706632413e-03
5.655554550309198521e-03
7.063599343396277826e-03
1.991690138177178854e-03
6.135658552365084659e-03
5.138796412693680607e-03
6.123465660000455141e-03
6.060143835333209328e-03
3.867423703877256869e-03
1.371707680487817141e-03
2.392247975971684235e-03
2.151036773139622469e-03
1.411952058637934958e-03
3.910645726091580877e-03
5.584168872304615290e-03
5.036031782761614048e-03
4.744302606389708132e-03
5.858600386493861487e-03
4.060721271291289555e-03
1.130638254711569760e-03
7.572178057747480998e-03
5.536143765086951572e-03
2.324936899609117771e-03
4.619239290485661377e-03
2.216669075125804553e-03
4.958787575446588040e-03
2.310197760538756917e-03
1.949513028168465764e-03
4.595770728832701546e-03
5.756611653062078393e-03
1.199501478626978064e-03
7.891242549559744635e-03
1.291580304007314186e-03
2.398831984295848093e-03
4.518363773314618137e-03
8.941046712255668310e-04
5.948993835465900964e-03
5.124877001141105344e-03
2.213185867331972628e-03
3.913150354369087681e-03
1.135295936335329508e-03
4.265035726442513268e-03
1.428951613021096911e-03
1.387804173913128550e-03
4.076953253068817985e-03
8.692302400938247287e-04
4.621163993393820509e-03
4.124493329300568494e-03
5.840990705893658527e-03
6.793266113182408819e-03
2.609011628346044956e-03
9.510955437655533098e-04
3.306407040184257753e-03
5.789990737918618638e-03
2.664622724599538094e-03
1.980579446857891942e-03
2.516608567511444128e-03
1.517805057208498030e-03
4.866400038007943039e-03
3.117946012672642361e-03
5.915183735210674532e-03
1.411802128164630146e-03
6.332049445103737038e-03
6.171586664224433007e-03
5.273846182377427833e-03
3.189281275429467835e-03
8.805464461521509854e-04
1.197491515225292081e-03
6.702220804188626334e-03
1.686115613989853934e-03
1.647173302162132594e-03
6.100071899060471349e-03
2.147829027894558162e-03
8.597733599201807728e-04
2.233307853156979005e-03
4.794516707013252166e-03
2.769195504415927333e-03
1.165927464085718401e-03
5.734099020710516081e-03
1.342810739437630321e-03
2.636472266637975969e-03
1.215996957597071521e-03
1.652743485818562600e-03
3.418067903063204405e-03
7.280910332572413865e-03
4.268314211387894651e-03
2.773651146997403207e-03
1.037195455774406801e-03
4.732838772611553356e-03
2.203698241980860725e-03
3.825462330164283893e-03
5.895210376302010939e-03
8.656515047529800234e-04
4.821851699299340918e-03
4.087760847465064448e-03
5.808413584799715715e-03
3.975324650970105643e-03
7.535128086296025325e-03
7.727296590014029638e-03
4.898986499835511661e-03
5.854434302948649180e-03
1.056306305156849354e-03
1.780455987272378231e-03
5.995027637894579167e-03
2.286614474943396425e-03
4.873355568951793018e-03
5.786359461709780251e-03
1.180953876920154974e-03
1.005892256617981406e-03
1.202953519277538165e-03
2.248511997479754956e-03
2.905704116679051242e-03
1.308477946775600791e-03
2.035629317007916182e-03
5.040633903957113249e-03
3.511559824950688524e-03
6.407582810013905984e-03
4.019095648302660126e-03
1.833716756396642361e-03
4.653025130347314409e-03
7.671428878472653229e-03
5.403902075779972933e-03
5.321906556842529931e-03
2.896145236466658029e-03
6.497328830321702151e-03
3.275676178449567991e-03
5.481580022965586683e-03
4.965689644157909866e-03
1.884353278875532979e-03
1.504975069748306282e-03
3.074359929952016034e-03
4.841707526610997646e-03
3.040805217472655926e-03
2.143116336850333249e-03
3.418678826714990817e-03
1.038220287816357191e-03
1.784309144903652644e-03
9.087873343542425195e-04
4.101644991091500311e-03
1.623091303085225654e-03
8.369501328462237554e-04
5.593359917694349336e-03
2.872915731913678727e-03
4.331417214217036203e-03
3.662512394787745609e-03
3.249721346610747168e-03
6.900483738442229030e-03
4.801581152132439537e-03
1.645790868548616115e-03
2.044423413272093270e-03
5.493178937487248024e-03
5.216210669440954698e-03
5.373778967536481550e-03
6.692688335773322797e-03
4.022046412821804126e-03
3.089149971239547789e-03
2.383409095705193732e-03
2.360828701552524118e-03
3.745118927714862801e-03
2.319962356022377010e-03
5.821573451194524476e-03
2.463286346245593689e-03
4.453518517755854743e-03
3.719761154403751317e-03
4.001903161718219776e-03
2.475686277198747409e-03
3.212779157946420942e-03
3.643102389206393302e-03
1.966266710269745296e-03
2.178371885777052094e-03
3.591263447350018928e-03
1.703587012757131619e-03
1.000423244955599058e-03
7.444007433926631487e-03
1.711222909375947898e-03
7.395109267086933703e-03
4.047456569868957202e-03
1.402644754225915646e-03
3.642211769316126228e-03
5.483713988450863129e-03
2.662621455355161128e-03
1.195929999780587401e-03
4.413446560808474868e-03
5.816682803207176219e-03
5.843466434715506065e-03
2.206711888347787347e-03
5.434144980603797942e-03
1.794745148646546395e-03
1.047191761315072883e-03
6.770157502179531203e-03
1.994709792667118033e-03
1.754993050317567652e-03
2.133328617226007157e-03
1.733000720570931864e-03
4.714608661491153860e-03
2.566105228209292991e-03
4.914935898190793927e-03
2.578534734678297746e-03
4.921213680977838158e-03
7.054611831523932737e-03
5.160774236998685351e-03
2.267114185347536125e-03
1.726816163723483280e-03
3.137596937810707004e-03
5.253284882183465593e-03
1.122019025170504928e-03
4.674359589019736090e-03
4.266862337646934455e-03
1.084285087946297967e-03
1.036403403476013644e-03
4.850759097042031155e-03
9.721343759702323097e-04
2.633721423556147512e-03
3.404687926317672298e-03
3.798617926810144482e-03
7.755947653415936824e-03
4.528150874992078675e-03
4.503199010182319661e-03
7.594756764262573616e-03
1.683289231412239337e-03
2.013940027038827428e-03
8.382847468958910678e-04
5.485017336966776548e-03
1.173224611241349908e-03
2.425308016741245694e-03
9.450791354834785305e-04
8.060067368017484728e-04
6.843600940228430733e-03
4.770481755675321824e-03
6.875596469303281444e-03
3.343725542231712738e-03
1.775578916886150216e-03
5.111451222858388356e-03
2.891562395521653055e-03
7.393589167909424970e-03
2.936582704429422427e-03
1.406777498697577271e-03
2.336905205697644913e-03
8.287969725332184788e-04
1.464626217145451699e-03
8.281448538438258887e-04
2.062359740283536448e-03
2.538419912058831329e-03
1.115406675246933665e-03
4.973058930888427792e-03
4.365565123369430194e-03
2.594136551444176271e-03
4.064070645957676593e-03
4.626808363047798904e-03
4.866784197655718049e-03
4.589250908896384817e-03
8.155355077879797646e-03
1.446363947882705909e-03
1.474201454722321933e-03
1.455688529875858806e-03
7.570717903731627105e-03
4.369146152584650611e-03
1.572193477484092354e-03
5.700766284503016104e-03
3.877379325139778191e-03
9.139328913342505524e-04
2.205087741213650459e-03
3.859461497888111610e-03
5.537722089967515339e-03
4.683345486067046204e-03
2.035118337534868801e-03
7.333970349958037795e-03
5.909779629093380240e-03
5.382472943460224132e-03
5.053118249278665958e-03
2.422705589353479471e-03
3.013028553720151388e-03
4.299336798100255978e-03
3.554375678320181951e-03
2.095825766660123785e-03
6.168402604198229555e-03
2.194386159373206031e-03
8.663478504140733130e-04
6.479355893627760342e-03
1.912823146748329544e-03
2.451796460643071440e-03
1.817517450039052946e-03
6.575078473199016255e-03
3.877081684722843632e-03
1.283290842140785573e-03
2.819104793683167593e-03
2.656576402596326839e-03
6.319671548797648614e-03
1.761801507216220752e-03
6.217838559191546204e-03
5.818172173338246461e-03
6.012912084021830757e-03
2.548961169088142121e-03
6.265281430880715804e-03
9.490752524439884184e-04
5.734529104196253550e-03
5.561309335128800969e-03
3.785048039546917882e-03
1.014880476463342644e-03
2.323422070090825405e-03
2.100677630663436851e-03
6.270724099476083710e-03
1.117696923151160603e-03
7.036462072716697519e-03
7.006800033203403229e-03
5.001683030921267106e-03
1.394629346735503685e-03
2.097519677102407075e-03
4.693443324257800565e-03
5.475902717003731067e-03
5.521819309001654852e-03
5.934816193734477989e-03
9.171115660489273166e-04
7.111833325586818487e-03
2.029438916595331047e-03
6.704694606818355739e-03
3.534451369300461825e-03
1.887932589501429810e-03
2.370737009343448255e-03
3.171912500150526719e-03
8.336462490832824901e-04
1.066136270855021651e-03
2.991662622486544916e-03
2.572669996623802233e-03
2.325377738350783291e-03
4.418515869900718762e-03
1.955642180635569927e-03
3.687874022797623438e-03
6.106230030069173531e-03
2.504032257843753946e-03
8.892465239944656596e-04
8.893071314437752317e-04
1.981797388462886410e-03
4.723066627547061781e-03
2.319030806374947420e-03
5.071238530938952140e-03
3.602046023826832675e-03
4.324406765020029353e-03
6.425636527556869045e-03
1.655070270997826198e-03
1.306639254550610906e-03
6.431810170581054968e-03
