8.180335611104965210e-01
4.805618610698729753e-01
6.708861519582569599e-01
6.932039749808609486e-01
6.956030500587075949e-01
8.833665170241147280e-01
7.859638149384409189e-01
7.698681820183992386e-01
8.843154080677777529e-01
7.639452370349317789e-01
9.557556801009923220e-01
7.874300598632544279e-01
7.233717378694564104e-01
8.681385361123830080e-01
6.560029960237443447e-01
8.860012928489595652e-01
6.510600359179079533e-01
6.780331039335578680e-01
6.571970260702073574e-01
6.921168828848749399e-01
8.859193930402398109e-01
6.330464680213481188e-01
5.733886731322854757e-01
8.281299720983952284e-01
8.005933579988777637e-01
8.017017538659274578e-01
8.021220308728516102e-01
7.744569540955126286e-01
7.128340441267937422e-01
7.547032169532030821e-01
6.769448327831923962e-01
6.850312659516930580e-01
6.359813928138464689e-01
5.003954451531171799e-01
6.825380581431090832e-01
5.397250230889767408e-01
6.724316710606217384e-01
6.925133899785578251e-01
6.705257419962435961e-01
6.298231258988380432e-01
5.918816111516207457e-01
5.561403771862387657e-01
4.725760649889707565e-01
4.547561591025441885e-01
5.655654200818389654e-01
6.102008658926934004e-01
6.207371039781719446e-01
5.656636289786547422e-01
5.329628970939666033e-01
6.144361691549420357e-01
6.607461140956729650e-01
6.802579630166292191e-01
5.353152661118656397e-01
6.514084818772971630e-01
6.068349808920174837e-01
5.816789078526198864e-01
4.731823699548840523e-01
5.629490411374717951e-01
5.324824862182140350e-01
5.849101080093532801e-01
4.195345910266041756e-01
5.920118479989469051e-01
6.506569678895175457e-01
4.276199359446763992e-01
4.506749000865966082e-01
4.802534049376845360e-01
6.641264550853520632e-01
5.348939527757465839e-01
6.366638320032507181e-01
5.359341860748827457e-01
6.394172988366335630e-01
5.975197379011660814e-01
5.360417689662426710e-01
5.365022269543260336e-01
5.999631278682500124e-01
4.660643849056214094e-01
6.241646888665854931e-01
5.350461821071803570e-01
5.721887659747153521e-01
6.197311889845877886e-01
6.242327201180160046e-01
4.698892529122531414e-01
6.486159800551831722e-01
5.849359841085970402e-01
5.994284648913890123e-01
4.463795169722288847e-01
7.864522018935531378e-01
7.149731309618800879e-01
7.243779920972883701e-01
6.190316369757056236e-01
5.668341121636331081e-01
6.561991148628294468e-01
5.450245039537549019e-01
5.847672929521650076e-01
4.359372209291905165e-01
4.832941840868443251e-01
5.820161909796297550e-01
5.970992681104689837e-01
4.575300910510122776e-01
6.017579999752342701e-01
5.842953778337687254e-01
4.845865650568157434e-01
4.441845680121332407e-01
6.602427370380610228e-01
6.595789189450442791e-01
6.391744189895689487e-01
6.909218239597976208e-01
6.298708301037549973e-01
4.676577029749751091e-01
5.920483700465410948e-01
5.714636989869177341e-01
5.753938499838113785e-01
5.726164400111883879e-01
6.160597789566963911e-01
6.187497528735548258e-01
6.254695272073149681e-01
4.580953100230544806e-01
6.797759700566530228e-01
4.500535419210791588e-01
4.740382090676575899e-01
7.979520140215754509e-01
6.724312989972531796e-01
6.726662521250545979e-01
6.731291948817670345e-01
6.697039999999105930e-01
6.607463089749217033e-01
5.901164540555328131e-01
5.562252681702375412e-01
6.397985748481005430e-01
5.529854560736566782e-01
5.884161808062344790e-01
4.266860608477145433e-01
5.859356960281729698e-01
4.770553179550915956e-01
5.919224601238965988e-01
6.144896738696843386e-01
5.807807389646768570e-01
6.111098879482597113e-01
6.603621379472315311e-01
5.115068799350410700e-01
7.019054908305406570e-01
7.021285579539835453e-01
7.028322839178144932e-01
4.224190991371870041e-01
4.200817591045051813e-01
5.894050728529691696e-01
4.807328430470079184e-01
5.549860789906233549e-01
5.916944309137761593e-01
6.393749068956822157e-01
5.725214928388595581e-01
6.081720099318772554e-01
4.960807468742132187e-01
6.726347778458148241e-01
6.193966751452535391e-01
5.395658430643379688e-01
6.304542948491871357e-01
7.468563499860465527e-01
6.658972988370805979e-01
6.820251799654215574e-01
6.046570739708840847e-01
6.001015088986605406e-01
5.753549661021679640e-01
5.532149190548807383e-01
6.274237481411546469e-01
6.524978529196232557e-01
5.782765289768576622e-01
6.407075489405542612e-01
4.378779709804803133e-01
6.438671608921140432e-01
5.880651320330798626e-01
6.825687598902732134e-01
6.198593450244516134e-01
6.808770739007741213e-01
6.633445110637694597e-01
6.611964381299912930e-01
4.887736900709569454e-01
4.795567060355097055e-01
6.285220519639551640e-01
5.247426941059529781e-01
4.776282948441803455e-01
5.835884071420878172e-01
5.728091779164969921e-01
5.358386340085417032e-01
6.873796489089727402e-01
6.560742950532585382e-01
5.464835311286151409e-01
5.735901659354567528e-01
6.206485028378665447e-01
6.841094710398465395e-01
7.058217248413711786e-01
6.731374689843505621e-01
4.905285220593214035e-01
4.602407461497932673e-01
4.678689339198172092e-01
5.801018378697335720e-01
4.723497009836137295e-01
5.129934609867632389e-01
4.832686630543321371e-01
4.758883761242032051e-01
6.464297270867973566e-01
5.508461580611765385e-01
6.156396409496665001e-01
5.892432287801057100e-01
7.161620289552956820e-01
6.833372700493782759e-01
5.412011120934039354e-01
6.428587541449815035e-01
5.395237689372152090e-01
6.423320509493350983e-01
6.617800800595432520e-01
6.621828710194677114e-01
5.696287108585238457e-01
4.781232979148626328e-01
5.682436211500316858e-01
5.722322149667888880e-01
5.697610899806022644e-01
5.476866939570754766e-01
6.473304340615868568e-01
5.945873428136110306e-01
4.657035479322075844e-01
4.771542788948863745e-01
4.719217671081423759e-01
5.351957120001316071e-01
6.810477480757981539e-01
7.110997340641915798e-01
6.290802799630910158e-01
5.882009530905634165e-01
6.908639119938015938e-01
6.817511739209294319e-01
4.714560050051659346e-01
4.710094209294766188e-01
6.314606710802763700e-01
4.551632099319249392e-01
5.939075211063027382e-01
4.107193429954349995e-01
4.579458460211753845e-01
6.291102729737758636e-01
7.140831139404326677e-01
5.366275429259985685e-01
6.403826279565691948e-01
6.929151671938598156e-01
6.297310208901762962e-01
6.192528510000556707e-01
6.125787850469350815e-01
6.458045628387480974e-01
4.720722378697246313e-01
5.847683488391339779e-01
5.631154519505798817e-01
4.444873239845037460e-01
5.689632559660822153e-01
5.163729009218513966e-01
5.535072130151093006e-01
4.816119230818003416e-01
5.405768109485507011e-01
5.279243148397654295e-01
6.005010679364204407e-01
7.045012800954282284e-01
5.379550280049443245e-01
4.792814669199287891e-01
6.198520199395716190e-01
7.043569609522819519e-01
7.019572569988667965e-01
5.860634101554751396e-01
4.883415510412305593e-01
4.811878029722720385e-01
5.742768389172852039e-01
3.824852849356830120e-01
6.511223039124161005e-01
6.652280450798571110e-01
5.773831319529563189e-01
6.501022500451654196e-01
6.724278819747269154e-01
7.567274009343236685e-01
6.130455550737679005e-01
5.422217219602316618e-01
6.164553689304739237e-01
5.651695691049098969e-01
5.379877609666436911e-01
5.396283739246428013e-01
4.788568641524761915e-01
5.954252139199525118e-01
5.485998131334781647e-01
6.030269039329141378e-01
4.487071600742638111e-01
5.415496500208973885e-01
4.713057528715580702e-01
5.508891791105270386e-01
4.442216129973530769e-01
6.506761510390788317e-01
5.373184070922434330e-01
6.096307639963924885e-01
5.999044359195977449e-01
5.364070720970630646e-01
6.084027132019400597e-01
4.815669339150190353e-01
4.098502818960696459e-01
5.414831170346587896e-01
5.857175900600850582e-01
4.439037139527499676e-01
5.727262739092111588e-01
4.704676719848066568e-01
5.384565449785441160e-01
4.241926081012934446e-01
4.784886690322309732e-01
5.253210871014744043e-01
7.645661169663071632e-01
7.060171300545334816e-01
6.713513429276645184e-01
4.683065169956535101e-01
5.990243998821824789e-01
7.130188650917261839e-01
6.194691448472440243e-01
6.565732439048588276e-01
5.399533009622246027e-01
5.611958620138466358e-01
4.687181790359318256e-01
4.188893570099025965e-01
5.469874760601669550e-01
4.800677420571446419e-01
5.693301879800856113e-01
6.241911179386079311e-01
4.259147059638053179e-01
4.232882990036159754e-01
5.736166979186236858e-01
6.454218518920242786e-01
6.410502830985933542e-01
6.430006159935146570e-01
6.736278519965708256e-01
6.624111069831997156e-01
5.010179511737078428e-01
4.719919890630990267e-01
5.504217429552227259e-01
5.278568179346621037e-01
4.752484820783138275e-01
4.822265959810465574e-01
4.800359508953988552e-01
4.108142149634659290e-01
6.424656619783490896e-01
5.484922160394489765e-01
6.428379639983177185e-01
4.996115188114345074e-01
6.615809251088649035e-01
6.398794660344719887e-01
5.350788889918476343e-01
6.838890779763460159e-01
6.488111629150807858e-01
6.403664129320532084e-01
4.013951628003269434e-01
5.999764287844300270e-01
5.383610751014202833e-01
6.284096431918442249e-01
5.813232010696083307e-01
5.824297510553151369e-01
6.468788869678974152e-01
4.729555638041347265e-01
6.055865320377051830e-01
6.377321428153663874e-01
5.833485161419957876e-01
6.184767640661448240e-01
4.787150879856199026e-01
7.124093859456479549e-01
5.363485540729016066e-01
5.006383419968187809e-01
6.290350069757550955e-01
5.367972780950367451e-01
4.797617148142307997e-01
6.303088259883224964e-01
4.630665720906108618e-01
6.251902321819216013e-01
4.640954521019011736e-01
5.228686700575053692e-01
4.717945440206676722e-01
4.808360210154205561e-01
5.931979031302034855e-01
5.747400219552218914e-01
5.357751580886542797e-01
6.646075048483908176e-01
7.059068290982395411e-01
5.006550219841301441e-01
5.901828601490706205e-01
6.002492050174623728e-01
5.381842900533229113e-01
4.841870549134910107e-01
5.662992650177329779e-01
5.309040800202637911e-01
5.294350199401378632e-01
5.655571101233363152e-01
5.713382319081574678e-01
5.411240090616047382e-01
4.355463981628417969e-01
4.797160062007606030e-01
3.902123358566313982e-01
4.352979951072484255e-01
5.382735989987850189e-01
6.011007078923285007e-01
6.104150901082903147e-01
5.377350018825381994e-01
5.224039009772241116e-01
7.048033699393272400e-01
5.229588299989700317e-01
5.619200649671256542e-01
4.313728660345077515e-01
5.702861889731138945e-01
6.129977160599082708e-01
5.835486520081758499e-01
4.113045749254524708e-01
4.289259561337530613e-01
3.916934239678084850e-01
5.578228039667010307e-01
5.928599180188030005e-01
4.726433199830353260e-01
6.639977700542658567e-01
6.510915670078247786e-01
5.306798790115863085e-01
6.414452728349715471e-01
4.682286870665848255e-01
6.310929721221327782e-01
6.634337420109659433e-01
5.971516689751297235e-01
4.742396050132811069e-01
3.677546060644090176e-01
5.801700470037758350e-01
5.747739679645746946e-01
4.737367930356413126e-01
4.373163848649710417e-01
5.548427780158817768e-01
4.464924780186265707e-01
5.841265940107405186e-01
5.505602490156888962e-01
6.574691080022603273e-01
4.693903869483619928e-01
5.436599189415574074e-01
6.893920630682259798e-01
6.022638941649347544e-01
6.063224838580936193e-01
6.525076481048017740e-01
6.049478061031550169e-01
5.299678461160510778e-01
5.793344369158148766e-01
5.674240731168538332e-01
4.761590480338782072e-01
6.416114589665085077e-01
4.716828439850360155e-01
3.395311841741204262e-01
5.826761859934777021e-01
5.365520368795841932e-01
5.687773760873824358e-01
6.094971220009028912e-01
6.608764408156275749e-01
6.220741479191929102e-01
5.372451120056211948e-01
6.836621090769767761e-01
6.622486370615661144e-01
6.539189021568745375e-01
4.613892009947448969e-01
3.588233122136443853e-01
5.954234939999878407e-01
4.761136050801724195e-01
5.683572040870785713e-01
4.308149509597569704e-01
5.514169498346745968e-01
4.565668751019984484e-01
5.375901849474757910e-01
4.053829330950975418e-01
7.133244408760219812e-01
5.886530689895153046e-01
5.382606890052556992e-01
5.359683758579194546e-01
5.323480991646647453e-01
6.193309540394693613e-01
6.107959819491952658e-01
4.768637558445334435e-01
4.423191698733717203e-01
4.813254638575017452e-01
5.626924240496009588e-01
4.795654700137674809e-01
3.829922731965780258e-01
5.396622889675199986e-01
6.065689418464899063e-01
4.593217270448803902e-01
5.764850080013275146e-01
6.484284340403974056e-01
4.858459688257426023e-01
5.387516040354967117e-01
7.063470750581473112e-01
6.635339618660509586e-01
5.387193348724395037e-01
6.305574360303580761e-01
4.240239309147000313e-01
5.412662250455468893e-01
5.917835929431021214e-01
4.406002250034362078e-01
4.323097139131277800e-01
4.740774480160325766e-01
4.805737980641424656e-01
5.351227808278053999e-01
5.439998591318726540e-01
4.435720660258084536e-01
6.119040909688919783e-01
4.380877260118722916e-01
5.384304998442530632e-01
6.415217481553554535e-01
5.989747510757297277e-01
5.107539170421659946e-01
6.183985671959817410e-01
4.479804390575736761e-01
5.814650470856577158e-01
5.894037710968405008e-01
4.781323079951107502e-01
5.366479288786649704e-01
4.778207079507410526e-01
4.284206249285489321e-01
5.063283040653914213e-01
5.588799829129129648e-01
5.754821621812880039e-01
4.819861128926277161e-01
4.746043509803712368e-01
5.503337970003485680e-01
6.323038230184465647e-01
6.084267850965261459e-01
5.213147830218076706e-01
6.520077800378203392e-01
5.379205630160868168e-01
4.679659290704876184e-01
5.996017330326139927e-01
4.721816910896450281e-01
5.281764559913426638e-01
5.624356339685618877e-01
5.568609719630330801e-01
4.798588668927550316e-01
5.244583289604634047e-01
4.627242719288915396e-01
5.440533999353647232e-01
5.380643690004944801e-01
6.281591658480465412e-01
4.046943369321525097e-01
7.149117588996887207e-01
6.718238850589841604e-01
5.993797730188816786e-01
6.108991610817611217e-01
5.369269030634313822e-01
6.072401870042085648e-01
4.694523380603641272e-01
5.801185870077461004e-01
4.429705578368157148e-01
5.389450059738010168e-01
4.807074610143899918e-01
4.767801009584218264e-01
4.664922030642628670e-01
4.570497898384928703e-01
5.745564450044184923e-01
5.314649890642613173e-01
4.106525990646332502e-01
6.801170781254768372e-01
5.386202768422663212e-01
6.592031761538237333e-01
5.009599560871720314e-01
5.372434270102530718e-01
5.974273500032722950e-01
5.365576741751283407e-01
4.952523580286651850e-01
3.437032750807702541e-01
4.606820449698716402e-01
6.569285248406231403e-01
5.554314618930220604e-01
5.284550581127405167e-01
5.301834859419614077e-01
5.753427350427955389e-01
4.795312520582228899e-01
4.694406641647219658e-01
5.588296139612793922e-01
5.313090209383517504e-01
6.294383490458130836e-01
5.364125980995595455e-01
5.373212890699505806e-01
5.379542040172964334e-01
6.730924099683761597e-01
6.504469430074095726e-01
5.016948869451880455e-01
5.732310989405959845e-01
5.285364761948585510e-01
5.604219757951796055e-01
4.841023432090878487e-01
4.871089190710335970e-01
4.865729298908263445e-01
4.778471060562878847e-01
4.503707168623805046e-01
5.920279540587216616e-01
5.542328539304435253e-01
5.931584369391202927e-01
6.832093580160290003e-01
5.375421841163188219e-01
4.796147900633513927e-01
5.095101338811218739e-01
6.184381428174674511e-01
5.378686471376568079e-01
5.390933700837194920e-01
4.478092270437628031e-01
5.540024139918386936e-01
3.906645558308809996e-01
5.607446350622922182e-01
5.349603008944541216e-01
4.739677840843796730e-01
5.317024390678852797e-01
5.414240830577909946e-01
3.950161598622798920e-01
5.563503860030323267e-01
5.616352530196309090e-01
5.902473751921206713e-01
4.575429290998727083e-01
4.779624179936945438e-01
6.086278988514095545e-01
5.001248610205948353e-01
6.086712470278143883e-01
5.103713439311832190e-01
5.974779590032994747e-01
5.497363149188458920e-01
4.693576348945498466e-01
5.645650757942348719e-01
6.013171258382499218e-01
4.287704080343246460e-01
5.541970569174736738e-01
5.653502950444817543e-01
4.714308041147887707e-01
5.906704098451882601e-01
6.807983759790658951e-01
4.463090179488062859e-01
6.622068190481513739e-01
6.920919420663267374e-01
7.049578621517866850e-01
6.816579520236700773e-01
7.129637580364942551e-01
5.388442741241306067e-01
4.725851949770003557e-01
4.682831279933452606e-01
4.169308659620583057e-01
4.833328521344810724e-01
4.170825330074876547e-01
4.708896600641310215e-01
5.436640228144824505e-01
4.691300450358539820e-01
4.040527369361370802e-01
5.719566980842500925e-01
5.460039270110428333e-01
6.449767020530998707e-01
6.287610139697790146e-01
6.412068579811602831e-01
6.081536009442061186e-01
6.405024998821318150e-01
5.193383118603378534e-01
5.379532529041171074e-01
6.120767560787498951e-01
6.099725929088890553e-01
5.565997399389743805e-01
4.712921518366783857e-01
5.266563910990953445e-01
5.486342669464647770e-01
3.713747500441968441e-01
5.334027209319174290e-01
5.438015889376401901e-01
5.478570281993597746e-01
6.416822699829936028e-01
5.375913209281861782e-01
5.371727480087429285e-01
6.522833120543509722e-01
6.820053018163889647e-01
5.322452061809599400e-01
6.084670640993863344e-01
4.607172471005469561e-01
5.499244199600070715e-01
5.720041629392653704e-01
4.102538619190454483e-01
3.954624019097536802e-01
4.754092618823051453e-01
4.373844410292804241e-01
5.667009889148175716e-01
4.612532609608024359e-01
4.686384620144963264e-01
5.350072169676423073e-01
5.839272078592330217e-01
5.221961769275367260e-01
6.334127609152346849e-01
6.309730180073529482e-01
4.893640249501913786e-01
5.386887190397828817e-01
5.138091719709336758e-01
6.213776268996298313e-01
5.950065050274133682e-01
6.859605091158300638e-01
5.759354890324175358e-01
5.373142550233751535e-01
5.481529869139194489e-01
4.563068801071494818e-01
4.712410769425332546e-01
5.918076820671558380e-01
6.087637641467154026e-01
5.502586609218269587e-01
6.522554748225957155e-01
5.373996028210967779e-01
5.314365811645984650e-01
6.096281509380787611e-01
4.481641841121017933e-01
6.097847090568393469e-01
5.035910219885408878e-01
5.711892761755734682e-01
4.875472160056233406e-01
4.909894401207566261e-01
5.983799789100885391e-01
4.132871979381889105e-01
5.373552001547068357e-01
5.708088630344718695e-01
5.745621069800108671e-01
4.845482599921524525e-01
5.333171030506491661e-01
4.719707830809056759e-01
5.299542639404535294e-01
5.992246500682085752e-01
5.129367180634289980e-01
6.102470338810235262e-01
4.367206329479813576e-01
6.330363438464701176e-01
5.378048000857234001e-01
5.916712800972163677e-01
4.350015770178288221e-01
4.424221611116081476e-01
4.713134849444031715e-01
5.473114470951259136e-01
5.935812399256974459e-01
5.417898690793663263e-01
5.416686849202960730e-01
4.469586829654872417e-01
5.642786731477826834e-01
3.998124380595982075e-01
6.207822309806942940e-01
5.395397411193698645e-01
6.107553748879581690e-01
5.381219149567186832e-01
5.394784130621701479e-01
5.976185279432684183e-01
4.813734318595379591e-01
6.191888949833810329e-01
4.712749170139431953e-01
4.880138880107551813e-01
5.336509470362216234e-01
4.694293891079723835e-01
3.929428989067673683e-01
4.628459578379988670e-01
4.465689850039780140e-01
4.266152249183505774e-01
5.407946510240435600e-01
4.268515410367399454e-01
5.667404870036989450e-01
6.131569459103047848e-01
6.326865348964929581e-01
6.226381810847669840e-01
6.237087280023843050e-01
7.050888040103018284e-01
5.397021300159394741e-01
4.752337799873203039e-01
5.591347650624811649e-01
5.847894761245697737e-01
5.754119579214602709e-01
4.140467790421098471e-01
5.909349720459431410e-01
4.858027079608291388e-01
4.279976529069244862e-01
5.418037979397922754e-01
4.224410150200128555e-01
4.147988399490714073e-01
6.614442919380962849e-01
5.383346490561962128e-01
7.053811640944331884e-01
5.397764870431274176e-01
5.363984617870301008e-01
4.281144370324909687e-01
6.417117128148674965e-01
4.315707779023796320e-01
4.738632307853549719e-01
4.642789571080356836e-01
6.522725310642272234e-01
5.498126589227467775e-01
6.302390021737664938e-01
4.799568969756364822e-01
4.719366081990301609e-01
5.951946130953729153e-01
3.128069210797548294e-01
6.476126308552920818e-01
6.183418228756636381e-01
5.384389318060129881e-01
5.315574740525335073e-01
5.384419229812920094e-01
6.180756620597094297e-01
7.123336801305413246e-01
6.705057530198246241e-01
5.663071351591497660e-01
6.406684559769928455e-01
4.703768128529191017e-01
3.400300741195678711e-01
5.971611200366169214e-01
5.593756018206477165e-01
4.717928590252995491e-01
6.394347478635609150e-01
5.394197180867195129e-01
5.479604180436581373e-01
4.808285178150981665e-01
5.994639240670949221e-01
6.006528891157358885e-01
6.322889230214059353e-01
4.801850831136107445e-01
6.221889050211757421e-01
5.369855198077857494e-01
5.315220139455050230e-01
5.249159699305891991e-01
5.558872278779745102e-01
5.595827868673950434e-01
5.389681588858366013e-01
4.310596261639147997e-01
4.726888721343129873e-01
4.395873199682682753e-01
6.242811209522187710e-01
4.554517911747097969e-01
5.476939701475203037e-01
4.906287419144064188e-01
6.398946060799062252e-01
6.411698118317872286e-01
5.378967218566685915e-01
6.512949159368872643e-01
6.821591190528124571e-01
4.890906868968158960e-01
4.997021527960896492e-01
5.325802669394761324e-01
5.669072200544178486e-01
5.279736721422523260e-01
5.490464821923524141e-01
4.731086050160229206e-01
5.425525619648396969e-01
4.443996800109744072e-01
5.704712329898029566e-01
5.309151178225874901e-01
6.602765209972858429e-01
5.511729938443750143e-01
4.781185910105705261e-01
7.241393791045993567e-01
5.314620761200785637e-01
6.185562449973076582e-01
5.098151830025017262e-01
6.589832808822393417e-01
6.709897289983928204e-01
4.990922240540385246e-01
5.261434961576014757e-01
6.801297548227012157e-01
4.430115469731390476e-01
4.678475549444556236e-01
5.568436470348387957e-01
5.512046578805893660e-01
5.375530610326677561e-01
4.351563979871571064e-01
5.764272771775722504e-01
7.143389240372925997e-01
5.384319841396063566e-01
6.316918120719492435e-01
4.474575978238135576e-01
6.198031299281865358e-01
4.478625191841274500e-01
4.865158291067928076e-01
5.656880200840532780e-01
5.382680059410631657e-01
4.832434661220759153e-01
5.509490540716797113e-01
5.411696878727525473e-01
4.770609540864825249e-01
4.372937250882387161e-01
4.827950128819793463e-01
4.855464559514075518e-01
5.803278770763427019e-01
4.408812839537858963e-01
4.623438790440559387e-01
5.401898259297013283e-01
5.373055380769073963e-01
6.396415480412542820e-01
4.699805260170251131e-01
5.228211788926273584e-01
6.550495459232479334e-01
6.344300471246242523e-01
5.381895699538290501e-01
6.020099329762160778e-01
5.881261159665882587e-01
5.746556478552520275e-01
4.685649981256574392e-01
5.812234277836978436e-01
4.224463691934943199e-01
4.842454229947179556e-01
6.473165308125317097e-01
4.757342720404267311e-01
6.158487170469015837e-01
6.832646990660578012e-01
6.184098499361425638e-01
6.320062500890344381e-01
5.357775648590177298e-01
7.044109951239079237e-01
5.363077910151332617e-01
5.864357799291610718e-01
5.201291458215564489e-01
5.781997952144593000e-01
4.353092780802398920e-01
4.716871909331530333e-01
3.766270340420305729e-01
5.474117258563637733e-01
4.848811649717390537e-01
5.695261189248412848e-01
4.860387470107525587e-01
6.533433799631893635e-01
5.317397830076515675e-01
4.698751161340624094e-01
5.097630750387907028e-01
6.408986509777605534e-01
6.300491178408265114e-01
5.383418160490691662e-01
4.713203271385282278e-01
4.594165720045566559e-01
4.753284500911831856e-01
5.351446361746639013e-01
5.364260389469563961e-01
5.379959309939295053e-01
4.015284241177141666e-01
4.639327218756079674e-01
5.381092950701713562e-01
5.903338389471173286e-01
5.982934639323502779e-01
5.382731140125542879e-01
6.213290491141378880e-01
6.010335760656744242e-01
5.372492009773850441e-01
5.013435371220111847e-01
3.874501539394259453e-01
5.924558530095964670e-01
4.182654200121760368e-01
5.550689231604337692e-01
3.762001269496977329e-01
4.847002690657973289e-01
4.726973110809922218e-01
5.870012519881129265e-01
5.260476770345121622e-01
5.002544738817960024e-01
5.984538439661264420e-01
5.367075300309807062e-01
4.467913100961595774e-01
6.093156619463115931e-01
5.303066610358655453e-01
6.068994808010756969e-01
5.693483490031212568e-01
5.279111070558428764e-01
5.876142031047493219e-01
4.829101690556854010e-01
4.858753751032054424e-01
4.787738709710538387e-01
5.290108108893036842e-01
4.754010571632534266e-01
4.816446080803871155e-01
5.397873059846460819e-01
5.067314829211682081e-01
6.934492380823940039e-01
6.100714509375393391e-01
6.605288740247488022e-01
5.376541770529001951e-01
5.228620839770883322e-01
5.489164511673152447e-01
4.789384051691740751e-01
5.959061768371611834e-01
5.525270910002291203e-01
5.421296029817312956e-01
4.146221880801022053e-01
4.754622669424861670e-01
5.849083170760422945e-01
5.434722600039094687e-01
4.147661291062831879e-01
6.025509589817374945e-01
6.455601139459758997e-01
5.220237809699028730e-01
5.310113169252872467e-01
6.000620119739323854e-01
6.212273119017481804e-01
6.417115118820220232e-01
6.650001269299536943e-01
4.947752589359879494e-01
6.513304382096976042e-01
4.230722258798778057e-01
4.824079959653317928e-01
4.857749459333717823e-01
4.587562980595976114e-01
5.555733211804181337e-01
4.754898010287433863e-01
5.722205531783401966e-01
6.307742740027606487e-01
5.727635731454938650e-01
6.065734170842915773e-01
6.202112119644880295e-01
5.374497689772397280e-01
6.105173020623624325e-01
5.390357058495283127e-01
5.385496541857719421e-01
5.910465738270431757e-01
5.687192548066377640e-01
5.511874901130795479e-01
6.431053688284009695e-01
5.387108230497688055e-01
5.368571227882057428e-01
5.316926038358360529e-01
3.959748691413551569e-01
5.523392739705741405e-01
4.857384280767291784e-01
5.848510838113725185e-01
4.725948299746960402e-01
5.998426340520381927e-01
6.004524510353803635e-01
5.985289260279387236e-01
5.359384261537343264e-01
5.315007499884814024e-01
5.396924358792603016e-01
5.495971040800213814e-01
3.961166020017117262e-01
5.615034820511937141e-01
4.857740020379424095e-01
5.833554959390312433e-01
5.859120259992778301e-01
6.216188268736004829e-01
5.542070770170539618e-01
3.935512420721352100e-01
5.540537361521273851e-01
5.589562838431447744e-01
5.667510230559855700e-01
5.302287701051682234e-01
6.210789079777896404e-01
4.692328250966966152e-01
5.994437709450721741e-01
4.791938660200685263e-01
4.685267130844295025e-01
7.043394390493631363e-01
5.950685050338506699e-01
5.937170020770281553e-01
3.871583109721541405e-01
4.079230111092329025e-01
5.407635560259222984e-01
4.867676768917590380e-01
5.702588050626218319e-01
4.819715470075607300e-01
5.599460331723093987e-01
4.753606449812650681e-01
6.548637519590556622e-01
5.320499660447239876e-01
5.313672020565718412e-01
6.196262890007346869e-01
5.398139208555221558e-01
5.380585750099271536e-01
5.395386409945785999e-01
4.741365490481257439e-01
5.619105410296469927e-01
4.686639809515327215e-01
5.664489679038524628e-01
4.822566569782793522e-01
5.351596269756555557e-01
4.218212021514773369e-01
5.703312458936125040e-01
4.459225460886955261e-01
4.433569798711687326e-01
5.541776551399379969e-01
4.746052399277687073e-01
4.739500379655510187e-01
5.364212240092456341e-01
6.233630930073559284e-01
5.215407100040465593e-01
5.395609699189662933e-01
6.000554510392248631e-01
4.372215850744396448e-01
5.382417989894747734e-01
5.985402751248329878e-01
4.789621650706976652e-01
5.463843129109591246e-01
5.205310988239943981e-01
5.688899031374603510e-01
5.793331880122423172e-01
5.714716429356485605e-01
6.116858730092644691e-01
4.166674579028040171e-01
6.087160678580403328e-01
6.221717991866171360e-01
6.632937111426144838e-01
6.210554430726915598e-01
6.629112299997359514e-01
7.057750369422137737e-01
4.700052000116556883e-01
4.094557941425591707e-01
4.775109898764640093e-01
5.413930029608309269e-01
4.748340148944407701e-01
4.719858178868889809e-01
5.445068769622594118e-01
3.967733660247176886e-01
6.391614947933703661e-01
5.972461099736392498e-01
4.071155299898236990e-01
5.820754698943346739e-01
4.103699529077857733e-01
6.113890609703958035e-01
4.681335079949349165e-01
5.367262950167059898e-01
6.191899261903017759e-01
5.980106058996170759e-01
5.387659310363233089e-01
6.630083180498331785e-01
4.944775758776813745e-01
4.634180059656500816e-01
5.794856839347630739e-01
5.486669649835675955e-01
6.058031911961734295e-01
5.874143990222364664e-01
6.302073600236326456e-01
4.470715250354260206e-01
4.011430849786847830e-01
6.251798688899725676e-01
3.805872951634228230e-01
4.387029700446873903e-01
6.192104150541126728e-01
5.005220519378781319e-01
6.216584870126098394e-01
5.309718500357121229e-01
6.409477479755878448e-01
6.427704098168760538e-01
4.879639928694814444e-01
4.837925429455935955e-01
4.742430797778069973e-01
5.639122459106147289e-01
4.859603811055421829e-01
4.891519059892743826e-01
3.919782969169318676e-01
4.826513209845870733e-01
5.790232189465314150e-01
5.692412809003144503e-01
5.636224879417568445e-01
5.607088671531528234e-01
4.764330741018056870e-01
5.313687019515782595e-01
5.380975198931992054e-01
5.312011160422116518e-01
6.614474379457533360e-01
5.367993791587650776e-01
4.036750551313161850e-01
6.021136669442057610e-01
5.882598808966577053e-01
4.614289461169391870e-01
4.270604618359357119e-01
4.590111670549958944e-01
4.778290770482271910e-01
3.959519960917532444e-01
5.259137691464275122e-01
5.235198962036520243e-01
4.620371388737112284e-01
5.723454179242253304e-01
5.204969139304012060e-01
5.373852550983428955e-01
5.388059369288384914e-01
5.382310000713914633e-01
6.726952160242944956e-01
5.326459719799458981e-01
5.374736599624156952e-01
5.753314751200377941e-01
5.775533120613545179e-01
4.824819460045546293e-01
4.759659050032496452e-01
5.805661270860582590e-01
5.773877650499343872e-01
5.104264151304960251e-01
5.472206620033830404e-01
4.704453658778220415e-01
4.724168570246547461e-01
4.103457259479910135e-01
5.425935171078890562e-01
6.088449519593268633e-01
5.327191438991576433e-01
5.367027840111404657e-01
6.404421960469335318e-01
6.088153701275587082e-01
6.187534588389098644e-01
4.418402940500527620e-01
5.757654770277440548e-01
5.786464740522205830e-01
4.775335059966892004e-01
5.314701881725341082e-01
5.795119809918105602e-01
5.334642259404063225e-01
5.460439429152756929e-01
5.584575468674302101e-01
5.323513471521437168e-01
5.517733839806169271e-01
4.693100498989224434e-01
6.008165359962731600e-01
4.808337518479675055e-01
5.400448772124946117e-01
6.227296239230781794e-01
6.520788650959730148e-01
6.461850539781153202e-01
4.603135408833622932e-01
4.813230680301785469e-01
4.559014658443629742e-01
4.572368930093944073e-01
5.953493600245565176e-01
3.791031099390238523e-01
5.250157651025801897e-01
5.890829679556190968e-01
4.778792629949748516e-01
5.573878278955817223e-01
5.676335059106349945e-01
4.897505710832774639e-01
6.005274930503219366e-01
5.373941129073500633e-01
6.089318569283932447e-01
6.313514921348541975e-01
6.738360389135777950e-01
6.643449170514941216e-01
6.358452769927680492e-01
4.456947930157184601e-01
5.405533949378877878e-01
5.572452680207788944e-01
5.657033270690590143e-01
4.229564957786351442e-01
4.746870310045778751e-01
5.375944881234318018e-01
5.309520568698644638e-01
4.708132750820368528e-01
4.480368441436439753e-01
6.296201189979910851e-01
5.106252641417086124e-01
6.622261130250990391e-01
6.600955422036349773e-01
6.807852699421346188e-01
4.906561928801238537e-01
3.964869559276849031e-01
4.824659959413111210e-01
5.484812189824879169e-01
4.782446101307868958e-01
5.113871539942920208e-01
5.442722451407462358e-01
4.089488328900188208e-01
5.397991458885371685e-01
5.372717240825295448e-01
6.082374819088727236e-01
6.615264350548386574e-01
6.506618508137762547e-01
5.885436849202960730e-01
6.292992199305444956e-01
4.380794011522084475e-01
4.002377002034336329e-01
4.815560290589928627e-01
4.769626520574092865e-01
4.227674959693104029e-01
5.948156900703907013e-01
4.285619021393358707e-01
4.766589719802141190e-01
5.413469851482659578e-01
4.831151871476322412e-01
5.673161251470446587e-01
4.296769939828664064e-01
5.455423051025718451e-01
6.180242160335183144e-01
5.108166490681469440e-01
5.391252401750534773e-01
4.067060959059745073e-01
6.088802579324692488e-01
4.798590941354632378e-01
4.690599779132753611e-01
6.615982761140912771e-01
3.849645219743251801e-01
5.806858721189200878e-01
4.546196169685572386e-01
5.681234789080917835e-01
3.864099590573459864e-01
5.341153719928115606e-01
5.276652260217815638e-01
6.040439628995954990e-01
5.412668408825993538e-01
4.814341252204030752e-01
6.812543040141463280e-01
6.207931239623576403e-01
5.392849449999630451e-01
5.400213489774614573e-01
5.136360870674252510e-01
4.376508700661361217e-01
5.392001729924231768e-01
4.814068109262734652e-01
5.692444529850035906e-01
5.699189149308949709e-01
4.809578168205916882e-01
4.324601008556783199e-01
4.864211981184780598e-01
4.842575041111558676e-01
4.768537289928644896e-01
4.806813220493495464e-01
5.740571192000061274e-01
3.830904599744826555e-01
6.611951629165560007e-01
4.835647549480199814e-01
5.990888657979667187e-01
5.376707708928734064e-01
5.377673178445547819e-01
6.006628421600908041e-01
4.893312130589038134e-01
6.011971209663897753e-01
5.360918589867651463e-01
5.395460340660065413e-01
4.783068369142711163e-01
5.438748868182301521e-01
5.841453049797564745e-01
5.856138351373374462e-01
5.596164881717413664e-01
5.412141380365937948e-01
5.958931790664792061e-01
5.604201599489897490e-01
4.806199860759079456e-01
6.627156650647521019e-01
6.004061629064381123e-01
6.847126530483365059e-01
5.379004320129752159e-01
6.339967648964375257e-01
4.687499268911778927e-01
6.426239681895822287e-01
4.805660550482571125e-01
5.798591601196676493e-01
3.643087970558553934e-01
5.666423211805522442e-01
5.583425217773765326e-01
5.792371819261461496e-01
4.149439369793981314e-01
4.624426481314003468e-01
4.745461188722401857e-01
5.937588179949671030e-01
6.041866091545671225e-01
4.014667281880974770e-01
5.791577179916203022e-01
6.230229509528726339e-01
6.326323989778757095e-01
6.010647208895534277e-01
5.412767399102449417e-01
5.392566290684044361e-01
6.328988969326019287e-01
5.959447529166936874e-01
4.750203341245651245e-01
4.181483450811356306e-01
4.677603191230446100e-01
5.596792390570044518e-01
5.498129909392446280e-01
5.644372948445379734e-01
4.138337478507310152e-01
5.733320291619747877e-01
4.850595691241323948e-01
6.516871009953320026e-01
4.686529731843620539e-01
6.616220930591225624e-01
5.222577571403235197e-01
5.393130460288375616e-01
6.525751519948244095e-01
4.852120289579033852e-01
5.625394589733332396e-01
3.857333750929683447e-01
4.762988239526748657e-01
5.649666530080139637e-01
5.183880291879177094e-01
5.920739050488919020e-01
5.395897570997476578e-01
5.918937441892921925e-01
5.663034359458833933e-01
4.853432979434728622e-01
5.179747720248997211e-01
5.822420830372720957e-01
6.012177818920463324e-01
6.624720878899097443e-01
7.460378890391439199e-01
5.378954359330236912e-01
6.402058859821408987e-01
6.420887759886682034e-01
5.491578010842204094e-01
5.179076569620519876e-01
4.395737000741064548e-01
5.958807230927050114e-01
4.395575870294123888e-01
4.496483230032026768e-01
6.392496370244771242e-01
5.703997889067977667e-01
5.758712058886885643e-01
5.163709078915417194e-01
4.524285499937832355e-01
5.404005029704421759e-01
5.199459390714764595e-01
5.996463419869542122e-01
6.393537980038672686e-01
5.360820230562239885e-01
5.373010928742587566e-01
5.619368599727749825e-01
5.424321019090712070e-01
4.172176548745483160e-01
4.738592780195176601e-01
4.819712319876998663e-01
5.467799520120024681e-01
5.765544699970632792e-01
4.766154680401086807e-01
4.719811901450157166e-01
4.747402439825236797e-01
4.801968918181955814e-01
3.979443670250475407e-01
4.903479071799665689e-01
4.371171779930591583e-01
5.351958239916712046e-01
4.267574001569300890e-01
4.688015540596097708e-01
6.744653498753905296e-01
6.006042589433491230e-01
4.764622848015278578e-01
4.804919979069381952e-01
3.995718730147927999e-01
4.769186510238796473e-01
4.764372301287949085e-01
5.251451500225812197e-01
6.197258669417351484e-01
4.452642090618610382e-01
4.362258929759263992e-01
5.310883610509335995e-01
4.827630461659282446e-01
4.783897041343152523e-01
6.446713029872626066e-01
6.631329609081149101e-01
5.363460830412805080e-01
4.478896418586373329e-01
5.310247309971600771e-01
6.396266478113830090e-01
5.371887159999459982e-01
4.541694498620927334e-01
4.795820328872650862e-01
5.858690778259187937e-01
6.293217621278017759e-01
5.835952798370271921e-01
5.949205178767442703e-01
5.354805628303438425e-01
4.800354349426925182e-01
4.274958588648587465e-01
5.375236321706324816e-01
5.216642259620130062e-01
5.996410909574478865e-01
4.995109359733760357e-01
4.806586408521980047e-01
5.388221300672739744e-01
6.333323859144002199e-01
7.563554199878126383e-01
5.449845739640295506e-01
5.956183900125324726e-01
4.643119629472494125e-01
5.418104468844830990e-01
3.991809641011059284e-01
4.660942880436778069e-01
5.547167218755930662e-01
6.361196169164031744e-01
4.781988069880753756e-01
5.369443339295685291e-01
5.378965979907661676e-01
4.802349831443279982e-01
5.981110800057649612e-01
6.307482521515339613e-01
5.112621749285608530e-01
6.192087240051478148e-01
5.208074550610035658e-01
5.319915430154651403e-01
6.512647289782762527e-01
4.840215330477803946e-01
5.842838431708514690e-01
4.245971280615776777e-01
4.101795011665672064e-01
4.761702460236847401e-01
5.892673379275947809e-01
5.918418250512331724e-01
4.785564797930419445e-01
5.514659062027931213e-01
4.849202388431876898e-01
5.095761339180171490e-01
4.994961530901491642e-01
5.355411451309919357e-01
6.598716729786247015e-01
5.981704981531947851e-01
5.310811109375208616e-01
5.155511139892041683e-01
5.849795250687748194e-01
4.825565360952168703e-01
5.708246899303048849e-01
5.682633700780570507e-01
6.076838369481265545e-01
5.279017600696533918e-01
5.533033858519047499e-01
4.590823671314865351e-01
5.338267609477043152e-01
5.558609289582818747e-01
4.783908750396221876e-01
6.228403372224420309e-01
6.198039329610764980e-01
4.897001250647008419e-01
6.720486981794238091e-01
5.384976111818104982e-01
4.898942168802022934e-01
5.771879509557038546e-01
5.653209120500832796e-01
5.833812667988240719e-01
5.537543820682913065e-01
5.867728050798177719e-01
4.776708269491791725e-01
5.968392561189830303e-01
4.756289920769631863e-01
4.351690909825265408e-01
5.983070461079478264e-01
5.363147589378058910e-01
5.988796788733452559e-01
6.300481709185987711e-01
5.380691860336810350e-01
5.364110830705612898e-01
6.381089291535317898e-01
6.722364430315792561e-01
4.048820950556546450e-01
5.606996619608253241e-01
5.518795619718730450e-01
5.343801230192184448e-01
4.485118039883673191e-01
4.824843979440629482e-01
5.887718300800770521e-01
4.732680260203778744e-01
5.586846659425646067e-01
3.968062391504645348e-01
5.428774040192365646e-01
5.437986359465867281e-01
5.966409360989928246e-01
5.368657188955694437e-01
4.263998798560351133e-01
5.377191898878663778e-01
5.380529689136892557e-01
5.362807819619774818e-01
7.016686480492353439e-01
6.083582430146634579e-01
4.786385630723088980e-01
5.635329938959330320e-01
4.813482880126684904e-01
4.717694488354027271e-01
4.198492090217769146e-01
4.377826959826052189e-01
5.428128491621464491e-01
4.744937799405306578e-01
4.687342089600861073e-01
4.810003109741955996e-01
6.144482800737023354e-01
5.375500230584293604e-01
4.581339100841432810e-01
6.089039561338722706e-01
5.368267130106687546e-01
7.422567680478096008e-01
5.355867780745029449e-01
4.885799279436469078e-01
4.024853149894624949e-01
3.818112500011920929e-01
5.976863368414342403e-01
6.143099931068718433e-01
5.346471329685300589e-01
4.750808267854154110e-01
5.892379961442202330e-01
4.740556611213833094e-01
5.337479200679808855e-01
5.445897199679166079e-01
5.308459009975194931e-01
5.269387701991945505e-01
5.382166078779846430e-01
5.368796030525118113e-01
5.094952371437102556e-01
6.302609869744628668e-01
5.193968340754508972e-01
6.277506509795784950e-01
4.842153929639607668e-01
5.789133431389927864e-01
5.608464928809553385e-01
4.483852791599929333e-01
6.031027489807456732e-01
4.535844828933477402e-01
4.085354721173644066e-01
5.938858538866043091e-01
4.154662040527909994e-01
5.158612378872931004e-01
5.200843678321689367e-01
6.477853041142225266e-01
6.283586299978196621e-01
5.368605309631675482e-01
6.584783170837908983e-01
4.248540699481964111e-01
5.356882091145962477e-01
5.167316931765526533e-01
4.559230399318039417e-01
5.995274980086833239e-01
5.263332061003893614e-01
5.285705570131540298e-01
4.669851181097328663e-01
4.923120141029357910e-01
5.993288808967918158e-01
5.873209680430591106e-01
5.298508428968489170e-01
4.390900398138910532e-01
4.562867109198123217e-01
7.234531610738486052e-01
5.760837350971996784e-01
6.162136679049581289e-01
5.290623058099299669e-01
5.360959260724484921e-01
4.882969208993017673e-01
4.199770740233361721e-01
5.471170428209006786e-01
3.613098259083926678e-01
4.764816008973866701e-01
5.228563440032303333e-01
4.822058489080518484e-01
4.574800920672714710e-01
4.731508379336446524e-01
5.873436580877751112e-01
3.997248869854956865e-01
4.790678711142390966e-01
4.849993728566914797e-01
5.369163060095161200e-01
6.214821520261466503e-01
4.673033219296485186e-01
5.366389360278844833e-01
5.978360141161829233e-01
6.181242710445076227e-01
5.949221989139914513e-01
5.157041770871728659e-01
3.725245469249784946e-01
4.105164641514420509e-01
5.664608159568160772e-01
5.586741869337856770e-01
4.829481812193989754e-01
5.673597420100122690e-01
4.685984661336988211e-01
5.427580540999770164e-01
5.481491989921778440e-01
6.359362339135259390e-01
5.193109328392893076e-01
5.865047120023518801e-01
5.363491741009056568e-01
6.400034050457179546e-01
5.989566489588469267e-01
6.184482481330633163e-01
6.133162358310073614e-01
5.336610199883580208e-01
4.713322089519351721e-01
3.979010260663926601e-01
5.410163619089871645e-01
6.088249890599399805e-01
5.416320320218801498e-01
5.604386108461767435e-01
4.745065160095691681e-01
5.564239590894430876e-01
5.419092508964240551e-01
4.677393378224223852e-01
4.604856320656836033e-01
4.444559791591018438e-01
5.354062309488654137e-01
5.101121109910309315e-01
4.866966609843075275e-01
5.300541610922664404e-01
5.970612929668277502e-01
5.899515480268746614e-01
3.977517141029238701e-01
4.471055679023265839e-01
4.669996129814535379e-01
5.770640249829739332e-01
4.767279180232435465e-01
4.428354199044406414e-01
4.796480319928377867e-01
6.053478531539440155e-01
5.626164840068668127e-01
5.362345960456877947e-01
5.304102511145174503e-01
5.366848418489098549e-01
4.343660508748143911e-01
5.992167929653078318e-01
7.227338240481913090e-01
6.189171220175921917e-01
4.614864189643412828e-01
5.664019198156893253e-01
5.515500109177082777e-01
3.924236260354518890e-01
5.367523138411343098e-01
4.792937159072607756e-01
4.061462981626391411e-01
5.797679321840405464e-01
4.711058309767395258e-01
5.585399970877915621e-01
4.878040088806301355e-01
6.265239969361573458e-01
6.411249341908842325e-01
6.097213770262897015e-01
5.992798749357461929e-01
6.073427868541330099e-01
6.415031650103628635e-01
4.672420579008758068e-01
5.261688309255987406e-01
5.814948170445859432e-01
4.215681529603898525e-01
6.394212010782212019e-01
4.615856241434812546e-01
6.098011869471520185e-01
4.818597331177443266e-01
6.112322257831692696e-01
4.804556008893996477e-01
4.776669349521398544e-01
5.909532129298895597e-01
5.352044138126075268e-01
6.759596529882401228e-01
5.366567960008978844e-01
7.051006320398300886e-01
6.277414308860898018e-01
5.699303499422967434e-01
4.835552319418638945e-01
4.148775669746100903e-01
5.321911321952939034e-01
3.825103507842868567e-01
5.527871081139892340e-01
4.747421541251242161e-01
5.389800139237195253e-01
4.772444299887865782e-01
5.511375800706446171e-01
4.236725880764424801e-01
5.491685098968446255e-01
5.281687141396105289e-01
5.948499899823218584e-01
5.363428681157529354e-01
6.884646019898355007e-01
5.308331809937953949e-01
5.070493058301508427e-01
4.886184709612280130e-01
5.345264689531177282e-01
4.803953669033944607e-01
5.247858180664479733e-01
4.634853478055447340e-01
4.082591759506613016e-01
5.468107101041823626e-01
4.792502659838646650e-01
4.531013409141451120e-01
5.604746339377015829e-01
5.243920451030135155e-01
5.356078669428825378e-01
4.967400750610977411e-01
5.943735309410840273e-01
5.309326001442968845e-01
7.096794799435883760e-01
5.299731059931218624e-01
5.606649732217192650e-01
4.776844680309295654e-01
5.590665230993181467e-01
5.386169380508363247e-01
4.741913471370935440e-01
5.489227168727666140e-01
4.779071779921650887e-01
5.850040458608418703e-01
5.352452280931174755e-01
4.544409988448023796e-01
3.877634138334542513e-01
5.621297010220587254e-01
5.732895669061690569e-01
5.296881000977009535e-01
6.071607049088925123e-01
4.779178979806602001e-01
4.455620248336344957e-01
5.292149919550865889e-01
5.354726631194353104e-01
6.120229100342839956e-01
4.065388140734285116e-01
3.926365459337830544e-01
5.166818911675363779e-01
4.480569830629974604e-01
5.583407171070575714e-01
4.853019930887967348e-01
6.129739629104733467e-01
5.288403010927140713e-01
5.551139980088919401e-01
4.089691878762096167e-01
5.113961820024996996e-01
6.054490369278937578e-01
6.481287160422652960e-01
5.338806451763957739e-01
6.068141690921038389e-01
5.349938299041241407e-01
5.337930051609873772e-01
4.660022400785237551e-01
4.330097190104424953e-01
5.742997201159596443e-01
4.614470191299915314e-01
3.925645370036363602e-01
4.048134989570826292e-01
4.738351749256253242e-01
4.706712099723517895e-01
4.750806009396910667e-01
6.009723059833049774e-01
5.642882620450109243e-01
5.783516489900648594e-01
4.555597528815269470e-01
5.341929499991238117e-01
5.963180661201477051e-01
6.581150109414011240e-01
6.058463288936764002e-01
5.298399289604276419e-01
4.667373420670628548e-01
5.911391908302903175e-01
4.320144399534910917e-01
4.701937439385801554e-01
5.416814140044152737e-01
5.324519241694360971e-01
4.706156570464372635e-01
4.782289650756865740e-01
5.751530700363218784e-01
5.860681449994444847e-01
5.303862539585679770e-01
5.372443771921098232e-01
5.354148398619145155e-01
4.964465799275785685e-01
6.695877399761229753e-01
4.132969810161739588e-01
6.883403800893574953e-01
5.278760031796991825e-01
5.948726939968764782e-01
3.837328129447996616e-01
5.938465781509876251e-01
5.894382558763027191e-01
3.972853899467736483e-01
5.389649709686636925e-01
5.402979210484772921e-01
4.706549171824008226e-01
5.307088608387857676e-01
5.745875700376927853e-01
5.881634370889514685e-01
4.193675939459353685e-01
4.316361499950289726e-01
4.973022921476513147e-01
5.092918258160352707e-01
6.480667679570615292e-01
6.070855688303709030e-01
5.360940990503877401e-01
6.689224219880998135e-01
5.550109150353819132e-01
4.659698919858783484e-01
5.443994679953902960e-01
5.567169829737395048e-01
4.774671460036188364e-01
4.713313458487391472e-01
4.866327608469873667e-01
4.871904659084975719e-01
5.471051100175827742e-01
5.988244258332997561e-01
4.698318811133503914e-01
3.898635068908333778e-01
4.557994171045720577e-01
4.775751128327101469e-01
5.340585801750421524e-01
6.584815669339150190e-01
6.468209819868206978e-01
5.175952110439538956e-01
5.276996749453246593e-01
4.007744460832327604e-01
4.611480161547660828e-01
4.774948011618107557e-01
6.153804450295865536e-01
4.708496909588575363e-01
4.697516590822488070e-01
6.025247308425605297e-01
4.725007249508053064e-01
5.276559439953416586e-01
4.700048321392387152e-01
5.572738731279969215e-01
5.332701120059937239e-01
5.947475510183721781e-01
5.952516971156001091e-01
4.974154978990554810e-01
4.746333269868046045e-01
6.152858489658683538e-01
5.447897650301456451e-01
5.425305499229580164e-01
5.626579641830176115e-01
3.237668629735708237e-01
4.800152049865573645e-01
4.771094049792736769e-01
4.003155599348247051e-01
5.496134099084883928e-01
5.585175908636301756e-01
4.748211691621690989e-01
5.351435381453484297e-01
5.882387149613350630e-01
5.313026788644492626e-01
5.355524190235882998e-01
5.350441979244351387e-01
5.991591108031570911e-01
6.196397510357201099e-01
4.779780320823192596e-01
5.179939179215580225e-01
5.416286580730229616e-01
3.551015970297157764e-01
5.877776602283120155e-01
4.706546741072088480e-01
5.896641120780259371e-01
4.722575310152024031e-01
4.723711810074746609e-01
5.672289009671658278e-01
5.324717899784445763e-01
4.560840148478746414e-01
4.696225989609956741e-01
5.433075889013707638e-01
6.364951310679316521e-01
5.331789990887045860e-01
6.155666280537843704e-01
5.335299449507147074e-01
5.164335379377007484e-01
5.945126828737556934e-01
4.698771161492913961e-01
4.462604080326855183e-01
5.662456071004271507e-01
5.851353281177580357e-01
4.795997391920536757e-01
5.320115161594003439e-01
4.276762409135699272e-01
4.460237850435078144e-01
3.707356401719152927e-01
4.781811670400202274e-01
4.794073419179767370e-01
5.712522850371897221e-01
4.693276819307357073e-01
5.309385589789599180e-01
6.261940700933337212e-01
6.027168259024620056e-01
6.338249780237674713e-01
6.562288508284837008e-01
6.132735330611467361e-01
4.733354889322072268e-01
5.219728529918938875e-01
3.794187940657138824e-01
5.570385549217462540e-01
3.971270069014281034e-01
5.425623678602278233e-01
5.623628729954361916e-01
3.794643441215157509e-01
5.171362310647964478e-01
4.648422331083565950e-01
4.413422099314630032e-01
6.031245619524270296e-01
5.933039619121700525e-01
5.271004438400268555e-01
5.826798230409622192e-01
6.242952030152082443e-01
6.855200990103185177e-01
6.138579170219600201e-01
5.222395390737801790e-01
4.420110629871487617e-01
5.267563508823513985e-01
4.651634718757122755e-01
5.222726201172918081e-01
5.393448160029947758e-01
3.960471260361373425e-01
5.812930541578680277e-01
5.943462641444057226e-01
4.686903629917651415e-01
3.961239058990031481e-01
5.448807631619274616e-01
6.454306300729513168e-01
4.228315991349518299e-01
5.158103520516306162e-01
6.230253670364618301e-01
4.938000189140439034e-01
5.330445098225027323e-01
5.921430659946054220e-01
5.504852829035371542e-01
5.101495340932160616e-01
5.478573229629546404e-01
4.643888759892433882e-01
5.224640190135687590e-01
4.469685899093747139e-01
5.482671351637691259e-01
5.198825048282742500e-01
5.141079418826848269e-01
5.579597100149840117e-01
5.558409939985722303e-01
5.253579081036150455e-01
6.337157711386680603e-01
5.833006119355559349e-01
5.263263380620628595e-01
5.274771119002252817e-01
5.915569139178842306e-01
6.028200830332934856e-01
5.932261741254478693e-01
5.812585600651800632e-01
4.405827929731458426e-01
4.650879299733787775e-01
5.302922287955880165e-01
4.465107549913227558e-01
5.455066140275448561e-01
