1.009024568068865868e+00
1.008029194280303020e+00
1.007081998849668869e+00
1.006154219546352424e+00
1.001822396837882323e+00
1.000617658097085583e+00
1.000264286336887576e+00
9.996888964714280013e-01
9.963424899475423757e-01
9.974852125284384696e-01
9.967585081781770162e-01
9.974610885892266632e-01
9.971521992197442952e-01
9.977551454362303396e-01
9.985088521991073440e-01
1.002441466816601290e+00
1.002443807703562229e+00
1.002503057231856509e+00
1.002155931597543237e+00
1.002085055903684019e+00
1.002154552407232169e+00
1.000946429106527757e+00
1.002777308964192260e+00
1.000962744374908731e+00
1.000245481997122043e+00
1.015560036760047025e+00
1.031592756740923100e+00
1.053811728238815970e+00
1.068330753757749996e+00
1.081688878504393880e+00
1.097410818696540780e+00
1.096405609925109381e+00
1.105603012346176861e+00
1.116117990951917216e+00
1.129571919538032487e+00
1.145785421165250062e+00
1.165642811615892782e+00
1.185115484766880556e+00
1.188346289009771350e+00
1.204824993056211602e+00
1.227695727788059354e+00
1.253259347230474052e+00
1.275790792829176734e+00
1.285420890538977234e+00
1.304386422548547309e+00
1.323760707545748927e+00
1.350505683011178570e+00
1.370965297546913764e+00
1.390763242955291412e+00
1.408316002921982335e+00
1.399931708209119385e+00
1.386648165207153616e+00
1.373537503671908189e+00
1.362450907848924420e+00
1.348636531769243252e+00
1.357206927313488132e+00
1.379898482952558458e+00
1.390117863133903731e+00
1.375461480376298784e+00
1.375126994826798343e+00
1.369986369661860381e+00
1.367301423500409285e+00
1.357825062329237387e+00
1.361198503199223975e+00
1.370655546897112442e+00
1.355728917403253631e+00
1.349526509071447666e+00
1.344426633936953941e+00
1.355232243764139977e+00
1.334870491510276258e+00
1.324707244505841430e+00
1.306650757299888665e+00
1.284483875147866661e+00
1.286597209867287539e+00
1.270369013098017419e+00
1.273484971367493834e+00
1.281537941260894042e+00
1.305115985038265203e+00
1.295323470135884225e+00
1.299360910959527660e+00
1.274064774089396224e+00
1.267398844967290827e+00
1.256833750266689975e+00
1.256971305398913330e+00
1.247805733827705987e+00
1.234459305244315352e+00
1.235713550555847196e+00
1.226418078839136117e+00
1.236652835563454067e+00
1.215283162849489118e+00
1.221403073728827282e+00
1.208916367418008786e+00
1.198514131717307585e+00
1.198036102993154772e+00
1.216942791212483943e+00
1.227932719705105535e+00
1.242776068945435020e+00
1.245225941543295356e+00
1.234401132857303018e+00
1.242497288907121078e+00
1.263819547925070674e+00
1.269587698745988869e+00
1.252697057604275521e+00
1.266784245986549706e+00
1.269671041975731551e+00
1.287069180631515541e+00
1.291256939806598503e+00
1.287044915920404931e+00
1.316394239842578751e+00
1.304509724402738824e+00
1.322714973049486487e+00
1.322797661249198509e+00
1.312555951143917765e+00
1.310961121683485109e+00
1.320491080000530060e+00
1.317685076534130584e+00
1.314537808684875575e+00
1.316545957096752595e+00
1.317931786001723005e+00
1.312471723527968592e+00
1.296684145767073915e+00
1.294843256575789026e+00
1.298205285604948633e+00
1.311927116400495308e+00
1.305941263775705075e+00
1.281067445962024376e+00
1.283603091239452487e+00
1.282993929223551710e+00
1.293987719888269661e+00
1.311373510790306840e+00
1.302261111928920023e+00
1.297397003730938803e+00
1.309983434781230693e+00
1.281114253646527423e+00
1.301086294996814052e+00
1.302458835298492046e+00
1.300593958598103894e+00
1.328490868651600154e+00
1.337227992290727974e+00
1.340058974099293643e+00
1.343964610442205165e+00
1.342948300872188083e+00
1.345635503407985212e+00
1.341821777543314775e+00
1.345452310334058321e+00
1.351065325199948042e+00
1.341815763684334639e+00
1.355295282199766360e+00
1.344521294027382741e+00
1.332065653417297657e+00
1.327362473258841824e+00
1.310484485391099296e+00
1.299898640233803082e+00
1.283654394438426882e+00
1.265462161401043950e+00
1.279530000249534005e+00
1.271228382449099970e+00
1.254121629608383248e+00
1.264776033237825947e+00
1.249771448013083930e+00
1.249261712716064565e+00
1.231839347105842197e+00
1.237841103147269584e+00
1.233134381574277239e+00
1.224094597490524183e+00
1.211021691243716170e+00
1.229081340315176574e+00
1.241045385800000567e+00
1.252573965219722751e+00
1.255529215600181159e+00
1.249912917106967170e+00
1.250341488745300822e+00
1.247752809078485514e+00
1.243872170737290839e+00
1.258520118500191298e+00
1.273045735948547419e+00
1.264647324518982430e+00
1.256811228712561679e+00
1.261473558676750484e+00
1.282049731545238380e+00
1.264971840860378283e+00
1.264988228247875934e+00
1.264808980490200740e+00
1.273165626563945052e+00
1.294452289636037312e+00
1.298709966417744388e+00
1.318082887465061859e+00
1.299976595503911536e+00
1.292619757055849750e+00
1.308616009751442766e+00
1.333360943570836010e+00
1.327940077000974162e+00
1.309179594828613791e+00
1.299897046400873668e+00
1.286876124319343617e+00
1.293523169796792160e+00
1.280274702157482958e+00
1.264069545072637801e+00
1.276550520543353162e+00
1.271780529472389842e+00
1.266126806097535251e+00
1.275959366540006856e+00
1.281705197190024847e+00
1.285541794685877592e+00
1.265134979763177014e+00
1.279412475857447884e+00
1.297090121371200944e+00
1.309276635777126163e+00
1.313126878572832279e+00
1.312029440668412095e+00
1.290287978387250289e+00
1.284539683867136350e+00
1.294142179226387412e+00
1.301733564893092554e+00
1.293600302785634426e+00
1.283665628193438213e+00
1.288165283686946605e+00
1.286115694730717296e+00
1.276504813796124349e+00
1.281214881817556606e+00
1.279023500845436256e+00
1.280498418731713883e+00
1.295123142429254415e+00
1.292986428289013556e+00
1.290933263872788617e+00
1.288382033651597869e+00
1.289446430303178515e+00
1.307254398936744888e+00
1.313588832939982742e+00
1.319695528292947673e+00
1.311577012327133085e+00
1.308407698024168564e+00
1.308731287765080076e+00
1.289021601229683345e+00
1.268471901736081042e+00
1.271542518022270141e+00
1.245825618768781506e+00
1.231102319147192370e+00
1.227242915668000256e+00
1.215697451787600247e+00
1.209421761491140224e+00
1.204280111348274396e+00
1.225491216407954775e+00
1.229165701316119019e+00
1.231082302095966918e+00
1.242573839222790077e+00
1.267719665536952478e+00
1.276675332993283840e+00
1.267563583574223607e+00
1.283635778981726761e+00
1.281313304782449869e+00
1.296474287026321282e+00
1.295061388132053626e+00
1.286770515197334319e+00
1.283880189980881603e+00
1.279094440659072296e+00
1.277407231157351442e+00
1.283296560875237580e+00
1.300647671583684994e+00
1.323185323938600888e+00
1.325540356062949510e+00
1.336609153406338013e+00
1.343202242485266318e+00
1.332281834684570399e+00
1.327713110646311812e+00
1.318028773661209296e+00
1.321437673389013634e+00
1.315034827105172832e+00
1.323732094932331238e+00
1.328497817954632509e+00
1.335077885231534811e+00
1.331447379622744842e+00
1.326628048375239288e+00
1.327797015182850870e+00
1.319308392464866753e+00
1.310577007198226118e+00
1.308791499537463210e+00
1.296766020983805889e+00
1.305803148811008452e+00
1.306846342823027474e+00
1.326573428049283132e+00
1.315960654109367356e+00
1.316685634892717394e+00
1.307302405227549258e+00
1.302034920255868089e+00
1.325384214707114650e+00
1.338941549159155864e+00
1.347123258631986120e+00
1.364915967459624513e+00
1.390266392359729153e+00
1.398135896408888579e+00
1.393981231693125489e+00
1.382118136253317697e+00
1.391005373487892438e+00
1.386102889052288401e+00
1.382184658730689408e+00
1.391367211151214311e+00
1.385737242710115114e+00
1.369011797403093533e+00
1.356288731921371449e+00
1.356312360026750596e+00
1.356822489507464091e+00
1.372759667364144232e+00
1.353637929875242785e+00
1.352743633190724548e+00
1.326471441792661077e+00
1.331143345052695492e+00
1.321283531122202648e+00
1.328375010681256851e+00
1.341363950015981521e+00
1.326947988446746773e+00
1.329618897346507289e+00
1.318291123103813245e+00
1.297911376546430295e+00
1.290882818122740083e+00
1.305407919056043697e+00
1.304267119610574177e+00
1.321575655585990772e+00
1.308531205938490372e+00
1.318173140199321969e+00
1.316157782047351121e+00
1.306638884663378963e+00
1.312806899039663966e+00
1.349796191556417391e+00
1.365367883695691731e+00
1.376864213875183207e+00
1.387089125682111179e+00
1.378051192282812476e+00
1.407202101597743837e+00
1.423023441453864724e+00
1.424840218752470244e+00
1.439976906752602259e+00
1.433394849428780260e+00
1.432632532228044431e+00
1.402464475207190198e+00
1.404153991667482337e+00
1.419818400620219467e+00
1.434911692566501307e+00
1.437918583148134477e+00
1.421359283045243727e+00
1.423915443339563991e+00
1.428201569337906429e+00
1.433976732412176602e+00
1.418194003355727428e+00
1.405699209291362939e+00
1.392790389236788995e+00
1.371017713153383610e+00
1.376880284989316472e+00
1.360652182764545692e+00
1.348462603482539102e+00
1.344113902201558686e+00
1.320184072800077990e+00
1.325031048096759090e+00
1.295779940383068096e+00
1.287987451449972953e+00
1.304782145354061118e+00
1.287890906815252645e+00
1.309031614952643752e+00
1.308697721590702967e+00
1.313392875126281778e+00
1.322877456396648332e+00
1.294443255066861198e+00
1.304301230893737840e+00
1.326215811134329181e+00
1.349834832125242023e+00
1.342391962950876927e+00
1.330186148887564368e+00
1.310185183393348440e+00
1.329835805265957127e+00
1.329391309567163892e+00
1.322470684940652008e+00
1.345211952644850273e+00
1.345458311253302952e+00
1.341205264075382431e+00
1.359432502744550852e+00
1.379835344177618994e+00
1.396618026765696463e+00
1.385412870707369626e+00
1.414387589953986391e+00
1.407414180366179046e+00
1.396087288584579644e+00
1.413506858973477831e+00
1.404844638114973066e+00
1.401550209798532398e+00
1.422284956486151275e+00
1.434114071268224100e+00
1.447868918502212221e+00
1.440741557724359190e+00
1.424684960739588613e+00
1.428353415025868545e+00
1.427384336739902171e+00
1.423147808587391872e+00
1.430582182872909280e+00
1.416296119128385600e+00
1.446982149940764684e+00
1.465496614079875082e+00
1.446385402435653722e+00
1.439897961980240115e+00
1.451198570029038182e+00
1.459151607541760320e+00
1.451734029664106806e+00
1.451071897270690858e+00
1.430560517876614091e+00
1.420087121305271705e+00
1.414438363907171370e+00
1.409515117611399360e+00
1.396102269460491652e+00
1.404092567644980249e+00
1.425625943589150291e+00
1.412490225609233763e+00
1.373222755995274769e+00
1.364555645184134303e+00
1.359159055459682186e+00
1.375853927823611045e+00
1.352233583975685161e+00
1.343101705254541534e+00
1.354638310880413421e+00
1.372297204578654117e+00
1.378596158272499039e+00
1.363035993454025485e+00
1.356885799201092757e+00
1.379771939156860361e+00
1.356394529955139650e+00
1.359067921346032159e+00
1.332648550080764105e+00
1.310896631075710639e+00
1.299955307006815941e+00
1.318349517448757391e+00
1.306210055869445830e+00
1.319246148280720510e+00
1.342139828268829493e+00
1.335483116808990012e+00
1.320279764810977197e+00
1.312991163207033019e+00
1.297603595171868074e+00
1.307771831022186193e+00
1.333573245219673575e+00
1.323282651438148161e+00
1.309652699554217703e+00
1.313750888628884228e+00
1.330544148379620539e+00
1.318465096031543160e+00
1.299195381122647541e+00
1.300888390677758188e+00
1.286844643296652491e+00
1.279371299815626584e+00
1.255498551142209429e+00
1.274056240545815122e+00
1.276857389401641285e+00
1.285221817437896652e+00
1.285689753169542815e+00
1.291182031550966336e+00
1.300479423805974921e+00
1.304540066101653295e+00
1.304131817132572424e+00
1.285938301391174043e+00
1.304462229749513424e+00
1.297455433430660054e+00
1.295658785794721934e+00
1.313670532512570377e+00
1.315359601303776271e+00
1.300103553472724771e+00
1.296311680731186522e+00
1.297885426478622373e+00
1.312185050483462900e+00
1.310817970308283398e+00
1.340493593289338037e+00
1.337072729484942268e+00
1.337341014386674631e+00
1.357579941448510574e+00
1.375709449746980173e+00
1.382000883105266364e+00
1.382546600119357594e+00
1.361014869729364030e+00
1.350757451113782537e+00
1.367516591447388130e+00
1.367045185215800318e+00
1.356793395410407221e+00
1.353479288872552200e+00
1.355119023261269318e+00
1.352964711647627105e+00
1.344160782832073409e+00
1.365617519526339807e+00
1.344848939566327006e+00
1.344859856879114357e+00
1.351937205595657776e+00
1.367742912818068035e+00
1.392893822180718555e+00
1.399134746393971174e+00
1.379705185866295869e+00
1.374583233983812880e+00
1.350590762514054965e+00
1.370431943117919715e+00
1.363607719045349720e+00
1.343687139688561238e+00
1.349022924562744308e+00
1.360506972529863079e+00
1.350381371403275077e+00
1.367777166976809511e+00
1.378073755644298126e+00
1.367510610279543348e+00
1.370455287066722372e+00
1.370427434198486782e+00
1.386303535253399222e+00
1.393859450340992012e+00
1.401502843029784007e+00
1.391580867843343450e+00
1.386491347296763932e+00
1.399949238673700913e+00
1.412197810559971733e+00
1.396278453294549804e+00
1.372537651210198106e+00
1.367030318685038548e+00
1.362219507671724505e+00
1.360246468152280563e+00
1.359094632916675760e+00
1.377928420681400423e+00
1.358250699232485870e+00
1.367247683509418721e+00
1.373021618833164537e+00
1.373990700286693789e+00
1.374106237141712761e+00
1.377439424823843073e+00
1.380256987050724860e+00
1.388760752530457943e+00
1.390639441626211337e+00
1.377899653729473650e+00
1.371248935846303363e+00
1.381321532269427221e+00
1.369770549345799671e+00
1.368574436866464961e+00
1.376618729203993308e+00
1.379472057548423836e+00
1.391397639564400768e+00
1.365870793098941771e+00
1.373775329665697376e+00
1.374555831095434444e+00
1.371549178312219119e+00
1.368440644439593568e+00
1.379243834175513772e+00
1.391447149638311620e+00
1.382450672051427354e+00
1.408804994098081798e+00
1.406389802194563554e+00
1.419348955921206690e+00
1.436690154052018054e+00
1.419456329212416934e+00
1.423999538842156465e+00
1.398459179571648336e+00
1.402981477948260780e+00
1.405164320555280177e+00
1.392104777200927623e+00
1.403060472666563196e+00
1.390927547957365951e+00
1.419041073274353915e+00
1.424969601849819689e+00
1.408394231194449731e+00
1.397257464474532584e+00
1.378355064615577552e+00
1.384559176335611763e+00
1.377192626088111327e+00
1.397406090361536846e+00
1.392608352322160181e+00
1.390122251246610041e+00
1.393000650666218476e+00
1.373273130769298245e+00
1.372016347404525938e+00
1.337345053161338448e+00
1.340395967226725826e+00
1.315276622816019092e+00
1.280086219180103235e+00
1.304923458618340693e+00
1.295234766135533677e+00
1.304330507590076627e+00
1.295551955481231809e+00
1.297059826353487599e+00
1.316494745630046648e+00
1.319780289146860852e+00
1.319268014773227415e+00
1.296256481581492093e+00
1.284859621952924913e+00
1.291732238784510933e+00
1.291636076302302927e+00
1.282949987220225685e+00
1.287376391247442298e+00
1.302047939678179000e+00
1.291206522272041468e+00
1.295604612141537659e+00
1.305112112181246120e+00
1.313121685125439919e+00
1.325672789314219946e+00
1.317551563818385008e+00
1.338693906256740451e+00
1.331318957021942362e+00
1.359556563207660496e+00
1.371356813584877044e+00
1.372375695905851734e+00
1.390891786486139647e+00
1.404094473304708934e+00
1.400156777844598466e+00
1.397723007948179497e+00
1.412007407483155896e+00
1.419327239943926733e+00
1.425987176806339463e+00
1.433184047890229573e+00
1.447102262748981794e+00
1.467856007902017312e+00
1.476741465013289289e+00
1.481004648540051871e+00
1.471814712341794840e+00
1.465030073943196509e+00
1.467787154994748544e+00
1.450565856975161827e+00
1.453470008579391237e+00
1.434682732426469487e+00
1.429233281680939882e+00
1.438129469989718690e+00
1.417192210807701302e+00
1.408904902225227351e+00
1.405365710231062826e+00
1.404163166891685410e+00
1.376556765802618099e+00
1.348426845939817209e+00
1.320059365484874458e+00
1.310888477085322412e+00
1.320219534223592728e+00
1.307625065587799673e+00
1.300053504380865643e+00
1.313375281824914920e+00
1.303354105363612403e+00
1.317054087914503180e+00
1.306931900084029818e+00
1.315009131703287482e+00
1.320575328955198691e+00
1.335686074821144764e+00
1.319491492133858968e+00
1.303807104389891558e+00
1.305474181107624032e+00
1.291678288964339671e+00
1.289488470688401112e+00
1.277652719892783617e+00
1.269324961534307850e+00
1.285920357514382495e+00
1.296805503318295916e+00
1.280522086607862819e+00
1.269980575642486009e+00
1.279542890891428808e+00
1.298728918814694877e+00
1.330414108803485540e+00
1.352126630149994568e+00
1.357414386107019144e+00
1.366369104123281275e+00
1.362244877879637439e+00
1.337546991073775171e+00
1.340373142905549209e+00
1.326522922719261643e+00
1.312139986221999566e+00
1.290653614267902816e+00
1.296436004948812393e+00
1.306856048532276438e+00
1.323799991151363153e+00
1.335450834928730179e+00
1.353243151822021373e+00
1.353951975428271393e+00
1.370800263717209644e+00
1.388553447693444465e+00
1.397425221655445693e+00
1.401685209055930414e+00
1.403204775835219964e+00
1.416303496291500874e+00
1.444096544963219930e+00
1.446813352568653510e+00
1.454511234554132004e+00
1.447608077060655196e+00
1.436923064099002501e+00
1.430321878721415363e+00
1.425083323142242397e+00
1.425757764430914509e+00
1.433034001291105586e+00
1.427993458703874952e+00
1.409512996513185845e+00
1.406638984589428265e+00
1.419520495252981185e+00
1.428796180855370190e+00
1.406224745522284270e+00
1.418399604447236895e+00
1.430976045572011968e+00
1.408214579344639450e+00
1.401658715814518397e+00
1.407113321746279677e+00
1.391119941495656098e+00
1.407903332629107496e+00
1.403432967096062800e+00
1.399747283761909600e+00
1.405666023492486705e+00
1.400542228182352078e+00
1.404157894034349319e+00
1.399046023296044661e+00
1.394011997822732996e+00
1.416399147945001769e+00
1.397041184619613130e+00
1.396591305919077763e+00
1.409273936917724512e+00
1.396561328189681150e+00
1.386709811736586140e+00
1.404738241014447775e+00
1.416578016544272289e+00
1.429209180633263854e+00
1.431693252566499375e+00
1.410691623838640441e+00
1.398980293930197183e+00
1.377434252007549320e+00
1.403798338535870549e+00
1.404860329541517849e+00
1.404422207642250342e+00
1.402831472308595506e+00
1.389272672048145640e+00
1.387563469043756381e+00
1.406208606436046171e+00
1.402606170477184833e+00
1.393823272985840411e+00
1.371112432755744903e+00
1.356521981350136574e+00
1.375969243978798717e+00
1.350999262866973805e+00
1.397775447535523075e+00
1.387448854457360881e+00
1.380721595974712335e+00
1.382799755478807402e+00
1.401466830170712496e+00
1.395061652974560529e+00
1.412918358125093921e+00
1.400948533017515985e+00
1.375609924769730652e+00
1.419221277118596580e+00
1.429191822465867068e+00
1.433286287680569204e+00
1.425240972408179152e+00
1.464612582930808760e+00
1.450417960540242746e+00
1.466402904999819290e+00
1.467446716510933502e+00
1.456218917794747769e+00
1.456596184788403692e+00
1.452350264269164137e+00
1.456684097825357238e+00
1.470416104762290344e+00
1.468925947681653188e+00
1.459817080775447806e+00
1.454091092073812597e+00
1.432351122832041135e+00
1.452837259216094301e+00
1.453828157772289353e+00
1.447462166151644691e+00
1.435593967878344923e+00
1.448811751047764274e+00
1.425095022050284710e+00
1.427978726178875668e+00
1.448716870896094466e+00
1.440422577329287801e+00
1.431190639908374473e+00
1.457687065722510056e+00
1.434643619400502779e+00
1.424264523002966465e+00
1.409117596689171581e+00
1.403957024643583962e+00
1.398308694450514089e+00
1.436963742808941902e+00
1.407401436546209972e+00
1.426752857300214394e+00
1.436109786853822623e+00
1.441467095804036758e+00
1.435056505710263552e+00
1.419970578973232644e+00
1.420834317380139433e+00
1.409947292445964395e+00
1.392303212880210639e+00
1.385566259096171704e+00
1.426798571298785401e+00
1.417969498102475967e+00
1.404730496795576933e+00
1.417905708569200396e+00
1.410127786661349747e+00
1.402347605757727322e+00
1.369586671547135648e+00
1.349093606609646612e+00
1.316721376174925684e+00
1.338990630907087365e+00
1.323899306199436632e+00
1.338982278051061181e+00
1.365890956529828282e+00
1.356962465621602831e+00
1.322239324309304909e+00
1.345157155296148321e+00
1.309249012765221432e+00
1.302882984749299755e+00
1.313577862253904938e+00
1.340576633978114440e+00
1.344648924310604343e+00
1.356422747747688895e+00
1.346046592265849551e+00
1.357576900122399177e+00
1.368645323340866637e+00
1.326380376604238354e+00
1.341281063227679704e+00
1.352472608652915076e+00
1.348002303867159579e+00
1.347201683666493954e+00
1.358668999176373626e+00
1.385707931191367370e+00
1.419094875733320160e+00
1.435543180852928646e+00
1.415230884741432105e+00
1.420996654254437885e+00
1.413857339529979384e+00
1.389702115106799196e+00
1.393599945548059882e+00
1.398979899452205578e+00
1.391041491136034258e+00
1.394465085827843787e+00
1.368120911816375962e+00
1.367935310431883211e+00
1.369085370138000801e+00
1.369240751981248394e+00
1.359164019911806909e+00
1.351920307899359797e+00
1.340050417563044993e+00
1.328569813024534696e+00
1.339833625775203041e+00
1.344887171454567598e+00
1.330197402677217422e+00
1.329767930245431939e+00
1.317386201538424340e+00
1.304244118676869624e+00
1.321459188553565367e+00
1.288758451862729526e+00
1.290259610933483625e+00
1.297040519400133762e+00
1.297336857482286554e+00
1.307645778291246730e+00
1.292034617963571108e+00
1.309160140719865639e+00
1.318145482567668836e+00
1.299215967358999579e+00
1.328884022225128803e+00
1.357263460150581968e+00
1.342871507976420631e+00
1.335608245513438375e+00
1.343789739844950759e+00
1.358230436494742843e+00
1.388980261203939248e+00
1.379145585103351834e+00
1.385082195360172852e+00
1.380451456208041217e+00
1.386805193057450092e+00
1.386054089424908042e+00
1.410476685448488032e+00
1.428714397410663750e+00
1.421428356730089826e+00
1.404541567991455020e+00
1.416894232287493116e+00
1.421364876504582986e+00
1.435468815392571651e+00
1.432995138635717369e+00
1.435072996354626484e+00
1.451892378160951402e+00
1.442636584663868682e+00
1.421023814058260282e+00
1.461300770646359215e+00
1.450566571776172653e+00
1.442002861933702196e+00
1.463805809256147894e+00
1.449548317495720218e+00
1.448786719591254268e+00
1.446183681090069229e+00
1.419297907857424379e+00
1.421965769521919443e+00
1.423491968011744602e+00
1.424556972923170184e+00
1.398397155047425455e+00
1.409417605780540317e+00
1.404947116129722451e+00
1.397845278829585647e+00
1.415046621239951952e+00
1.409298374764971218e+00
1.399704806680018843e+00
1.394782678127325592e+00
1.374520979567741552e+00
1.359860683086628441e+00
1.346157002356424659e+00
1.333669423156121026e+00
1.343141968306344358e+00
1.340872479792109662e+00
1.324208733498564605e+00
1.304972567518812854e+00
1.313545967001436443e+00
1.305670632248796537e+00
1.318781913377596426e+00
1.315188240448360135e+00
1.324750517632575120e+00
1.345040245894810749e+00
1.372473863750249601e+00
1.370067810759465265e+00
1.401067440644151896e+00
1.405951281062633118e+00
1.403007898680535437e+00
1.391922642255342124e+00
1.404775934427181072e+00
1.387335415116158543e+00
1.393058053483389402e+00
1.410164435354243739e+00
1.403976058951012629e+00
1.416740969115921400e+00
1.433115657180965563e+00
1.437742327400590936e+00
1.441579819360673032e+00
1.435668287711018287e+00
1.462352362621315294e+00
1.466652475339295547e+00
1.474615445271458158e+00
1.469032823556297274e+00
1.477049338699118808e+00
1.474029396839933170e+00
1.481014711312240939e+00
1.462193073396568899e+00
1.465479572015105703e+00
1.451606967431845696e+00
1.472410048754630107e+00
1.440594644395960744e+00
1.469765901362763305e+00
1.464494266651582555e+00
1.481482057015901743e+00
1.484016737007405107e+00
1.496660512383269248e+00
1.483533939736428664e+00
1.480429147068389462e+00
1.500599041893436958e+00
1.509382415270873912e+00
1.505284662188183464e+00
1.520497013349989990e+00
1.519537914408050305e+00
1.515363295475769423e+00
1.512606734584159840e+00
1.497564556854235285e+00
1.497234231955809403e+00
1.496390279873874851e+00
1.478073226560632447e+00
1.471471265359842517e+00
1.471759228281424692e+00
1.471675523073380232e+00
1.462151239388767454e+00
1.461010134122839643e+00
1.414437781971621400e+00
1.423910811206862803e+00
1.387580138568412114e+00
1.400320081039199804e+00
1.363769218804974592e+00
1.357926834538720762e+00
1.353795090521125788e+00
1.354511184969085402e+00
1.356619185816022810e+00
1.339500165182120339e+00
1.337546024435785741e+00
1.347554676527972672e+00
1.353730213107819047e+00
1.374881630609771532e+00
1.364735301967526127e+00
1.349087852911501351e+00
1.366592059626214439e+00
1.359571682691072425e+00
1.341959414509978021e+00
1.354617688796217578e+00
1.360296251365047837e+00
1.341493361700203835e+00
1.337126782175913187e+00
1.326405346405942876e+00
1.313843122243828931e+00
1.330563392721514138e+00
1.329887499327368605e+00
1.350901397479177035e+00
1.350947570240192963e+00
1.364199174343175169e+00
1.367797074572454585e+00
1.365806091726530669e+00
1.377901325479179651e+00
1.363210699442778839e+00
1.350505735521841943e+00
1.345270228067294571e+00
1.343857812529615225e+00
1.324630207511477531e+00
1.311327531752915831e+00
1.328081039739793967e+00
1.338287447962651422e+00
1.329345732056814056e+00
1.326481822351373019e+00
1.329339884509442182e+00
1.329305974605318186e+00
1.308595098572050475e+00
1.315210591520446393e+00
1.314752469705050109e+00
1.334282058259682158e+00
1.357437721459983981e+00
1.363863802998065644e+00
1.376233285664044681e+00
1.360343115610142650e+00
1.358530619108571980e+00
1.367531295821987625e+00
1.373308691544666837e+00
1.373786944271750965e+00
1.384895741697536042e+00
1.400090703934852243e+00
1.413455433704348341e+00
1.418429641581756107e+00
1.421964730610187688e+00
1.421471407831197853e+00
1.421732541426525387e+00
1.403382688378960408e+00
1.380786774234207037e+00
1.366128760215779891e+00
1.372355458782570148e+00
1.371975994491199780e+00
1.362470044269330938e+00
1.387863945244498742e+00
1.384258866681193689e+00
1.396799898047062616e+00
1.393235642420038278e+00
1.393487129003844416e+00
1.401766252262037771e+00
1.413784371526987771e+00
1.427336271106481203e+00
1.403591539652422115e+00
1.386456228839907379e+00
1.361513957714128198e+00
1.379686257307334518e+00
1.368398927936845588e+00
1.362915852372192038e+00
1.344686539304631001e+00
1.328206158064666909e+00
1.317984321529573677e+00
1.312116668366492211e+00
1.312719343504299419e+00
1.307941988149079915e+00
1.326725319259419944e+00
1.361086079305200425e+00
1.362583700898994055e+00
1.373698221815191411e+00
1.378546131265177443e+00
1.369911560853184440e+00
1.375643721922310769e+00
1.376002730631114446e+00
1.370593706631284769e+00
1.362008280983481034e+00
1.351260313527572476e+00
1.338109148847306251e+00
1.343705279635149408e+00
1.368414272037829393e+00
1.383445421910176609e+00
1.404995843916971632e+00
1.386842581713667366e+00
1.379229059064082108e+00
1.391659694841612671e+00
1.414822127180201283e+00
1.417988040857797394e+00
1.416279417542088304e+00
1.424704137808122217e+00
1.420437011699583918e+00
1.449167235876338333e+00
1.449072917809150152e+00
1.425248824937846326e+00
1.433917471002665645e+00
1.425149830970492415e+00
1.419072218589474632e+00
1.414432452445101296e+00
1.415960206564218060e+00
1.404044707823702165e+00
1.389674437578466426e+00
1.395673600637497458e+00
1.406238676854981051e+00
1.386709539122315205e+00
1.361289742830301686e+00
1.344946130214965230e+00
1.328004160384913090e+00
1.316881256657372212e+00
1.326910896990870281e+00
1.349575161579934957e+00
1.353113228242720734e+00
1.355051647701597251e+00
1.361215275329630492e+00
1.363121051255869576e+00
1.375832640182047317e+00
1.389279010864486796e+00
1.363847107384368540e+00
1.349487465415319498e+00
1.351919994852796014e+00
1.345131323395729384e+00
1.369105833223345670e+00
1.368995522179983881e+00
1.383745477686872949e+00
1.382956167036460515e+00
1.379513825325300758e+00
1.399834479125604991e+00
1.390771492776649243e+00
1.369562356529488767e+00
1.382470594204176173e+00
1.399909021461567926e+00
1.402177032231573195e+00
1.409075303988060357e+00
1.397395219144378142e+00
1.376400925305409695e+00
1.336944743636041766e+00
1.326395865257573581e+00
1.325559450143783513e+00
1.308627471005138876e+00
1.331684881845171864e+00
1.348724934655126217e+00
1.335562124909015047e+00
1.347468732314337281e+00
1.350798968587399784e+00
1.351469327443316937e+00
1.358477211319575551e+00
1.330486764771105390e+00
1.348824424132631483e+00
1.343117199383605298e+00
1.345128006492655626e+00
1.353748145210752929e+00
1.339250750617540620e+00
1.323268311494945726e+00
1.343344287159830674e+00
1.337975333530112554e+00
1.328042854196488154e+00
1.342752209676129294e+00
1.342826165760296009e+00
1.353456360640946654e+00
1.373231625121281940e+00
1.407147893423716267e+00
1.405502381727772532e+00
1.415836720129997950e+00
1.419417693565479865e+00
1.397965758080877974e+00
1.383831897288484658e+00
1.376096156213896693e+00
1.368375305497652850e+00
1.380643143662039662e+00
1.386742402810928532e+00
1.391868605211960652e+00
1.404349463367711603e+00
1.398559948075012827e+00
1.395399195370927936e+00
1.403951943781537093e+00
1.410217899131324337e+00
1.422039666191774687e+00
1.441841206098204209e+00
1.432120068874893182e+00
1.431713664042810752e+00
1.455718867100677771e+00
1.434014984921487601e+00
1.441951070569058801e+00
1.448520071509932672e+00
1.437621954943669511e+00
1.414235043313025519e+00
1.417614765800791377e+00
1.403032306366339022e+00
1.422854474182563278e+00
1.420091789588133535e+00
1.389042295566682794e+00
1.392098439565642609e+00
1.405887878912660094e+00
1.405309074922181489e+00
1.407838589712213873e+00
1.401276478551747973e+00
1.408098560153939305e+00
1.415195100710257670e+00
1.417520851253418090e+00
1.393683948528864347e+00
1.402263334762165359e+00
1.403610774545310136e+00
1.420559554952023573e+00
1.424070506510919598e+00
1.416284786225180614e+00
1.402994234091136994e+00
1.421805034494295406e+00
1.411544917981055525e+00
1.408011406250274211e+00
1.420214528256745323e+00
1.422163160776089397e+00
1.416916920329694962e+00
1.427570950263401306e+00
1.441053446520909054e+00
1.435665106812638925e+00
1.451127840157207638e+00
1.457526027004761859e+00
1.441360289997481114e+00
1.424006114301580528e+00
1.403613643378791576e+00
1.406139309602364884e+00
1.414403326536624927e+00
1.417083509109810624e+00
1.417428433008285804e+00
1.414303951548991245e+00
1.419262635268519368e+00
1.406516757332003653e+00
1.372474424406740390e+00
1.366085740319550323e+00
1.369412595750449935e+00
1.364347102699787762e+00
1.365484098655147527e+00
1.368072658995745483e+00
1.376191798628646934e+00
1.380717977409545494e+00
1.379402803493542384e+00
1.369258066767855775e+00
1.336635461777167855e+00
1.305159650945008964e+00
1.316479498024657468e+00
1.322576755638169343e+00
1.331999958922077232e+00
1.332509833355493889e+00
1.367011769629011830e+00
1.382856043696200299e+00
1.378048317799905886e+00
1.372516467954236319e+00
1.362881658650239913e+00
1.372879414993831260e+00
1.383809587633283433e+00
1.371582608002306136e+00
1.367654759670472453e+00
1.369281827373458160e+00
1.354811260719706034e+00
1.368873871850419421e+00
1.393693581466894482e+00
1.384027468356445523e+00
1.397704168872389463e+00
1.394142203741786545e+00
1.395595687740085467e+00
1.410121756930311721e+00
1.440083042445480466e+00
1.462980078524494632e+00
1.490721245039889453e+00
1.491752414843600549e+00
1.473778375605784285e+00
1.455035706343710711e+00
1.463616253812408896e+00
1.449700099306947099e+00
1.473213436178214319e+00
1.489449963281956890e+00
1.493773977144680298e+00
1.483082097585218362e+00
1.475425382043093814e+00
1.454161240405124067e+00
1.455796692148287663e+00
1.460696976124076674e+00
1.480228131977120443e+00
1.499159046520951000e+00
1.482316048365423411e+00
1.469087601202986093e+00
1.465059545802069429e+00
1.429489465004633475e+00
1.443608070415803635e+00
1.432173297643982712e+00
1.439911468065633082e+00
1.429359003907624270e+00
1.436312466869879012e+00
1.431075652229086614e+00
1.420352468853828265e+00
1.437709296333794962e+00
1.441210370531243568e+00
1.443874045286424268e+00
1.428346712798223894e+00
1.409508301018894905e+00
1.405351209451278782e+00
1.402557954767783777e+00
1.386304520424853415e+00
1.371872891929463156e+00
1.401598625172221224e+00
1.380062625535531495e+00
1.378143374702867963e+00
1.373155260080689555e+00
1.367286619032236583e+00
1.375846163627340024e+00
1.391139277646279870e+00
1.396986729135793581e+00
1.433568847477575847e+00
1.413191841939425597e+00
1.407257007739243893e+00
1.385367610568354557e+00
1.379308526164694459e+00
1.381320212517883617e+00
1.374942300495859415e+00
1.377753644004716449e+00
1.383536054297050510e+00
1.378540352521446577e+00
1.387466245407307897e+00
1.375182885942248801e+00
1.369740762917510901e+00
1.355064659485468948e+00
1.346899146951264781e+00
1.361100631605007605e+00
1.346165096743878964e+00
1.349477650017649744e+00
1.364140636848359511e+00
1.370917713644539404e+00
1.363459896950412364e+00
1.371339365805973820e+00
1.376946724739258388e+00
1.342176625844991200e+00
1.333232468899950840e+00
1.309369526267134987e+00
1.318653397975335206e+00
1.309452797459577988e+00
1.322272986328181466e+00
1.318114784178427534e+00
1.296990524363992980e+00
1.289919518017123456e+00
1.270284297843733867e+00
1.279402864293954556e+00
1.286252731797111748e+00
1.288763301381682602e+00
1.308892006489328796e+00
1.309682968991532803e+00
1.310019488726977377e+00
1.319142992175009743e+00
1.314162568885470117e+00
1.332795364169488961e+00
1.317569046121223497e+00
1.326832749447460102e+00
1.327194589741092168e+00
1.336888798017539903e+00
1.327586158757029899e+00
1.307353832575370189e+00
1.327978835023615911e+00
1.336860209087693097e+00
1.347387807604212728e+00
1.338403010177264818e+00
1.346942916161238957e+00
1.357877005736200182e+00
1.364501952071631496e+00
1.366847442033511051e+00
1.360278313667973249e+00
1.394757106993436802e+00
1.396149861968611461e+00
1.403009882949148857e+00
1.387194664659697763e+00
1.379281082476071285e+00
1.370314807895096409e+00
1.384564113208177405e+00
1.359644798392975584e+00
1.376187683172333198e+00
1.368462392726889965e+00
1.405187428047859122e+00
1.388890210374183365e+00
1.390136836381839158e+00
1.403981739384022820e+00
1.418018693738534841e+00
1.447018713676057722e+00
1.426467277129128242e+00
1.438938092529219448e+00
1.443595965403930537e+00
1.442802568082893311e+00
1.444587125574227970e+00
1.421904265695506542e+00
1.405531630443790370e+00
1.401686048204813018e+00
1.421309497653037379e+00
1.402639540975138210e+00
1.377033135013915333e+00
1.371198565365722377e+00
1.383473203546546237e+00
1.390135290461152806e+00
1.376030686356697341e+00
1.385672644518349150e+00
1.389561437807361965e+00
1.365772384639511783e+00
1.370638247170446133e+00
1.345596396946782347e+00
1.358543375616821924e+00
1.341548769669231200e+00
1.343647704083990257e+00
1.337335380015478359e+00
1.309555813708822569e+00
1.308950321746024992e+00
1.288755703976705691e+00
1.298771966750211782e+00
1.309246430443163911e+00
1.309393836394534327e+00
1.330242829770895030e+00
1.339591392847129692e+00
1.360699480088579216e+00
1.352551990466011489e+00
1.355003609432247513e+00
1.363363910566761206e+00
1.362789629138322134e+00
1.371462260734909178e+00
1.372396285220164991e+00
1.377007510478740926e+00
1.359516368768886263e+00
1.358152429825009833e+00
1.375719518598644608e+00
1.394365751026256595e+00
1.395340251903188111e+00
1.399465906021224004e+00
1.443902261492497230e+00
1.428741374921799201e+00
1.453377330368067710e+00
1.471109802508410391e+00
1.492198906591232221e+00
1.514210349038698444e+00
1.488908950230504180e+00
1.487542197429019719e+00
1.507696645996788876e+00
1.506761531251595621e+00
1.532260659887810350e+00
1.526140670389346754e+00
1.532091383526146933e+00
1.544607658055937138e+00
1.524470357212217797e+00
1.532703026375951350e+00
1.512798042072559079e+00
1.504513446757699491e+00
1.522894545384490872e+00
1.522818389844494025e+00
1.517725026853033121e+00
1.505265034313328920e+00
1.498046434820938577e+00
1.512159186250745080e+00
1.502089889176489557e+00
1.462326274277730542e+00
1.461053902596687548e+00
1.433243540262608251e+00
1.433758618402164675e+00
1.406831901719165279e+00
1.381330042385377821e+00
1.385893695277597537e+00
1.372959168266476349e+00
1.352934013282226733e+00
1.341756393553710458e+00
1.336571462452107895e+00
1.345952948379027347e+00
1.348182575434033303e+00
1.334665867882902868e+00
1.367931643779568329e+00
1.387839108919741049e+00
1.389486368992217669e+00
1.384205050495881162e+00
1.351696239341409589e+00
1.349189569066089112e+00
1.346335915377476988e+00
1.360394852852750747e+00
1.347774689875608667e+00
1.345810491278933263e+00
1.342786407935416371e+00
1.360945280703335092e+00
1.344722812390581446e+00
1.350593011485102579e+00
1.343526270277630275e+00
1.352597536012813073e+00
1.384781186594857827e+00
1.371028341390706284e+00
1.372523103136402689e+00
1.377920393212333838e+00
1.370827220230786514e+00
1.362708830352609590e+00
1.357363318623256765e+00
1.345282039232556848e+00
1.348946915814154934e+00
1.320743348099133518e+00
1.306005647262291181e+00
1.310378091667040446e+00
1.335717048983831923e+00
1.353691869773704592e+00
1.356176589731578064e+00
1.384412872532110317e+00
1.373494905052023318e+00
1.402582748842960081e+00
1.395478249336739696e+00
1.404520712527827175e+00
1.396725080832165400e+00
1.398237369202148583e+00
1.405674732839849561e+00
1.425857563684275409e+00
1.444014154660998139e+00
1.431143569741476940e+00
1.455806646106523994e+00
1.469558600469320853e+00
1.455548880565100456e+00
1.446941571377966085e+00
1.453176307840557957e+00
1.440349314739619357e+00
1.455218743954186378e+00
1.462614709054137263e+00
1.469106927189724798e+00
1.480673749884629409e+00
1.466115276103143517e+00
1.459518104753794399e+00
1.494408320898399145e+00
1.483881756952336817e+00
1.485253574588477621e+00
1.494492095537367948e+00
1.465663878806428677e+00
1.452674448059432466e+00
1.435856611174058717e+00
1.427970174625988742e+00
1.431065278153999643e+00
1.421480145055613598e+00
1.407016351603159299e+00
1.406934022721347599e+00
1.405875939138484298e+00
1.388288936180432920e+00
1.385030070975488803e+00
1.395688112759599475e+00
1.401942638038454314e+00
1.387697443903805450e+00
1.407819456833285798e+00
1.390272721380251930e+00
1.369397989037017371e+00
1.383681479436033035e+00
1.359446089230444521e+00
1.370843416855194175e+00
1.353634704732256333e+00
1.335784018221340741e+00
1.328593575440984775e+00
1.303083513918974479e+00
1.299976338598084036e+00
1.315674752134216918e+00
1.331647779885896110e+00
1.335545414073428194e+00
1.339178659830992046e+00
1.339743905643755228e+00
1.339719071430583108e+00
1.351997388272683898e+00
1.340722083120933217e+00
1.340101159060155034e+00
1.355927542314543155e+00
1.333726743543380389e+00
1.328046687504197632e+00
1.349023376179261380e+00
1.341793775225911922e+00
1.329333973400456337e+00
1.339860743175006919e+00
1.358459770189268667e+00
1.353671072644717199e+00
1.369818917584065376e+00
1.364545335491094802e+00
1.375920354197658568e+00
1.373332914059787857e+00
1.379708847654562254e+00
1.408412757053724151e+00
1.418971627172279204e+00
1.407570457250600260e+00
1.399069464622863634e+00
1.382817715691801341e+00
1.390540094186352160e+00
1.398450366558136260e+00
1.420901038351587209e+00
1.431860737581446719e+00
1.417281479675359890e+00
1.405169410008569875e+00
1.394840320273918799e+00
1.416511483037758534e+00
1.430317680916016965e+00
1.424860794233911543e+00
1.432790542899861075e+00
1.427067126913263984e+00
1.424906496014173296e+00
1.419730796787944671e+00
1.414310812108704907e+00
1.406998368466824800e+00
1.426860660475384401e+00
1.414348954282595106e+00
1.410276357086037047e+00
1.414256942076263623e+00
1.398675776575117879e+00
1.376306568795244489e+00
1.372286130645908209e+00
1.376920818698734506e+00
1.382691568080572697e+00
1.383101037917558562e+00
1.403422793081232633e+00
1.366527727589696983e+00
1.351587833988862952e+00
1.360192347204593810e+00
1.384953520170311370e+00
1.395463208979821124e+00
1.401046038317299125e+00
1.398311801700288015e+00
1.391563555807526553e+00
1.403555841560592210e+00
1.424597317419076248e+00
1.437375295162168110e+00
1.445252622548851118e+00
1.454118332395839985e+00
1.467954773521353617e+00
1.462529188931076085e+00
1.480626270862902105e+00
1.505037369863392094e+00
1.507007223100181204e+00
1.492251745138872376e+00
1.500760340523678904e+00
1.516013479378767626e+00
1.520188366047976025e+00
1.511852291126012382e+00
1.513313150941170138e+00
1.481132682243433862e+00
1.511411931366833272e+00
1.500890551823475638e+00
1.505806120598346398e+00
1.501289645222427582e+00
1.508208540438626066e+00
1.516884625680118281e+00
1.500199816631109906e+00
1.508546760671735321e+00
1.497716492316432557e+00
1.482445959168915195e+00
1.488810272178977101e+00
1.462860410626517504e+00
1.460708580368524245e+00
1.442561865758464901e+00
1.433669503159620051e+00
1.425721990023157915e+00
1.387446456085619451e+00
1.395269502823443641e+00
1.406092962067908791e+00
1.408236616625372140e+00
1.387755560682311096e+00
1.386520602396110968e+00
1.419119875924749863e+00
1.422666892142028461e+00
1.442301111842504868e+00
1.414816114735094832e+00
1.406234357600399276e+00
1.405067634839803015e+00
1.389596376002788070e+00
1.382523872380933216e+00
1.365708900956464467e+00
1.385995261758368846e+00
1.361256405977543382e+00
1.367080214462598198e+00
1.372804993136332197e+00
1.373265280002414324e+00
1.380752815135009914e+00
1.384432948571788113e+00
1.381378527878284856e+00
1.365821353966715224e+00
1.359857574616908149e+00
1.389657789000239507e+00
1.396332935469000169e+00
1.393520490926905220e+00
1.379574221092288777e+00
1.389892368517971599e+00
1.376807389308598584e+00
1.381546413005983798e+00
1.364848586490415627e+00
1.352383189430687471e+00
1.363905052922217864e+00
1.396305523045942021e+00
1.408149351800610960e+00
1.410076795161546270e+00
1.412129576326971447e+00
1.420018705146620430e+00
1.416550514675223527e+00
1.437626843287509670e+00
1.436028135549070495e+00
1.453670293817567405e+00
1.454138221348784121e+00
1.464544748671839258e+00
1.443364294342786236e+00
1.453185982804080068e+00
1.472317734841419812e+00
1.479351339265751131e+00
1.446933357648902074e+00
1.440012505385208863e+00
1.448957553324107028e+00
1.470721837666409071e+00
1.492126474992004237e+00
1.510076456340832207e+00
1.507093751954723171e+00
1.492023079394100504e+00
1.501647150432032340e+00
1.514853985931303493e+00
1.481963052754213805e+00
1.460896950103281355e+00
1.486055764181842820e+00
1.481008840101091684e+00
1.487421106825442818e+00
1.511099496111935503e+00
1.492936281427524658e+00
1.494625543367549270e+00
1.463384710848027348e+00
1.446502116697575557e+00
1.451415962319714703e+00
1.453118829712232163e+00
1.453801398529259270e+00
1.441608466317428450e+00
1.447378292179027026e+00
1.463779210593980196e+00
1.467864105162912436e+00
1.463765940510258101e+00
1.452099534344881704e+00
1.440133109154116298e+00
1.412884246853437942e+00
1.404654535963543838e+00
1.409665404029589952e+00
1.409379750586150948e+00
1.380818026487950378e+00
1.388593603086162531e+00
1.402250690496222418e+00
1.392375358408844965e+00
1.412681894813257344e+00
1.401308311156003850e+00
1.378715132274041189e+00
1.370086169801006060e+00
1.354327229896888696e+00
1.362687144532275685e+00
1.365178654150020154e+00
1.363975492340105733e+00
1.367456000141548111e+00
1.370880107219646815e+00
1.371931605995812431e+00
1.376034200505494187e+00
1.367009155680618093e+00
1.374250415526279800e+00
1.380477259017678593e+00
1.394958091168484016e+00
1.401240344077349764e+00
1.423201592287435036e+00
1.431499189085320811e+00
1.447692305666226087e+00
1.422807848070758219e+00
1.448579425227227713e+00
1.450729930749652841e+00
1.457882742538032073e+00
1.459019766560360143e+00
1.452505995104403924e+00
1.462259158357024580e+00
1.461173594443735846e+00
1.493468932470474630e+00
1.497551786732393531e+00
1.494412506227999593e+00
1.504539498876779069e+00
1.492178763434678146e+00
1.516368567288957525e+00
1.505800293749963936e+00
1.518400442290844810e+00
1.504131938821104297e+00
1.510015388702144135e+00
1.476482500603869985e+00
1.473273547335874234e+00
1.453619140254862163e+00
1.446715056680437428e+00
1.436858655099971349e+00
1.416595649716043681e+00
1.415938612116811601e+00
1.439069868165288257e+00
1.440578074366517969e+00
1.426533798071973891e+00
1.423962375198170038e+00
1.415937883211962012e+00
1.413863832721611313e+00
1.406743788745718371e+00
1.413091587098940227e+00
1.415822837669941325e+00
1.413845368830871640e+00
1.417928985777649364e+00
1.429660223491130422e+00
1.452159286712085162e+00
1.433302178738649291e+00
1.419510672106634619e+00
1.421216190963789705e+00
1.432493005937283792e+00
1.425665124648045179e+00
1.450357023158948877e+00
1.443114742404311812e+00
1.453269169783051762e+00
1.436006507151329936e+00
1.434318848330742080e+00
1.436670794389328654e+00
1.443108085594370316e+00
1.443221435983480294e+00
1.423245336735025512e+00
1.414443368889080066e+00
1.398291800942680130e+00
1.385765267369805542e+00
1.377910093640779987e+00
1.372264169008658774e+00
1.383706410932919129e+00
1.374349725025159508e+00
1.384439650807435696e+00
1.398266124650704656e+00
1.388040211984438832e+00
1.377823263861771785e+00
1.392167643669467436e+00
1.411904176056206772e+00
1.400679409665933628e+00
1.376391090553282348e+00
1.370891887801143794e+00
1.356368480980517655e+00
1.367152347680895108e+00
1.349003122029900359e+00
1.357994880006555105e+00
1.346324139126534813e+00
1.362940160272039236e+00
1.357976026746507525e+00
1.363367114040398453e+00
1.354965107891606069e+00
1.378729528104716273e+00
1.383883613160964643e+00
1.386764942008127166e+00
1.396150106771856914e+00
1.398506087223102545e+00
1.380970057347050473e+00
1.382874162063076007e+00
1.372223044523253055e+00
1.366286207805133879e+00
1.348737564808994982e+00
1.339109691566160221e+00
1.328776448834489088e+00
1.308512209749879585e+00
1.321010694263403673e+00
1.320685219545143285e+00
1.329644810366798602e+00
1.329123449360993803e+00
1.330484444636849117e+00
1.351632791880124529e+00
1.351922692260828951e+00
1.381311498932567439e+00
1.378761404852548944e+00
1.374702875015409775e+00
1.371513952152046079e+00
1.391080971666961874e+00
1.373794765071271184e+00
1.365921826575535514e+00
1.373750204802347774e+00
1.384835198059271466e+00
1.393593806046492745e+00
1.400021812438019264e+00
1.382883718957290231e+00
1.403878306262692499e+00
1.391147610662253564e+00
1.396969725220425840e+00
1.400947893032190805e+00
1.401502460724472821e+00
1.427239892067224458e+00
1.420198458526860996e+00
1.451538061772103427e+00
1.469684700313661718e+00
1.477880925957051561e+00
1.463701988762936113e+00
1.458991380589683917e+00
1.446621685431069837e+00
1.436332729156444277e+00
1.447053855001227518e+00
1.457705395686395677e+00
1.453400953653905647e+00
1.441625434465391375e+00
1.440275107460188275e+00
1.435736905013729192e+00
1.446688440253736774e+00
1.423469742822851325e+00
1.426678397483206906e+00
1.432492934925666317e+00
1.453560630692674049e+00
1.430607720345007605e+00
1.438217545609269177e+00
1.455577875030918067e+00
1.438508808538782491e+00
1.435258805034702601e+00
1.425239333760985883e+00
1.422497034487638867e+00
1.404685035832119011e+00
1.393910420044905285e+00
1.405098054658905582e+00
1.420880309184894053e+00
1.432885955124235444e+00
1.452667323932847809e+00
1.453681460449872231e+00
1.423862128479969513e+00
1.414867808459789655e+00
1.409668013200630066e+00
1.432892791202826421e+00
1.446421811706022131e+00
1.461651676415956169e+00
1.454254909317773459e+00
1.461491879865413290e+00
1.442021321275811063e+00
1.428550997828184288e+00
1.415841938892870688e+00
1.417197315499925114e+00
1.426473569520410933e+00
1.426719588932008342e+00
1.446465236153532841e+00
1.453435219361279396e+00
1.450170962217693926e+00
1.470608043638195195e+00
1.464016556989094830e+00
1.462855142654601259e+00
1.468804654503344631e+00
1.445296824190448692e+00
1.436280329001422773e+00
1.418114290685862144e+00
1.415324450894999364e+00
1.428225748335411271e+00
1.424212828006264031e+00
1.406073394935722920e+00
1.402373824690805737e+00
1.416245907067782195e+00
1.429432018498986601e+00
1.415875621076800650e+00
1.408393193083501638e+00
1.422918955071986957e+00
1.425120008438149011e+00
1.429344534643510523e+00
1.438514664574242374e+00
1.440923310521597278e+00
1.428878880855114497e+00
1.412768980941813357e+00
1.391117100874182722e+00
1.389033239094946914e+00
1.362957232217747894e+00
1.375784508218566016e+00
1.377200713984960911e+00
1.375600330980048636e+00
1.405472326739323652e+00
1.402695578445009250e+00
1.405570283396075482e+00
1.406461705023793751e+00
1.423180113013131853e+00
1.421314956172112343e+00
1.455042487114262428e+00
1.433774195058069800e+00
1.409287946757446397e+00
1.395666313171165962e+00
1.418902269304071817e+00
1.429641045031349478e+00
1.434297599280651481e+00
1.421090517884569193e+00
1.440361708790277584e+00
1.432514963791917895e+00
1.406126871788273780e+00
1.411222717069682941e+00
1.412970306750803484e+00
1.428417782423055504e+00
1.445167103473909753e+00
1.440288570030709758e+00
1.447449101762276369e+00
1.445630888018848648e+00
1.432230918310029022e+00
1.404810648355238500e+00
1.389876916874320356e+00
1.384430902329487845e+00
1.386099981484527621e+00
1.369744885460090655e+00
1.386487409974511475e+00
1.378289457196972823e+00
1.388926075923089254e+00
1.394271380320002862e+00
1.403911161787278372e+00
1.377169856830592565e+00
1.366307260629737952e+00
1.370520203579451923e+00
1.391715514863941072e+00
1.370407717828643790e+00
1.371024262830392360e+00
1.392434204662949648e+00
1.388137232114827979e+00
1.390879471046476468e+00
1.410379611373282049e+00
1.402204179394149097e+00
1.398014193829564045e+00
1.391354962182173249e+00
1.399202670397879933e+00
1.389592485688049717e+00
1.404954737593991254e+00
1.427330377536549788e+00
1.444062342267414367e+00
1.448808827652025233e+00
1.458712938591848252e+00
1.442485948173954258e+00
1.445376058350570370e+00
1.433870028119795359e+00
1.444010728210657568e+00
1.418676207026048575e+00
1.428203083079303770e+00
1.434828868278105185e+00
1.436244384540413588e+00
1.417610248847797072e+00
1.425254850921351624e+00
1.420005619835482014e+00
1.396244543248419845e+00
1.391877743303638892e+00
1.399857892183226316e+00
